96.8121844503198	107.3561334987329	110.3895980761504	105.8338949825967	88.450075813339	100.327023300661	92.03760324157875	97.83287721251297	109.75342919946	91.46159371103199	97.38344441614413	87.82501456323419	107.6151296447582	109.2318959834176	94.61712005615659	94.91382330973249	105.2087993807436	92.94112387755523	104.618416263131	89.08249899049567	111.8961400563925	96.05547133481392	107.5786142144318	107.7938849636266	108.6988145196055
89.60539560841544	100.8843545676626	92.89124524871062	100.8054892967865	96.30567073417394	110.9442384798036	109.2728519489673	112.6697284417804	113.420863870886	96.23753333317782	105.0070497546927	87.67075941408656	100.3254866044973	93.58959055292507	91.81359326747348	106.5014108425835	99.73643661471876	85.42610246945203	87.43245911418224	110.6219346643799	111.9526151988893	102.2228878767961	108.388522358241	102.2115860114118	101.6959466174617
106.2442977445817	104.5345474447188	90.38601768440152	113.1855483352541	101.6245599470277	109.9684699086341	95.97834757593998	106.4572974346759	103.362033694755	99.12994772721294	97.63652297042417	99.45745674515162	93.93875814726591	114.9678970670718	96.10769946759491	108.8621446116915	103.1097851252515	95.3563384054971	114.152612257038	96.77666286859463	106.0332688650784	85.24712185758263	86.19666223608068	87.14929030249374	98.98043324956438
113.6156376144739	112.0496113308796	103.4171675276482	109.9695074477277	107.6248563139625	101.991102857339	87.44734490522755	109.3670060020014	105.7806933285263	109.5437886518499	113.5035477708003	92.2201325666057	99.43379481181793	94.00614918140099	85.28245274815495	98.24544378850743	107.0646457185492	93.38129867938095	111.3772877259564	102.192956412855	110.3463803478943	102.0709361923878	86.45469911631919	113.0308641439433	87.62939089897944
92.3701454349213	88.92544822042061	100.8148091443203	94.0156252661084	100.0660010267836	112.0315099756116	102.9574886529732	112.8682500624388	110.6877693630105	87.24025360591335	111.1562889928525	88.36248890104125	100.4795934078974	100.6822548853903	101.8872167403918	106.6126253785438	94.20302181849496	95.54295512348745	96.42866132481069	96.39592793893488	114.6346817859594	112.4217916720254	100.9465404724395	97.9585804505335	94.98252299656208
91.28720421004938	111.6637292024316	99.97201625539081	91.06902988607077	89.14549076245146	89.54923216312035	103.6589217945617	111.7405655282723	112.5058664911714	111.7254790207946	89.74394630174066	88.74827790555879	97.04143322589096	86.53897750983316	86.30756348338342	112.2255123512494	114.1954356389135	86.11275841428004	96.64124003291876	97.87468820340064	96.9632249740994	102.8425266638922	88.09443510087047	110.5763305231789	92.26366325205537
86.05958480645864	96.95183902560515	88.2738549424005	94.42164071870772	101.0162001360658	90.79330018367688	101.9862275241715	101.1393177832077	99.66632397239943	95.60033824467482	109.2230922210142	94.2555190396961	91.37850041894676	114.8794595492197	110.4957912154864	108.3831058473436	91.67226830152258	96.10733117389385	90.04859367590238	97.0705252918335	112.6461369120626	94.13077740715161	89.41075085765492	104.3257705113596	108.505958013127
91.24727027977583	113.8492093378269	109.4712258232598	94.45017044266258	90.46801817794349	99.72035366226983	96.13521840035634	89.78475258119754	113.2367626766357	90.37310124804279	98.99358019294621	111.3484058361305	111.626758449374	94.13634679845825	90.09215357321983	112.5456325019672	110.7385279922304	93.69971103902145	89.95109796935326	92.19864544673487	106.4367404362342	107.5311802605619	108.1742462157228	105.1519224465095	99.76593493513987
94.67585285704287	91.90901632766581	100.3005267793412	88.40079131111614	99.26974855406883	99.19750581369858	85.97605440078907	113.7118143941558	109.5262845602523	86.10465765344186	107.0507294308248	103.9620706874094	94.68095185580316	100.9068386916256	107.0283218160319	109.7889318354035	105.4070573892621	110.7515202742684	95.92433944489228	86.41991349142424	97.36550509740933	86.57946858680447	111.6652863285956	113.6395090214207	90.62434717337877
93.2271150410547	113.4240646237422	104.305207674645	92.24664181983059	99.50621774711358	105.9963207498828	87.29930198296246	105.6001841215811	99.94049609651381	103.2016318006308	102.5625964303706	110.2874240030221	112.4957852961205	111.8971737492403	88.2955806011279	106.5693565277018	99.82429228067456	108.3328313370743	85.31758823684662	105.2227646379315	86.86246231097125	92.69311678798243	86.38084282577105	100.3651063901903	88.2799824746527
92.21244906950184	87.07104598970746	103.8935213487791	104.7760521531019	87.87281403317445	96.51099366630706	100.0727770357416	103.319172242068	101.7823198365168	93.58577774311381	109.8508005235441	111.02244087658	96.68652249717684	88.92245539224577	98.51177029516357	95.83674365937195	102.3926307646515	111.9644888589938	97.41110102860925	109.7049801585954	91.84760618595078	92.46408302716486	95.03397898935599	114.6863195954044	97.68646801714482
114.822266831797	91.12301531827958	114.1125585313059	110.3116601841605	114.1046579776894	107.0895182471981	87.54071329037178	90.56574624662932	107.9495209904527	111.7937395352538	100.2126921366238	91.81755567810768	108.2170397735418	107.1519426666528	89.41397427028372	107.7053661901119	86.73024919419025	97.61116459220608	106.6656216416291	86.74271868025588	89.75093823980986	86.78752827743411	105.7136101734074	96.5455092695863	114.8838861797189
85.89752354004798	85.13582896514819	105.0001557415114	91.20830762564147	86.6153907189844	91.04806819469124	101.5204134805557	106.5293324064886	106.9233297697938	90.75586592811389	95.27256217282562	104.2465096475947	95.91873358516109	90.73648623160949	104.3224882021484	96.33911153181147	102.5355013498264	100.2886066235339	104.3739020385012	113.4631547424239	99.99641750756878	107.6433335543395	104.1178905902648	88.81215304446967	112.9032974240296
98.007127160473	95.29117736165023	89.41435330230476	112.8513371394938	110.1867188964453	88.91244372244157	87.89343769064156	101.2515492167225	93.20919353925296	110.2616276368133	113.8763487035258	102.7047944460064	107.3256500805649	98.04647061663874	105.9780567701122	105.0558130527727	91.02014369900029	105.1047226195435	98.60993913571438	97.31491739011888	94.22746718117953	105.4627254154088	109.8181924958978	114.9898362988949	114.2252537187448
113.5804416816167	86.89045946654502	98.136487875132	97.61123684771789	91.60349915883894	93.70205630400903	105.3794981936299	112.6774162378767	110.2900825348845	94.73101965449196	108.1505308746879	102.8977664730444	114.7241097178529	105.2670761306218	97.8121039078037	89.176436397825	90.66317012310054	110.718514505861	98.26394526526383	106.1793028584717	86.27616918747628	106.1482965248117	94.72248265870606	108.576772529281	94.13652905673335
93.90256328256707	88.98051925929825	110.9851781183656	107.1042970736085	85.63321631628507	112.6616661592972	93.55164079832689	104.2361295674717	91.17298563243979	104.4043120146412	95.43727599142959	98.14075787254563	95.90528749783508	110.7102543585066	110.7541525847065	112.3192228316412	108.0711245162264	106.9174758134675	110.3586628058805	103.52617547465	91.51634105340834	93.79218073148164	103.2450254022029	96.41730304930925	98.52700729728133
112.3788894879485	103.4283015395781	92.6525892795633	97.84571516872228	109.2419676808558	88.32860538365379	113.8026454378204	103.2295660259843	98.45031260632889	108.4696217897943	109.0842723623635	85.73942216558403	98.77900341514598	90.33223742373691	99.13585493067885	106.5644188310202	85.42480600852531	113.2516169023891	111.7738156223481	112.9089339922002	101.3975649830317	96.06001309204321	106.8977400265419	91.07498377043767	90.57047105072854
98.24232050502214	94.41539967970731	87.11713125371236	100.5163424561704	92.63305951321368	104.6467846655524	100.6760603348825	100.7603495969863	104.4287261869433	96.05183192703444	104.1847324170829	100.8485597143507	112.2542599317145	113.1701498026	88.51245014934899	91.15810690408134	91.19446726721469	98.17512886340342	91.10343160591108	86.40827240533569	111.7919616681907	88.23599236361487	87.96194721709422	99.22966114269755	87.81865251410527
89.82889604119866	98.2822803619687	108.6967109212723	88.28598373327532	107.3691706049411	92.78140809394256	87.0324916684861	97.88007887166064	103.16998154327	93.12132734661553	106.7273320766578	112.2705053133478	87.67064919678592	98.66405807759833	91.42900658319599	91.82541576683528	95.44346434134296	100.4419099914091	91.1583100753099	106.9918460136262	92.82592717698228	110.3456126609389	109.0505950408286	104.5825745734331	101.7244506195012
94.4274982826975	98.13698313781683	90.5995644499173	114.5451917254418	105.4657148508179	99.23328032101467	113.9549064584369	90.56881403181634	86.36606679219393	111.611262880574	100.1042222538914	109.6394625049905	112.2441583488458	106.0486106935745	93.21065392040445	104.2648131183783	95.58749485780018	97.25383177547577	92.12372181949112	85.86276180370319	107.0605462531457	99.79392537541501	85.90067354230884	90.8742768029005	105.4488846099401
99.83615706663444	96.84604964694843	99.69064163734218	88.19091488776427	86.23559028089117	100.6212017166466	109.1407460581523	85.89289706785256	103.3304953921437	105.9799400746451	98.03541849533671	95.78130919417363	94.19510954058912	91.20482087192364	98.41947248507387	114.4063987877116	94.77127246141048	85.44250452391289	91.47020778936718	97.36744125528188	86.4874381734403	98.28657788239167	91.88855084774231	100.3853759413812	100.5523241503582
89.93730353459759	93.20714615541351	109.645284539969	106.7624767854208	107.6066972986399	88.81580851790167	110.1622418305892	114.4052055236584	104.6908803829262	87.70860127952351	97.23162013287414	91.18436717154626	109.5293901739129	92.75692434591338	98.60598102437385	109.846426185722	95.65912138555697	99.33729660476554	103.1466937725464	85.74390958221191	94.38433705316983	112.0193386966956	99.08200523832092	101.2651392553749	88.8314311922621
112.3116739259287	105.0529512311445	104.1276744651055	91.39843471225494	100.633912335803	99.75735105882283	112.6635431451195	96.53601358460512	92.69896270686166	94.16015718384102	107.227733823599	106.9479083256564	87.0614392964554	111.7775351844473	87.05886513426034	100.4977341369329	96.10165064742441	96.19860425457745	91.89694714534428	99.9541379521059	89.90517928023172	98.43333667188006	105.0937020222761	85.72825065518524	94.90215607412738
103.5186983478522	103.944187427787	114.0726171952765	86.96826635971736	109.0673997389281	108.1310177875326	85.332544070041	113.6798461512887	93.64521328299125	88.24527996498756	105.9506836212011	104.555419963439	92.23755442746835	105.9998058031761	113.3968597132632	93.54234556411163	94.74508010852031	103.6637232312144	88.15091189517457	99.91203175360056	100.1074895587331	91.42884663959467	102.3312721851881	108.8814893746062	108.3257918900937
109.7033888927355	112.3110628384978	108.1957136608112	87.94590345072456	99.57356777707757	93.23466164734143	108.3544637221269	110.2446574233278	89.411902321816	114.5489986509819	94.07678822119068	98.08325527949484	105.7118792986775	96.11809819539907	104.208564190909	104.1900953036749	90.56323770540349	102.093941536515	104.7127383501871	110.3604737097279	89.72631614930074	97.97570482738011	109.0808181626587	99.74432921831162	114.5902484463916
111.9792967526802	114.9109360136654	93.45699211147497	86.62337489829085	114.7481532739908	85.02372606239435	114.5205398317115	108.9395030821023	104.8207273134406	106.1910773719454	91.43125013926816	92.2920275179667	112.6547817953276	98.50751927710446	105.144523123085	96.64455901763657	96.96791727515932	85.92641792416792	107.9857135432735	89.79863160119304	86.26999515618485	114.5925104211994	100.3601971572507	113.3590404534148	109.7996596371383
107.4858319463407	94.66498800878801	98.33897266717574	87.75364815625271	97.12532759733664	100.8040586427756	102.1787802078455	86.4395504267448	100.1782849612266	87.61358472861457	87.31919269258458	94.82881600495588	112.790879446492	92.96945280430103	106.3539906964555	102.1511553644297	108.7068158021028	92.43299721244313	92.6863930423558	114.7560383679521	85.93722882537556	93.11509504996518	113.9042293946088	88.03756298914199	92.86575064630149
106.0399995162841	87.83371439915356	97.09320724489987	86.74108381826349	112.5730504840539	99.61784941677715	99.63755764774643	88.49406790553331	101.5475937762677	111.5151575440413	103.717480124394	88.61163998642392	110.1742587031955	93.95813222476583	97.14018170401016	88.3770395855357	93.15714075595105	97.69178295505466	101.8942395544231	95.7702676676675	110.904667712884	109.4327666406879	96.52569475221813	103.8525055869079	95.86524163701347
92.42125005396588	109.763957973604	109.1669020766304	107.4377527903604	105.0760968352247	112.7389151325252	105.4320490921873	112.9028161736552	103.7944673447771	110.7929963634578	86.51730079000076	88.99909715407945	92.59593805790081	106.8192852544591	96.75188003373879	92.45859726912303	94.21501953271201	108.0406925465753	102.1460116830032	99.33812498704674	102.6281054159167	102.9963376622008	110.9451474783798	86.97433975554583	98.08977144261306
91.51237982812113	85.94172763743738	96.08306301866823	97.3982762420605	101.4044567264221	111.6872411807933	90.10242551854904	104.2752355465619	93.25748726947822	107.2967274672213	106.0248764480838	98.20898820411274	107.6594189297522	114.8276256823826	95.63302250674171	87.13321293150389	91.36730831438962	85.40087110439514	110.2740710684651	89.67496194101464	86.08914344343189	94.87805060716127	97.79228958673697	108.2966630037052	109.0594485424769
93.57529827883577	105.5630879624704	96.3588748420721	105.2503675894185	97.31065994711399	87.77578291530826	91.72465713411785	91.39492323533496	97.1692710882934	91.85347355727653	99.4906600492978	85.57484845592971	87.24586347639222	112.1118855557216	100.5840758027143	100.7280692575129	106.806593152703	90.1353458886929	88.16183806039794	103.888803602153	107.4455676031032	89.33103770426591	90.4641599600306	111.9056671640032	112.6996060011434
107.4305230908153	97.80294177699729	98.04081766236197	102.4738218650126	98.68587082466662	90.06156157551808	107.1677560653296	102.5519432332913	102.235812276706	110.2596136237393	93.59353998585546	107.5971661086956	114.7168352024286	100.6215168350491	108.5352141550902	100.5790287546518	86.54020426620924	101.7527752003404	91.67292346937943	111.4083202434214	90.67797791016032	88.34573715849567	84.96462881935803	103.4275473761394	90.93342075232403
97.29424963759054	99.77512221325345	111.4550422528403	112.8029273291456	106.1560261726982	98.36211600104733	110.24468138026	90.68034142486106	105.2453625116436	91.88824932107713	88.16431763474867	89.81051361271199	107.4462028586083	104.1096728167912	85.16101597188508	106.3593343035626	86.35927166690873	85.46579640335595	107.5288979441864	105.9011127000739	106.8073693011791	101.042467252357	105.3788226944494	110.1676213754226	95.68922958992077
110.1481374801273	89.81765828543411	114.4863359846105	113.6865077728827	85.65045051665044	89.78792080620235	111.6499098017446	109.3711143241023	105.9239436912975	99.82457510070718	98.97816456153572	87.14522120457165	85.03050861775063	89.0858459317551	99.50083312294205	99.44416404946415	98.28491048557828	96.58792499784133	89.40567300809103	94.39081268943717	87.72041224591172	86.25102310003003	91.94009658909053	94.4992618332314	85.88227119299836
91.33317423125024	93.08275760063177	87.49656660092452	92.33526036265303	89.40566476617083	98.27148869899852	113.3791297854055	108.6683011116845	99.11557168270679	85.71775199315883	92.43099882936514	97.3182985410201	111.117601567799	91.56747224813046	92.67300110664371	94.2253184031559	93.40816302268667	107.6054660740263	96.58346226539766	93.02738066959576	92.14471728579581	110.9829932589533	98.99792388998688	86.19377702269897	90.16593583893625
91.74102317402706	100.6766050248171	110.3759098803948	92.19289770011562	88.40524436799988	92.85371131209358	96.32765476742091	113.2616225840221	90.47549211462432	111.2098938461678	90.10927966666955	86.04498389340327	108.6698162298874	88.83072387429547	104.0167359399514	89.02816540980244	102.1861650605301	86.70761640462557	90.7327567044488	87.73922271643289	104.1657021493418	88.24465504099831	99.17445732431641	112.9337319524634	93.42588240563798
104.7931917564669	95.37173208161859	111.3511008580655	102.2739644246533	96.3386105187378	91.88933996334204	107.1632589978728	89.88217625382059	102.672487565894	105.5898616921119	106.8274923581428	94.38283319882498	105.729443121307	107.7854185318355	99.34951288303226	105.6586897478412	102.5677261164481	105.2312748278486	110.2977669605993	86.96269581844375	113.5791144819993	112.4127069371109	94.22328382185106	101.3161549183778	101.8364102873584
95.71315244894971	106.44871749797	96.06556591381538	92.84629904444924	111.9484101663214	110.0398622918583	88.71433723038129	99.59085871499963	106.0615189913654	111.7265180111549	114.9110467620708	93.00270232925331	99.00316896074789	103.7936843919195	99.38528287183264	111.3096738868566	109.6393432023367	108.8886263309133	89.44966305232892	105.9755397013119	106.7836394573171	112.0558202421631	94.04994962105941	91.13307312357936	98.76416640826717
111.5285541876535	108.1187241319654	99.52972535272205	109.4401162364639	98.11032560789084	93.06728826323129	112.4842402102357	95.43585441915866	107.3681523022939	104.0368464861085	91.65533237444497	107.0605879911272	95.01622237764514	97.23294711389664	93.32758479855644	93.29286994790652	114.1785606878898	100.7108779718259	84.66963496752874	91.01176478886163	109.4319225930348	100.9032221290674	98.44070476413002	96.34215114873098	96.48171010822786
91.92124482977651	112.7995958344138	90.58069992469962	92.87287772032101	112.3272324987535	100.308387897938	91.13638558702014	86.62117054281524	114.0268656129343	110.0317711968551	91.24233855267907	110.2543576292422	104.2007851296417	98.57501414840372	96.36513670214849	106.6109181330328	104.1428285607075	94.81561247021145	97.64674461360686	111.509104858912	87.41525358813745	100.3064429929882	110.9389859154405	87.23662077937156	105.399250875636
99.519062895567	108.7507824795287	90.25178880090925	88.13683605197136	93.88991041949546	92.27480323916909	109.4694470574266	105.2586964274279	105.6841901566051	89.91064596825611	114.0491560362379	99.73616580822784	106.8300308743847	93.50493600254659	112.441522436855	87.79813845546909	113.9404630817945	109.0021872806382	112.7433239159086	104.1952710637342	102.6572755966731	92.25219118303029	98.96114503551424	105.5532839468072	101.6245637811718
94.92736063861508	109.6897194946932	84.99058768234285	92.72120785162593	111.6005630400232	91.71474297872371	104.0128769215914	94.30858390447382	114.0768782108198	111.7577653339372	85.90215591780046	108.227671245368	86.70887566999563	104.8215196290113	91.62416547544939	102.3131191042158	105.1384331700862	88.66448969063455	86.07816826748204	86.59338059459853	108.1697467365797	106.7333927059802	110.3934043401125	104.1532843593997	102.2863918133955
113.8343327586569	98.16579745369944	109.8711496926936	94.38767193831109	110.464027675024	86.69224314028558	98.24091701075014	100.2705431131764	91.2589270760308	113.7926761935847	90.760093594694	105.7356354920913	86.36856989303352	94.57964981675015	96.41998597654931	102.1221152844547	99.38558873240291	92.75360664504336	96.96032780085021	107.4338209859189	87.40962581497917	99.86398810050083	109.2359087747556	104.6205583837083	92.55659135612812
108.3937713871433	88.99276993996342	89.94536945096773	89.48174565599959	105.499494528702	98.18169991020534	105.82056101804	87.25987936258211	106.8526931480661	92.90228270085284	103.5305533706388	96.86057005831913	84.68293695627769	86.24653414635637	91.78387756915521	95.35045740925911	85.17154465143253	89.19847541354797	98.66908460682153	104.8698947873724	103.8127222873487	95.40466133584583	84.16884586404639	105.5683470752035	103.4545740348276
88.79319620078113	103.8872339996302	110.7224271703933	114.5334593958141	89.28425252610582	87.47976693013504	105.7616021803868	102.5878872925662	102.1743807488627	89.07079790404129	87.34394964481231	94.10512757965766	91.12937946278983	105.5527744667338	101.7162617288723	105.5146271332655	92.86850493170158	113.4185578816604	104.0265510262072	108.5387669045012	87.2842350874074	99.06171154673021	101.3162556052344	92.1947539141168	98.31525389257547
104.1434640736512	91.71352292592235	114.4931376063214	101.9359747262179	98.29641628857314	105.6467933400751	100.1505827935056	86.34109635628374	93.04796905177695	93.06947408519882	101.8721481304531	107.7191146942125	94.91089617272347	114.1687789280758	92.58948808571279	92.76867696917084	94.43837282281019	85.96660544913144	110.6539933030105	86.82221628359383	111.012490973976	86.36430160236085	100.4628703678771	88.12948581989879	100.2572175763663
112.3402496761337	95.42489912791456	96.49389951497103	106.8085900826776	90.65527351518857	106.8000171584015	101.059492862005	109.2650452487662	110.9928902354418	111.2131326265425	104.4084395871319	88.83422153333632	89.09232737918842	91.35344797163225	100.5302040922106	110.2653646561956	91.18466609132578	89.98634390805174	87.5000492538507	101.4717185756646	101.0004193736102	109.1672596879344	107.7642180034715	104.1264778619046	88.09577666002397
97.53822204350715	96.55652066928427	102.9312485228823	98.005589207711	91.20002255089427	87.67428901375425	85.6166333176224	100.8003281933644	105.1613695557689	113.5981112514027	89.53248519049053	105.0065510456117	114.739490157967	99.59085606702317	90.10213747582823	95.32211585946514	101.1712160734521	109.1006933578906	97.20561939230963	88.87133169150101	87.50885787400371	109.0604559973273	107.5726203700348	106.0947049960139	100.6599247060449
102.3557220773654	102.2902877048253	105.7197165614546	109.2314902022792	85.33598692989699	105.1898621544216	91.32404636715073	113.1713095243182	113.7957816258879	89.3078063423378	110.3424314347216	106.8118240433052	92.48955321901454	88.50109879064659	97.85740002607307	88.94760629105983	94.03303912554782	95.4909248411586	106.9241221320511	97.47016039116531	93.23111811981673	89.9578312327772	91.0463644451458	100.6861183363772	113.5825335984376
110.8041701767152	98.94139538973191	92.69991584606856	89.24817004370263	96.92796425525182	88.98518374240531	98.57958866025098	94.41627837401589	114.492332440144	94.2474665473159	92.05388022383953	110.3828488687623	91.54281148199374	96.54970099065005	100.6130403359215	106.0090630602971	86.51026398030935	100.5378206460492	103.2380171407729	113.0162574449454	109.8863732378428	107.4307590571847	89.12315380717627	87.67321531296156	96.59131573455413
