86.74726258464841	103.1259321339709	107.253300370822	113.0151606346512	89.0520404444611	99.47296000395018	107.5307080573647	97.8742442359582	98.10212631534989	104.0500828078398	106.6350956725377	110.1084782801243	114.7975332231506	90.54746513998529	100.2295707868234	114.5060866271788	93.42437526285856	95.68855227159347	88.06765991891133	110.1514425823119	108.3897607851243	114.4221594635085	94.87570507702125	109.194097552351	92.0377932630355
93.77671903763301	109.7683717100243	98.98166246303539	114.1952686914438	98.95350925022103	105.2310866362605	114.8170525353349	97.53967119039991	105.6702174304027	92.10886494652311	110.4754245630755	86.09926999387528	98.28390560580644	98.18881011488278	92.92046338422134	96.04508678019882	99.26303298712823	100.9445951168007	87.79568354813328	110.0310554267244	105.8354436467488	88.61758328036923	113.4427906644559	111.9701922465782	84.94189048049124
113.0657922211595	106.9104249615125	106.9538995918175	105.7675506195032	111.4078612905901	97.21172201730445	104.0598909743339	113.2909411266028	95.35512884847667	85.83336833151421	89.57941848627249	103.6309390324259	90.16318979283517	92.50704247245164	112.7982213165359	89.46319197145171	96.1437184200874	97.49153969885842	86.02380034380991	104.7358175758671	92.12522260725724	110.8655597243924	99.70161902462493	98.03954434851518	109.3735370838712
102.9312162490827	96.29808770944183	111.5434971516552	108.2650128095541	92.88718655664239	102.9447960236619	85.60520417374823	94.94437184276144	87.94635946784649	91.4962033088332	114.3614553141638	110.9346753683133	111.3952488495541	111.9952658957475	102.5589719380252	112.6336503335167	93.38266934352013	91.20991204615842	101.4438280515061	89.96454631661058	109.0334608734445	94.69127710437526	113.4517485703535	107.3543252823632	100.1166740456559
86.48491582289434	87.08675772849433	102.9452041994946	102.5891643813569	96.50586294106807	100.8448679484581	98.45791949243387	92.1396105122562	113.775156961933	110.4900175025319	103.0105710159782	106.5876794670465	103.8304145044431	99.88582561327337	95.0501892833624	110.3952944069076	87.18929817094892	89.19194040449462	91.27474870916818	110.4905766061083	88.18029972691684	91.08051618064859	104.3640258228414	109.9725424106201	93.05582738704975
89.66291457750246	86.637534737617	96.19027939420533	109.8694042104533	98.24040389330735	114.191265578865	101.8291239319734	88.09744643424999	94.71306112435583	90.12314067763555	114.5995435265018	93.68555273904568	108.6729132866618	94.36915674716943	88.13452373858556	111.9931575168996	92.87350022436077	108.2814007219497	99.03033917667508	86.84404427422	97.17686297875684	114.8646085434241	105.25378747973	100.1635032428941	103.9915740472848
100.0256698806525	85.26573627439281	88.03897177879547	107.1678068121185	97.35979775110108	111.1651009360071	108.6898868826443	113.7607537480045	92.93856416241165	106.1980273990038	113.3637883809157	93.37605054036193	110.6721459083852	101.5369743462728	105.5467876555792	112.6251789166615	88.65520959953164	98.75251560336085	102.7932826958722	111.3402958818769	105.0465657226212	89.43996829754241	102.2738929329346	110.2016713930727	99.55532700560548
101.9496900034147	92.28558015575254	89.54674647873652	92.26412311577305	87.46810584041843	114.0277971752683	96.64693466686714	94.99346353409852	87.0264787190291	98.48157096296825	92.915030268181	109.1323461950328	97.12430052500503	112.0920735935332	101.3368162427632	109.4594255453335	108.6288152633256	107.0860482052385	98.49936948383269	106.746596572285	92.08015313412318	105.2199600845141	90.5178628826595	96.30951587282017	106.9016711672085
97.63775266097151	96.38381369752005	111.8266217132429	105.3663520965893	109.1585153128827	93.87438877628239	109.5272220356302	102.017887407808	90.61732945453345	100.1186876662015	85.68901831860367	98.7637639449263	106.0841033406684	114.941662465849	89.63325868880467	95.35180483516734	92.51126804661895	101.6085217648054	98.2949788658083	91.77376169013164	98.05679330816741	103.9003598326838	91.7844934118619	97.18693456810824	105.3365182045089
92.59107256592502	93.69563638950486	102.792381377944	104.594788103842	105.8494032828263	110.911124925309	89.79690527135848	109.5027211139753	94.95404227577788	96.87342753937281	103.6960296307915	109.4263420022081	108.3886169790856	92.17373603739196	101.1061351540683	112.300645595811	101.0370699603743	92.39949123928615	102.8342663538744	88.67671481571654	111.2664114555688	94.83757536603123	109.9087679159238	90.67287414643769	102.2450811932384
114.6078249678638	109.4641740025501	100.538279154362	95.67037758026262	90.83315034937793	106.6758301393657	108.7948265076867	112.8141747575299	93.12799053973197	112.3276619080046	86.16097130009088	106.188800100922	89.04738474574705	106.3362669429227	109.1808235076113	92.81162829160363	96.63606851815786	87.89836339961381	108.5272662810409	94.88626274846148	113.9145237792211	92.98450779148357	112.3917380643547	103.5558563476255	104.4630958414649
99.67490977549119	104.9004047951208	105.2259122211127	93.63523953763197	98.19285820500534	89.25212756679014	98.94765548726008	104.7810446270167	93.85457640045995	97.46191028842767	105.175634773355	107.3369448003248	114.3467420222936	86.66408376550687	109.1676678868846	96.1441611861639	87.9002654448863	108.0332421712875	106.1786191127427	95.73365019532497	114.0395106358124	112.2983275376911	110.4292532127078	97.1842848367946	107.1536292443779
111.6643462920781	102.3654800212351	98.79730689583795	89.12812526914826	110.1842678039796	95.9728277514393	91.13156470996002	85.39657013643664	101.4128205685201	97.47829529523027	104.465138222571	87.81050384989761	87.56133387839421	85.57198541340573	104.8486994906272	91.87396636037394	104.3782827316506	93.78396984036783	107.5775980357267	96.42220369077705	106.6678265932803	99.73878989302354	110.9515006211656	113.0049028119284	90.75541281281822
91.71915492679715	113.0063579751787	99.95869539533598	97.58538340231155	110.0727960298685	92.78331054246401	99.52425188914695	95.99999139090309	90.51274731339188	105.4758018152921	109.7349401237195	88.16020020786091	105.9470048908324	89.43967628833468	108.3289286305174	93.10587460914658	112.1210154002529	89.99290377122219	96.4765454151578	105.3249648726577	101.5274021793265	98.09412239572129	106.707422876642	88.92254323199761	111.1041304547102
111.0723818546504	88.62791245391844	102.7864541093674	88.53281067104312	102.1570220019561	102.7939136020357	110.6817394710701	90.18001779198978	111.2483553284578	111.642830524921	97.70205144304751	96.76532626500757	101.4932360988698	113.6880167416638	89.23079293189016	105.8327272238536	91.70995993066315	103.8684258677663	85.52058398436648	101.6435201147255	93.16067931446554	108.1921899274503	89.10589057395505	102.0659754939112	109.9598985630835
98.44990721674172	86.89446284653744	93.48962341176085	85.06151577095274	111.1751381166202	97.93657982436848	87.26770823449692	106.2747351183168	104.0550787509633	89.8050706446958	85.17827802189235	85.82934144190037	100.2245224131176	96.47156199790939	91.69969196262859	89.67302512176329	105.7583183507349	93.61920916142826	99.78776872630189	96.39454477358083	94.34390415771836	111.1040967222774	100.0470571845595	103.9368522413067	109.7667631720102
85.13175482925109	85.44363480494091	111.6479362711572	92.14040828469297	88.15038512103233	106.4896283929704	87.26570705002943	85.15354494072029	99.74964599088038	102.6616007765871	107.413206507232	92.52931865932925	108.7202605538225	109.9294265146977	85.26329271543285	86.62160126649937	86.25091152006196	111.4579158878563	101.7184429605998	89.18702878913601	87.10339834798118	97.15087630052827	89.41049569836831	98.33387185840176	94.52202215895196
89.26358748492595	85.37464635349593	109.2196449868427	89.13155943460505	113.4846933963359	101.2499101188876	87.01629833487847	108.3414243193331	87.86297143728299	85.65092347809154	101.6099367195638	100.761960380583	109.9838349543177	113.5699335254261	109.8948759200709	108.7727609363384	100.3187721466871	106.5326226944647	93.26679679119377	111.5416641054836	91.26178864232743	110.9901083666188	96.32834719166738	92.26304213738972	98.56584982083282
101.5487006234226	105.7167380508211	88.82271725123687	98.72350955949325	88.99473727919558	100.2889197293889	110.1910667908536	106.5639298770313	88.37898414893189	107.0630706014447	100.9816925331142	113.96087079918	102.6940850654387	106.6708895959668	107.4591634617134	109.7131051762026	85.79764763180358	87.80037809366756	100.3622291481133	108.0072503668879	86.60380735047185	114.6290632160837	88.26420859520921	86.24422297580558	93.99091499678636
98.59128762736739	108.0275400095634	93.26862826124666	92.66060904913917	105.0172692860497	113.5968242654988	108.9312370414631	88.96187431380827	107.320228128427	100.4493956486234	92.63298482556334	94.40723878039574	85.78308011469693	110.4123016253177	89.13125055887566	110.9199945176176	102.7371576691454	90.1977254109073	84.72734111656281	101.808783140162	106.4065110698358	103.2700539277933	112.6528640251955	110.1269810029215	94.24935404462701
105.2685910471468	105.4775411520969	96.28098813209546	100.4184792668883	96.00596164400562	92.46287155297192	108.7781156910197	93.59338159415611	104.5750731058983	102.9924533897692	114.894925043299	103.2018590050332	95.17833244022206	90.34023101428821	109.1407084791772	99.8299177937885	95.54795785163168	102.3507758868974	112.4886023329818	113.2423864416234	89.59947820580311	96.29674114031288	92.95314374029414	87.43691106056605	93.77862936230147
103.1759463108113	84.80554857260694	96.64324384438797	97.52021745569874	102.4569455896183	102.3614786930604	85.01576775284448	87.47104922956923	98.82379126649684	87.8509843742854	99.40818532874526	89.26803303880855	87.19833136468314	92.34132244220856	111.0343261033262	100.3211320512332	114.562400708435	90.11838332655631	102.7366161142184	112.6488535065364	112.4413346631264	86.23101821625576	112.5391696165764	95.72161247940113	113.7250341858697
100.3935278702878	110.4910659782581	105.3361587631648	93.81710647650911	110.4513630585166	90.34582452855892	107.9330838132221	104.3846670255615	108.1499523211495	107.5600726440584	89.13571273906665	97.56326806994542	106.8484753473098	97.45734783517999	113.0690400394206	107.6648893456744	91.96376582827753	110.8418809085091	98.70723710890182	107.1542949149003	94.32444275996406	87.0098364483711	86.38050683781115	114.5102751288806	112.6632818431964
113.1454716180149	103.8488994804707	106.1320916811011	110.9221580780386	104.023649604417	98.25977317529023	108.775518454466	103.9081673697495	92.54938389328507	85.22021948949356	100.6589406215953	105.2125517122384	105.3924218338808	96.86322828003105	101.7000661754431	103.1140827880935	94.71622503911399	114.1313287785818	98.13767946835227	97.70926590000641	91.49781383466069	109.5281672227325	108.8552716972703	86.11789115706189	93.5470545363429
109.7567584139084	90.03644699152122	94.22579385520926	100.1265478549461	87.29177515766609	111.3651418429674	101.9325463316521	103.8268519829506	98.67241834286241	101.3403154614222	99.57202821725875	109.0271346864527	86.03273480199498	103.5705074203183	106.1926436675816	92.67783849304078	114.083448014844	111.4495358358974	97.53984986426769	95.41064986898913	111.2759224766424	103.1758852529447	94.62964584048953	102.1216483712217	113.7222165355804
86.56036060662116	110.2539801383203	111.2779727908396	106.4402198274475	92.24785884033082	100.2756980337443	88.44974775342699	87.68245321176636	100.2491223501275	114.1668970943176	104.2692455923876	94.06443239205031	99.93651735207173	98.83066926549897	87.53281502268548	101.9141079486123	90.63784832950063	88.8727659927837	101.448716539605	110.4402378376381	111.1547174151105	97.33255229455824	101.690526327301	88.08173077145942	106.9709003023251
86.62874199402164	99.04567993175718	99.94261845044213	113.8789335820585	89.04839759175208	111.6000410744317	96.2607772111795	105.449469151303	90.43632282572504	111.312738757185	107.938120481584	102.2825254152857	88.11374421506507	108.1906070692537	98.19224944110674	106.9975142640628	113.2752177986564	98.69798222966133	89.16508416992059	113.0214841866831	89.91598790717944	91.51133640168015	98.30524829435173	93.43299653642174	96.59725200109828
96.81834141449531	85.140355513423	89.07804480916731	101.5190344580964	86.14784869909656	112.8018623535243	114.7028356338025	84.62771105912805	95.16105742964372	110.0703157432341	101.6290284387981	109.6484325143456	105.9322612823362	95.4422809356815	111.8402996504273	101.6086375550568	87.24230418725975	96.50307986418515	89.26003161625393	85.04019262616791	93.34244166257045	87.63286423640625	108.1863875420312	90.69113499325324	102.5941951507011
99.5608095509964	113.4908621367446	103.0379330732221	86.31109790705696	85.89177261757646	100.1610675463098	104.1011600470935	90.62165700423536	107.8488486214708	89.55728331401558	102.0804302572925	92.28493858988256	93.95837864446953	109.08269887477	85.0347634539462	99.09622399959666	106.5386424636497	94.26227083775728	99.38546865888625	106.2618951050947	86.95279317106908	97.6211252561164	107.4765712039109	97.89409492802147	94.16188440774397
102.9848143010294	109.7768010016114	114.2060253110039	98.65265757448825	92.36233964122182	85.63023771835755	88.05656195190087	92.30048518243682	85.61070667032394	85.67501430224863	87.14629949560202	87.92821362462344	92.07202971662306	104.950590888485	86.1279713441301	111.9568167659678	93.44538000040264	95.85694906711554	87.55982626860283	101.6433319853993	89.28918042394666	99.35807926294166	112.675698298433	100.9224449628138	86.76337072596765
111.5787435167993	96.50531864702683	104.3595694688632	101.8423109857674	96.89491636416518	112.0065255291119	103.9000668501422	110.9970020356175	96.2222406329771	90.15052691901545	113.1568733812883	101.9127333960879	102.2745290490945	108.8043560643445	103.5867830166721	98.04457362995319	99.79361656930502	108.6499202906025	106.7336211470897	109.6074865603375	114.9125008681383	113.4036510222977	113.7537463129436	113.2248635813757	103.0744435303537
108.8110563402486	105.4383862906258	109.3881135345312	92.31912333667627	88.04278190345856	103.9994850646093	102.0500090873709	100.5348557847508	105.6385992689035	90.216042308315	97.024910829394	90.85464400401825	90.93788131042064	100.2670502458578	101.5683179693144	92.35918282152608	105.447610366534	108.9800250846103	92.44272290570579	113.3803268346669	109.3789117253094	107.2267715127159	89.14469602221915	111.6774480502076	99.89213705922475
95.52427886648933	97.60610542697344	97.59948371543476	106.1179910011437	105.6172208999488	109.5816324920187	88.88004411543061	113.7638793108023	113.3124538202385	85.21970153860111	109.645747513291	99.53970025201139	101.3359322845126	85.81882554575931	92.13768994317849	111.6869210218172	111.858420239819	106.8869663874373	108.7330020842493	108.793458424846	91.54509359001426	92.85164279144664	89.4158781813976	106.472141013257	96.65315874399556
111.7884240857596	114.662569955098	87.92082306425243	111.8875856271979	98.95852809896567	107.1288844353654	87.67509712625913	88.7509144016269	98.06532899606032	87.83587398771967	88.64901041061204	92.56655656979497	89.08165968071916	93.47546054921604	88.58660066328152	104.8226937807742	99.24721663428599	88.67472100513568	89.34713724776202	100.3367436826666	107.2605438085141	90.49363725201349	98.66535840988014	109.9568841369892	109.1715351314146
110.927487573846	110.4714188088089	111.1649698328964	104.6941116464719	112.4509499078056	105.4123038844654	112.1362762809361	112.6775103039743	86.41748283340367	110.5256169462015	105.7051221088497	113.6396833090794	102.8303915031168	97.80686207219844	85.63477867637403	94.20114244347945	103.5588656538036	89.85792297515152	103.4470029634131	102.0185946077237	101.5485938066865	86.76211275087269	92.34522002573195	104.7493123645851	106.6033112827606
105.1861598817485	102.4476815126024	103.2957217797579	113.9923833257707	97.78075788145533	111.9057954697399	103.2280665830322	85.9397936729204	98.71939211564747	111.9789848545348	110.3535617830146	97.74016021587636	99.41496715929163	97.42760308476038	99.22871760433242	97.85142775471445	99.69987557196195	87.05535033601805	107.908367334859	88.01067628474145	98.9397402190002	98.28562538990707	102.4464763954928	105.4960744846625	103.263045879346
108.3601759963524	93.24107677825043	106.145477564643	88.36127483275037	114.6208272056892	85.88165132385858	86.8199014332085	99.56336545384029	102.654431804776	94.61938709721213	86.15927602230346	96.5096549871997	112.1355118155475	112.6374090489334	100.6415471054882	102.1709594965351	98.68644980518269	110.0753726197684	86.35852243190477	100.5000790158637	101.9519736887889	97.25952967103805	88.46260632236135	93.18106065910489	102.4754240085397
86.40744661361539	95.0675972788232	111.1745843958337	102.150545097814	86.37650436888447	108.3911978426245	87.27221998919219	105.2959437131853	87.39275805813715	96.31552961892572	89.30890113083582	88.12281251299096	105.0594162414964	104.941164087651	91.62769859599001	102.9492658620733	86.09617239813862	87.58978385030682	98.56884743765555	109.1970954042041	113.0420657028106	89.81182104882161	109.3242588362492	90.69685619590562	96.90789058840005
114.6992164952229	99.74998077173758	94.44340806415802	111.5469430795672	86.84512552865846	110.8929949762532	101.0199237775578	103.8131881801094	112.0736703909413	87.09941455879589	112.8060646416744	100.2267521181142	99.92614508486923	107.1445450734479	109.8787097313577	86.27502536336631	90.55481826515242	88.48949653023746	96.16082519843782	96.95081223748969	96.10849545604098	106.1468855643083	92.00859587687158	93.82899334381085	100.5088515213959
98.82532833780604	113.9405444405233	91.63857609867753	108.9152069571756	112.212530129224	87.67519160559763	111.3003898125476	89.95740623531424	107.9987420727996	86.41347213146464	97.891240115985	92.76040327534587	92.38850162652727	108.9229397331786	94.87116476219907	114.8908349059102	94.41903094128881	112.5179891094137	107.2962393219339	109.1873770163488	105.6097690488847	88.03440232995193	113.094519032266	94.00098435272369	91.20247998488708
110.8951433880586	88.54249557451712	95.61325107278586	87.85763417994008	99.92759133857724	93.97429772644557	105.5626852277534	95.89144064399645	110.4461617543422	91.21665370911604	94.89025771637074	111.1382885079976	97.0080758644614	103.2942976974509	86.42976739458855	89.92662251467576	88.64929596518007	88.00361811930946	109.8233836183288	99.33310497019785	101.4716014373247	103.2292949478007	105.6490917125312	94.89940775118626	91.12406879123837
96.49682297870974	94.31531871990032	88.83727706847202	103.7648829093645	98.31099002078427	102.1115382048395	112.8313948586585	110.5175320720467	108.9062327289681	103.5346092202712	114.1298056949103	94.1880082577389	102.0418782170459	102.12728709827	91.56656845157801	93.83782690544724	112.8374905509059	91.64725763471672	96.54657907492569	97.91374163698389	114.5385154121658	111.2481614453198	113.0734933204884	103.6878082660072	99.75660966281174
94.29617674393678	109.0406473221489	85.00403743051504	103.1189167302962	98.83488535734898	94.45630411487997	86.2138682850652	110.602584149736	107.7020491751744	101.6799613994401	86.79524161784317	85.44070854184227	94.77212117007825	102.298121155277	111.9794150632193	106.4224463164486	106.8576510633163	95.82214809625053	87.40189406810626	102.8252676641179	108.1143454822067	92.62645213756468	95.03222020920505	99.91255124341839	89.99415352242156
99.80267156657155	86.95642966219528	90.214045398365	94.80320112388129	97.23450454945896	97.60375198322188	89.68998294298986	88.9187364708794	102.1255126989273	103.1505541896541	87.06919151484253	90.36092630620789	109.6049677426045	86.07027686024539	92.10596493191497	96.37570191961632	110.2375287662521	91.39331006498546	110.1838605384754	109.0361581738349	85.24085074336183	102.1320431520235	101.0096753454485	98.77141418129398	102.9457129357628
107.0719791246577	88.81779027412431	108.5770941484852	110.7271236778164	106.9091961209501	88.52704058804042	99.27870696100399	96.39824801472624	104.2989926185537	91.26587666598213	93.2214980911218	114.7106780976929	114.6043280078167	112.5546565270255	92.20393567553496	104.6998419369569	85.15361886711113	98.03242210450816	109.8363089175418	108.4062870787296	111.1284914927719	93.06772783387459	101.4823739457822	106.0590403218352	112.7427009214218
105.8475912347327	88.83675222020707	85.50620381099601	96.94346220785148	97.94397916866794	112.1641039407398	90.60948516116977	87.52248116042593	110.6836903020291	88.39422731476969	91.87597064724231	93.36271993495671	105.4616360094528	105.35638345176	101.3328647352115	114.3387387299058	98.20631677771071	97.3646392339956	91.55791765741924	99.42857745600064	85.99977732619411	106.6956207915881	87.89414304023117	105.3502409178109	108.5796195188147
108.278599136202	90.07746544377454	111.1563728068487	85.27491823269321	91.42453866258661	96.3515827993707	97.93250093478463	101.2155991497228	114.5938911240186	91.51197993611642	111.0290934805314	94.74843678462094	110.8331096677447	111.8209157607106	108.2563286195089	112.1392103708425	107.132595862898	113.2119150698874	113.0654253605653	103.7404454941603	114.261192923157	106.8176637034344	96.07672651536049	103.2536951428141	101.1972848160497
102.3430703490439	98.26057871425324	93.86200175148076	111.7787371605567	110.9906343006996	92.36436052645284	110.0799309197975	85.840463192011	103.2182588670533	87.33871649459672	109.4212767959313	85.83254560249404	89.47069335118995	106.0926804519787	107.5204475803692	106.5254305857209	87.80451053462491	102.4085701580403	90.05254825804862	98.18402734362347	104.4973765694996	105.5512606896151	100.5950169984619	97.48624683264856	108.2532052855239
90.22275952887574	103.308536950605	111.2379151794845	87.47417405518266	88.90383288110954	112.915598067331	97.05423319517011	103.8192657760518	87.03058339492978	98.38556799011248	102.766538842514	85.69488505305155	92.91115455062072	86.9995210077378	104.5549946295181	102.3640180111504	111.2631482322289	97.3950280686847	93.61358095043805	109.132438675445	107.6725173651337	101.9790891104508	88.04337481625366	110.8725002193986	99.57098111009446
99.62629873055087	112.999946265561	92.46849083732513	104.7411339738645	104.6531754110861	90.93911189874788	91.2524847976338	96.25523970904621	84.92725148329805	111.2614310672726	85.62641522606154	92.95274959691918	84.48259665291373	91.19556578550289	103.5254429102399	108.8929522922485	87.39426481465587	89.16715808396769	96.19046710689122	86.76104184186754	92.94171065294229	92.80335482277327	105.6037355531673	113.9645696153949	89.10140578128886
