92.76072216887947	99.37115796929338	102.0238145509679	97.18996759337706	105.2365122713798	98.2090985427063	97.05689543345164	99.77481758273093	93.44464776282865	102.4697176705316	104.2344876158949	107.3805395720957	107.4418237135673	105.2542647896462	97.23640964173504	102.0769940346365	101.8314766706291	93.12462729395826	102.3157745333847	102.163510120766	100.6889461329272	97.62635896830611	99.26286136313395	93.39545084711757	105.1468362510152
92.14325626448898	94.25149286667995	95.38932203842681	94.36620903412944	96.25155140310659	105.3868341995321	99.76072309720004	92.55991171475749	96.62149728506807	99.68497658873156	102.2046158978366	95.22269445106124	103.5080591532473	105.4350959155746	102.157294079161	93.65500016932177	106.3355751782633	95.13665895091088	96.65119314966572	93.00148070779395	96.81897659518664	91.97024640380089	105.9014971912203	96.38942190768225	104.2479832727004
101.1764811368053	103.0599061688993	105.018562394339	106.5405749840517	102.5390152769746	96.44856507538123	101.6117822471968	105.2065406726894	97.59140788971804	96.04869473306097	101.5640575528343	102.2773318757538	106.9785080481059	103.0728032295722	92.00801272641122	94.86893866531273	96.33132685031205	104.1633485112295	105.9299361913501	103.9706507306664	103.6987566360958	96.43681044257667	102.1202219439289	95.51901185128605	106.5814191521299
92.34047569909706	104.6772474896701	97.22909893610399	100.3978035003355	102.5091680985646	105.427093639521	105.0285854365513	102.8584570484392	104.2186443107527	95.6498774792705	102.7041508074817	95.99491993609293	104.8353935796423	102.863266919161	93.98955157591091	100.3606818526391	104.0007471129647	98.6523183998559	96.56601578529452	93.80269048260611	104.6901132130583	100.100110871205	95.50791497666695	107.0583248440834	94.81017677642355
103.2720930190609	103.9446297763181	98.75173439710959	100.8680663989539	97.28180570532925	100.7973010672096	95.343596553225	98.41630916910631	105.7361472245106	103.7442622337759	96.96776043328512	93.91075950192099	100.892432804123	104.2016122953941	93.17222708554266	95.71802676211075	98.04864255195756	93.74790751691145	101.1234193865786	103.0085175140189	104.077312217774	107.0458645456397	101.437524292984	95.83889332365983	100.5883565427077
93.83990541073342	98.89490110323526	105.4591475750965	105.6260854065135	96.76384283934273	103.3334514037906	101.9975536881168	98.91488960212692	105.7875787107151	101.0646068421159	103.1444382516222	100.4514741915512	93.46996420781986	100.9472565823356	96.33244120901732	91.56204685375585	101.7371125524401	105.7486022262188	107.1082943769379	104.9265052887167	100.0928019811626	100.2370400676883	105.5770104022477	96.04597531474147	103.7485655353972
103.7966046911264	95.19680829389749	99.34893496937055	94.71066956974212	95.39042925402228	92.51931926719693	98.0999649603053	105.1449590702018	95.64318243331184	106.6409940355678	100.1962722735134	105.8815076585882	106.4370769315626	102.0823027084491	99.13288535749784	97.08758189616971	99.93730028301469	96.63273864078896	96.69888302813149	94.74474621797937	97.27032545298823	102.295271760792	97.21300794496926	98.09236694776408	97.70777410827165
102.0612040752662	93.56497903592847	94.82536433101338	100.6931036000478	106.8236842357629	103.9754900696861	93.98313708831326	106.2281680658287	105.5979062289737	105.3660130983292	104.8197093950743	106.8895984227833	107.3428447773312	94.5085554974404	102.0929183365055	103.1394487567002	102.8457628207588	99.95871367696971	95.73988304114249	105.9628294446861	94.46013130766504	95.34200794675949	102.9534862512062	96.65111279922714	104.7532851027016
99.04943595044823	99.42586789341895	99.91856431636597	105.8557357541436	101.6328974989478	95.81687450521413	97.85078171492358	94.8960800326202	94.22311602285863	94.48610967349471	98.77152022882775	103.772949451265	102.3635219867399	93.39796716464602	104.8402865984508	92.8032606808564	100.8917191270111	94.22338994838361	101.3391261318761	103.0318581300081	95.10014018158401	93.65698035648825	104.951488558941	107.1138260399218	103.1193745175247
94.97400345290296	93.85473706882253	93.71120639017349	94.41006605806663	94.95117078641192	99.38103505346049	101.7363495266055	98.87533518018203	93.49131405745155	101.1056699781389	104.3561110178831	102.6066608497783	96.50943250808778	107.1837038794663	102.2820716165287	102.4995872375675	92.57217497285444	101.6916905298802	91.27347464832515	94.83770632831769	100.1105669022242	106.8899644753414	102.8321040342235	99.63305186906121	104.1010813494154
93.10571853592565	93.91756267434492	104.6400942303722	95.33163044077079	102.8995512054998	107.324012481232	105.7010991391751	102.0593377253277	98.41264916026854	102.790130214517	99.74244910169401	104.8460280527498	99.96657475998191	99.70441491827344	105.4880946852569	107.099796264502	90.70898244234283	102.3427787390812	89.87359999846377	97.48188359478135	106.4282323194683	105.8506363796003	96.90420888186394	97.12880989154439	94.73940469723411
98.48151427788792	101.3928096388121	102.9943419302199	99.7813299988695	92.82587086936597	93.50956268388876	98.18379884643143	97.12042802440735	97.52844357945726	97.91332237329117	107.0489988356482	104.9268122629925	107.4021475134448	94.48838299917904	101.9899403642149	100.6955185212162	97.09658728874331	99.19800768869098	92.37089173114184	95.79354426215477	100.3458498991471	104.5842780839091	95.95988343725857	95.34523566435992	94.550653568714
103.3693796664738	97.11896969200944	95.83929010104407	92.46939048254383	100.8394921931103	103.1558977635436	105.9227419019793	96.31166381062295	97.82894898356481	99.00757490920671	105.8707862951366	92.16655724792784	92.78075706911342	95.23175680769634	95.04090173978783	96.13264939789829	98.86609290975194	92.7012993801998	94.31467585677653	91.48467046119235	96.32508168632039	99.87038302977484	96.05482855108254	94.23304790134966	106.9384870432186
101.7071692956885	105.6030965847532	96.37203132271962	99.64592675153946	94.46256305990468	96.52318426392472	96.4002688783718	97.57498938623684	97.21517521711468	105.2720230704444	98.59761932682632	93.77978009592971	94.45796780567993	94.05846508094992	98.36286749296032	100.176302444676	91.92171617180821	106.3972914245108	103.3123652281712	97.44801671907705	98.90698749558865	92.92693307409101	96.56996199182797	101.0589178836202	93.84236581816899
92.15225467984681	98.48138592812775	98.08530176750983	97.96734159836419	101.7046804162771	92.44436416885088	101.6164530309859	103.926176822693	94.00853003332972	107.2413297265615	103.2939859626385	103.2865098545342	96.08452211752238	97.68367198213781	105.9733328297277	101.4764875484096	102.6650206344064	105.8398053232128	93.55550418477024	99.2656460743043	102.6074864492996	104.231294356164	91.41331020038861	104.404544210283	92.46131647587411
95.37694223810801	106.5886964779909	98.33214806540111	96.0476499178116	103.5503343114325	93.22729315330056	97.70947884697651	101.1174420862151	104.5777883970673	106.7200668096437	105.812916215475	94.7279144973988	93.19441169177077	94.53085066689626	105.9847739592547	98.16198033934339	92.09924336519887	105.6873266051359	90.38139403038431	91.02866008253461	103.0371255467465	106.0461135261607	101.4855280472747	94.86625269102009	95.58517384797334
99.82910232159632	106.8703915942972	103.5095266301619	93.88504918564544	95.2082090046124	107.2757799078079	98.50302365523625	93.49507373178081	106.3266905993152	94.48962705862941	101.9897949091946	96.28368352756178	94.09757326385639	103.5831461749978	94.62438548156452	105.7443093895894	98.31054633725351	102.9495033557671	105.3674702044412	96.71685806819133	105.5499513984966	93.77003245247455	99.83390863061479	105.1164713592708	99.50701556866964
93.86802096903862	103.0172320168681	97.99212720208376	100.2466242829749	98.49554105364153	100.4537373024065	103.7190985084386	91.99646438036748	96.23868113539292	93.13051825886829	100.6924583211702	95.07438877343058	103.2145138034615	100.1238895997034	94.09039786833182	99.28144506780129	95.80708345393055	103.213435767536	96.14031326114061	103.9019985689315	100.0165865970635	92.89499117706163	96.87716751820957	107.1526632520672	99.90565611563518
100.8912871891439	95.38829448504741	103.8948175779351	98.98201403435554	96.98391270774979	103.785546817343	92.4136109209939	105.1221359144994	101.6194875662916	96.7438183907399	105.6706638296859	97.0966165419282	106.6363121202402	98.72970766683773	101.9185493962999	95.61432637033441	94.45129501193199	106.2445576038155	103.3930981340623	99.44342003627084	93.07549460873526	99.41499421094969	95.54090407549728	105.9496004562778	104.9650801432182
93.57442595603615	104.3775730717096	93.70976018542426	102.2365492001116	103.1920866639646	106.6343669440901	100.1991464807865	92.40348783531992	94.33531007836434	99.91303406453324	94.33612642693581	102.6746254731531	96.21696912370128	101.962611660069	93.64725914159933	107.3600909106995	99.11326673936671	101.8953268672873	102.2253322902084	100.7804973113656	102.7219555618536	105.6251579016251	97.73841744954392	95.26806803915531	98.38291908428559
106.612631188376	93.77241881076561	100.5187300448036	95.30342371670606	105.2498338007256	94.42312386706529	99.84532396416465	97.39739349539533	100.9255033227773	94.26809650512527	98.0677184240264	105.3195644326265	95.8377094372502	98.96815836987317	95.02192301605329	97.24456894256744	91.66080422510875	103.0912304366482	98.65897080218267	104.6498460713418	101.1424856896029	97.19491392849385	103.7068718633628	102.5351600556	97.09331346154264
102.4543515275985	101.0168225549674	101.0392859863777	97.40334331429997	102.4170562169203	102.0203841907928	102.5789190840913	98.68398847765097	97.62580702378618	102.1751456810495	101.5911904089607	106.3104531601993	103.6583583909172	103.9203175347401	93.49571372947466	93.96882055718156	98.99271986246764	103.6403921408198	97.48388569306978	96.20949566366822	101.8558945446555	94.01619156082386	103.8485743190444	94.9719407574372	106.4630073650845
95.86821306823984	101.3745105428242	106.8532398968462	96.19721071977544	96.51784480513093	93.30894713442153	92.73245813864942	103.2347649010162	95.77000121869681	93.09882302595011	95.87542586119027	100.5321226006353	107.1819824028669	106.7189848728181	96.8558057831867	96.68016525314044	97.92016709837029	103.3807149335215	105.9260402451081	98.23953255551723	96.925755133694	100.5891314613375	95.38195174638786	101.3898228360841	104.7193576528518
100.4595511200816	103.5103991044044	103.9104654042311	94.56986995598879	101.2558044746118	96.48377509358198	99.22200712870794	94.16729872430631	99.80004289011619	97.91684632257881	93.34958310912093	104.0416692773736	97.77643636993024	105.0430639918636	97.43638864277482	102.1183571335291	101.8240780338686	100.5796925060518	95.60171249834242	103.3842223279003	95.352753924167	99.57280365432848	106.0070498861386	94.93691173606084	97.33785480792335
98.0593604445052	96.87426363333866	93.8593435102938	97.36792747213516	105.2251222724368	95.49147080352418	98.63691802921569	103.115806409455	97.07179007704227	92.69788638575271	105.5054478727738	102.7943333826937	95.19890201212927	103.9204883172151	104.7850005425038	103.1782894480797	96.7975665616501	97.26559436981594	93.45684852934689	93.40173510950281	106.5576336196481	103.465444933385	105.0184642163319	104.4878261232418	101.7030671775775
100.9470850096795	106.6941386149494	105.977169920981	99.51694938515767	104.5959570889573	95.61046385030603	101.5573295373613	101.2198315530734	100.3687380510273	98.55534659097057	93.23828591931809	103.4310916485978	103.8140354974816	98.73197585634286	93.26666026982156	102.7806859630716	100.7607747442122	100.7849156450036	104.9033162026933	101.7121649016751	93.79834651320711	105.7791730430608	91.888190227477	95.65410607233541	104.4781379159962
104.7498231240619	98.56572319644391	102.0353885084681	98.90972437999037	94.57353278103	98.57949312471577	102.4822779059388	92.44044603008884	95.64414729965435	99.84651339467942	93.75716779025865	95.01966639185981	96.26304491185942	98.32665411839891	103.3888734197116	102.4584790307627	99.6623671103109	97.84747653602577	103.784415381723	91.98009588533998	105.524224714396	97.96402841471681	97.74511950420425	102.5411238497139	92.15779599814006
93.21919349522462	104.5308039518004	94.90433627168169	94.99868015258211	106.192225645947	102.1827667288938	103.1638570417098	106.2027478906273	102.194851939031	94.01341130281629	95.08115776029986	95.88618951861865	97.38149640933676	97.25125643699165	106.2238858017592	99.33997908573257	94.12691701378372	98.99410064830201	99.06527040880199	92.63285117643706	94.83594119032243	96.98658940005137	105.9105985965139	106.2815944859983	100.9174162797438
107.4090998182652	106.0182054841403	96.03831421224069	90.86480451922927	93.59877476801185	100.9385841938441	93.94430492999889	100.1035428157858	107.2068684784584	103.1808800909934	103.4662144172131	105.7579763538183	102.9154997992769	93.36466337087451	94.17573432367736	95.4922967830302	95.0090105798137	105.2204638875708	91.62876743578053	91.9147996855144	106.208569719216	105.313043010676	102.6297937040706	92.84311436327447	98.68218431214876
100.8178249774492	104.4660000564213	102.6375154541339	99.2567052980243	95.47560354329939	101.343020043465	93.14456459049367	100.5538677017301	95.08030480988876	95.02870070902136	97.87632065396606	105.5048517222647	92.99105054769683	95.12311416580259	101.5424122106112	92.42885562579333	105.4891101712977	95.02250792840795	105.3701835965978	97.94861919855522	94.91587323265678	106.8598450512922	100.7073636828391	106.0669201468554	104.0426772017951
97.34836745202193	94.6806427165935	92.45340077863935	104.6382808478859	94.58621611207793	106.5025819809178	101.267272102085	94.16790466679063	105.9526770390655	97.24411704520472	103.314642025312	92.06507612047403	101.0293054410957	101.9200249484248	101.7112762249319	104.1996363103798	90.94190301454096	103.1129300769947	98.09255181969871	93.21252519045544	94.25280011196065	95.4022505073797	100.0461864637733	104.3977026905872	99.89354793158462
98.69205772883912	102.5305924009126	103.4557206300482	93.06427529769712	106.3760840913873	95.83130258897565	103.9146839830864	89.19590197883629	95.8805353446426	97.61191911272317	100.4669044340571	93.6332075525536	92.56424348121978	93.99672729809959	98.96764428235491	103.8576932432833	97.71447095648369	96.1142386468715	90.86412997163826	93.38175275936349	107.3911468738888	103.6691942121596	95.94659367176803	93.83995151070749	93.49800653622464
97.44031710484848	106.4590767640095	95.12990110905123	95.39894787610518	101.4012254768406	99.68164483246136	101.3613388133848	92.60407066352954	100.332815372536	101.6338026106943	96.91373605693589	98.1480788619065	97.23406892396557	92.68796147551966	106.1875590814977	93.46218310580899	94.157730322048	96.05173655330128	101.1422106984196	95.78885816241296	95.43814582353123	92.61168478547931	92.33299634524813	105.698448380296	102.4920519450445
100.5025452311621	95.53089113275971	102.6721925019905	104.2081090810684	99.72243024097418	96.67010367168801	93.49009324744124	103.0765536420588	93.57994943660168	103.6340024353601	95.96896988136935	96.86908298000063	103.2362218951275	93.99210074139326	99.33511894680389	96.50727947219038	97.57602403284345	94.35357076191632	93.61709429397804	102.5176565957727	93.90712897070667	107.1972529473773	100.2592545666973	103.498295951851	106.7128750986181
93.16822568244481	94.64534829026429	104.2168069060065	102.713209962065	95.6222560020573	96.72577222907283	105.4632231076721	90.58363965092148	96.68062603445991	106.1318790874206	97.76745838267081	99.07407666937232	101.0233788486302	96.97280226330017	93.70292390239753	105.9499641262051	95.39552890447617	94.30655904813325	97.13672804397288	89.42973765417931	101.8641350324058	99.83948259714751	101.8160524114985	105.7727748034263	92.84477134004776
103.3121188711543	93.86552976118264	100.7895545532322	95.42955793687389	105.0598645174526	93.20731877566551	96.53459423892701	101.9748510138689	96.89986738061319	97.0465062036514	92.67376811041929	91.45950610567976	92.79207086992957	97.55486829670286	105.1983254780818	103.6932930383863	91.57985079178394	102.333854827032	93.58374514427678	96.16303306079539	96.13783118271482	101.5754354300147	96.8568599363206	101.0953001118133	99.66983345672102
104.694087137592	103.7655253447872	101.9072762102472	105.3718634886241	95.74595152299614	102.6698820164726	94.43705678115268	95.59892643749676	104.2051157064022	105.9292342166691	100.5622041545184	102.0755906215407	104.5859204026224	102.280237528962	96.28062850368893	101.1294673502143	103.759278140184	102.2115108796647	93.65738422844925	98.59394241160811	98.17141406539848	95.69744406692034	95.61361590931044	94.52313433300948	103.6682693076982
98.72950755948064	92.98705839598091	96.24053652835906	103.3084514410003	101.5653121191542	103.1627367040403	99.66820161972305	98.15443772112438	100.6861100056164	93.84138631641792	101.7101929446729	101.5817360384803	94.69852647520541	103.3935832246873	97.47861501839691	103.5600478532921	97.0883659436949	106.2288068036423	104.3286550082705	95.33416168484031	94.21670405040238	103.2449786652989	95.04438777102182	97.34219848803346	97.52584938287238
96.01515566177308	107.2300446351142	91.85860382084844	97.04592476156128	103.3765881203241	92.8126503609095	96.61989190004215	89.92171935481424	96.10047030753417	96.79748831147896	95.28508000756521	96.85382312946788	101.4030504519755	97.95397705075821	99.01601590393223	98.90715580652554	103.4463023481987	102.5039694856144	99.23333118074341	96.97662959728663	95.3113353852808	98.30606778726825	101.0472531760085	103.7185499360675	93.11958481098638
103.5506115918414	92.62144229888936	100.458933752043	93.33573602451629	105.6090077276225	99.69392608652784	93.8601263009925	103.3815210378689	102.2786069272253	105.4781027717798	105.571218246518	105.0475420219586	100.7712572416864	97.86068411240376	99.33594379175399	92.10806604714656	94.85607916041104	102.5166772445012	103.4354790015045	100.4624540675385	93.70581622315459	98.06372820139612	93.47461448063652	94.48726319450152	105.7180558746275
99.46410463104995	92.44649480920108	99.07509626357594	100.3568777803897	99.76779964623839	94.93288374949715	105.6976933454448	87.88936608340897	95.14539061066191	98.37694268527771	99.79694240254558	99.25909664972383	104.3259035381162	94.09264415168811	106.9453150276694	101.7328095694595	96.75719659323997	100.9020091715317	99.59791750148693	93.24262248565105	100.5076739096219	103.1401433369229	89.26017922042122	98.5317938186618	107.0647214505213
100.646258664892	106.772136096092	104.4419023445807	104.4936090131291	95.24956711825918	98.36958065847459	94.74439799445987	103.1153633560749	93.51767983159462	98.68386326866332	100.8964000174116	97.95846324085494	105.5239604938471	93.73493491511407	105.7996009491783	93.09343765384453	90.38322058995972	106.8683857117678	95.87633807864698	103.1096925411316	104.4178533232592	95.93890045207345	94.83987132304888	103.7533649743507	104.0932526348672
103.3954947345547	95.82777118380638	105.1698276466007	93.23631257123122	100.973258708198	107.2090179198415	97.22219534695182	101.819213479738	97.3476162942964	99.77354477102926	106.8666291731204	99.01656527165582	92.44847338108831	95.58432228921043	106.3505404269965	97.79017178186103	100.5155239144005	96.94002857596978	100.1019030270845	92.25466536628056	101.7825100050957	99.63308684478565	103.4276064818119	97.00809080896357	104.7374997295958
104.4313982474895	96.2749267796074	103.1629461168678	101.4998850384789	92.51643500741672	93.77156652506581	107.013536239531	90.4428537566468	103.5187525617313	101.7241684290704	103.4689096489295	101.7638632157653	99.19688168770202	92.7557495749424	93.65694801993369	104.3189174323159	101.3882069431703	103.5883320887403	101.7764524474764	93.84058570531037	101.3615844775188	103.0036697222502	89.73563482952814	96.7197306639677	104.011140662045
98.35596597685016	97.12181807235704	99.63699151285913	104.7058573691779	100.0244159138642	97.22470840776177	105.2258518139467	102.9779736326505	105.3828105606293	93.73175246188866	93.37459011479068	94.55860561954621	103.384894714309	97.1010532222374	96.80858526816036	96.37690480445836	104.7075089370616	92.77448551544546	99.93863083681711	96.76964364857258	95.52405092693566	92.70135087740562	93.49977451276213	93.14503117155633	96.42427757757955
103.9400477386796	100.1461383371402	87.80878289339563	96.14312087349546	93.81833750163835	93.80150343676901	94.08443433436298	85.59061548906627	97.07960948511061	91.93260377234338	97.66476540768939	91.42435403723823	98.73856797919346	98.93136814909258	99.27780954238824	102.7076466778877	96.94234037645963	93.73342751275301	98.86940272689131	97.46552371072652	95.14404185450785	97.10699425648073	96.8431624839225	93.14540422893731	105.5453443380743
100.8911911333949	94.45408032272357	91.08337303367765	92.98520886231682	94.78699045784407	94.05646428366664	105.334038145894	93.12929297787879	98.96732701447982	94.2619553884478	98.93493127255627	95.15574271518906	105.1051276882402	104.4970213406947	107.0015717989906	104.7852529167621	99.73263612428005	94.44371009299158	88.85627453783358	97.88866234031711	100.1538714047852	95.23934492656203	92.81659627975435	104.7154406720158	94.64323376258365
103.8625429311686	100.1034127924139	103.3898535999526	93.87282626521117	99.64425353520772	97.90010470568717	99.05461129318658	94.31642383932119	96.62760098190958	97.7675546039701	101.1551212226911	99.90354035775486	102.3170202027177	95.75900710057601	106.3171092312876	100.8597463908116	88.652848553403	93.10723287041212	95.13272973148295	101.2968576365073	100.6152298897115	103.2425168484297	99.61833079375397	95.41158677601364	103.8793011723884
92.68676200056177	105.0250615372881	96.50380657391234	94.16552816829874	103.7554924006902	104.7220415207656	104.280489602825	95.79377400646921	104.2239520873645	92.95652025626559	97.8085431604006	95.43607337596211	98.80523696031882	98.99929721273462	95.4407540926164	99.16218446333905	92.84537051885512	98.51495342828832	87.38835564170463	86.92361553238426	92.36176268443816	93.27813402104741	99.9908300403837	104.1918299057388	95.36487191423987
106.8040989547912	104.6141154535681	91.86267447620037	86.99449315773673	98.06075649559962	93.47567261048849	101.4533382026154	95.65385826848646	98.14878074915224	98.75114277583361	94.36200241068607	90.25454779584692	99.58151082852683	102.3945097106441	96.00687531402251	98.48849433087544	87.91703042517686	91.8756753454102	85.30157399786434	99.37363599011459	101.1977957618841	100.2160916115869	93.79759082243423	100.2293587232605	103.7840408873198
