74.79874166627701	78.30024784262224	94.43450970565424	103.6018791119983	95.42393128275282	86.49457074081775	69.9279264619222	101.8460009443762	94.46551704611333	93.65678012963895	89.17725384069382	103.5001621472688	104.9062230947163	89.62311519022042	74.65423192678715	80.92326184006843	99.22329818450589	94.23483842605656	98.19241663732683	104.32316373988	89.83877918029222	87.03346201879597	97.33226155230996	96.20852200568358	83.5223638220596
91.56996065622694	96.16830921560232	90.12186200118613	98.90267389957818	94.58661352245721	92.34465042319029	96.57873230541284	89.89389478308652	104.8550983444945	93.47308359453221	104.405808185782	96.76386136764519	105.2044686250885	102.2051525527663	97.23886020446699	93.48564913764469	98.15328342804496	96.88915654126494	97.93751593922757	92.08779944620802	101.5033828261497	104.512109921272	99.93400002844999	96.09593297479377	96.66162825584887
92.22019653548404	94.9376179841246	101.4140790033407	98.06326522982471	94.27747909424824	96.57181118655305	82.11656374045107	97.21799429817621	95.22366869098154	87.13813675675964	102.2773689077415	96.52702110190127	95.58847888177962	92.8227969884561	83.47966824570334	81.87377409044724	95.82593787083445	92.87406026282109	100.956934493492	90.46742550036059	87.8242137868674	103.4015986556446	100.6934909054536	104.5884542681437	90.00631772998804
83.30870680792479	82.88617445303495	95.03377422548326	101.1864250744229	94.33460899372592	90.16912422704132	82.29905894438532	94.01582030202981	87.74212651735907	90.32297235695123	89.31628425062307	105.0978594882545	102.7531312694435	104.619381220105	78.01646686184532	89.54284109378632	96.97976521825734	94.97541321171475	105.6495146453997	102.7205036800297	87.60076949454583	93.96537014063188	105.3961454384406	103.1071530760752	83.55854160150886
84.53823094238103	85.78742201288495	99.08556776977117	99.16146931464739	97.06202089760535	94.31733993065534	81.48788853709969	103.949485648839	84.33988397677717	95.52988504672304	91.27878526512899	100.8275974195988	100.0751645206719	98.95853194801103	75.12244674554834	85.80033004271588	97.27849138040968	105.1584091856933	100.5890257974286	98.24391856698368	90.8861471441767	88.88319551063242	106.562163474906	90.84305954012494	85.84431388363265
82.25378592370103	97.7473944694901	105.350409622542	103.5444932724741	97.04589096496204	97.72410707449151	83.68943046004091	101.4431132599475	93.35576704231926	97.5699527315066	99.95725578003561	99.38138163562917	93.08701672918006	94.77585296139496	92.38514625890947	83.47735427325682	90.38459586936057	106.0950722580482	101.7304326663728	89.89525185541996	94.09804746350738	98.6921269118189	99.54128710377125	98.63265016336618	85.69698960859151
101.8993391539516	103.4469552632046	99.58427426259433	100.6313553857674	105.9261898325089	92.72605534490673	99.02254999430517	87.86061464477989	99.91372154637745	96.26454053940239	102.9645493676377	98.34898436025655	104.6727590392295	93.81716562303073	98.5216036857253	101.8883748616979	94.06888143156976	105.7231006246663	93.29120861031441	92.37985813828951	100.1179400600363	97.52831431424677	83.99003255882822	104.5160198082335	96.33824966442462
77.4056492093936	93.66787200951585	96.95545187019977	97.65823207444694	101.4812758413635	97.25599337736001	90.59387286136062	96.63115834669713	98.53586199901341	89.46213492049662	101.9687363695427	93.1092856861589	97.8273544538031	94.60316390848875	88.20128091213191	93.13150085694355	99.58694878024089	96.55435857150103	93.72911250807083	91.52618704004252	92.41960137337999	88.82813930912729	92.64124607756558	92.00470341349596	94.43759913207346
84.53025158494556	81.76429683282245	95.01321341136888	96.32440577914498	95.4866445437482	86.73201921445641	78.4217234344602	96.86456328044753	95.51116870434367	87.58416535014017	94.68464258342456	102.717540052368	107.1194679527041	101.1600019408877	84.34456411703225	88.35165672549061	91.94728369523803	98.92391624955995	100.568947137012	94.20273544996701	94.65046072602905	97.24109592107088	96.48327065890993	103.251735262831	90.64900831352665
90.73686663192736	103.1131847059013	100.3041475421103	96.07987549143991	97.25708245878266	99.52843148943658	91.75600146524063	91.90173866861713	99.75040448621361	101.4111660263533	96.63800765167386	92.13989836517015	103.7224385403733	92.42978671838125	100.8304676769565	97.4332281785114	93.54814512686046	98.27992168862787	89.79688816546877	82.45696815843075	93.35267540593128	93.92471851796797	80.63578629790949	106.0866579135148	103.3234059436213
93.77343849667324	92.35527247417336	89.64025541443615	89.04060276032037	94.77893452079415	105.1894674147954	106.2192564432446	81.10826236163118	102.6428174058309	94.00600945622004	93.76268739617109	91.89896874322599	89.95147478957387	96.95950192021057	96.98062449465031	102.6812882908212	74.27655091379719	89.9381519968212	78.98733623851714	88.86168986919537	105.5582159803149	99.76147219662053	81.89734429406231	100.7873322887013	106.8659267847669
90.40009331929308	82.67356775389251	106.0162309297221	106.4592247191114	87.69946323814075	88.70943596344716	84.1120427862092	105.1966523282914	100.956387341584	100.5904865621735	90.37377337662224	93.00128510180181	103.352605251129	95.27975492248486	87.2281645400201	81.50538701543091	95.60809769812825	104.5600098050392	99.59664317513793	102.7011312746456	87.03681306147401	98.06567785781772	104.8877563205687	96.19916740003944	96.65898364539694
92.51016693359625	94.16329211644167	105.9235171468296	93.67448404915143	96.38612611687243	88.48895453885522	88.01702900064785	93.1127320552185	99.29839253909695	99.84851217696297	97.60857994673491	106.9846870034307	106.8180727995114	93.12266096001909	87.98656168521028	87.16453561675414	97.21541246453509	101.5690303772604	95.73807801305757	92.95491963561811	86.32930994555225	102.4935757082637	94.20654853884304	104.176490111723	90.23524554824587
99.96670674960401	93.96536848155144	88.42278635073011	88.04877949599042	95.33135972702443	102.9926195416395	93.22586430841275	76.50282281405528	95.95096167313478	100.7918855706371	97.30786928552848	97.7779993576149	95.45198984048292	104.6032102432852	96.35461220986073	103.9535950015337	75.84153894372756	95.62452381419824	77.20226612182348	75.39239701148615	107.0343765836877	101.6980064753837	82.05246632749275	93.99546633524577	105.5954787402647
87.6538549018791	94.6624448499764	103.212768339209	106.8294340950341	97.26925368782967	102.877383988196	82.43501117587007	101.101198255811	97.96389884512905	97.07197908721058	97.85182870009228	105.4400484102116	101.6024937654669	105.2977400359818	95.25674218917342	98.25018461015823	96.66168189578579	105.7760448453874	102.0670346477088	95.67268509344434	93.511159823474	93.5781255021772	93.46195733090767	101.4829689602489	93.21187595004335
102.8179901039027	91.60538102010874	86.61593304727656	100.5850430526475	101.0594052102477	104.1207348451624	98.64224804475697	86.14680269874634	94.40225393194544	98.81393468714744	106.1905640845972	92.12317830403272	96.494839266912	96.47778570164822	91.96907187789486	101.3532381352273	86.98172457994787	97.33217167822862	89.44429097859714	81.62259245878226	99.44742607679984	94.01646214664679	86.27968561254089	97.86003063394209	101.3883541976274
106.9036608537698	100.0908723704522	78.60204760063084	78.87015813127374	103.0809373615707	95.04401862328181	92.97292408219748	74.24118768223951	94.20460966767783	106.1931984282977	97.71843589483699	87.88181759025088	93.17540237805503	97.46649060926289	102.5724651058008	99.97798394901623	77.08372602921442	90.0300399643797	68.9204386538984	74.36593615189838	107.1471109979424	106.1510789740508	67.90317820229907	91.93486946776284	95.27881487676217
106.8913198108985	106.1876575613695	86.70300059949545	90.22774275926382	96.71785234875605	97.69519009864469	105.3195352275516	71.29379854183377	100.6934704789969	101.0521461136732	93.92506993888561	95.14528371382013	95.54672859886283	92.76472742808319	106.2745989248278	97.83564944115169	69.989830467584	91.88182485162832	80.77724032326883	68.68349667814742	104.1944073736691	98.37180794948226	69.1985651413502	100.2465657641435	104.250531108747
97.31048498104289	93.14521899592762	91.53627332493073	95.52646955215141	92.36345270331734	102.5785654169287	95.23973853752651	87.80461951049764	91.41898914743673	104.6644583945834	102.9925770187436	93.66514759671699	95.16859087178584	102.4629247749395	86.33139143912172	98.33398991702462	85.87586453144232	95.53760352053803	93.42613969986425	97.77097222060441	91.63373262167725	105.9310240380105	101.353677295311	104.3952737644797	97.12008703264968
98.41235652393013	100.4242583118927	79.64862326991758	85.71236648199184	98.03550335753353	92.34461656896335	102.6848904347207	65.94397220700154	91.52488333202739	99.27040663689627	94.59108703938659	84.27932349090518	87.28563318944042	86.05585092624152	92.55737959863333	98.29967786087354	74.52880604177187	86.39537645870325	74.3642670702403	74.67797831758242	97.56312483760797	101.50303996558	66.72873974492799	99.24756704475823	104.4591886454945
93.61224335312517	101.4624321782926	92.28448074975122	100.7874064617763	93.36241594866145	105.5194692423474	101.6835230361855	89.29570126535194	94.8540746105861	104.8904954222331	101.3432179106147	101.7107817122356	94.25485645401768	95.37362666849057	92.93951930263076	91.95465584710571	89.56746694329136	92.71210221278507	87.28247783868207	84.66833785404731	91.45784830050296	103.6591573897611	86.53884321496875	101.1887280118104	101.9096412969686
103.4672182631849	93.97751282726351	89.55361997879467	91.80160699720483	102.6600814035009	99.42501778771232	104.2873544038629	86.75351608138322	96.92534203667347	99.77962513993832	95.6476998170602	98.86904897368362	88.47553717364367	100.5754644869515	97.16337012058607	95.26583881088371	80.659717345956	98.6113099407564	86.85534280802817	83.15663402977538	100.5485086472714	93.37987070091465	78.55569314099806	92.15725709759442	92.6680851954401
93.36152198736336	90.99896737572169	89.75604695240854	103.4424398573942	101.0202025722202	100.3236658237891	88.09059105439439	92.99050711780129	98.97700108011603	104.7791692532382	104.0830666799325	101.7218311625976	97.63768085361841	102.5079995101543	88.35124093649999	98.87679798039636	95.77209293458088	101.4528665918732	86.68218270527538	90.27437488646427	100.5820165135451	93.30935556075779	98.10742022006687	105.0941651441031	102.2784022120502
96.66326920852228	96.27911681784224	94.53437834909462	87.92078079873704	98.07392830790819	98.50420752954003	106.1116048152887	78.32280924810219	96.80359129001468	98.58100757358531	105.3037612873535	97.96083836587415	90.15307699298131	90.10520493422312	94.61138690627553	102.343494079606	85.49281168367307	90.34879049471404	85.83183000312737	88.08261582477901	102.9307860781329	102.1314472092754	78.89998062064618	95.29424538811897	105.7991857490728
99.446215702465	100.1605776934488	85.31399653102314	93.56591005275922	95.42048725959081	94.38783153434184	103.2413045009612	83.10003733546725	100.2076323151893	93.54409915737919	98.6203076232065	89.76704715817851	91.66933012246852	102.5300035554617	102.9327568256784	94.75657182332883	79.72547793722872	106.1633398978489	92.37230880334546	92.93428258141482	104.2640161224984	95.73067570679126	91.17670166968705	95.60852509692266	92.28664759180941
100.754139122067	98.65473649934749	90.2191079765411	93.80011068947586	100.0830868281876	99.77138560100211	92.15763378424253	79.96464456073947	96.2123308153936	92.78347346674951	96.05620861154674	93.35608437839872	87.8211186293773	104.3095887451979	95.56319954545901	92.58253276884876	83.12555393225325	92.86858907410536	87.56667175595103	83.75925769638124	106.3049366844764	106.3602147893988	83.69431408704403	99.68728029621694	96.19946918546876
105.2942917393072	95.93650351112673	89.69321777554704	92.55948108402326	93.68091244687096	105.6922747950733	95.88304639522558	68.39365621411451	96.49026883910076	101.2075277056959	94.25907235260601	82.79908330224967	89.23848698991202	94.01624358666828	95.84469334739359	97.21769342222687	77.18931134837868	95.63671147604136	82.75248236641418	68.78184555850233	96.04233910269578	101.104043509253	73.83769765495066	95.80709449942323	98.39517583688841
100.3940686567922	96.20169093517994	89.61081290320774	91.32435760218098	106.2843640790988	92.99656660129929	106.3589681802106	75.89078062123647	103.1492297419918	95.85811036390962	105.7958027574937	83.15910746485643	95.41223613850011	92.81566867607707	106.421558211568	97.60584137021844	69.99733432443358	96.37516794800311	75.78821105445692	84.11630568710179	100.6691013038523	92.54773461508174	82.44196873396484	98.67605387190011	98.33178158804614
92.87086355279979	101.5644390010084	92.52799959775481	88.16841900699227	100.5546774800412	98.78010083329289	101.4211593815821	85.52683434638995	104.7820191746389	101.7919354132751	104.8760749783456	89.42104232217619	93.69421301397594	93.85575235613568	104.5793269519223	93.57184525490361	79.28333638297541	92.13528585064316	92.86670699102426	83.45326685194856	104.3966156354982	101.3675573392869	82.33445211940692	98.60843953477553	105.6826196351823
98.37264770719935	101.0303445888185	96.98166183839254	93.74803994603487	106.9521224148488	98.99305785017488	96.53878493732148	80.11764371399977	93.18572588702135	99.30891943276076	97.72333561544764	99.94672369229446	96.2334084730139	100.2311325457735	99.97474286153876	101.5992336116243	87.71838904147134	91.35794717763827	94.81664375959275	90.41839477224406	94.70195844591272	104.0459801072815	86.54533560742209	98.07634965939231	94.34231289068272
94.25952799538889	101.781728585883	88.48092924277492	83.72647599576858	93.46579726096779	98.79791633821483	97.80049101421584	76.36676815613873	97.54833757315762	102.2154942142189	97.61342396574352	94.31813595299812	99.86573624731379	92.06398905079469	97.782873629311	97.20775278259616	74.44241293645574	93.14143477808894	82.89497995358877	87.33338168954531	97.46600319772594	97.1214573278609	78.86803846840448	98.21633316329479	92.92716018328851
98.34941266121226	103.5970701819293	84.21541684556458	88.44532869344836	102.0325494052855	101.0794760508731	96.10211940309684	79.09176821551664	101.8450697329874	103.2850014137184	102.0855153188257	83.0882494469233	90.56571154728994	92.83441526287689	97.12835719478709	93.51414871847535	66.94339510846991	93.4218057270282	77.99399721478702	71.14731625285445	103.1468501474136	95.69984383569609	70.32587458500656	100.2515623814271	101.8367959752198
102.5670145884642	99.62503735176604	89.51367110566423	99.96878730395561	104.6324187813891	107.090431001504	96.82683730683729	92.54723389561644	102.4183502169761	94.92023711887192	93.40165326045455	98.60476992752398	97.48227846229216	98.9038963397655	88.85899816194282	94.70999830836818	90.35799072091397	100.9536881973249	88.99788897537043	92.2349709417917	104.7298662864643	106.9415624249953	92.39419968620381	92.45135605526706	97.37715735200828
90.27601317623173	104.8985968109544	93.91569729643808	89.26430972183479	97.30124093633863	93.95601162373258	93.78424384919833	84.40293815333924	96.23084157889531	93.70736407492113	93.24066993734026	102.924713442459	104.6220588994941	96.44456495913052	89.37847356311227	102.0771557053555	90.12188260420518	92.39437724392472	94.44361436979202	84.18197737069704	100.7847133093613	95.98129224024844	94.36346607082189	103.7482539821408	92.52313885352693
98.40380360816094	96.2333127685134	85.99328256215949	77.32050294934184	93.76981925742356	91.55362391949188	97.27808256686379	74.15947448209931	101.4877914920778	94.61895848516303	99.10561717907781	92.5271906068572	83.511279371271	98.86987339970325	97.96384041289399	103.5745737669994	66.98146507789096	98.82253605243983	69.7339763152101	68.7517642113188	93.73815056167493	92.65831783914696	65.159945535508	100.8769665326289	101.4664774570125
101.1618168905756	92.84492628240172	94.85439961644778	97.85760129547138	97.35132052332904	94.92782274245175	93.58996446710727	89.60492351367803	101.0275625323313	94.19514198089846	93.47220829685946	99.23755966858779	89.56184817015811	99.13308558473373	99.28048604992412	103.1231003383068	77.19260436466489	92.4682017115434	94.11056911006915	90.58685611199415	98.91331908575249	99.56894873294952	78.2098304187991	98.80349661169305	99.80934539796864
103.2507980377031	99.04351959743651	90.55511978589641	99.32452927156055	101.8893334128199	93.45015108145519	105.1761406938617	90.7871809691455	103.9534242346424	106.5794572194293	98.49052089796548	103.3357988560583	96.14283822329516	100.5783679018597	95.94724523843234	100.0605977390145	82.95782439576885	94.11738824049189	94.8071246750395	87.0925460024124	100.4181973951134	99.53582323365457	86.58993812288949	94.95535756303344	106.0030873566093
96.82218474670235	94.11844734352812	87.37793720629283	85.5985869922969	94.04462492600049	102.3727536566659	92.84473708303202	74.53439052460257	101.709743525853	93.23884378860842	94.89365975571802	85.24894041026363	98.68340492298555	89.24499161520895	96.6678376237797	100.6170130784665	76.16855404081417	97.10659531122371	87.56165545465683	80.13563918163099	101.8148775267089	94.52264065497636	77.71573064742969	89.81440185982076	98.70351505706068
97.18214841469199	100.7298197922024	90.48488720887704	84.69639679628419	96.13337632188797	101.3844866839618	102.7692343005457	77.26316854692007	95.70134195293926	98.23916922325719	93.26870200379773	98.90333778908536	89.39256124629146	103.4226347290812	99.30713483633264	95.83771464606698	84.50290203606031	89.40989380351445	77.21032447958234	87.01092323476938	97.70627073927972	102.1393066098769	82.90856453443101	101.7000798944286	100.244200268146
88.90067896430737	89.2788110634479	94.16531228291576	99.98498180866687	94.83591459265219	105.8646238798682	98.57848551399613	91.04475271974817	100.4449725063333	105.3090795152725	95.74962359660924	99.55900339492719	99.77420217074709	98.78368273606289	90.54528017845959	101.945011597593	84.01783631493748	98.90681397717498	86.88470849511154	96.07947221339384	105.0262259875715	98.29685206273842	85.98192886222353	103.8812562985822	92.06683990632267
105.6990976997888	104.750109448167	73.64861358659179	68.1636146718042	93.08030262742994	88.87252130681988	94.12196133105149	57.24187240419688	92.71629383908102	96.75004049710699	97.57273384639814	79.79260157028224	74.65848531130561	83.45475759899352	94.99085526552579	96.05172958911503	62.56313933625025	90.26606050429363	57.19920178140904	59.03357138321348	92.40759987317284	95.17906665836854	54.63659650640933	92.30788420499613	104.4962433781667
92.64704713708333	96.53879436881968	91.75602717134012	94.49510050074768	94.53226085194689	107.0959100515701	99.86396351089402	78.24635724003355	100.7191452662178	102.5551124435409	95.42616301182744	99.42587523798053	93.95505998524676	104.7278657344418	101.204655647264	97.29978022506999	78.06424754471553	90.75181865590436	85.99473732692513	81.775566821521	103.749255562192	97.0985407832991	77.10635918417854	100.581486257927	104.4547287619948
102.7534558948663	106.3649544762532	67.617229818124	82.60640122318378	101.2725787587338	104.4898872459137	105.7192107889575	58.24650474032296	90.97271354358054	97.47039295239054	100.8023791846434	78.02946704524118	81.14796416191452	81.57370203628707	100.1429593473318	104.9434265681407	64.30125542806414	86.33884843586625	70.06656269219043	65.4351080411827	103.0391406794837	98.41655433822423	59.47178867621179	93.30441516365389	97.33916130024946
94.71660186116496	99.75321221163168	87.2509353573713	92.43858791385372	105.1230394200793	94.25149256119529	103.8078762028476	70.53498207551981	104.5104184432622	105.904958402125	92.75712044706059	89.50741418901515	87.14001536311123	95.31871649358303	98.48967766631056	104.3302466610926	68.79959249055435	98.11827638893587	78.53800566608118	79.02599381729962	101.3815771108502	99.38749081548499	72.12155234094412	97.29303613157485	104.2662425046896
103.5301069057586	94.31642777418897	71.80194253258244	80.68791356623376	92.83761622285687	91.95808420278337	98.4914034690138	58.66081227005627	99.66254020922837	97.33426316503073	94.6651918999443	78.42868328154569	85.06413255918257	90.9249161125535	93.71483165491868	93.70882527583763	61.17730761343813	89.28522608271554	61.53797937558851	60.81015942058629	97.76661529980549	92.23439740215291	60.08450085377933	97.32882142536495	97.10219780478438
96.39631183974953	97.54472820058884	84.78219594100605	76.40778724846976	95.07203601177189	92.61162451164701	99.9497774564762	75.16599306398014	105.6098399716861	96.17008708579733	92.15682013771834	88.09664688774716	86.2609367373892	99.43895595711618	98.32273697980865	102.1770659773826	76.01990601784266	93.53557173123319	71.92507365798012	66.95007292644426	93.2529412270993	106.4085525971451	64.30194222039421	94.22724459527441	100.4500588740107
93.77563962900305	88.28831745726936	69.0748224380681	59.84899617098071	93.14843672729852	89.23339778941545	91.86640159604839	55.09256617936658	94.42646122764764	95.13720136717382	81.78345480762275	74.25141536216351	79.87723120943986	84.95626061637149	89.4901399341925	93.6352439077946	38.70319153826166	84.2484585240711	49.34110016338312	46.99289319071033	97.79947517822166	89.32745742706169	50.97174595964533	81.00690055596699	97.65402643532627
103.2579589249965	101.1889071834922	78.25640357864748	89.04415078707162	97.54556712075309	94.98036896974001	96.38750571006062	73.31417948543287	95.74470676690957	98.15495954776054	101.5355937154643	87.52215170267301	87.41160730000598	100.4658513446832	101.2283910152932	97.09777576191905	67.75093766828257	97.3921999434617	81.81779120087114	74.89173539300343	105.4865050678548	98.16634766373468	78.86343041092678	91.40623866754291	103.3812204514419
91.03358780469641	96.76226189898961	53.35121611933597	59.92783954509733	88.96839718394037	87.37146281689216	92.26869842307742	41.81135341043281	91.78605481687072	99.28388904967046	85.21770941736791	67.33924699463954	67.78867990169667	80.31154444547518	98.68133231876868	97.57705379689395	49.1638068451275	84.33487487964156	45.3408527569139	49.32882891088792	94.73864382898424	97.70451898836234	43.78379764375246	85.8421413129975	101.3033717317959
105.9696735948556	104.3228681959591	77.71214591142017	75.3570945940121	91.4702961438423	101.19412391306	100.1592220787116	59.12205817455089	93.90546075666512	93.76192050910741	95.30021498736733	79.06596050294787	78.61003433164731	82.98632648561673	95.70703446950998	100.7917593154711	55.15995608959773	85.02647570366662	59.15284695357147	58.40361756679398	91.39128135066684	96.03927403956227	64.5677644553779	88.98212612206015	105.7004956015833
