50.49994463878574	47.99350458611083	99.31941026629345	94.80025317298812	76.3556212828569	82.67684492036341	51.46554491463687	93.75380752401095	78.68842939469977	74.22116376285015	80.23745940537681	106.4283512836011	94.91223475960373	83.15872847959227	52.18861825014027	56.6031931557746	93.46338583246423	98.09835320919517	100.7594630036463	105.0944377047702	58.69559543454965	81.91446084289905	98.25346998407844	92.20735319982073	52.87788800452229
85.88590177989977	95.73616076204362	96.78187071609233	96.96521763028569	103.0772248152747	103.4113880948781	94.06173862092665	72.15979437087267	97.43924445883965	97.65315169412393	103.6203605086521	104.4298310181965	99.27445202815032	95.72135578896318	82.81630945627931	88.08574209728177	76.06864496827934	93.15443592912405	88.34036107241835	81.6353765292483	91.271543209434	98.02086955690646	80.57786352519295	97.1935501521094	95.31270252436116
69.73819946068697	76.5890238098453	93.83367543830366	100.2587044713934	94.61997695658329	94.57862656154884	79.21820281878819	86.5866266800919	97.35701580624914	86.2289588392965	99.96860452367967	102.7070462153447	105.5774519566408	97.19043305767053	85.31366294724728	81.89046987624299	81.97331651796306	99.96855308927545	93.14542248289681	88.11503118346914	91.6808794021249	98.21529711876651	92.6922257993871	96.78935965182549	86.78577455761156
63.62427585349805	71.11806232900562	103.0846066411195	100.6410416082307	80.79077255984616	89.14720927621666	62.99400938762193	91.14210174728863	81.34236232209189	83.44771052812109	95.19663012498042	102.367471094995	95.49350534512901	93.67185311596567	72.92737834398062	77.62273134733744	96.96689068980315	93.81945413263625	89.43227267431634	95.96697426005537	76.38168190590854	95.82806496613817	98.46078296248309	94.84317959203545	77.81770256029404
66.65267516538019	69.8394796020562	92.58552502859726	101.659856035444	83.21051697963652	94.51482233074215	68.51575879335729	96.36344868499407	84.37119374641694	89.70330737401997	93.29668466924137	95.46511389581778	102.1634491633564	96.12598913372437	66.88096449280505	69.58158379766171	84.0173072501201	92.67149448204464	99.90970478721724	90.49535948918401	84.43421247312055	91.06600605818699	92.73227541313565	94.34755939153155	78.46470584313595
55.19936415072478	66.88587728054991	99.31698723611159	99.01397865034464	85.8553546065384	80.27341172712177	61.62390328722596	97.97856262185819	85.22925715969137	84.7075748558571	87.53264710004467	98.10392140014696	101.4326427049409	95.08581932696104	60.33009103018594	72.44528444142762	89.57694407777836	92.55688418009125	95.59247147635651	99.00003571368549	74.87239066283858	91.7364859285336	96.33636574227174	97.43490575239417	69.68551891543522
59.16738989888371	63.24867052288187	94.41652283676886	104.8138835257456	80.94171926925374	81.23772837745648	68.93292166405732	89.73507205930525	86.53869987233881	88.10028671119554	99.06669967396948	102.407373030336	93.24270171221498	94.13887713514944	59.99733924195175	74.15699226866096	101.0469216134551	106.4506271518942	92.07204699209557	99.27428721768402	76.3064774572922	87.98085379816071	98.51989025769697	94.0107218474146	71.53346843794392
54.43940070607446	65.55294467032745	96.58119856939419	95.71516347758025	88.43848482521224	86.62471525104348	62.80030337145386	90.68166926143375	85.28385310793095	83.90663285770952	96.47668953046184	97.83367519188282	103.5019462954265	101.0779507883824	58.52150950858015	75.8077017383155	89.6750468115678	105.1029765080417	97.28067809339801	92.64802674091071	76.5031368103231	93.84426750362849	102.2660526954557	87.7953007537981	79.08380041991194
82.14349566148843	82.08088092643115	99.60937043297417	90.55630907026283	93.07038407722389	92.50704229046038	76.38067762029249	91.1275461643756	94.62731897136347	95.35229288695513	96.65945699566524	94.40654881536697	102.8988689667657	104.3396134481075	86.17668988316571	88.31587922348542	87.7583601192928	95.24363297524083	95.10279873921189	83.30880649120358	93.51769036584079	101.7028049659832	81.22754665327737	95.75279090396675	93.55924783424805
78.70900037061462	87.5327166628482	99.39720383236148	100.9905466152044	99.40663757433516	86.41184954293973	72.29808901267018	88.21500900170078	91.51689013776651	96.64723968095429	92.57404355887556	96.4474846893774	101.2912959686176	93.06557427097279	75.47424840718472	79.68508488158378	82.86235249214491	95.89425517852605	91.26356337996314	97.8493932313486	81.3955226950807	88.86645493730687	83.36105281965693	92.27560962785221	76.75574824567902
73.76663505643056	83.72421648913995	95.34789155778331	94.10059005034087	94.69486862657956	88.51663793618069	67.78356341299289	98.1743807780945	93.287929605778	89.54863875926894	99.88279126566465	95.98395895174113	97.92878438845827	105.5223526832828	66.68468535508971	69.07593675404425	90.58357824873075	97.61548456096631	91.79349139700736	86.7104254943637	77.74329065415738	86.39173275486093	93.82043515973423	91.12851094873574	86.07464328535158
91.99567013580928	93.53348403867639	85.95060278912965	97.29163257354664	97.16304473433279	95.13812408650119	93.78893661271438	83.38573966163042	101.732109960183	95.41239033121519	103.5250079467082	93.95627133066944	104.0773647812586	106.5450097555907	91.57518660546191	85.7220571668487	76.17912176738348	93.0177263975928	77.36636438574506	78.9633439879767	90.42325895231751	96.25701083948393	73.00133548497908	101.2956867097728	96.32503193983614
84.49435003664054	83.51247944413514	90.07305211915833	95.15733957617924	97.71850611490215	92.63978304322443	80.47636878670201	90.99409184245484	100.4118199972464	86.66618959022544	103.1595237848128	94.8449688247193	92.54293024916535	100.4603415661385	83.50163448640058	79.35216142514267	88.36406203534422	106.7987139945679	95.95783214552817	80.54539808882831	91.38182658247329	91.89512005157181	85.92018384578638	93.55866112828679	89.23481631668119
101.676408092605	92.75421773919473	68.92726105343782	69.97150205618151	93.68166078759101	92.46714086778231	99.59351389142972	49.94524858084004	93.13723831252209	99.70563590947948	98.60564881602018	80.40874377100188	83.72435301731463	84.65107262508306	100.0860205870768	93.90349669324063	50.12844820636906	85.12568924052046	54.55153973092993	51.87409370240296	99.96934069440998	103.2353965250836	47.44400899055014	97.36246741783931	97.98277871664423
79.1110989013189	81.11287612607249	89.24004926313233	94.09962154249251	101.5338657094735	102.4121242286017	85.51351540690288	84.79793523637149	93.15358194566544	100.8329942191725	101.6338046820772	100.371344788408	98.41615092924393	103.2885078145689	89.89833330464785	87.54234754572875	74.50518189169308	101.0228963333133	92.22861774107588	80.43966705426791	88.67502759558563	102.1801936647559	90.99188667699582	104.3103802539551	89.60133765278492
81.06007884991902	96.43676063594175	94.32529906989907	99.93578492920409	100.219432005962	94.10407484405667	81.14336879981356	72.6339182366534	92.44277034553312	97.64436956903246	93.27328010965617	100.5175751756009	98.48614519106889	96.7380469010871	87.31146649232421	84.28241391694979	73.1710213904686	92.03307403628672	85.33754134521088	85.70662636343488	96.58456594868125	105.9213721489613	82.46617390272601	95.05364624395027	85.3673663029552
80.60275520231923	93.36344236945274	95.11381611421767	90.38405305657976	94.83470741556394	94.41986359250177	77.19881004975181	85.27481200426169	97.25120262836434	100.121038695209	99.53672881987387	102.4179563766192	93.90991249318878	97.19854774532476	82.01607441998274	86.53402991295044	84.64178352126407	97.01931118645226	87.20570439287184	82.04106145067279	94.2224849734081	90.56826636968114	82.83328464655344	104.7099011364146	94.49249697853865
97.00573352775859	98.45289663434144	75.62968185437593	93.90779613115764	97.28379020853443	99.97019739809843	91.51579389126182	63.95947481937844	101.0209984929215	94.63772207454367	99.86020653173028	87.63348762870676	87.5373884198239	98.20245356267053	94.24326485593518	100.8447998097956	66.74291007962381	94.60220724800317	79.80099251184413	63.43482751275053	101.2315534324972	103.4134351789172	74.29631533676559	91.84140033903418	97.90832754656614
80.33791463091156	85.44485449018248	98.42508153713831	95.04598058132338	99.77571602600992	93.2378895254168	89.51731404796611	82.88870171691175	90.06409265049639	95.86645029547091	97.61468116270964	101.5629420775179	94.49070310624731	105.8404538998186	89.69284452575839	88.78645562206145	80.56899621952981	97.87961808252277	87.92501536298799	81.11234181714229	91.53232382001718	91.74069833874533	85.61699425468825	105.7684342718138	92.13953599533679
84.75741624473518	102.2024952144899	87.59731414822988	91.5410881106113	94.10269859971191	92.62259257773061	98.16649882798949	68.86830423127655	93.27830025850113	97.52966868942164	100.7943897930249	96.59424200106972	89.32863289541314	95.09601473317558	91.72840787198338	88.69750037889243	67.78273245027052	95.04894672946476	74.43325701735662	74.09373795233766	103.0863627711357	98.01763708270644	63.80983459342166	103.3442870809504	99.8693213116922
68.81544892357425	82.44025841083227	91.00925917695341	92.05570642381115	84.51888374310501	84.9449003941683	73.52103068773481	95.88029528994628	85.37983457057064	89.24113310508147	92.01965045293066	104.1692551142915	101.3516898917392	95.7322422044259	73.0230316245315	73.31356156439264	89.21004927916313	106.4339374963698	101.1991051779247	90.40710461790945	82.94206534276522	87.94573656974701	96.47134944754133	92.28477878146857	75.17571826314249
80.97060331087374	91.57933423932847	91.49422740896719	91.22065541280405	103.9863510654622	94.01562217397074	87.11864349568812	83.75058433845597	102.4577592577075	90.41336145071736	104.9063643911943	96.25324504462964	100.920512095582	105.385186569486	83.04865276133849	93.95469363573565	72.18464889314184	97.73866972959678	81.29868016854613	80.70974472932186	92.14241547549545	93.19455122095651	77.88286327413826	99.53075969075024	92.66971371197431
84.84593487795775	88.14676254613411	85.08385027263121	100.2500397090857	102.7470133028069	104.4767557792641	88.11167093248679	77.05683596811207	95.40395859833069	101.8121373561158	94.83558691101622	102.7992474586726	102.0632112273272	97.794473772749	83.88245745164197	90.39600591975415	75.21305920224873	95.80111038965039	89.52876134111455	74.93581046609184	92.65765750255704	102.7115635571759	85.46426785093993	97.45507702158706	91.86571162510917
92.48954172739839	96.15812219829853	79.64309164412424	84.84166620133615	97.35255341392644	93.60776402181925	94.15573512365526	72.8020094630775	101.7913214073112	101.0377048995932	106.2215112611176	85.10271213189465	93.4850927808597	103.5708210207423	90.64030933714552	98.67174647586555	60.54412324102861	99.45971866825366	78.08551883028892	71.6819757852557	97.1158553660494	94.2905629912652	68.96867666628596	97.78968407259143	92.7170275105383
82.02911255597532	92.71325649390107	95.84731068548363	93.14304258100886	92.09766835408705	103.2090343264484	82.57053756875875	89.27947432760725	90.07685822811314	96.91437807465483	105.0691493733524	101.7813496662619	93.64356326825799	95.3061917855447	77.97181637925085	88.05443769779549	89.26193971271553	95.98507111719057	91.01541102335875	89.04284207674434	93.17863537148854	101.5546297249686	88.04657534066365	99.93832412511136	93.4340050467929
93.53487404800384	88.77120004501722	90.55418273769116	86.81084737831107	93.717747689178	104.0241411732004	83.33217153500006	76.45123619761804	91.68599616874484	91.64370100397807	93.65706516775116	89.75259488383199	91.29215926981404	97.70654849846125	84.46287722119416	91.63897759515588	65.56754809506923	98.10426753422661	81.046304810644	83.26356819109692	97.45103646188784	106.7007054635213	77.21115421938724	92.46887358591692	89.84193221446615
100.9074550979933	101.8225385076739	75.12229824129457	71.72126083961416	98.68368473946717	97.10620595705083	101.9905902477454	59.32626755236137	98.74180075945239	99.40337106628577	106.1708031719688	81.08679920056527	86.15178132721053	98.35014938496131	96.3928596042514	103.5512694128893	42.58434973700282	99.20986426088801	61.9768811700783	54.2936026321692	106.2914338852796	100.1058807358279	57.60028744872672	93.24326002814695	105.4238279334104
96.42776900352932	104.0134781921453	64.36463185898157	71.76403451925349	102.7254228180675	98.27957545332661	99.97604872030433	36.26235271731386	94.93137346513375	100.8600923235701	93.65828696489311	75.11730644612199	79.13480922454021	81.90541883095651	99.79474569296745	94.14379290372976	35.46802775409823	90.60512429055908	55.61549071162922	49.69268673903505	95.2452701118042	101.4702044827224	44.72334829403877	83.17650122680206	98.03837192487485
100.0794937955436	95.12229915443265	59.84465425268056	69.51426791161411	101.1907957729588	104.905209668354	102.651744779785	28.35945543537199	104.0863902166248	100.4042321970599	100.4157844326399	78.25635018912715	75.45880745979272	91.87940414205327	97.02897863362473	105.0124880800301	23.63546647756873	84.58880881346103	36.8117014039495	29.41135307673086	105.2526577466774	103.9903985536414	30.66258577781417	89.93732888699157	99.98240760369767
93.53240840743373	101.4239420411915	63.97612969721492	72.8883314994678	103.1350486353192	97.65728523517473	103.8775009103863	50.25283305521978	95.11977446614331	94.82853646123499	101.0222147351047	76.00362653500865	79.13666833278066	88.1979773405925	104.4124719798958	106.3861957999593	41.14870438697687	82.07616272257194	59.29632890667969	51.57545851282796	96.99441924111376	99.8152880811656	50.23113171367932	97.17066341486174	100.7051066018508
102.2638065407725	98.33220770716474	53.82771885783593	61.88227059250541	102.9303344675141	94.40992888624666	99.35067775962732	41.27907233821851	101.8406127579428	99.12432466666371	91.00899847876413	71.89069462868774	72.82641178872809	84.25713020245325	105.6753935860065	97.79766454151108	35.11140337257393	79.29272335290825	50.57323360464362	39.07027813368988	106.744711211218	95.20582947225944	34.99915847364741	91.95124003148398	99.68072531395933
92.9061996536131	106.7911674006944	68.67576134661093	60.61880038831106	104.8562984320287	104.1293256308616	99.417305153082	37.25167452767464	102.372997795977	106.6326716236138	99.2692066321724	81.93850387518867	77.87398915065617	94.72702065056069	103.6363180825175	95.47065173527794	37.68751799823344	87.41548465958321	47.34236361152933	36.36735009024216	97.03196611909094	102.901102225355	32.12937793051323	97.52994219723504	103.7517446361495
101.0205147138493	103.0731767954473	37.01791564225167	52.34644765539553	94.9253330478351	93.96015987790433	105.3888975779527	24.8442081801741	90.93459644672576	89.56036301088027	94.37590606999747	62.24095894566022	70.38573793090957	84.03157884389563	104.163221271748	99.33286520171052	12.51039315248016	68.25197628869797	33.25738312024784	25.44161312218341	101.0831778706615	91.25624210434353	18.7067234910055	75.7760307621687	93.79305588600612
96.60477936129951	96.90245190070078	63.41782435112417	72.36780681222388	98.11404662488496	98.74123072164302	93.5862715832621	50.01614965158367	95.12103962315088	102.9000988540815	99.10221338347397	75.60918165376806	89.63554342191128	90.22223734031817	97.08139422645907	92.62506997027131	37.20482266418431	84.74313140619616	62.89711684254509	52.36953180571312	103.3168293516886	93.86668254003899	46.0719088577698	90.34273385100462	95.72618889415622
90.66871958455488	102.4163755620533	77.16729768225557	86.99094764053777	100.8526955406596	107.3894077041225	89.72557987815843	69.17570744126377	100.0197734576393	93.92127922774489	94.75786316330677	86.48455858261417	93.21070822527177	95.4971868468066	94.96567405502888	99.84599339817828	53.31361897767731	91.05636243744542	70.73483340192585	64.18930831629831	99.79198236437	101.5648130691712	57.06770821861929	104.1911770148994	102.4094002408573
100.8824365787415	101.1301856605124	57.47237133266501	62.6117723839486	101.4289640428654	99.13762621218805	93.74291207931903	29.28412144855461	89.46128829464028	100.3632831646898	96.11119052355075	64.07219834062684	70.22271883484269	79.9208214632102	97.86991462372912	103.3338496054089	23.42237846464122	84.29460605159177	36.92687158165617	37.10815922402745	92.78647340264298	102.0294729828773	32.12348305440163	85.74578476934288	95.13709270456154
82.15349364649448	92.33005733312015	96.44426619662036	88.98628326357436	99.69981602093877	102.7060511410949	87.55199692354556	90.12472680380837	95.43130505799016	87.8616859498831	99.81286037823979	96.67776754558599	95.74219984036996	94.97009760737059	79.14166179925893	81.11599489193057	77.35048351773408	103.2816900247441	88.78151128251839	87.73461035736493	94.56650335957785	101.6883486502017	90.6572935171709	98.72801849472502	86.33201186452075
106.7123569949937	105.6019962441946	59.34412378754217	62.65242598508374	99.27587993546919	100.7172678778873	99.95337585227534	31.72498634312353	90.05225818208012	99.43228895048352	90.04986566907637	68.92747784028985	75.02137279863391	87.07321963187978	98.99459589131608	106.9636491263917	32.61743933068551	85.65910212179102	42.74468488893152	33.87113346566998	95.6437270204065	98.58666494391763	38.61995093828959	81.62422228018292	99.59974539642522
93.08791989067655	89.74535792654628	97.1375964462321	95.65520309314401	100.651970416846	92.53435746701697	92.66537641047427	77.70346514877355	97.96282089616916	90.87973507483026	97.61049702456771	96.38019264503394	98.78658129547637	98.24344139709005	86.33262695464505	93.10651940321529	77.63371166923082	93.28876170439848	91.16852713018096	77.91196007317363	99.73097235544896	96.60429724571722	71.75306080542768	103.3135651565423	94.67554180710495
90.94694128254716	99.88187545575056	73.26580937087986	83.64623654395551	105.5561406079577	104.1959599926454	98.41966629856242	53.70613157623995	93.36944073507303	95.55470628089446	98.04759105835171	83.74988829898724	93.11870768268747	93.46379495452369	91.08272614580406	97.41826252251623	50.02389973814513	100.6088251636099	62.80486784854669	67.88338076507164	106.5467331062443	103.1444187841942	59.61608094349829	91.55618720834582	97.78491241131265
93.29809306722844	98.82356182078915	75.91584296564389	69.79303152677593	98.59491931716444	96.22191017351831	97.48300980725206	46.8693006015848	95.75048615162829	94.42888757585214	101.2055561734445	81.09958566226945	88.76602342234199	90.34574818447975	95.81385119740787	93.67231385561288	50.77033109632578	86.2982120340732	55.40422016332713	57.0849361404585	104.0928545779563	98.88115450384774	49.82601006981431	98.52271844852349	101.2076174043728
105.664327801193	102.8545616897534	40.2810503884555	44.77394031894281	90.76228810340579	92.54177824370744	101.3829407175141	16.43798492781677	91.64744663822449	90.97524559881286	84.66814386622174	57.40920167521722	55.85770331978027	77.03350173684863	92.24139815747991	97.5134663685393	0.002358630705335618	69.41830531219347	19.90450337257446	9.953167644885966	104.3890661372829	99.88821484527888	14.64629340820051	73.92410866733518	97.68767715995976
106.6270669975248	92.41079080091644	52.42433623244902	63.02757425688891	91.78617506339903	99.57548715520993	98.04454859332343	31.50325154130816	87.62839662785048	103.9021776599861	98.06374808120432	70.15053519098186	78.8109784288751	84.511230678583	107.2990746579669	99.15135295630873	24.83163852206468	71.44821051548305	38.72712316700593	34.74225300869136	104.5762333780689	93.39999541498901	18.59488421199591	88.75221116791374	95.34709588554827
98.15802132725015	93.08763237960848	74.45411377114362	81.97381471071066	101.3695164726817	96.88659071676976	103.2487878325533	45.25973030415737	103.3510923029877	102.1008915963332	94.71338957623168	86.03832159015815	88.54587255278446	99.60405474093763	104.6787185907127	105.1024347454818	45.24104506291619	85.78724324608264	63.90973495608553	58.12915541939903	106.1413483533817	103.3252920616393	46.82244754926219	99.62213722548748	92.45171361229451
105.1341219849778	100.9571843255576	41.20173881528996	42.45737958119702	88.48801433319591	88.60268427142221	98.45708035533801	14.58872435705078	97.20483864863867	88.2886193363185	89.47637946816599	63.51780064207833	57.2778987027728	69.63005208288996	98.91551363134826	92.52639746237939	1.548270063729011	69.83054968544248	24.24273015089705	9.63777640836005	98.69752493735577	92.49894378454127	15.7876511034005	83.52419952945007	97.32872682459708
93.95195516408353	98.87421846719903	22.9383427101516	24.22149351006651	77.16150371217509	78.69475438339163	99.00817939168792	0.9832750170782658	83.14291761049699	84.24890795126814	81.03042013648464	46.8284943713215	46.11212305093337	66.15130479573034	92.12117537654399	97.11369849416009	1.177897220738825	50.95193872632944	1.910686823470876	2.358252089307947	97.92814783121322	91.1216280306035	1.095321397977625	65.39289631320939	89.39943148329841
94.92004371204253	100.294120567343	50.56161027695497	62.06112592465267	92.6063912136497	92.74862812054651	97.9587394608558	30.08110908799738	100.2592240756201	102.1847671733413	95.51326685800048	75.52942006975714	68.59572570659255	81.84388707737547	93.00227113395994	101.4944908192714	18.63381211163668	79.73188765183802	32.92236464090492	37.18043042342245	94.10123504532467	92.35514394225372	21.57815630441503	84.23428662061235	106.3019225367751
104.6641997739017	107.1490144706245	56.67595960694395	64.10300989086616	96.62212179997803	101.2004053567367	95.6898855424557	43.41875517502393	99.67435550022549	100.3088102020125	90.05992404723565	69.75150108393534	74.72782074022075	88.0853351190143	95.13041424056432	101.7559243845609	30.28491853359873	87.47134260041112	43.66834624026941	36.24295926714422	103.2280121742313	102.3539752495027	36.96249107056279	94.66352325476851	99.21657641033434
88.42864829270455	93.59025774980593	10.24031929670571	22.32245763366608	74.52275071009709	78.30437293946717	87.4367937839727	1.044961811614316	74.80888769174527	85.97355133447529	78.80041713685372	36.0059769160606	43.25344134802047	53.26325398896564	92.08655598001529	88.3651423840551	0.7370533160114408	43.40843310182822	1.172187454709676	0.6918304087836864	88.07130035453638	90.59395426143979	1.659290759122213	61.12405581717169	87.32353964572376
101.9672152592257	98.97975215726754	26.75935574953081	36.39137144949346	87.0357562268206	90.04748279318248	91.64790157554933	1.3079602799968	80.36251809662281	85.47729462264691	76.38613129152151	50.52868769319452	48.41683574225777	61.19048611479712	100.074237577836	102.9535781271175	2.3542981250986	64.27715683880223	5.636229371121193	2.739690821026774	90.94854313330818	97.2551046375736	2.653443431873782	61.3765302671917	95.97501118857517
