90.14500934649234	85.10748984197092	109.2602019977135	95.47906451422428	96.53650716706461	102.4573572416521	93.75538988989048	111.8576589237138	104.5759079285508	97.24398027379071	86.62114852402078	88.56717561011169	111.8528945381799	89.07113777519878	96.05833901407763	101.0483715080221	96.41288868521173	95.76122595912929	86.99687380045627	89.51439598576953	101.648911894504	98.3997232345081	107.0329816728884	102.5930776876552	107.3310357996391
101.408841233812	110.4270619727694	109.3929334032508	95.86495553705869	107.0968505450842	93.57883342135565	104.0018749760579	110.4455075199858	102.663208005098	97.64190848074119	110.3985034106967	102.5699648678686	88.77768232794647	111.2232648787469	102.8031089773114	94.07304687084948	103.5796516125801	91.23320965592853	101.2819195724281	91.19704327777127	99.09994073552194	86.98042943495427	99.50641295891833	85.7837505636662	96.92684846039553
91.57193539976468	106.1392365737527	86.55018744359533	91.48527951098914	101.0891746158473	87.20584547640848	111.6876421100854	103.415698877097	105.7378224747086	89.8070471943384	105.6731094291965	97.60167764084095	106.5915143507534	88.52761668968462	91.61813157565653	96.50842961602856	101.2111474952093	93.58031864877741	106.7788565279155	112.949521881939	114.0891346380152	100.3658532758359	94.7240643102576	109.051984987102	84.77480158290892
87.24756794953805	101.7229297845055	106.2717419562317	105.3141654260428	85.08776675715093	95.68925003155377	83.75401099034994	109.5973837389254	87.42941032349627	111.5701237893366	85.36931835997181	107.761476132875	100.7863183466201	114.3220521127012	95.56497020161363	105.1118371128603	111.5947775616065	91.13444584762588	93.87921066161486	84.71169051496207	87.79886799955615	103.5542355782703	108.9481489624065	113.0425449232972	99.73302604988343
90.63435673195852	89.9402118716601	86.1634526093592	94.42087022987502	101.1340072366181	105.3531186991037	106.9722841084695	99.09333814570601	106.9501999832137	112.6132841839392	107.0695044865115	111.7502887423101	102.291741345595	103.9063626414041	109.4777432377713	108.9598586454087	106.6442114239386	93.18810652074993	100.5799038022399	101.5358203882483	97.69776689919162	93.71030208563691	89.29946606941927	87.49745309931271	98.46078270664692
102.4892480667164	93.18103709222454	95.61713176525132	88.94790497494517	104.1778383825139	96.11056636943525	98.10918824331448	108.0981564193403	87.41746794754975	94.32452436356465	106.085950777447	87.8380717598001	109.7966674562023	110.5030021525871	106.1145914049108	95.38071737507204	110.6149676686368	98.64799651064435	92.52877989556347	99.0155587704767	95.55744497808017	100.5489280141885	100.8453776004663	97.9490521642203	110.0570718847592
97.81296037656386	111.1893810714503	92.77967671931722	111.7068920691101	95.78227078908272	99.98672975369703	105.6712435866694	103.6199483807728	111.3367082755137	105.4024303395358	102.6028622243029	110.4439273964799	91.52316926468936	87.03941697341119	111.3709306849685	95.9882269898191	101.5600314215987	114.199832379039	85.93541498177125	107.9757473995736	86.30161261740042	93.4598362687835	112.8008701037018	87.10800342304952	103.5027041036837
103.8138034310077	107.1805888852427	109.4379203227404	98.08214271562905	92.56054168312932	98.50695666955224	100.7935194771413	87.0131335845798	86.69577940295942	111.8367980441401	92.35533566063864	89.59295718173409	86.61822043608832	114.725534380415	98.98518065599701	84.60066458297331	109.0345052520323	98.68065700605295	109.810001244219	105.1516675620613	88.98149605524172	112.6526638658273	100.0104387856193	84.66620606923995	95.79556720475021
86.59439448736929	98.49195604255992	112.9431351345894	103.945308400728	104.898909624597	103.031664217464	111.4898100719417	86.6326942495098	94.7666532298603	92.40831480187848	112.7892277742748	100.8747919984056	95.49693802230158	92.670337679174	112.0147682681159	106.4804134857538	112.8722824191345	101.6480268946673	91.89776955153211	85.39449548269634	89.40723436001592	94.14623501349301	94.59630301822546	85.19245325436663	92.96995969286529
92.16812874224317	96.81631014509588	106.2550003431068	110.6413449185926	93.6793080647199	108.1336076028217	85.70000846259327	89.07339183265405	93.04923244004134	92.2869499530788	100.3779351963287	113.1415600546436	108.8724873225078	114.2812501151213	104.5839572239809	102.3006905653227	109.9984795304093	95.6475051018828	97.84352276220697	112.0768435359364	110.6357981578244	92.89352292923445	89.24023973040545	85.27076416663846	106.7883565315246
83.91663771067793	85.10848291871214	107.8928103093487	89.30417629803016	93.62426498174712	92.59348297026787	108.0773616965694	87.85077552014235	99.84250407551774	107.409773499163	105.3859626467635	106.3337241226171	109.1024019204636	86.4024705096159	102.6781148884498	98.74568868852586	106.9838497336725	85.66213846972686	111.3921977413427	95.39476125828699	104.0521126982268	89.56116010176927	90.47523454563481	93.71780998804221	103.5385865998615
113.6250610547918	90.55319590187958	106.8757420050605	94.51401313934871	113.6263352426964	90.00846856491319	99.6921682493479	108.0432230169698	88.06975658488014	90.18316126630107	87.33636945135736	87.95202131587969	89.03696444191665	106.0081020253331	89.36360110250627	92.86881702164683	98.68588415855315	109.1442834802737	95.46693062265403	103.3792478979938	96.10140080037115	98.42110073761715	106.4341012748361	95.38342994860702	87.29797290777509
87.32384903495286	97.77789413863138	91.19528288988208	113.0075320822866	111.1050174876965	102.4613815509918	90.11751566630798	102.4469732013778	106.4421392840609	113.3718080957118	88.38745519352571	93.1830219043661	90.15088920495737	97.73766364359443	85.62569642104214	107.99966776215	98.41449925250848	92.18331161218488	106.2195241833601	101.6727257918599	103.6190533057981	114.3605843653555	90.3322488587235	87.99214636908614	106.1529236276559
95.43397584601713	96.84344785415735	93.47214965507568	86.3643804299294	112.4555009694756	107.0710226395353	87.29830106989385	99.71354021333715	106.6843968398455	112.8259082574447	102.553898660708	107.1456996045681	95.60084031161139	108.4330311470252	108.5882072826503	113.3431000922607	94.95066064042436	90.68356324849253	89.06656036336368	95.39410666769737	101.3060671529313	111.0798817366733	96.38995722677576	104.7563679165861	107.1812841996952
92.12037102343409	110.3656267202646	112.4489496890721	104.6446395338512	85.98500665410658	92.9874490620619	96.81749903662137	101.4710981240357	110.5125717681281	97.94880867356339	114.4393558960814	96.2121880938721	95.40593232014392	92.03494539095355	92.57516024507409	106.5985488454133	100.2444955950393	97.47970705731636	92.75630975418439	95.76956036742814	96.81304593656212	107.9203280947495	86.6097308546417	106.1686933590892	102.9424816925169
98.37227583581563	86.60942927795108	97.12581813483732	88.95850376922954	102.9567585260835	110.7386493474295	84.5097412630475	103.879403719828	88.45148585995476	112.4159047952834	104.9837617147902	105.9800145909942	97.19109716900823	86.30661896811094	104.0554932184249	86.04695229503957	110.2586017155088	112.2596353550418	89.65661007733561	105.5312388162851	109.119970463738	104.892339369397	89.71569784320405	103.4327685980357	102.6529829158292
85.80369808170933	98.28726540721431	88.25883712980587	96.73506504610987	93.27719861246561	106.8409635189849	102.6916927364032	87.60728987593644	96.2715090822056	89.29906808850012	101.9141225983527	97.04624567035606	105.4945968724391	88.1566545689322	87.04582153961529	95.23891057586513	94.0908751260889	105.6177729737646	85.94987895396198	105.1276566845548	98.70137510117344	104.1154398984308	83.99347879670202	103.2926341077738	106.2987279250418
109.5854473746397	108.2058474004255	87.44768673492275	103.5939345779232	109.5424946233612	96.06828525184271	92.94415121941378	111.8111169861655	95.14633067694217	96.31682326031103	97.52212887505165	91.00729227244004	99.33983891862231	85.06196245415153	113.3214033536681	93.86918218181418	109.0612442737768	109.7356167526132	85.66915729958971	98.42167531991637	101.4230044910454	99.88983392112918	84.45611734381566	85.38244440231192	111.8679306829449
95.3891556011808	85.93217884503744	109.8450615426878	87.0763037639047	107.3617678066203	103.6788717727111	110.7264805809289	88.54636712515874	112.477895908396	85.18593643944352	109.2613243458265	97.79219466838167	110.6749335831834	85.02526127545435	103.4582924651243	103.7490265493916	89.86993991249602	98.62620617950834	90.27848706313603	97.62594014686861	107.3048240148466	87.59376750860389	110.0742015784239	103.2733760300041	85.14722992087205
94.57181877419644	100.6288363734175	85.20994928274089	84.96579393372795	104.7473358569538	105.374575371544	94.71493192563041	109.7943735752047	106.5581950554321	107.6875172682677	90.74951565759343	85.86587206701302	99.6604137121593	110.9482653006128	104.9440777464275	99.08844345790101	98.15834405161027	93.35716129696466	84.29947105082165	104.6279179242678	100.5313178791702	99.34572326610353	110.3483734723424	99.29756530336722	91.72797461746428
105.3556717104492	95.78933274068351	85.98683344269804	110.9897045766393	97.62494535649682	86.67717969421999	103.9235894333814	100.6763384029715	98.60587987871752	103.5439437365568	90.17500683401923	91.32827752282383	98.73889504939739	94.58924782079916	98.98627505913454	87.88186776148042	95.26685379179908	96.65074498853112	106.132529699109	85.979504483791	112.8879551239255	100.1748924032052	102.5275762387658	84.92317722546382	88.12276364570243
91.64640883833016	102.2300152896803	102.339735136417	84.89973858277783	113.6575094177819	95.85453820580375	97.16239782742812	99.76013731021283	114.0927715484735	85.69213096487947	97.87042614803093	108.4777525810729	110.2201653951717	103.1097625957364	94.2144125879291	104.8916723553112	106.8263435895858	85.68215791338821	108.2972617649179	89.43208269337558	113.9222314942833	102.3785870034939	84.60719268325833	103.1378857467304	90.72257899716284
89.3016643926362	94.09651928830426	85.80164147669754	102.2873289130546	99.46232281343762	114.3732647886492	98.91109217544788	101.6941628537069	107.1451475103975	109.0022612508312	102.6684853315663	104.8500711678787	92.77203181021612	86.08032835210312	114.037526779521	102.553469376236	98.54251616690031	90.48646325763421	102.5194555265477	104.0365457033402	91.19918319898912	88.44062402275543	113.3777104885786	92.30666703968986	98.09737837728605
111.8467492041755	90.77233541098924	94.39196283806268	110.6729256938683	94.24988171190483	88.49121411215985	95.9416338406495	88.80478538727873	88.29890718884025	110.4989143589924	105.269307252192	98.09091040775388	106.9653606699321	114.4550465403257	104.6589111832508	102.8086337903336	85.51841928497119	95.57162124204969	88.33243854036907	103.0483129323646	106.6091988149781	113.953261428947	110.2151538412749	86.6250001847198	95.83394638391177
95.27292955999599	112.1347686379803	100.6268217980845	88.27513459479677	98.45268711898278	110.4538188253387	90.72140893248596	107.0610569141192	102.0223632272531	95.63770741854167	92.04093454771491	94.48989705838449	92.60753492484214	112.8300487857918	107.927472818321	88.60299315875997	106.439551870268	90.27159659077979	108.2800486604547	87.48736991143032	89.59429880315031	104.2351008004196	111.3712682885218	88.68141602845623	99.25719896331698
91.3400003189881	86.91833556088218	111.0619582727275	99.63069081868359	86.26371140288244	114.5582716442906	102.2581040249307	84.34116988849874	87.70180303668712	89.33283664710596	94.1736752912573	94.20739650260025	87.33556336033881	90.30343004776313	95.70360584322226	108.2944326440193	88.42021752801504	92.36550209810517	93.3202411328471	96.07187452477193	89.73365523858988	88.83085143468614	97.45778222114413	94.12157648379404	112.9875439269405
100.8355075168388	99.81382103143582	94.00287598607628	85.44587669321352	95.81485945674515	97.3985090569131	109.9384047254213	87.5111319910572	110.0500639978412	89.65872661112853	92.92824902119266	111.7872280105167	85.81480364654547	87.61354442682351	84.92059369746397	85.42758062622447	104.5958322199332	113.63841752585	104.4715579838647	82.90774013887896	97.37335113012146	108.8631167393766	112.0591494697378	93.83584159552869	92.09782690874859
100.2855644269277	106.4055003978343	101.3536388344534	98.96137784341606	111.4639829467033	99.4834667202357	105.8115293759307	91.84112711659444	109.2526496286184	103.1335985204689	103.5532831470225	86.28207181225368	84.80779479573413	94.51429413473461	99.78143666631902	101.6471974432408	98.47879879598183	108.3112072678268	100.4965114822594	100.8211992633902	107.6539701477416	89.58205679782971	102.1880755760731	85.9254121146389	99.70637209639042
103.504181101405	85.12405618421072	107.9623093086361	89.11563913913439	87.52424301790813	109.7780261084875	85.97987249724571	86.73969834376879	99.52855007374359	87.0974008683384	112.3303824890455	104.7175005217979	111.7572166025378	96.12142120654869	87.24372762859366	107.1564285035724	99.03217749769233	88.3455052736462	94.74255718846906	90.8872809656598	87.60120761426899	89.26434106069254	98.44252937342199	88.94509197630626	88.31305064853237
98.82329713610247	108.097964997508	88.01202243551479	109.3044842079075	89.39189992905287	114.8026490284743	96.89519621550187	101.7898915656383	93.22442765642604	101.0056347927656	90.14849324557771	103.5730805456679	101.2400629342849	87.50384502820097	114.6376920670004	100.9317281119738	106.6858304262965	105.7762851827523	85.75545878132348	97.81687677856772	113.7161420698482	110.6659314516154	95.35641604315052	104.7920688005527	114.7556649053301
102.4079594974995	93.60616744285144	108.3224460375189	99.80265335074887	103.9459025885445	95.60591064277939	102.9236577164976	93.29559707970159	93.14016308437284	94.84789684113846	106.014749666211	94.3781108874458	112.9221168999871	100.6819159973534	87.56142030789565	114.1715576654599	81.47452746304995	90.7511578875756	91.90906568477388	98.22102406201725	86.12115669362277	86.11416361154897	107.5001460903218	106.2497697322839	103.7359530564414
88.54783085180753	91.68499709844095	90.40303875916139	99.41470958944083	91.43278151813932	95.46088178240953	87.42335563574062	88.41261363335043	100.9825597420066	101.0981633327015	102.5056409051537	100.3679761629195	96.85029279783735	103.7940400880548	86.65258693536185	111.1538386715732	88.36350137032674	91.86731275021123	111.2547748079094	97.93017949897832	110.36070808466	104.843996891314	90.37226210522213	112.8615029932501	103.415623967396
106.3554902973126	103.7519259566296	95.43503570436647	99.01994256929194	96.5060703185859	91.40298618782758	92.15188680768166	94.03961300701216	86.68851359346171	109.8853558309628	93.4786920053081	88.7312882199826	100.5366895086105	107.5915065351907	90.50447803429449	104.0909429297254	87.96712698480026	111.2096582913538	103.8158110530222	95.06204311123457	100.5707784469267	105.4355211156045	99.55928978659375	102.8131719574562	105.1891515766546
111.0948042755662	114.7773631491628	90.07524542988781	98.51585686822656	108.1179116686854	101.3831284744918	99.0886328567734	110.3835730710236	96.5553555163182	99.23506468311139	105.2481534486671	86.57519377826785	103.3082152688777	96.1699086192246	104.0979501213312	94.15575951695726	84.5455562813533	113.3610940230058	90.62930947700536	90.11366549383631	87.97776240655473	100.8005840880159	97.11963714819224	91.20644899614824	113.3403554767438
101.5751355963652	108.4592112155861	107.6471044741425	88.44713697974819	95.22883081761182	86.69339260895507	92.94678021929005	111.8765438430764	104.7838091695286	87.32134911072718	113.9039360918596	107.1569483198573	106.5662879290558	114.2504592992628	106.5133226294368	89.31023020151517	110.5357078640965	102.2927960721508	91.33231656998868	95.76891722381642	91.4583759773239	90.32405853453373	92.74656758931154	89.97845171457658	93.22333046601341
108.6532287902108	97.62198894923698	104.5052678724089	97.25184602105666	92.61185936985845	90.64948066515834	113.9951649356187	88.8316376981665	86.17335188252753	106.4381011854348	89.02635102545354	103.4437528404594	87.47515204365052	86.97798009810988	92.34584756551678	100.0487039196112	84.95741444737615	92.1546787983746	109.6425838496549	84.18795426677012	102.4095922256217	105.9868014434024	91.42246958424265	93.11015512327015	91.50463346601535
98.22986072268957	87.07378742014572	95.44919531130795	94.46709437580843	98.53597704881346	85.89401644931769	89.84024978952047	99.34158559477179	111.3356945894694	87.88138946020405	104.674640703024	88.01191751869814	108.5389662235581	96.03525923256471	98.77535782757306	90.49573016712425	91.64258226617828	114.8001995011782	100.579339349406	113.486721754569	109.6793092994204	100.5507402387129	95.15152755809946	91.96752640150241	95.38662233374711
108.7761725559984	109.791797382938	107.699654098346	92.86166125387324	93.59492817857893	95.29811813884831	114.9012324316972	82.16855528137626	98.04581553922871	101.5806156243173	89.49270125163729	97.84569210570957	90.91373427439775	92.12433486626156	93.84117981033221	88.3605987667966	93.25304692296405	87.73506149130448	101.4235405631042	108.9077638399413	92.92806981299213	97.97323769064867	85.54038061471172	98.98335322171205	108.9595498990439
85.45523282894942	90.32430256123878	111.6939910489108	110.4218854519532	95.88578736304245	113.7066489788682	107.7383732521873	84.3052577946426	106.2164076057241	113.9962233023995	90.48414301837191	85.77794660927647	113.5371675168482	93.63718114176039	89.62030879466072	104.8600376315754	97.08279193826027	111.9767994569177	97.52413727553939	112.891975967158	113.7258385450618	104.1867667260695	110.5025081014017	97.69207255032288	108.3891766932368
106.544340684253	98.90659866359726	90.28296901777571	100.1414576561799	96.72398419434475	112.9319866721338	93.8009786302612	109.482957321718	110.133650982619	98.34070176630654	113.853508204703	86.90225894666104	92.23020719724228	101.6068214712038	107.2307062863955	91.916388498427	101.9522699424827	101.9160845969218	109.7243797036043	83.21516438455652	114.6562186342388	99.79478408031282	85.07198137948726	91.5263263578799	96.56130045392231
112.896174993522	97.46985391421775	88.22893213275697	103.3704909611784	113.5189095676316	114.1008732173103	90.65719440967068	109.3489272162974	88.63836670803965	90.29506955012275	86.77689480701252	90.78119672483919	108.755340637289	107.2973882155738	109.1403436973809	86.14740734686112	104.0453166410957	98.14885039785462	100.6621158037985	109.5342883310742	107.1563181156285	91.56665591273082	93.32963729111916	113.2096701438668	91.69590967373833
113.2788702740668	87.44695856038894	85.40591547459553	84.12874115963047	93.35509872564289	110.1584057009737	97.07280937098822	94.34507708127656	100.421201345922	89.76335776783098	100.1702945347131	98.13931664422398	93.06092540013564	83.87931668591339	97.53075440667583	89.18933357163675	92.4447772644487	105.2623948173727	108.2545272680792	100.2482752094009	110.1738535342751	105.4757763294423	83.81974632206153	88.24995345926057	85.69524063045188
114.5449052092034	93.51245970038444	82.25180085122906	97.46778213424177	88.21095242571543	106.0655409799556	112.7949275926065	106.4147655524377	88.81553909548386	100.6022988965316	110.3420861113393	87.43739631753132	100.2859085105784	109.0944320983466	95.272446578501	86.63790915652523	83.05590278597603	94.87710923427854	90.90220889522608	91.19555383691545	114.794416255251	107.3675928883135	93.46567952973609	108.017685096741	97.40542375973463
95.45409028967302	112.1549503851269	108.3499478410085	104.4153235648971	97.64449264383012	114.5783785547116	92.69037175983657	87.03231578876489	96.26557577504086	113.0693809127532	93.83245582637335	96.48807273279171	114.0260447480073	101.4035529996741	92.31530371710097	85.34000677263471	111.3312136357092	90.22617062151791	95.91046872234483	85.16479460524505	100.5329822149156	88.11665045694221	100.1925669868707	90.26641195151701	85.8370053436366
86.56038251774686	114.0230112425989	90.07285313014481	82.86090167902603	91.63954239435418	111.2846317717899	85.08360271607107	89.55080538567449	112.5188253453726	98.20920605403194	101.6587711122274	86.00321329270754	89.95862234140374	111.6414265722845	113.5683851198411	105.8394226617424	99.28331488561932	85.04920009185329	99.27763687565039	102.6389906961209	103.3892007812555	86.3349980244934	97.23070653416123	97.03827976466273	114.4257912899871
101.8603222024457	94.97784436358538	83.2281574545443	93.79457441416343	105.7807467539141	111.134003032358	102.8875848221859	88.61952766950601	113.1583863359224	98.71291271691769	96.50990584465835	82.89627632129229	95.22541468601116	88.95600229172362	107.8274492450816	103.9111370865532	105.2499302924276	107.5143381875353	94.76196012121702	102.0383886805872	93.3141121766388	90.00650400504304	87.39272650121066	90.73154408331396	102.4453624871986
111.6640841354745	102.432517064756	82.28008943655438	104.6481675104141	96.08391847948934	108.314540813977	89.29154581968325	101.8066187289683	114.2989346212917	100.6821129287388	112.1739793651712	101.8658046622829	113.1453586236956	93.17295309406713	110.4983795411319	109.4182393227366	105.0033502833562	94.88091845980342	87.68559401725309	97.14206761859488	85.66474447500401	105.0370369656244	97.63986532913081	96.25134393876677	104.3960036821166
101.9471506408062	104.7487814797395	100.3062408285049	93.28244278917084	97.77060924763589	95.88456511781382	102.4663360802184	109.5481763647852	113.2102742089621	89.54761622732822	113.4810226723645	83.61301848642196	106.6751900671149	95.9828530645612	86.0013481888016	107.2502648210718	91.29211774467561	95.8093776059695	82.26316802068769	85.63758262876722	100.8016821204905	100.7359837865662	108.0594337833537	88.21520788610343	104.0888330434535
92.77130926669528	104.3672277293331	89.29497066582272	107.0670848948932	94.59078638055533	108.439541769373	88.59387194206701	89.39062345553006	107.7229138631331	90.08152007972814	108.529385527048	110.7292396108536	89.44563598724655	91.23064461001145	103.6572924111553	90.34257762320463	86.57861580537057	111.4630420581172	102.6755110604255	95.29677319148772	100.3964904458771	103.4089867201013	105.1513634398419	100.194298751954	98.68927732163523
110.9861891740218	86.36786701484644	101.7213166914122	88.47712236792206	90.36997809140526	105.9176036802601	89.45259353127642	83.86661900271055	97.70895106034347	111.211169839635	104.6760567899188	84.83455635395876	82.23739456465348	104.3264508466729	107.0296094224066	89.39549410497139	100.0008125427752	103.1458179865514	105.5207310414796	92.86653729423182	85.67581182399296	94.20817303805995	86.74000814810201	112.2783357822357	107.6153836985038
