89.27600983064495	93.12462985805385	94.30037947084777	100.496464905761	90.89334370773213	92.58821520752889	97.05055433465969	93.05067487382129	101.4100721470496	97.78067981406511	101.0802514188569	97.60150416038438	102.0522395967455	99.54941910233258	96.02332143411577	92.76916509780318	87.9118826697004	103.2161930580701	94.92275800462201	96.29053929277677	102.1828391462775	97.59210267872236	91.04567206457267	104.6186086092454	86.73443093864839
93.4031516499056	88.37972332657419	93.03177243547432	93.72291413457766	90.04577053407255	97.42548162394621	88.668772114061	93.62132827104884	95.68828791633112	90.69441159551361	92.83424740697066	100.5741513185898	103.189999242966	96.99872463804603	94.16311218610763	85.69082479416733	94.98847393249761	98.90139613863749	105.1848189405298	99.65134932037063	95.15273173006823	91.71487957925551	96.7130872544188	103.5486123433352	92.73038222019601
74.98683240136802	82.56482109647403	96.7997935830942	102.0720392235855	94.33408265803605	94.26363557777312	73.32298661444723	101.5059751489306	97.14388194930953	83.88299686736552	97.96790936274158	104.8040692955895	94.23389176126796	90.76707463178391	79.58009847225972	84.13886469254393	93.3801214273971	95.42631960737478	105.0528331413024	104.9814733123117	78.73505452433569	99.12045738413519	96.71161031761568	99.46524114787042	91.27650579129663
74.26348360020049	81.09301724335144	103.8020210287924	105.4512634815403	86.46482209585825	89.37867418496099	84.17677584449667	104.0600039634297	86.86315449698299	89.86342407818074	91.75444122208067	99.47041589233834	102.1288409206885	92.06696734190446	75.40914366560024	87.74670823873225	103.1260859129848	101.79895655157	101.816779627916	100.4916172194348	87.64197709594977	85.48526691424324	100.4429377251401	99.36268942681536	83.97267502676678
95.55468517846901	93.06818231099042	102.2043899688259	104.5039220014133	104.0544541657923	100.9942157157372	85.49112993451683	89.67894806392856	92.6664867391779	92.16168625030568	93.4536050425891	95.81365493597356	92.81239503806171	106.6545888151525	88.08880053768807	96.18733987291679	100.3408427374169	103.7837201900561	95.89403718145597	95.84370152764807	91.9265420505904	92.55958912015834	91.6807593446774	96.84997442586827	90.17195165881644
93.58792593073746	91.47326575077315	94.04576871222136	99.27146959849597	91.97454712003407	95.92209152597559	90.39533883615337	96.38785692076033	100.184217878262	98.39070319436001	92.8975346225978	103.7757020143549	99.67613725798347	94.28438301521767	84.08275009564549	95.72701629076475	96.39066104419689	103.2351176941811	92.81786837414977	100.7153030143144	90.58786522029237	97.71073848991294	100.0186198260049	94.53346037411609	84.37121679030204
93.63065395293917	90.41484205576045	97.42107472893105	92.07456588948145	98.33814136824921	97.2654551735712	92.20603971292053	99.45732330256199	96.52974435349267	99.23457867372663	105.2162540091147	92.0864200526066	105.3255509709996	96.60229299560277	96.24934580373511	94.57346284839809	91.91595779871427	99.30903722539787	102.3913438502541	92.12655018471131	90.33934359872418	94.64302783436241	98.89996838923315	92.6765729321251	94.66100680820907
98.97732988633645	91.98062573144651	98.04310469290495	99.38588857138086	94.82043660857138	102.2171287342267	90.89792788987084	90.11123078272477	105.5526983001096	98.12946805682431	96.80791950077484	93.50592111477408	91.66589694293208	103.4658821742193	92.06823826993234	95.3370615912942	95.99671521926817	96.62318939760286	92.84784218736439	92.57393306820347	93.22180760059366	97.08745744874955	85.70512201387911	97.38491283136796	103.7818131055493
91.57196201728965	103.1985554529288	90.45549572676568	94.78965107513876	92.68590415383292	101.7040379745658	100.9555777739324	89.42788495618183	91.87718780964094	93.86083187028574	98.86489295469381	95.37826986283235	102.782635468981	100.1591920165081	92.57067946733615	93.70332094350552	87.02574398953078	93.44944459089228	101.3469866873424	95.67257356133264	101.0300968253849	103.1445447278729	98.18985947873517	105.4846902357854	102.5349518646555
88.41637994302877	89.004447969567	101.1879551959169	100.4131783405138	100.9105036004827	93.41289291315356	86.51589268236917	92.21028838758799	92.69266586686983	93.95496419103515	103.9351614330668	103.5493567333279	97.28898911400688	101.3304122838895	92.68398273677475	93.34216761018288	102.9362610651413	94.29149329531508	98.71837402294511	96.30780592171253	90.29767155749509	91.03180440021815	93.24651197759908	102.0974694123544	90.4069951811215
90.41912496185697	100.0485198324681	91.38636087613449	99.02793378988271	95.64335435924326	92.62277802229924	99.60526867377251	90.65424642543537	106.4110275265426	99.15105338907566	94.47224190825057	105.0876551080632	103.3600014504467	97.9484874344074	94.28882693516856	92.83651672765106	96.57347614540213	97.47770702494822	94.58295566610657	96.47898859370268	90.3789630367535	106.3391039052246	90.14432164383336	101.0267810202289	96.0355707118226
95.68545356841426	94.72615333434443	95.41416245888055	94.42712816553563	94.60561440870194	103.9650117916728	100.6574467692542	85.12126038594208	105.0082455287165	100.6563764090387	103.4407192592292	102.1621314389583	95.07288528131664	95.2156585535826	99.05705178925498	92.86699906753601	87.4687268385352	96.31290980755314	99.3324291326737	92.11186450010916	105.4817933262616	100.1504596792494	93.00793727429252	103.7909789764697	102.0182218068177
92.44155002384038	99.14790111633936	101.2280343195278	103.7632147986293	91.47859462387972	91.26830473101337	83.72646549378108	91.68511759677334	90.8644845399899	90.16636219855074	92.39537289834642	93.89886289367422	96.1958766781907	99.77572054867167	95.62911597635092	98.60240736965152	101.9459306352588	100.7166182428155	103.954517920617	101.5947951826033	88.90416115772275	105.1933449972358	94.4999468180871	96.59853744608571	92.75433996899822
92.9331614262228	90.71559982604302	95.1135132888754	91.79563285664524	105.7461966193785	97.11486361005409	94.1822701771742	95.42218445002865	96.94144324842355	93.98280968479231	93.61047013558958	106.3482523787689	95.6106003998115	107.2226632326806	99.97340351115704	94.47362634461582	88.61637214590553	99.54388438320549	99.80498993856092	93.56494302154397	96.34438515534235	92.57996935383969	95.34472693825141	96.94466782422458	96.04184837287717
91.02370509443335	104.1615796646308	98.66278609520677	95.0675153247911	106.0411710085275	97.46430250555295	89.83874856949248	93.60184804229944	104.9553851089925	98.51386763078929	94.16903168894535	104.5849333158563	105.1412379087827	104.5809401077149	101.4065782515268	105.0584638902967	87.34482749098656	97.35643280759118	92.18227051152638	83.9996384546117	98.37818496535725	99.64198540496322	89.30209687089645	100.483214840536	92.22129836396626
88.52479616766539	91.40165322459225	89.073969745285	102.7373020956619	104.9189985401076	99.14648644628394	99.61404499116114	90.32478702022752	92.5556724398638	102.9784876349103	102.9312822410565	94.48686697904508	97.96045576935644	98.08968318363162	92.1003758396517	103.543820276988	85.85492830487793	93.13195078137356	89.1943231822205	96.02837270304384	95.98894680205979	93.63835581783106	91.16047111657582	98.52477133905528	95.74128237338076
103.4042998079687	93.36132490520872	87.51538955998224	90.6633872472115	98.36768961975474	104.6667990082066	94.3998734443261	94.55532930623127	97.9561063905512	96.09864505966604	95.65557043883793	104.6861825493137	99.77539952465882	104.5783383300675	92.04957450351642	104.7945860929716	90.88602356614922	98.51221015773781	87.51522682189025	81.51254963598568	101.6795560499527	100.1675098021574	89.49691573802336	96.18094223569629	94.46133794365791
101.7653540963253	103.0293413271399	84.82000230413153	95.17399937089807	100.9271991032222	103.7336940830962	104.0824957285311	78.7627914918347	103.5721074545269	101.1166458189005	103.0489541495679	102.0426127497895	103.7632256022083	99.40755417090185	98.23465694919447	96.12364062381286	81.64632538465833	101.8260862659738	86.90717593872853	91.52450103000564	105.2524914900532	107.1659273168873	92.13988970057284	96.32869482300799	100.473413275039
93.65867699609224	104.323354449103	93.40166783505795	91.29526891241446	96.67668563926757	93.15579852088281	100.9459555445911	90.45190326091556	99.61248964578272	93.03977139770365	93.90696282366054	98.4583662954783	98.4061892135277	94.16171159689367	94.54589978494295	101.4996274574183	88.51623107611489	104.6377397203504	95.33313428293542	82.66765046456621	105.5003418028328	104.7950217811579	92.8598390410983	94.08775257290404	92.73343396757474
100.0616751769869	93.08173873655127	93.71159643080786	89.74173886354617	100.6346268582692	96.26985198055127	100.8539760759087	84.62802773804472	107.252976726206	103.4317824410988	106.889215019048	102.702877032796	93.27907559023673	100.8079311859457	96.34298843947211	91.58632457144482	81.25286855683272	101.7363726577543	83.68934714717298	93.85945436350396	94.06568025161143	99.29346975647543	85.18340361907811	107.1909381201893	102.071123054027
96.17309587082458	100.9355318000945	94.73291388558772	102.1815774824048	97.07265198538406	104.7436379752996	96.35059677170548	97.41780874886386	92.11781298658299	93.77676331142757	96.47693901672453	105.632355972135	99.81530673492051	102.4868275180787	84.77478151485946	92.82195866797912	99.68286396349451	100.4883248909197	90.08097651589264	88.99197908703738	92.42750650497717	103.7589736622666	95.15462445347606	100.349581459749	97.06285860412022
94.91528259554011	95.56953470610675	92.85942600783351	101.8103764077547	103.5933785225189	93.34328389736834	93.35669817195829	92.5795523031415	106.2068985335213	102.4250831164537	94.22953199969713	90.88736474766621	99.84776266956329	101.4522655757053	96.74407806227009	97.84333608963566	80.67459686605292	93.08785865247417	89.67873756298198	86.78352339385715	97.5662854729235	107.2100474093933	91.52701399338683	107.0625414356108	98.76773880103919
84.84815385729969	93.27616581097709	99.97162295104243	104.873352550111	94.03919204427372	90.62948551262954	83.5435780241925	96.08685335838447	93.41759185580423	99.14259134426092	99.14837169544985	103.3873599238477	102.665116906747	102.3495770777077	84.86494077060897	94.54781117822942	98.5727613141452	98.2552062711767	100.9746119966761	96.76499838912484	93.79645071724617	96.70334086435571	104.3244266804561	102.2615877282024	95.48708441187401
91.20774740544775	93.32201536385861	91.26044185459781	95.12945786854236	95.99484623382195	100.7096357161899	100.2854334458385	91.75412030854626	104.3282337050409	99.04409435603839	93.09699837901616	100.6882899604729	100.8207997516333	99.21994760761417	100.9071261210763	91.17748986953463	99.3320957006553	94.83286300724085	96.14592671487733	92.99325735859362	101.3521282091537	99.45706926272061	99.35033770928631	96.31049024500209	93.76654175902301
87.11574555920936	95.29025063022989	91.23817184491048	96.96971994064462	92.93954183270378	97.29980891342085	95.6445503912654	94.40093882776669	92.29051910752938	93.17300174494218	95.80552407931233	93.81077685339703	105.186807985482	101.987143184237	91.5078526310047	97.27291180837692	83.65752751088759	100.296370172666	97.05905547658402	88.01344016968515	101.4590558006815	105.6318328289895	91.24676823128705	106.779265108042	92.84039366595739
94.96424545641233	95.21721674137225	97.1027823106525	91.96705547790759	94.03297586303447	104.5999710464397	99.03670352537456	98.78406592185202	103.6544060344671	90.89740057021733	95.38662647277741	95.28000548364112	100.8557948780391	106.9473745562306	85.79277313754775	91.07701018822607	87.45863172410189	107.0566528496442	88.58831311725676	90.25689799473899	94.44567852175241	91.59740997847577	98.07373432315204	99.73790798691201	90.19388062158205
90.83376932141397	91.76643131351506	101.1629709451149	94.95588162372489	102.7263470189993	97.02009480152002	99.51607427443051	95.79670417191387	96.34321857991878	96.13287719580482	96.23095399055958	102.8943707676399	101.5159047444247	94.13027058192728	96.49888685733015	100.4610356499709	90.59898344647827	96.30601291116116	100.8336810208663	95.45067480353924	102.7148358638593	102.5123925543031	95.06259338699364	106.0145546552511	89.99454372828561
96.48670439509785	88.54214844126223	98.00772391577547	93.50762808286896	90.22415347064225	103.0270416816252	94.69236752444145	97.8485195560868	104.2769314993847	97.4122218081117	104.6275754893875	98.06318550724818	98.11648413271813	104.9648241663056	94.7546612589739	90.79080521449087	89.4898059841952	102.255384478452	93.5308681197228	101.0588618211249	102.0327560189975	101.1838312674235	97.12376412548062	106.1798757332182	89.50585922034423
93.84687653260434	94.35730592089224	88.11067938264644	96.61348500434373	101.7011090277473	93.83342536141173	95.80993614674136	82.49836547408212	97.80703181776248	98.35036248143727	97.75370662264618	101.4801440724767	102.2922611055589	91.96881516332566	103.6258226322597	92.20012100482816	83.45366429492671	104.7192629101902	80.0454949357357	84.54159405966291	97.56276332785718	103.0585587503822	81.06987479588338	101.4744619655391	95.73211505428237
96.73274988280373	105.3677238402094	89.85781741712216	81.12867980594727	94.08976649029644	100.9745929667642	96.0145422472343	79.3331345282019	96.31248049789701	95.60900524654231	100.4403573138466	96.24970190431634	86.06700153563681	90.55708604270829	95.77167592570068	102.1899409761266	66.55004158887105	98.75797083873704	84.37974488434953	76.78169191088897	95.16618721935757	96.48695688939483	74.08734955822953	99.36418928680173	106.0734988240932
100.5734001573188	93.7158009274257	73.08787758150395	74.24302475648429	94.66532093836193	99.96760242540373	99.04665305722604	69.62163672365602	92.66353011725836	101.0014147538982	101.5630738201398	89.93312040260155	84.89357962451999	89.45234678110141	106.7921415839408	103.0173122627254	70.71641979672201	94.51178945194789	68.5867946445096	63.59742365159953	94.30849912462951	100.778505892191	62.9196878628137	98.60794392853535	98.25449977029537
98.13099615278573	99.9104714204928	86.29712992120942	96.11572168489369	102.4570160204562	102.7050862359421	94.17506680565656	91.43824043693211	101.4653210682283	107.3640443541876	100.6847653060289	95.13575543744322	90.29840201824446	100.6298960184207	99.54287476742952	103.4872680745674	79.46997410997571	103.7136868053154	83.73334039288774	79.32800563245988	105.7378766718467	98.97968194422792	84.4567738671801	92.2707764505881	96.22175701088887
89.92774351657744	102.3773450870394	102.452464419418	98.95120915506786	94.00760470558973	100.5588730509598	100.8960558460712	83.45692848738004	96.16049470499891	100.5764322558584	93.46470166126322	103.1002382535704	100.7858705263745	98.87468557024779	90.42970379403246	96.77261263335379	82.43359687644239	105.5481426746809	97.32346934454928	93.31986648438483	91.22110738378052	105.5021224123448	89.91382917000561	101.4879573131133	93.39308796860949
98.66420255376235	93.70151360947473	88.9672267187462	85.68697606255037	93.02005363990379	105.9359332214043	106.9253217200209	76.85572242194023	97.06785363924125	98.20985834380876	96.66330808268552	88.78712312650737	95.16894900349881	87.66475147330777	106.4051544717675	95.9968070171609	76.31888348274953	93.68632724644493	72.54507200766488	76.47558689806125	103.6461997830411	102.3448008673855	70.29647779267876	94.97882896425392	97.84613474503961
101.1132631054244	97.54046788633235	97.29539480790589	103.4279377314684	101.8578620913755	104.9146861407368	100.2458109171939	87.97615460933905	105.8856454747438	98.97708617268229	95.8434972967725	104.1080120830391	95.19143730475786	103.2876108302614	102.7944782035673	99.29774487924834	86.21095216296166	94.71113458158982	93.98148330469724	84.50014594077251	101.8815684017704	97.44801279311883	94.69586904229192	95.61572018917438	102.5170495234948
101.888896869151	106.4230406291172	91.17924417531978	97.96194907054002	99.85682767361003	97.32422087921344	97.83544536443385	89.99702680299437	96.99706743720066	105.2909965033866	97.28010097109996	90.13258733606909	97.58940026755207	104.3164592401484	98.09503787537678	97.54665504064853	84.82271230806447	102.1229520769945	85.62481090683222	87.76770407377158	94.17423963135271	101.2260118155714	88.9374115670783	95.21472736712599	94.40183772608013
92.98987815043441	92.81991147224259	85.74690853673415	88.92652878055397	94.63249856996848	95.08396813949933	94.50191030855991	88.67058728515597	98.17249227423885	106.3842610818231	102.4835040072724	99.59220423807625	93.50482408966198	96.40005820237778	104.8311393823453	92.88630252707294	91.48571409235937	92.12665378515472	89.20871987999811	92.49030956966587	104.4093035478946	103.5428868359393	83.66101236028319	97.35872444551687	105.4681057874688
100.0264524398437	107.3161489683478	86.13739296129509	89.27111411635903	101.6000998623677	93.86895891458298	93.3093234331033	81.70225072566501	102.147525809191	107.0013349417236	99.91682534047254	88.34001863433573	89.78700919483241	90.78781268838841	105.9004097492547	93.65978361980383	74.88293846739869	91.62555556308119	79.87961309844263	71.67789697682382	92.8264029866659	96.97697479727685	84.34205039788277	100.1618255628057	103.8096674761339
93.45232758378057	96.88645602099032	83.71795004634451	93.76603551010848	98.61524932439902	100.241763231787	93.71064196368103	90.18217336715043	93.38147185776482	98.97893299008706	105.345108176109	94.85379631347918	92.14153041124094	91.05036077247256	99.76724374383635	93.52752718937715	75.34884693649691	97.98001074969159	90.49269111053532	75.65336512679505	94.4421443378905	105.2814597015773	87.13641445678121	98.50242422682655	97.24052670616433
100.897466324536	104.6403176020416	75.23278081383833	92.14765987009139	95.50751707119926	101.1370018830587	95.12876516232058	79.70854763625044	103.7648911130865	95.08725097987484	100.9566733519935	84.7591068190886	90.23725871298542	97.81340085456215	102.4225594605837	106.5099351777336	71.29082148098225	89.72548265327239	74.95449717405431	72.76303582435683	98.93485113327945	96.37190864558201	75.36107398098491	100.4371549490804	94.17450900223902
99.84627781325922	96.90013908405567	93.41600700353234	83.54834649666206	102.8943056656504	98.60775417338699	96.44113236890432	85.87732070355867	103.5707961927397	104.4974240424524	106.7251521077282	96.56383598408132	92.47257846731927	99.39460990243069	102.9515408413742	98.79047269860602	84.25826346285544	93.41388488510418	87.8252077351967	88.23676225069785	104.089825589838	94.68368088394105	79.50371594577133	99.1738243558741	93.23557262788188
105.9930930610564	92.18627677442166	63.6232191778229	75.48933501499438	90.39304995896846	88.30434504853572	100.0409617215561	63.03454937071744	91.64005560872735	99.9625995009979	97.20654854855908	80.73665019902435	80.86256143271285	86.83641296958064	98.42377987944175	96.9512870732709	53.83636262713078	76.42060367464478	63.23351615219849	59.90782258965078	97.25581946739176	90.45702561724256	55.80054061724969	84.22731471960832	102.9299744846721
102.4272243398077	97.9950799517693	82.624897559087	92.14011179797721	105.7464227004622	96.62890617987097	102.8814655102521	72.14853810526949	98.20325292109864	105.9777619626659	103.9136852525845	96.9109838506205	97.68241700872701	91.64136878913979	99.97627019630428	96.70423592019246	79.23513843038631	88.68832672834421	80.25737278413295	74.43025264833071	101.9125267084835	106.9871691638289	71.63013987445319	102.2558115184365	105.0260897606326
104.9223024371252	93.32572452388047	89.5754540716073	85.92693744009304	97.31915367878096	106.9209732280693	95.07319538722012	79.10360489553072	94.90110042917699	103.489130500645	93.56318179150519	88.78208032277887	97.38053025362782	101.3481572238067	92.64590930110467	99.69114252772226	78.69126319073267	99.87451560891932	79.93813946270942	79.08588647170852	107.2249903646223	106.3858157637756	75.24983321607085	102.111148446845	99.40736911816066
97.88982519543087	106.7000104447716	71.63542274866474	81.77557934074541	102.2341714496711	98.86081926340351	94.41276365972311	75.30369110235598	103.6148917250069	93.10323225577658	92.23275992039254	80.73097332019752	85.67604888175997	88.08691161630496	100.8332596090924	100.6787578215232	65.70881852250487	86.93309306744821	78.75309903936096	75.89177711807881	105.9743998196935	92.84247905997768	62.18963121963857	92.84793145096285	92.72751245065605
94.0474411324598	91.13619288971843	62.64516435519741	74.31596705905442	98.20193355401808	98.96528758157652	103.242397246846	53.78399268053394	96.81315060100299	102.1316685005274	84.05160671953605	70.13615420221883	70.65488710872818	83.00940843939381	95.52936226915057	101.4742666724335	56.62708761259219	87.94899223648142	63.05164936405853	60.14234225996549	90.98800636867759	94.45428523634928	60.21199739786292	86.53592095464062	92.88769107373503
102.3508756224327	92.6418812273747	85.44352005780414	92.0309864794246	95.52366839190722	103.7385007440797	96.95344989030491	83.33090668300615	102.8544901948788	95.72093246508757	98.09176142325512	96.98596175859853	95.76134185180562	89.94097264448389	94.07448309561561	98.87731669535292	82.81864471032326	93.37620886976404	86.19211775747567	77.23067119217473	104.2989726793608	101.4402612119374	86.40346345437615	102.1554191732354	101.9217693614834
102.719117691372	106.7878149345878	90.52277903115868	93.74986529180093	93.96633702359726	100.8696994112412	95.42720885217997	74.6290898087866	97.71967800722314	97.17118115630558	96.54133443006562	94.66799776967289	96.50779860588344	91.58574331741609	103.3891864389985	100.3624969902017	76.9732283585508	99.11679247428033	87.15476858923012	86.28471187852708	101.9884760466417	101.3556683315379	80.50235565848909	95.98736366100906	101.3534538644157
101.6660643232365	98.57401213553059	75.97737273452098	71.12420677894879	91.69274604668716	94.62383389613078	96.37365322348121	69.44746504090396	89.34737319232779	101.4431748352953	99.6432539583478	79.28884812213937	89.49661730755162	90.28741694325082	96.83951673196461	106.754258385948	62.49731261861253	84.86384744823837	66.09694894774213	71.98526695165403	95.50056420303326	103.435171455942	69.42337153711104	85.64062454565247	96.86712519581306
102.1971438679965	96.15783164526233	58.15848137374151	68.0511696283216	90.40935759455306	91.13435199387905	99.35978917019619	55.82821364040417	95.92882605297254	93.87876366996711	95.1126911773914	73.75621558274194	69.93894086593016	81.38223338032545	99.98964563540157	96.73533987367678	54.52800024654806	83.53483064700758	59.66563881643522	57.42539707168211	101.5209077510207	93.35928615316608	52.00785415114024	84.60825417313171	92.90577828410123
