99.5657547114496	99.70549776732381	99.82024169462463	99.8878782868881	99.91876031877848	99.93007343697629	99.59114238151741	99.59048555109996	99.91065393616955	99.89682378934467	99.99099790261151	99.96226726359757	99.97629786495338	99.99895196781674	99.61711094377088	99.68209393343172	99.48790712141979	99.99791808028094	99.68756178860114	99.59914761792909	99.80469084416447	99.95575236167286	99.54464918255866	99.99776726292073	99.75720886352038
99.79621328634506	99.89287541314982	99.59047008011447	99.69926676118635	99.99305633733357	99.99616745814569	99.81261137994562	99.27339210174036	99.992209782323	99.98525628485152	99.99477461897115	99.84225156817693	99.87087898099837	99.95714898031109	99.83503689992737	99.87584846327866	99.13611860677997	99.94094045490304	99.41315668489788	99.2837916796037	99.94619981792286	99.99825733099405	99.21971919037176	99.97956960081407	99.91909077929833
99.06593578600878	99.29280573919576	99.98293553020478	99.99788450172343	99.65472351232224	99.68242557840759	99.12343831410979	99.88264684847307	99.64514213773174	99.6116634946073	99.84379299681419	99.99518185944784	99.99639276914903	99.91900437914948	99.16443913955648	99.24621097042115	99.82685899835934	99.99862527321346	99.92912324956265	99.88872303213671	99.44761939276751	99.74319872001438	99.86248944355724	99.88558145208745	99.36355665731547
98.8421313306344	99.08909488018057	99.99883799567118	99.9973161158874	99.50984342206046	99.54054861815231	98.89590241861453	99.94553421943063	99.49556000351633	99.45270827998326	99.73803770632847	99.99711065830049	99.99285949240321	99.83649222392411	98.93729080603381	99.03705549803321	99.91101989898461	99.97890937905387	99.97919928587207	99.95170338522311	99.25761541430151	99.6160008137231	99.9341950701702	99.7884694956749	99.16766714085604
98.91566823116405	99.16022477585892	99.99626174239403	99.99737075060973	99.56596976963283	99.5885606451877	98.97727972377614	99.92902325822273	99.54496845009032	99.50666470902783	99.77916372104779	99.99897119237886	99.99744279379865	99.86911863232199	99.00263853840443	99.12411744863689	99.8860138064084	99.98830761748593	99.96431177566568	99.92983694111824	99.33030466865806	99.66524951209533	99.91139791153672	99.82469338813115	99.24371451079863
99.66984673396927	99.80152191654109	99.73566847257629	99.8193627381179	99.9621185034717	99.96819582931326	99.69841819334158	99.46245475886626	99.95583547099307	99.94475728300658	99.99900478367518	99.91812826662694	99.93923968751865	99.99131854741653	99.71769697305282	99.77849962521134	99.35289168937813	99.98368656372396	99.581117074757	99.47007963218043	99.88000734833699	99.9863528376608	99.42582658089782	99.99871927264419	99.83103983898376
99.24265588825433	99.44825416541417	99.9523914754223	99.98142984078353	99.75196117939396	99.77477176939296	99.28279188162495	99.80765258964385	99.74388448143624	99.72209804147425	99.91037180011328	99.99772817488507	99.99535877419521	99.95944506437297	99.32019789657257	99.4079213049319	99.74359580638486	99.99287846136585	99.87215766308609	99.81688456370537	99.58009629098169	99.83273399105595	99.78023521429792	99.94137781744296	99.50602593231719
98.91054380309734	99.1603076711724	99.99724084944569	99.99726569838379	99.5554785062757	99.5779374914044	98.96005077421131	99.93009724768839	99.53718822227786	99.50132513209336	99.77658305044829	99.99880084842671	99.9972266606058	99.86289847437838	98.99684740856867	99.10485011347603	99.88724538839878	99.98837428485565	99.96731149348339	99.93505020193193	99.32882931958203	99.66047318929047	99.91300033541654	99.8234640948951	99.22455441039406
99.63435221277415	99.76663421427821	99.77034063879819	99.84804681612736	99.94315129989289	99.95516018811004	99.66413693108987	99.50924327235045	99.93905777252463	99.92709994641739	99.99747153292	99.93880677409086	99.95922541502279	99.99652598583673	99.67982464058805	99.73449147897095	99.40641273201635	99.99183625360097	99.62379884356341	99.52683906756418	99.84921806305509	99.97620670031544	99.47671654737762	99.99883171762869	99.80119060036455
99.40904113174052	99.57709151310567	99.89897134148225	99.94622879982845	99.84490853792394	99.85871475161062	99.44698139815277	99.70640455545188	99.83262845523008	99.81669829054238	99.9609135850018	99.99150710002756	99.99753179664408	99.9908793727391	99.46607094428033	99.55387704254363	99.62606749453292	99.99261371793358	99.79163139304798	99.72316672906086	99.6950961286082	99.90124132345409	99.67882818067653	99.97757747888323	99.63507557391688
99.80492755508298	99.89472716382382	99.58595830758131	99.69379383527149	99.99455111189172	99.99687922806945	99.82691379574408	99.25352963932444	99.99352975326069	99.98809927747162	99.99507339686186	99.83034640223778	99.86269950910895	99.95430916626269	99.84146671245125	99.8832791663891	99.11672709170534	99.93557079354107	99.38344599978686	99.27459170456478	99.94848383849995	99.9968135282992	99.20663730226238	99.97837039604043	99.92079768011892
99.687737338129	99.80467230655971	99.72204110496375	99.80654205412877	99.96492337314908	99.97223310939877	99.71438686282487	99.4339993551975	99.96195300060981	99.95218335622479	99.99811375713359	99.91532981077049	99.93443062967181	99.98982053241305	99.73190481674837	99.78389040335708	99.33606831648079	99.98075223016251	99.55615504250282	99.45295874744392	99.88627232944107	99.98868526929118	99.39310206605563	99.99823941609981	99.84286999066371
99.2666304012711	99.46304191213011	99.94631584024033	99.97896853762484	99.76779440062506	99.78784564288128	99.31483804555451	99.79956883536228	99.75622516126373	99.72687599310895	99.91689833375324	99.99859157767928	99.99580840757946	99.96423910646783	99.33086907447505	99.4261992238022	99.7293282759517	99.99237039704703	99.86386823234325	99.80886105825296	99.60128434774632	99.84212778029256	99.77504878607036	99.9463272178586	99.5153770665744
99.96175961039722	99.99296853595072	99.21049449205354	99.35820620603585	99.98056504000581	99.99798919179746	99.97045835444786	98.75486480934906	99.98523523347563	99.99785920290944	99.96445873122563	99.56276183195827	99.6255809469516	99.79029366180929	99.97583918146074	99.98903271919765	98.59185535968041	99.75309304260475	98.94991100549106	98.78971710934066	99.99733032233883	99.99605972309858	98.70224671575632	99.84281151485168	99.99818533893631
99.87664291156374	99.9453179185758	99.46743433501034	99.58812929019319	99.99876574362737	99.99635216794253	99.89220227765601	99.09298976695999	99.99876249167708	99.99866428543837	99.99813516094736	99.74924021554527	99.78791283353537	99.91188571351695	99.90416770440331	99.93089423518181	98.95562485936134	99.88103461130923	99.24339940042664	99.11205398251765	99.98237792789369	99.98963110590252	99.03919255621044	99.94703415442071	99.96326990150287
99.52313042676522	99.6682538702353	99.84447566471012	99.90481591042386	99.89476058534132	99.91240079272532	99.55553258763589	99.62307339943865	99.88787331457478	99.87239005317305	99.98335140623861	99.97374891502744	99.98432660142117	99.99843951878793	99.57790269665017	99.64139333954223	99.52576693915653	99.99893312405526	99.72350327995579	99.63277119134302	99.77533259432467	99.94248693434655	99.58859200549381	99.99365780716796	99.72114104062621
99.99878237485203	99.99696416475811	98.85105294762185	99.03449477160119	99.89430519303724	99.94898609231494	99.99870719743603	98.32731634599536	99.90678817057528	99.96983333995708	99.86459355803709	99.29686608224397	99.35770152320768	99.57923952201168	99.99884322162147	99.99598287658735	98.12757014529339	99.52980994331111	98.52974817461779	98.35956154396067	99.99602950198427	99.97331091768152	98.2514793162139	99.66697070831032	99.99285386972515
99.98655276352397	99.99878341419659	99.04580337660391	99.22815964270126	99.95135415703676	99.98482901246628	99.99162950284583	98.56981026623683	99.95913101094018	99.99521097945089	99.92632006935517	99.4538652517704	99.517575159733	99.70774463166879	99.99344671158288	99.99879756132927	98.39822171186088	99.66895767898053	98.77461058947729	98.60770819334333	99.99643991957223	99.99572958729934	98.50537983203334	99.77579698850913	99.99429374551491
99.98764922793609	99.99857983466188	99.02754621488013	99.20406061994055	99.94559636980584	99.98338489344209	99.99261567870163	98.55897596363749	99.95845642640984	99.99307213307063	99.92125989685542	99.4357063650976	99.50136646573215	99.69711148234256	99.99538765193175	99.99890574262449	98.39195006833395	99.65009930752043	98.74897102058389	98.57547737474192	99.99677410149818	99.99507543015231	98.5000294408011	99.76448797993699	99.99371236165788
99.98724265287237	99.99869599832022	99.04189770928419	99.21196283455065	99.95193364493188	99.98448448733302	99.99147094894558	98.57816639048707	99.96005827023484	99.99475814834398	99.92863479607431	99.44699298739697	99.50815103184313	99.70152949774312	99.99388559432514	99.998819745269	98.39041571979492	99.65836905639979	98.76387154545034	98.58824260600052	99.99656703414288	99.99486622517526	98.50606768972517	99.77508942712163	99.9940723837998
99.46580654216723	99.63392732707698	99.86876696437754	99.92653551871484	99.86982269933903	99.88850720492766	99.50465238978839	99.66857603804731	99.86357891448628	99.84236222566693	99.97151331885205	99.98427819688092	99.99217471051993	99.99518882035024	99.52919963078416	99.59274146983215	99.57674624848021	99.99511059765489	99.75872653486786	99.67467554673682	99.73896002682207	99.92470989689937	99.64038798847768	99.98733903244535	99.68035401448326
99.21738494379613	99.41015498124398	99.95917780164152	99.98622137476528	99.73509761262048	99.75567474988247	99.25597068628896	99.82496875590196	99.7292035422653	99.70054025388679	99.90114548623386	99.99653230013027	99.99487407909949	99.95264152148525	99.2880878119317	99.3765910211404	99.7538585327443	99.99402665105063	99.88289970410614	99.8329475207362	99.56106735061489	99.8114374416337	99.79657717724659	99.92879283137488	99.48487809568738
99.32100533747958	99.51079475187801	99.92709447141178	99.96876811290349	99.80423630560215	99.82148929856349	99.37521732822793	99.7597126787947	99.79211818524415	99.77061498538943	99.93778526381563	99.99797343858393	99.99833236735653	99.97681567733029	99.40366485065204	99.47347242514269	99.68186589007672	99.99152623976317	99.83239023478019	99.76700686994229	99.64667469474952	99.86954872831356	99.73282809449039	99.96012008864879	99.57234023915316
99.68554588572871	99.81483310918316	99.71353446449666	99.807742968094	99.9681291963301	99.97401183228308	99.71438109522487	99.43299555483782	99.96274857388302	99.9540039305639	99.99783663872259	99.91141675809645	99.93619325066915	99.9891835019348	99.7352944644159	99.79229749482028	99.32869813725145	99.97888439693637	99.55264088692788	99.45008862050352	99.88803306833567	99.99033374863274	99.40215949457394	99.99769671681558	99.84409481210264
99.49377320664833	99.65315132030008	99.85873422021541	99.91635240260692	99.88497319151961	99.90461817289214	99.53441001196262	99.64675785982975	99.87980526420475	99.86115194000122	99.97902317070189	99.97742622980178	99.98956082875542	99.99772420675642	99.5608853132366	99.63026402392285	99.55891611952602	99.99714167189877	99.7401072890476	99.6590584846565	99.75631849901528	99.93774983549541	99.61569569868428	99.99144208934445	99.70525263238615
99.68990011504371	99.80816486306223	99.71918750443398	99.80744922365011	99.96488577370216	99.97082605146296	99.71400870797777	99.44934892797622	99.95953906455949	99.95154169318523	99.99825303308918	99.91402660856158	99.9351656416011	99.99020369141867	99.72593296611078	99.78078391712663	99.33014390698204	99.98136696785097	99.55476040537444	99.46546565341909	99.88070845667599	99.98759181661811	99.40447275526346	99.99800865817295	99.8409775890585
99.85225754382432	99.92686471959472	99.51265421605309	99.62759131197886	99.99880378635565	99.99813536382818	99.86871492994817	99.15420129569833	99.99841335620097	99.99697250595325	99.99842376893866	99.78544451316695	99.81959317905196	99.92547842697536	99.8812545666581	99.91842798887618	99.01784687800324	99.9060899161976	99.29533686625535	99.17259491686376	99.97043810907431	99.99138984146684	99.1108373858761	99.95990757759911	99.94848105523882
99.99282585564649	99.99850384216292	98.9849317987067	99.15324319179389	99.93398408095467	99.97536670532392	99.99655834045497	98.48180795180022	99.94556705994181	99.9881470166024	99.90604345875927	99.39283848835485	99.46079665216251	99.66739664864279	99.99818967357031	99.99758625997796	98.30375110635022	99.61741879166912	98.67680024444516	98.50248684208476	99.99832274760541	99.98881552216416	98.43308244803094	99.73900991191201	99.99251948359293
99.42458868278764	99.58829899424335	99.89337570794279	99.94343094959652	99.85152480420956	99.86725486918075	99.45310142500571	99.70037880872619	99.83780538364817	99.82362743130746	99.96243729419454	99.99047978808878	99.99628918928562	99.99156088282703	99.47624433225785	99.55167784599371	99.61468428160524	99.99295404880534	99.78322367816558	99.71768138501434	99.7113940245398	99.90721969776864	99.67190651166713	99.98039184027803	99.6480715596436
99.79416093360271	99.88754589369981	99.59656847612055	99.70860032959408	99.99267664721756	99.99607738843656	99.81835799522412	99.26771906884636	99.99129766180282	99.98506372596728	99.99474305488582	99.84139973193787	99.87093560523186	99.95754032149502	99.82737599411122	99.87237263856892	99.14840070323069	99.94398602998992	99.40447333453807	99.286488049794	99.94480190131711	99.99847189924363	99.2338333712142	99.98244888655898	99.91711498637999
99.83366274841956	99.92298458457256	99.52656050148293	99.6509780652064	99.99821035064917	99.99898037154585	99.8528604631103	99.17495061726329	99.99774012622716	99.99519513772205	99.99711950224469	99.79841551257141	99.83474326582868	99.93538931920078	99.86943602862416	99.90374620436521	99.05790464437385	99.91227677775669	99.32697308886472	99.20364890508507	99.96455518620651	99.99267632300021	99.13495392036407	99.9656075253186	99.94392142789582
99.83773353364955	99.92189350266661	99.52895528399057	99.63892854535592	99.99817761946566	99.99900341489901	99.8566961282866	99.16825375528715	99.99760933036022	99.99585817317052	99.99735909479442	99.79411272062291	99.82546507329903	99.93411960049716	99.87403258313277	99.90861174882778	99.05009863789577	99.90965117077074	99.31624070504047	99.18742975558592	99.96843604969328	99.99238502248572	99.12306957390099	99.96313218796875	99.94410346463613
99.87985903458883	99.94787764680289	99.45311630396824	99.57696570848388	99.9987929836614	99.99602329703488	99.89678154330403	99.07468177747728	99.99866303255729	99.99897901090399	99.99800332964935	99.73847693064697	99.78363623709564	99.90655108852134	99.90510169072368	99.93537659353957	98.92485182741079	99.88026768598699	99.23711713353181	99.10579973114932	99.98469704347713	99.98933765071254	99.01787535251242	99.94174374211404	99.96783572896372
99.91512535646383	99.97120880005355	99.35929283658437	99.48721570840242	99.99652528851479	99.99596938471763	99.93067694646086	98.95165760070415	99.99842021999062	99.99612829103394	99.99004552876757	99.67206993604803	99.72385866373797	99.8622892071545	99.94041527559089	99.96434831660056	98.79520335572113	99.83051674582083	99.12466392026208	98.97825655923036	99.99468380407652	99.9893196825039	98.89573973445998	99.90484299215149	99.98589637975273
99.99899041332803	99.98999184888095	98.74508657878333	98.93533553904251	99.86145602340575	99.92967103287003	99.99898564809661	98.18558186878124	99.87610247145011	99.95104234598256	99.82650190631078	99.21461962036057	99.27969904218104	99.52618514888798	99.99790717403897	99.9975055872204	97.98864742555283	99.46189689823029	98.42128805706571	98.22996816869707	99.98790796383685	99.95355455169927	98.11953787163873	99.61081978593698	99.99573058076508
99.99174542758709	99.99843658778921	98.99698015769009	99.16444885824647	99.94011701811523	99.97670771340862	99.9954882656106	98.51711467034259	99.94975859106231	99.98930910947541	99.91517086598465	99.4095721477878	99.47588977777203	99.67175810195913	99.99703326618649	99.9981594190277	98.33183254221098	99.62629674546264	98.6999654724023	98.54086995419192	99.99772063348978	99.99174628661665	98.45521482352495	99.74860034696906	99.99282434571121
99.95146011832377	99.98982784441218	99.24894178256777	99.38768755466582	99.984928351943	99.99876574399907	99.96145338266109	98.81066925610692	99.99071623617759	99.99674965204194	99.97332355852804	99.59129664452236	99.64720770226923	99.80293454327639	99.96924366205909	99.9846705936415	98.64849695702556	99.76706029372198	98.99529911477711	98.82799163218078	99.99860435541527	99.99378454959272	98.75694451646081	99.85774622113726	99.99666808786797
99.75312161374281	99.86001476473517	99.65118216777178	99.75347957931542	99.98396091089653	99.98948569830564	99.77224703934775	99.34162224622547	99.98089338468242	99.97473972028472	99.9948539730362	99.87722901344382	99.90348190795675	99.97388620235209	99.79226471065111	99.83861285199161	99.22328392652236	99.96064572458451	99.47076830741288	99.36496999639857	99.91954026322919	99.9968586967163	99.30192985300199	99.99078826543962	99.88560585335705
99.96091614393526	99.99325598857348	99.2081073067417	99.35321920560024	99.97933570815697	99.99798199781222	99.97020769163744	98.76599710323963	99.98629365195879	99.99786324159543	99.96640484154759	99.56564433134199	99.61642177785312	99.78498780508112	99.97512486594466	99.98968846222513	98.59655791587964	99.74744977974005	98.94953690617091	98.78727329565645	99.99733458682918	99.99605686124262	98.69939625183395	99.84410208859367	99.9983793152113
99.93331609409545	99.98312707450212	99.30697552834957	99.44024539679384	99.99267731263211	99.99740795348988	99.94581709067076	98.88443599547317	99.99581920397603	99.99582911850277	99.98267285176439	99.63728379301325	99.68713593387507	99.84007431993723	99.95325559022821	99.97609422860985	98.74275680695736	99.80534771616503	99.06656563309807	98.92181293094212	99.99807860578527	99.9908213032343	98.83418976100799	99.88770223872775	99.99209281786153
99.99539396524867	99.99880415300836	98.94998870600537	99.12976800644644	99.92329086665217	99.96950282360308	99.99738019627138	98.45376634500597	99.93730723336031	99.98612435126837	99.89685575380214	99.37381171421286	99.43937120360077	99.64613056975342	99.99870570233405	99.99682046463893	98.25742658699289	99.6000801951275	98.66273618803186	98.47456780050085	99.9989894656715	99.98577736702065	98.37246629206898	99.72517021870975	99.99221788407388
99.92093868507334	99.86702042430096	98.03158006935014	98.28760724415683	99.57753621493966	99.70049086574492	99.91924929029979	97.38566423245967	99.61061127215623	99.76032093104554	99.51303944798858	98.64596931125465	98.73123715605809	99.06269792720444	99.90150601003262	99.93230597456234	97.13537635497886	98.97679097580931	97.63076175645456	97.39803719156515	99.85331703816766	99.76328497446872	97.28702030132349	99.1819123425624	99.94062463094195
99.93477025748695	99.8807365113276	98.11178885849507	98.34439683278801	99.61892188885551	99.73011936751911	99.93444409098798	97.47694485095148	99.64883669949786	99.78575825307678	99.55489100127956	98.69833559187012	98.80125365712516	99.11941597583595	99.91752894092166	99.94700483303379	97.23313915060842	99.04020686549887	97.73058556719261	97.49394036417144	99.87366469003047	99.78780534983748	97.36862574727584	99.23800759698437	99.95223660922825
99.99899190161899	99.98949674267692	98.73136147386479	98.92570004817726	99.86469026047362	99.92853807691358	99.99895379962402	98.18174134582752	99.87792403574089	99.95006383061985	99.8269624277121	99.21401925052574	99.27145586061701	99.5165500084907	99.9973463984248	99.99763186792504	97.99347727787011	99.46284610166659	98.40270104670617	98.21333731711188	99.9885900416853	99.95582609734456	98.11214139792077	99.60633881760371	99.99594776877345
99.99785261526678	99.99871583332116	98.88756732480066	99.06685239988281	99.91219081306585	99.96254238742614	99.99893166502424	98.39027729439051	99.92131861039107	99.97854541817087	99.88021156258951	99.32737110177951	99.40543061739416	99.62023658044731	99.9988651603467	99.99610801274986	98.20285566473491	99.56894010205731	98.59884560190352	98.42253182624323	99.99782872855394	99.9791477087539	98.3159869099979	99.6915731427507	99.99222549852362
99.95878123538442	99.91256617146045	98.24489665973681	98.47403277547508	99.67782878529742	99.78182089457857	99.95626157789759	97.600965505275	99.6979008796397	99.82099729387647	99.6167970441292	98.80385162481207	98.89652354167929	99.19257535080294	99.94080699986382	99.96539769358844	97.39188495275724	99.13986486139521	97.85756079051492	97.64791483559267	99.90290378061883	99.82949715090838	97.53319967734318	99.31151763865176	99.96955148143518
99.96611572373764	99.92527520719628	98.30035358801521	98.53042168753906	99.69888673146039	99.79964660953041	99.96255244690198	97.66701860643107	99.71585639825997	99.84090790675694	99.63655021914025	98.86013594249106	98.93844183339179	99.23386576484047	99.95222293048585	99.9731392676327	97.44389730054992	99.15832320008508	97.92706416202716	97.69017911374901	99.91879230674733	99.84895560129409	97.59440489802473	99.34519134107292	99.97746380540202
99.9875765836814	99.99865468088642	99.04892116241213	99.21112161921572	99.94885480754212	99.98507359602928	99.99164158484952	98.56760477467688	99.96026269181012	99.99484114275377	99.92485569480444	99.4464096372955	99.51031351045549	99.70333251547478	99.99405270287536	99.99891372428684	98.40542057407097	99.65671976662938	98.77270810000329	98.60519913785799	99.99658385163023	99.9945148602751	98.50035997196713	99.77412515666356	99.9940153879195
99.99799180583581	99.98346987166285	98.66395505486882	98.84697566798955	99.83448242912709	99.90484514018951	99.99758418656751	98.09317312976404	99.85565035341067	99.9345701045864	99.79603667435943	99.15458582419677	99.2277246476721	99.47651970057133	99.99398615655372	99.99869559619839	97.89515315289799	99.41744298849436	98.32715048301741	98.1231327618745	99.97946363070075	99.93760276859712	98.02734468684349	99.55973969249469	99.9989793516136
99.94931445356676	99.98919955545222	99.24894361063278	99.39314598968375	99.98666974450803	99.99885110967391	99.96226760451523	98.81231288568557	99.99111802055937	99.9965957111783	99.97374813888372	99.59624357203865	99.64813311837992	99.81054153189682	99.96894853430339	99.98399800206364	98.65663890974898	99.77253699102191	98.98588146894257	98.8347445671134	99.99886469985199	99.9934126676804	98.75606163646586	99.86429587928708	99.99567818882893
