95.64807979765813	110.1608725292015	99.43480491980341	100.5840482184118	106.2312404007895	106.9745915537543	97.08258539430651	90.60050060649985	87.44050282877839	103.9326691571528	100.4192039665709	110.8362175880394	114.3914694220773	88.1878543594411	98.73974869173708	99.93812403028846	113.6567921649085	101.1154399376131	111.987886448809	103.7359307687968	110.6982329321773	96.87130727002418	100.5304279883804	97.31648387627803	89.57328715351768
92.46225747003088	104.6767273373079	84.91337097393384	91.86762930040804	107.8777955448429	111.3794712623445	110.4437602443612	86.62377670882097	93.5282420678688	91.91284193309063	108.8371683831874	91.82282289831758	105.9508066915269	111.0122082216501	113.500348047526	113.5581367081958	106.3977872966514	86.21967951064448	106.4750682762875	99.88911907351238	111.6994599155452	99.56865223418072	99.1614501750375	114.8548119283438	96.1007414668037
90.21679352028158	87.23319939824586	113.1264965937136	95.25000763033933	104.7599139128604	108.1318598600913	94.10022171486759	112.1459962162254	93.01849432168289	93.11675693496426	111.6852137729424	108.913930410886	91.21671960942592	91.44356940098719	102.034608502337	102.9119981624518	105.4386852876939	107.3349671117656	93.06282637182399	92.4346091267999	97.42073578365385	104.2375297653001	114.6390079061501	107.6024257748114	109.1481319365002
92.45727805544645	98.57888173139929	89.12434421417457	99.70932647717872	86.49798356767266	96.68815367655546	94.91555255940953	109.4040515576193	107.9040396033031	97.49840437640729	100.1293730552121	97.44661845034589	96.32177238697403	95.51665105670051	97.3703504972772	109.8763608693851	103.0959454447085	97.05060238885468	89.03629567691196	109.1398201072777	106.9725941195669	96.62142158055308	94.08772365258204	104.4424046131809	90.48023199717377
99.715969145199	91.43575138761925	94.62550030264708	108.6306338472667	92.70382359981413	89.29344943962256	87.39747767389535	111.5825883937265	97.95350412681262	86.10012913884016	86.98904080457723	87.68338950028803	109.7230880140553	104.1215060207336	106.7716470776454	102.3889162710505	91.05459744345291	94.89594350965568	112.6774554110672	109.0851667593362	98.64032161070779	90.12832449092241	108.2581807879546	114.3315391946788	90.45393918700294
103.4592405378255	105.1416402782461	90.01671424721117	107.3601569044632	106.3980725517428	100.4192197104631	96.74855536468972	104.5196392127049	107.4067808416906	105.9527577019879	105.2360126976926	106.808551345772	110.5115757893607	104.0932899006127	87.09624152688413	85.51829524976189	96.4438824975699	101.6378142654936	87.89419999963782	102.5758500132478	87.30386638144886	88.07109411263551	100.8082446427866	108.4174789670298	112.3770944293889
93.77931830503807	113.7658039170289	91.61671830482355	100.2430160401228	88.95880764759451	89.7996848117137	101.3705199925834	112.3109073736537	104.6376691828234	97.17634863116514	101.9518328525875	91.32238035781715	94.09801294285658	104.6633063692709	111.3726470315718	99.85739139577221	96.30515661300728	109.8737645541632	86.53005656609166	104.1370342984661	93.42725888878167	85.95121750703969	90.89012195037179	87.22841478677395	108.4058451966294
93.78084190068876	105.3430923601497	98.1950166949177	85.85096613924993	106.3405786815961	93.82123209475023	99.8476466592993	107.0646325149844	86.51778756498369	93.92309520784349	113.7239673439657	96.58796907789508	105.0764483501525	87.09127062080694	86.54114851540758	93.33074334991665	111.5146307515235	111.2006693877574	106.3792354838637	107.3040697925421	88.83169558214431	102.2210692070288	113.7239135161818	107.4446144457335	87.80006819002365
91.80819675485417	99.6050261554157	98.59409322935105	110.3527681641134	99.90250012084721	99.69826516757951	111.5775653301413	91.43346310322552	104.6952766486052	94.61903044945483	102.0282516618148	96.64088670444181	111.4055619491732	101.3461432777886	104.060411718946	113.6032185507735	103.0366706477364	97.19806327118594	101.4126165834252	89.57311747419284	87.23060576496708	112.902116741185	99.29062861809081	91.00489634185958	101.3286567798152
95.59133055210802	97.90872046958093	110.0768948650946	102.0775551804022	95.95368674455636	96.1339200077017	86.01992584204544	109.4754064059575	102.8703726212407	108.5230046298153	89.36062445530065	88.55325735024519	110.6790324570218	100.0705613132905	92.46959127430803	89.91429842077464	110.5753598526009	107.196916386249	100.4894422032358	86.65952418308869	93.56800118240383	98.5736851028179	106.1864361459369	105.6892604516316	92.95067707439956
102.3700171119259	98.79439431030757	113.0230484765232	97.38786507185345	86.45880396585491	94.8803010574168	108.4741082205186	100.0615273741905	101.64664201027	104.9296707338415	92.55247768802406	89.52428087267896	91.29091378400044	110.3467851741691	94.39153649845892	96.38585975472211	102.0921490651723	111.8243891522248	97.88747104643011	94.62086076060793	92.71632901008492	110.8088018583439	96.48977468630787	94.30781711717047	111.0196861946943
104.421089271347	100.2430032382786	92.21558861423057	112.8165251630467	104.760883655882	109.3529700352107	111.7709156824873	94.30479830877275	92.00144353739842	96.53579441358954	92.29462327898027	96.70199319484796	107.8138405313522	111.8143296863866	109.6028830136383	102.7682475385642	90.37084129233078	109.9543234630816	86.49833586093536	88.81288816918804	86.17372125923848	101.0014589288468	95.27795579182455	106.4401102975243	95.17635931488861
110.3311513239481	106.4056511744191	89.42048403318891	108.9019413156713	108.1727726123051	106.1768318040063	92.44176351065248	89.44005353184885	100.5180874854222	114.1196488908983	88.3181737066151	97.1837264810667	89.91022141835953	97.60221709138435	109.1983496999103	106.0790533768506	87.20510405606007	110.9064287193228	88.38523631276543	99.01184721724542	99.46109608659965	108.1715252270496	90.35046027079554	89.67382813521924	95.98822260922121
93.54471878275633	103.2987036749021	95.88485333037079	88.60926639121719	88.05544994527078	111.4539244986273	110.7650180609809	91.75940001016512	101.5918822217696	86.18739317649948	102.6419221067211	100.9390942349458	99.37581385115695	108.1488635971587	95.37967894599579	93.73646321572076	103.0678110642841	113.1824697223648	98.62169890510619	86.87726181852898	89.10088252554246	114.5185048048498	94.45535344318982	103.7868856300636	102.6597869218776
98.11565066161876	105.5256823453389	89.04577187605265	87.81127890201071	93.65420102913191	109.7579464230849	113.2668093206662	111.2395013127017	107.5022514148262	112.7460337308709	97.77531534883211	110.3443858251625	104.3636198563705	85.30542018160467	90.59981748238883	113.1798676958932	87.17725254155449	114.5058733793074	109.3898494444286	96.31104709578035	92.7883571957769	85.39667379900506	86.10547054852523	92.43454110481008	97.41522781672202
102.5680803650344	85.67379557159666	87.32270176948009	105.8283636499754	92.93142701164436	95.85968318007305	114.0863779567762	112.9438723305612	90.25108494109585	105.9586744629319	114.0072300612619	93.30921792722306	104.7726339656084	110.8201279405695	104.5399002304985	94.03728451506277	85.37929165299957	110.0690443713853	99.30163399621659	107.229839111474	104.1475391612991	95.06271758479735	97.18000677200021	102.1849544736826	93.59426310317357
106.4096109637548	87.48222596194698	104.1067432111891	93.04728271818192	114.0201832234158	101.7819958008777	95.81952550637865	99.04885932865524	94.3161754237522	102.6445250425357	96.96618241245547	85.99611792497221	85.07278169306633	100.406049028909	95.8130400798526	100.1552823509308	89.68424671697387	111.5594811088495	105.0465533306723	105.2034482827275	109.8950743429191	104.7430201145502	89.00710935188852	108.5906142241604	110.8605692614284
108.1016684570025	114.2887513768087	87.07082113590963	85.72269256940488	110.8410492075404	101.3173808023236	96.72034610689816	102.110186179852	108.434670810213	114.1840605285408	85.28472223680011	111.8697605304501	99.43545477133652	104.1831029500162	85.74660611738248	91.91272725116369	84.58541226476093	101.1671192584675	87.75968156711095	96.84560533742496	91.77634283259	107.3831056788414	113.331456998145	89.8032956249978	101.2047223933779
98.38760906263144	114.7043213273184	101.1921282882461	104.0057463644912	92.10240808655254	113.2794099011689	97.07664488295482	100.9874941323185	104.4942128640153	107.4639855357436	98.31501206941839	110.6276338209726	104.8187738778916	110.0697021355273	109.8240980418264	92.58163606974875	92.86069394886914	100.4390303085508	91.11302824722212	96.13975697356504	110.9506908674788	86.01628363925448	107.065172132654	102.2683439180881	94.93528962712804
87.96206810334377	90.94293847226122	110.6522003819319	106.9604797995537	84.97383181948082	96.70590764032387	96.45864350000947	93.43619174328202	101.1715468273265	105.5770001961977	105.2670578527367	89.56951094583404	94.20060804691623	114.2389005931439	101.071448860041	86.71774175519178	90.56865311334668	90.75081000756643	86.48733833066986	102.341557920602	105.0724162711222	111.1052854813891	111.2374818183376	87.73850745965824	111.6246666427479
112.8747605928539	93.53612947519922	90.78664347363087	94.30705828955095	92.30802684612929	101.0793705442749	91.42054433650175	100.4275702574429	111.1120888598875	88.31781112204391	85.71107127488744	91.00135536391005	104.1816349918844	106.8325520387513	97.40962754740896	98.88402891636625	106.8444798757477	106.1226262655536	103.1832351350529	104.699317229025	85.29501338561217	102.8182969841733	89.13973375913339	100.6306729422189	99.50411248612116
84.73195768517319	91.7951029906622	108.2516685763782	114.673350237094	85.32318861830304	89.69535503895116	110.9043828776414	95.83379700283331	97.50462744699271	107.522949678412	106.0116674654041	88.03426600291667	93.28583760206543	96.40112480110373	90.65692901755865	92.26145954723194	108.9511438097307	109.0258005018136	111.825159486499	111.2348285921015	112.5425603928155	95.55053727865429	89.71855881943878	104.8595702393614	104.1370911300948
109.8753018665937	90.76399261235487	85.84231413590283	106.6718570692312	103.8449456729728	108.7523223908157	114.2886111388147	97.00227581714405	103.3015080953558	107.0187285714994	110.6246716221996	93.61585200315308	113.4030290199458	97.48721226808139	106.825815103	104.3346311502148	97.94561836517822	108.3900285090018	96.30752730653367	86.16900040994513	105.0276413312697	99.00158851540353	107.6333036038025	114.5903589146482	104.1391457604192
108.8101906311068	112.4235674730503	86.59234606296781	108.7087229682648	100.0244624405283	110.8925222585775	103.5087763287822	87.79773672738037	101.5496422002522	98.26083566266023	89.7657931253427	112.5032459092596	94.57206886212609	103.9051813393436	92.3524676731529	102.0390190740565	113.9808023885133	114.5999674522292	100.6648508612705	84.93460446202643	105.1419339037978	106.8322882429854	113.3817069023999	109.1650827688418	94.4680368376452
110.1325239155648	99.16536926220466	88.92229912536347	99.1469365890236	97.07224462563879	99.06240139368686	102.7560940556804	99.97228785786697	92.23868678035377	95.7199896851069	107.7764543633171	101.5030154516962	112.6867173516775	113.2596526307489	105.5359519032703	97.93941605903682	98.99709476478343	106.4643712994044	93.7278898181451	98.83820840162544	103.3298245546665	108.1583316063342	91.26373235324425	107.8258045762703	88.20576715720949
99.23513805025239	88.55296820454602	102.0013726379546	104.1610404144927	106.1017249096874	90.67190646911321	93.59156583014693	96.5590116080828	99.89865119344152	113.4202772437432	105.6594314542363	98.89490445457673	102.010449056134	87.69733430418084	114.230997200088	89.31723976353274	90.08701906254258	93.99013566056027	87.91778797487416	87.64465640926036	97.2499409934497	95.24617242836374	111.8242618966083	96.94820427617103	90.52509357628287
110.7751623532423	89.52769478159485	89.89228305838114	104.4701623779256	112.2044950023435	85.90739728570578	98.69596129928679	87.89147738787301	104.8033509900492	100.6878991618111	86.22188194719456	89.35996239116096	95.05626524519903	106.7108403487644	89.22473917935544	114.1057957301971	105.1207942971169	98.96182723434008	104.6773446955181	110.9529478890647	97.93228634740163	94.25746140545409	109.4781657656148	86.55476137652245	110.2276331089398
107.2011229079518	97.7022763448122	110.2896348910101	102.7602585902976	97.43661973731699	110.067706579403	101.8378975796962	109.1749250084133	101.422179484779	92.18198007015141	86.62966600440254	106.054354704292	100.13576214573	110.4194655628317	100.4733086647626	108.2892205516212	85.0103147495402	103.4725196606644	87.47219956034	83.71605688163302	97.43525707302686	114.9599535057992	89.90347227724878	90.33736186988035	109.5847219241108
107.4532197725536	98.77285072106069	90.11599475354325	106.8352849008849	109.3343863038421	104.1548659008891	85.32889987084982	89.84882063498229	109.3625120943532	99.5642991969751	85.31608299366705	112.2472702693658	97.28266544792004	114.9052847411581	114.4123009118983	93.12521526544694	102.6598924538863	113.1181272127996	105.4808208823903	100.1030482335986	110.7623582776921	112.3386060182336	87.17257633503098	97.51754796428465	101.8142738915152
96.29359299465958	108.9814148973725	113.0758334380614	96.04485343008039	113.9344394992378	92.69333407084058	87.55947973741387	91.51252408149197	90.74534074575573	95.75348139660744	102.7959578310897	107.5776815529731	90.15371848775659	108.4563074744896	104.1857989896438	93.87883805319075	107.3869872215895	103.8088036974505	93.27316926454239	103.8048555161421	109.7275151686302	89.36648909898537	88.70241113566111	93.46564815546219	108.3861067189836
92.64608668119132	93.42101468004589	106.8783826108021	96.79071501605071	106.9989380132795	107.24133288399	100.9865128042702	87.39647284711077	104.4188206341243	103.215584317884	103.3347377313374	88.86897503312068	93.59017496794786	87.03807112888057	99.0164170098912	107.0480348299176	84.09813565234155	107.4968617426206	93.28670885644756	90.32521843068653	87.00840864533991	90.18550654712537	114.1019122994933	88.85696291264938	98.6761249832815
95.65876002352188	108.7113236851036	106.8551073099175	94.83209637591119	93.02240447204066	108.6207306065963	85.7011701783823	90.87665830210646	102.4388696010673	113.9866993299568	93.05570059908459	88.78019899798264	96.85272138249253	111.2378864359451	90.66237845605328	95.67005536594183	112.3850100697991	114.6396622070699	104.1489915731521	95.51105042633878	94.05797302371057	89.46804193844228	84.99916991638027	91.19961628985864	110.4385140976745
93.54379468803297	97.75299454322692	107.1748781460957	100.061653980519	86.47345970958602	101.5197008179978	110.8535241761186	97.84069992426673	87.05165124628705	86.0444472613822	87.68818963412535	100.9222495267354	113.4145995525361	92.05912633821139	105.1829267252282	105.8320195639122	99.54723810083058	99.37485424641633	91.57827604413168	111.7154906370375	111.7321753010054	90.8821201429482	109.0523102010567	109.993856613954	102.5809810164504
87.39909631606082	113.3278432202427	84.3811089191197	85.48318089633523	104.9210404289047	92.28169954426285	102.3112283430093	87.19931786793057	107.0700613330736	87.70541144651665	94.06611614408189	100.7187811027569	100.6902119595645	99.70940879964903	101.3724652867055	114.1317260545663	99.67218173677816	85.98964927443964	111.1819850310826	108.2098778597707	92.80330684693172	105.3076633781187	109.468364839906	92.49048386584559	102.1817090047237
112.6651229996035	86.71173955505556	88.11453032967933	111.4609864656084	102.8105487427551	112.2481960566251	85.09716680485425	110.2366182024906	86.97887531329634	105.9487226529732	104.0165503934512	99.11850340083643	93.73798363330057	92.56146396915628	104.7635901279209	107.4717304682963	89.67105851190762	99.77906269506639	85.20400465038283	111.2293927270921	114.680540057129	105.2220207810084	83.87992289736538	99.1051947400927	91.38048551193539
110.9434556596503	111.9120959841633	85.39941194967241	99.62115750445622	114.8930437695172	113.9767921467815	85.47802623204777	107.1854116434553	87.50403630671265	98.28868385801066	91.00901509157012	100.336611496435	91.04741417524571	93.13633884394508	92.054698360933	107.7396903663905	84.72870399081819	112.4201152051089	95.18419806642595	113.3325765243888	88.05187738194097	85.50283383350794	84.09456771113996	108.5008853565213	112.8074416282724
113.6851353892795	93.87062216887341	111.6399357873861	85.64070020087983	92.93085110923555	111.2411855646058	100.4005866123754	107.8519442430597	106.6009086944523	98.14713838758827	93.60730562002317	97.59908676427014	102.0301869908921	99.64940783794815	112.7177387647694	111.1222532091512	109.9516940698221	105.3015754480276	105.3489456756819	101.4224553056471	93.53466174505699	87.75533124942011	86.39839816839803	87.24017493513672	111.9412196047948
110.2300991132684	108.4535131213708	88.25352514136574	102.3708857696349	102.2015768379242	85.57292276054633	98.45480463942518	101.3544727067773	99.27498698955648	88.70715345682808	94.08737910404199	87.96237225191788	111.0498035946275	92.78988118825696	89.38279470974314	111.7313312387002	99.44503091622926	113.0644965749602	98.61222175261591	85.85236884385245	96.929712338634	110.8547248139707	85.30754970729471	100.72122418505	86.62709081171199
93.26781978242498	111.4412044598326	108.0964505886618	100.1014912389281	111.2344220033821	89.55881963660775	105.0854595010019	89.83400961836522	113.5631635639107	88.84095440822968	105.4739166941129	97.83463344056787	100.1381033438227	101.2618072574121	100.1459116819522	96.72949536232075	110.0312711499079	94.17265465962923	111.6489083443589	111.5079282750148	112.7329617819492	87.4284771605175	111.9837979631789	88.57906750447496	104.6496617387154
105.1010911271206	98.70172209983957	94.4669978115887	94.88229442215153	90.40406081766024	88.18153828836566	113.4548933805862	102.8859289393594	111.672814466829	104.232076536035	90.39528198304187	88.13382945864944	101.9309436706293	85.01700036461374	102.2408680514174	100.8300869340819	92.83557279207585	104.3324531166823	93.26321440298133	91.47884586352528	93.21052444600669	104.4356152610961	89.75361129165718	87.71560397444431	110.162564626976
97.68718156132223	105.9874986885071	93.59855268291186	93.55686330517811	101.177701910768	99.77179443781409	110.8642063083862	102.6395361816441	86.14794676653111	108.3459521189454	98.01017953121871	104.1437462123711	112.8281057815327	102.9017994721814	107.9916810453766	86.52230165392437	88.53571695677311	86.74726542677499	92.1721910103043	106.287252256506	99.77623838498424	113.1501588721619	106.3790923207256	100.049191935806	103.0751575941299
102.5064229810646	97.9618793651765	108.4661268290037	103.2364027868363	103.7349238131805	86.53867973409638	113.3640073107547	85.2516500574046	93.13606704385168	98.96546149352186	110.3576715375741	106.1768767861908	96.84523615989889	103.9885186781223	106.5830451766589	103.9578603207274	87.46097666802905	98.4008118402686	85.57443763882752	84.00695990137174	99.64531826923296	105.8069417800045	96.64418917958955	94.24096909493296	96.20709811087468
95.08380352291722	113.0961549089647	108.7269576229408	110.9723312866983	94.64839862324916	86.67682076355985	85.7358552362614	92.99131176205654	89.51598519484104	88.78252222863719	106.8443787150041	112.647076844854	87.44497736878537	87.80472873394154	94.63657461351748	95.55695026679091	82.55203447311366	92.20817476828158	109.4270673157797	90.032525448748	93.42148807006599	103.6822844006443	84.66870946097428	89.37986045133177	100.9712264457148
109.9399281179308	85.78292768260332	91.19628815562783	93.22296840206491	109.232972802491	102.3208591014629	93.05371502812554	86.64596845353603	99.80526398443565	92.91165769836344	97.09857865844494	84.7793801708095	98.33531034611678	113.5276229126881	103.5900747532734	99.94582454879352	99.38605669587113	89.41662042682917	99.17476700048404	95.2527401319594	85.20735250815515	102.482180551508	92.49341187323154	113.7519215499419	108.4576078683518
95.50781021255928	112.0698729296831	83.92206984881877	84.99514062302333	110.9645858872134	104.2354786799578	114.7682916722688	95.7755344220992	91.73716027134186	104.0357975104839	103.7452914699662	85.00804039802345	91.83127907495346	105.5668235089444	111.7753563164726	112.6626785061603	96.82257251228204	113.6948851419148	103.3007408240107	88.74614063950753	98.07299188232847	93.99115473039295	108.3459463594828	89.03400255917906	105.0477936347158
91.57712572012197	101.079813626603	101.5596205063314	113.2693200575693	87.12306031852727	102.5901709812261	110.8467507536659	82.96740013656429	109.4864335449291	104.338078746908	98.11076372307615	109.7616971160864	99.44853826327629	98.20201900764914	108.8631646743321	99.8845857099499	102.0437184948075	86.83545834590488	87.49567821216195	83.90803379865919	114.4000072136919	111.100270122067	99.61815087171158	87.44500177566186	112.0485778824942
98.92078343141854	98.06727193145323	85.1839983399291	113.3915324806323	103.1646584972135	105.6988951761616	93.45965250497258	89.1046810451613	112.4556745971974	104.1436811620299	87.17875192083044	96.31869596533933	100.05549590793	102.4254614671693	88.27621193626157	106.4751875740761	86.89947453990291	106.4695679499555	104.002181021415	97.89927505372528	110.7382068063012	88.30132002207061	94.55462666745822	111.7514261635355	106.6209061501557
88.1403296299428	93.18961063117709	88.35698450183453	113.9900338068689	100.1039721231657	91.18186683710475	87.18989994630836	104.2340695068845	107.4858485073305	93.97492345906905	103.5419588733889	85.97121960385002	114.204589114237	113.328804235833	96.00332942707816	113.6684404968122	87.92615336415803	102.2299343580116	108.1868697967972	104.1904055034046	95.37625618436928	98.3966874967124	110.2818958378992	91.66207348029157	102.3119391986034
90.57910874511677	112.2778395240224	98.89674794667425	85.05317425802536	95.18489291497858	88.38610523928863	89.82057883242409	96.96005614183758	106.9521390118448	99.09956522696616	98.1108398709257	99.37609660894934	84.74444264367959	100.1357144967507	89.65432948226447	98.82446755114954	98.27879166929308	94.74798369905426	106.1839706012587	89.2483875831683	94.9133415762474	103.9816873093768	106.5680975297825	104.8098905601397	92.45401879373249
105.9712674281856	103.3946771660108	96.81826476703523	91.81311256603088	91.8093115047257	98.44688015272139	108.2368127658341	96.50084543486447	95.68866002455896	87.37137830674575	109.7519254798372	96.52381690748945	93.16709889754119	92.85772807019433	86.89858819324422	92.26922662039135	85.48082873758783	105.3628786297253	101.6773701362668	90.5244095036434	104.0866306635362	99.9857264007308	93.72452179226863	100.2980834870056	100.3141328822527
