103.3191381799454	92.11659286903998	103.6632748828947	106.4883261920256	99.93945487706728	95.19781134698412	91.69183552434716	104.3592717543533	102.3593549346717	96.3468895230835	102.288125583428	97.31487617613217	106.9091042484994	105.7703048676831	101.0176077589411	104.6316708925557	98.43942885993664	95.17388182778764	98.33919555878795	102.6025138355805	100.8759177180492	98.43438105284085	101.2750292502701	105.9651142330475	100.2106973755626
103.7204677990556	102.7288951908381	99.31159772248159	99.35288051696372	101.6717878548143	105.3089790978418	99.23498164566369	105.5880247296332	105.9472259412612	95.00275850872913	106.7800641480852	106.714580622208	95.15256499002109	99.59595749029231	97.23307369378215	92.79204914037919	105.5259557187391	96.65252968119739	92.71034550961019	97.53762117756507	94.32964454933642	98.04811760464511	104.2172125690469	98.93232628998493	92.53593414284686
99.0533745487018	97.09344709212523	92.56846514350376	106.5911948396186	106.9073003149856	104.1631318349767	105.5427713451322	99.52122736201514	93.65326401062228	101.5589206810754	101.6260304618662	95.93526717321286	98.41340336409054	101.929999063361	91.94238721311845	97.24860346126724	98.1911900812341	106.2027197994928	99.7991809621242	104.7796000439933	98.70976514287462	98.57649942137704	98.05060676888894	93.60784070361757	97.48447421488953
95.87903267494855	91.37798799320741	102.4144797284955	98.51194979413604	92.30511620252659	99.42426909955846	101.8491477734443	99.4338396147437	94.87664235288899	101.1662646682805	100.3729919135352	102.5185231380267	104.9391638779416	92.33254137926782	95.07609575570426	103.715351216899	94.32490222042807	101.9698475613318	103.2970658739972	103.3258896588011	91.89503757526106	100.9358418516244	100.8613538559509	92.07871493680817	102.5588459422433
100.5701383979321	104.6084537180408	92.90854366676726	100.8477854831108	103.4833779903764	95.23360119526855	95.61363798028934	105.965893195099	92.54978791326749	102.9717295815214	96.2613688805677	99.48291203824819	96.91521636130273	97.36586931192515	105.3713436204928	103.4919711143179	104.2445876751822	107.3650509060178	102.99083787493	102.8275916951932	94.98837063205379	106.6202916241802	98.82988798191735	101.3964237234332	98.74133780844819
103.8967200247544	92.97665714283981	103.3248514544362	95.28246577919258	102.8709258132702	96.34961959836022	99.09166549164382	97.19631509637682	93.99575267512029	104.4056451394071	95.03788418337685	101.3502387254214	96.80932520734638	101.9542672438554	104.4881846616597	95.77367899767228	102.9864962113329	101.4826497267335	104.4115662407208	93.94982261843361	93.37568026290634	99.0352450305972	97.78123088851673	94.02745505152635	92.43395537457587
94.07867024406872	104.4892234114688	100.8142329078059	96.7773421399729	106.5920986668589	102.0157519553073	98.83267462782935	95.2812138722818	93.29328586537642	105.0374202013762	101.008577645953	95.75224902909116	100.5178787527407	101.1189284539786	105.0168080443313	102.7761615184362	97.64123451709534	106.7982067316311	93.54789667968873	100.147248730491	103.9310779015841	101.022143735527	95.23644552721836	106.0855331181999	99.4394472820638
99.87153167390547	98.76117500397625	104.529771088505	95.78374781558088	97.74584489197557	93.10307591633578	103.775356727712	92.53934992021672	104.5693915892508	100.8049960562932	104.5267717167553	94.74929807691232	95.51664183184418	92.77505039860945	101.230460339619	97.54747972565764	94.33612514340703	105.0653613140512	102.7160289240244	94.08041268436092	94.91562277377365	98.33572144647185	102.2796466701458	99.36465395492721	93.85331349012961
96.44893156915133	97.35532754850134	99.01626482535495	97.23777975008558	103.674022355265	106.0403588724955	102.2970451634141	96.80069951686841	101.2257278576535	92.91128031019903	97.13995994854926	102.866647950914	98.04345717386614	93.62587486921016	103.8273489138698	96.10912823972814	100.0612016295184	92.30322701761142	100.6004623994259	95.90224541414587	103.4325379376664	94.3794198351855	91.47337448839247	107.185508358535	100.601636020615
99.67219966165237	100.5009596102908	94.00536237960883	100.4182009104348	98.37277517379074	104.2224364163913	101.0932465066806	103.4548396469318	105.3778079444549	101.4417989616966	104.2423330591914	106.1076125495751	99.97637937868373	95.15867880070404	101.651072936052	96.70744000637038	104.8635854192873	97.21385362528997	100.662758926629	104.6904194077359	94.89082797262996	101.509669576809	101.3070911398913	105.8824354559937	97.40815921390229
100.8750050371785	96.01946924301785	96.15605844109474	102.4714973397008	105.8556451972106	99.19478568716454	99.65094594729385	91.12360792497471	106.5764486865254	100.843529407955	95.54638199631383	97.77002588482624	102.3374917543437	106.3727494234963	99.67874035687829	102.056073298689	92.12884750980916	93.50505633821106	100.1227818488053	100.4401341574526	100.7829016433311	101.7514703706469	101.9863292176993	101.1081199126741	94.22390984337356
93.89951203371317	93.83214607011148	100.6297191194329	100.0139159964608	100.4623701971928	94.95945350258171	94.68118193884544	91.59128268542683	105.7498808916881	98.21007443713945	93.03740771779891	101.2489627105861	92.42191009943254	103.050383082844	105.3456197754991	92.91002191849138	101.7603808182291	98.72916190107991	103.8849929248466	99.32114050887174	93.2196990026179	100.329596319464	94.68469090027634	96.32460088053351	101.3197211676927
99.16560781540812	103.8235326367675	96.17654611986478	98.07979217958228	96.08397770284941	96.11627210119767	102.1819240054276	99.29875674976233	95.74683146194812	97.85883956948278	100.4729556922972	101.4961501627061	100.8340959864191	97.43312084480057	93.16978676192228	99.07638876025572	93.39808088725674	95.3827788503993	95.23285992446058	104.9461397558507	94.54225701393528	97.69644788637216	104.6235117895117	97.81956934506812	95.93481830263843
103.9037123070013	99.08365852187262	105.5704806687492	93.42286247865763	101.5717448302522	100.8914823634415	94.52559307868161	98.56999111959227	102.9109472179447	94.28801223922261	98.89058306879845	97.37343816659816	95.23685119957463	95.26902100286432	105.6888007155288	103.6384887042649	92.55784521796701	104.221061811733	91.62107940884567	91.42160475356154	105.6738240527726	93.03845706369019	102.160149055287	101.1669292178902	105.9584708698118
101.1790404362118	95.44585341825631	97.47627101094972	103.5385626702016	91.97439362804076	104.4937211297793	96.49931229032666	102.7536921715636	103.2208456073186	99.64508824700704	95.2220393477849	102.2077248557038	96.91207683516191	98.77910520787114	105.2765131415431	91.4779374599169	95.77368169028877	100.1270895148754	95.64166729879531	105.2866569683283	98.0063109589307	106.8377718262787	105.646350985058	96.58735570952061	91.33426388807672
97.05451065729901	92.62007971717652	103.2908162792504	99.98086796967306	102.3576615279336	105.103682117887	93.66591074725879	98.07160948005919	95.29226575152941	102.5298415588059	100.409289001176	94.73302992360459	103.3718776923903	99.46767322231224	102.1825148907982	104.0864280670952	101.8831957370506	104.7017983608575	102.0549856336137	98.52790862699602	104.3053285471279	98.61207450171331	92.93085689884236	106.6031420459476	102.2212778110294
102.4136958551418	100.3448771587478	103.2388392664508	95.06773228549073	99.17586708417566	103.895656749765	93.51663899524033	105.279099900853	99.75201066589675	105.8579831198366	100.5429266682209	97.50319164568914	105.2900332848915	100.0031139861074	103.6762123934055	105.8589399928507	97.44196739731532	105.4923476390151	95.21052331717726	103.2858951332548	99.31642764309176	96.36167948641851	101.7125099303684	102.9190614970793	97.3272722247564
94.18719514093659	104.7303716127526	92.42191298599964	93.84398743808629	94.35246009569904	105.7221682994234	106.1065169064643	99.75434150266381	100.0779929896332	104.6271199703097	92.63385067784101	97.90567620245939	96.50810898151927	100.5944701115008	97.13491666790021	96.68839216511201	105.6201064654212	92.67361803481546	91.9261728192169	100.3754615011109	98.63243040956003	94.44218056412058	96.68074713089557	105.1862168478734	94.01294887551742
98.86389891016762	101.2629060254724	90.60575897204681	94.01215483749908	94.86706016916938	105.0986932156522	98.98050515656789	89.99926616093587	103.4857933317291	101.0603666786979	95.11833983639303	102.1575233489461	92.08647704285288	94.24523179003869	95.82479081862122	99.53368433914871	94.31823242816299	94.01210419735267	103.345511109729	98.96498649546693	99.02797828875933	104.0122480749514	101.8830963636026	102.4056806886575	105.8339751483176
92.53060343155241	107.4261430365536	93.90462292478091	101.3700049097876	106.8861159362985	98.72404295915197	101.0616943941474	101.5529731849857	104.4130220469451	96.79933663454929	106.6280100675757	102.7524038935072	101.3047271923369	99.37117395999464	104.1457961650158	106.8013298244417	98.24563537112697	92.19129608715153	101.9342863224849	91.89947632333464	96.18624606448387	106.7135645199301	99.07619221280041	106.7913037199424	104.6432688561297
104.9358984125351	95.10501643018506	100.2464992189519	100.4195128359801	94.32134401233316	104.92887778773	99.56969978453908	102.5637370738828	98.15751572285514	102.3073763862063	101.759619583254	99.97413758872128	105.6131584735353	101.611119825556	105.3383234528262	92.17241413515188	90.92933397358311	94.61212340707199	99.68975021544708	91.52312252494096	103.3903123154447	94.30879964224835	92.4248327226604	94.28869375077353	95.76654223742595
99.63809941364904	99.5453297661399	97.01291187648494	92.80957247186107	98.02274899326318	94.28137386159752	100.2768312693006	102.2342789249823	104.1215243047537	106.3412057459873	105.6737214637235	106.4153742892529	92.88048981252226	101.9485550336849	93.86823665411561	95.77324362515138	100.7281796030887	103.3830962337971	94.40155380143935	93.80328400225333	102.8222365003715	105.6531563188854	104.1657694540254	100.2440697343925	96.76768849083071
97.75506663224894	106.1820480378298	105.6578827815402	101.5766175473871	97.53079682424656	93.99801471080811	96.38253922330325	96.57187824404944	102.3096672864038	103.3928201290659	99.12616683236806	104.7739404304797	97.20555027429307	97.48809007416958	101.6683433635514	92.87794580085323	102.093798437902	94.93572556947929	95.29721349498227	106.157970740401	103.8170454518138	92.78812495854876	101.0308610023029	99.4363797829773	98.45562703436366
94.68026374300655	106.116575777477	93.09070310377794	94.91304140222249	94.09197529850951	92.79500880365575	96.12069945980934	104.0052920449208	94.41574102658505	98.89399486320895	101.3144111578267	100.6826637402793	97.78387187034009	101.1971869523646	105.7455218572631	103.7847556614149	100.4959088893875	100.2317306999986	97.8121483669462	102.7958012516899	95.42989569235827	99.97341449119632	99.95638729372331	97.12568896449042	98.0104784224705
97.28098171800708	107.2740095779845	94.25229838705233	98.16172462151302	107.0000199909792	102.695292229341	104.4282686451529	95.52236226917093	96.83650132453307	101.1597714442311	93.25712337540585	105.3744440473614	106.1314494678683	101.7987744446725	102.0479601683	93.15569788570454	104.0169614358205	94.39219844405648	92.74689574059573	99.53550820654301	93.71344939294249	96.74246452436279	90.75097916845577	101.6636161233073	104.1472231690415
93.35508325245335	94.53603165211589	93.30906984316701	92.36506619343822	97.71747200402919	98.47833249224504	102.304146617358	96.00038100353365	105.092274691183	97.5560989803579	94.50400712646105	101.5510940253225	94.04739957808823	102.9077393966662	95.75203491789823	92.45056793096241	100.455864866947	102.1652533492447	95.60131366135832	93.67854380889256	93.03871038383362	106.3795895957913	99.39086561041218	102.8119752757513	102.3469584534698
105.3576661782719	102.0316482334422	102.4322311075148	93.33154515156758	99.67940669171925	100.7165848775274	94.34703456301204	93.34976888746544	99.44883131159411	106.5234030406752	94.56589748006475	101.8252143342871	95.15295347423668	94.17236824665379	91.93067276564294	102.6524580354904	103.942783267767	101.6525650764532	93.19101654369445	100.7331545657406	101.6099972670908	94.3154432711959	94.06952316224037	100.5425479774228	104.4017398784316
95.74089447285529	101.5278839812787	104.5601373592222	103.3150309214059	104.1486291144682	104.3229274442957	104.9629173249001	100.7344665752046	94.42563279228122	97.88366017480458	94.86763557407649	97.6075748244764	93.61631827343841	97.89218386858421	94.93176906008371	95.47302172970919	92.58285205596621	93.76759520815277	103.1405268876421	96.1499724242999	102.2991799586264	99.39590358854834	98.5920375287168	93.89106733305833	102.9104468994265
98.0336692814178	105.8662051009241	103.3723629726249	92.99332422083113	105.3984153426424	102.2169922570174	104.0312728207224	104.8567896458466	100.611479582676	97.66082214465416	93.7458289045735	96.62610369676904	100.4237258077849	101.3740051723549	99.04404194291425	95.40877642354252	98.08701502863981	105.1742684215483	92.16666327891754	105.543939371327	100.2678183063422	99.90539148643961	91.82578928645502	101.6322054030101	94.7298624332834
106.2281447625427	100.4324397091174	102.6439163981182	100.4899747962774	104.0647579863581	100.4955585451282	105.6489939492514	90.81029231839157	105.8607842814037	94.3334744015789	97.79227582106591	104.1906102726019	101.0867581880256	93.64129710666407	97.97524794266431	102.285861172841	95.8580481922948	107.1732108805766	92.79879617487821	96.98124097688313	99.64644761518214	101.4947990899339	103.2484307832347	99.5018819018868	102.4881186030692
102.4531108628395	106.6314611184306	91.49828760936816	104.5803756006062	95.11476690320121	92.74438688145084	103.1734953713013	93.5566408442939	96.60055307279734	105.3216661115622	106.199666854076	97.67220091788754	95.30271215010136	100.0002633729643	105.5073271972738	96.38345230845687	96.84793903476444	105.2789085026528	102.5126173708455	96.60485085147357	105.2671151908687	97.65842703318988	95.88985578890394	102.2986442292995	97.72111926806681
104.8803091890278	92.50029447899331	89.76968269644888	91.68843859398235	101.9774990745941	97.74832250334013	101.4317319851517	92.93120666222954	106.6251505968123	106.1856066640579	96.31487544280904	102.2156317713895	91.14219394686525	98.17097698263288	101.374416472112	106.781488958055	98.64452697479427	98.55402737866662	99.94894168017868	90.44310833280451	105.5718394616178	105.792130092178	90.43193700534117	97.49293150870542	104.1739895983737
95.11895096490716	104.1986909210788	95.03071022759103	94.78054756718615	102.5248475427135	97.93374093010529	94.63466417144747	89.57856239171083	96.95835064513263	98.26850257011654	104.2641256203315	101.9776606908587	95.23022119624375	93.56638089555352	96.27579546444524	94.38912839325448	87.38833776134294	93.43781611646318	94.78464149934314	96.59133564469418	93.20099466909927	102.8269358699411	100.1237764570617	92.06329285152567	105.1610427531704
93.5155590663836	96.23099428565	97.40671543862801	98.31442760462443	104.2210879795456	106.1080325497271	104.8603941548231	96.48775528018147	99.22694068814597	101.8039046132756	100.2088699242628	95.69450222753326	91.26621033202041	101.0863674983236	106.6862970334622	104.14119824935	94.46762154823232	103.2932582785303	103.6118990572373	97.80212680237905	104.9368856704799	105.3854128265025	98.51836052960697	101.7140855177334	107.3064869897195
103.3252911282849	100.2678787033187	93.30728298675477	99.12937598408593	94.21205481532972	106.3358894542609	98.81172480834947	103.0883677254892	105.721341581117	102.139613012972	104.2965395439384	102.894159216959	96.02545780989703	96.05151910365294	106.9610740351168	97.57326373398192	95.46322589505846	97.95695429771915	98.33855726641609	101.0964971754658	101.5950099276334	101.7083180928631	90.05150644852334	97.10523414574085	103.3712751007018
97.43918895432762	94.73718219553656	90.23714105701885	98.68722106854061	102.0349405943902	93.89683213078398	105.1262777036381	89.89765623046688	98.02858428734706	96.46217228246697	96.35974393085627	102.3741235067984	92.02449592832491	95.09825991369863	100.5516150726301	94.10244618871711	99.97913854891488	92.66066648727146	96.76368199139051	100.8642960708974	98.96353510431859	92.70689490686925	90.0465661503149	101.5510326147088	99.55812818547165
94.43843264060365	94.19867930460559	100.1823386738891	94.79450256072391	100.7771772065436	93.58319630315977	99.95582443408311	103.9752672420741	102.2088675792279	106.7182830876522	96.58494770918229	101.7987365408115	93.10766886776813	93.48971445364286	97.81057609481753	95.79822683215728	99.12626497257318	102.0148994470907	100.2320740070382	92.97646262767758	100.8360704370504	94.95436469083891	97.39475146931279	95.39733693290654	101.4868437285598
95.79695750633206	105.412096586898	94.39509332121663	101.4093791531884	100.025551232683	95.03308246324823	104.1627788495807	94.19378477673337	92.76883229322399	104.1136084716441	105.257027821281	101.1474892230414	95.80604034476187	92.20792718033996	105.946374998861	97.13823278825527	90.75129744347859	99.49397057268376	95.76460767689923	96.25419732935646	93.88729506942994	105.5321434704813	92.18501703056207	102.7769513199692	99.92563357434116
103.7776327614936	95.57854924070369	100.4140561536079	102.4442479571154	100.2812646110314	97.58167886358099	104.2115208070681	104.4477264713532	97.26109896945006	97.72511130390976	103.1769247928422	105.9782728751363	101.1966408731439	94.05939693276133	94.65384416308389	91.94074134155605	91.98892277982517	97.56555657753786	106.5340841276889	93.29043643134496	96.4736170750507	102.7453873468115	94.61164721220739	106.8952187374538	105.5230447529399
93.36502045740208	102.38598957949	93.76639207902664	104.0243821854402	101.5729937355143	95.39488341066014	100.4247820811787	101.0313887653785	104.6346880562051	105.4273301031338	93.20129293972919	102.6175327712752	97.72859691154851	104.9163109014836	104.2829349006773	97.48722090176649	99.82987818953987	92.9460299628827	103.3903058758179	91.20486635554138	107.2435031121584	99.46918935343372	102.3701868866502	104.2761960325066	102.4087408728632
97.6912769439696	101.2932181461923	103.6181409225854	93.69239682619583	104.8278134097194	105.2586704838352	99.76121555322997	96.87285133237687	101.9095805297232	93.76562935249737	102.826372594636	104.4807422436168	103.1060709569911	100.6170926209097	102.3696373343235	104.1947453164483	101.3044961296261	102.6403195808785	104.1322473534205	99.59282956003948	99.499238414617	103.8720199024198	103.2952173271309	98.84739199400269	94.27529453817215
96.22376147156355	98.26316002284793	95.17104842937144	95.72881112175865	97.58050647507638	98.15527893906327	101.4984287162001	100.7681888424788	105.376449893556	105.6413224922065	100.341956361545	91.51820232731066	102.4362904945437	104.5781748950134	94.14848827869587	95.01086472988723	102.752285941839	101.1474829904707	101.623030605847	92.58820684239558	97.1851638022476	99.71329551676752	95.9138762300411	93.25255083670849	103.1681645365972
98.38176601204667	92.8743234049289	99.25502456619344	101.9835334701859	101.6154115483383	107.0931573034785	101.0474416726827	99.14412072632906	96.8954384666112	99.45031716441872	100.3336356873381	103.9071441630222	95.66279356624094	99.9126525599321	106.0251119321928	98.10652757446786	97.19364431730489	95.90336827292749	95.27427426333219	99.42497364550233	100.0595985124184	96.04729569295787	101.2294866000243	100.3464083086705	95.23003913165491
101.9085665083121	100.2228416029401	101.8712331772815	96.25361389249424	102.784544517931	93.17586763159295	99.89039526018557	104.0641535268425	93.36588534998366	100.8783834739271	106.9828502988856	94.65736975156585	99.05066540680129	94.58839729813494	103.903278702052	104.6859683449354	96.66469923751617	106.632265626793	98.40664132369895	94.4842887783059	98.11469120150726	93.8073869583588	100.327497452064	107.1499128736119	93.8900865273001
96.27543112253765	106.2358955245095	92.56380375944147	92.25735409774975	99.52044777198108	95.2445661275454	93.06230960350693	98.34384111544861	100.2350433005848	104.1552300723452	92.69156909465136	98.71752754840468	99.84965230522401	96.73202247562557	99.73349618334623	98.4425326412637	89.96463202668853	98.69174567379069	104.9401727419327	102.6578611347864	100.8916145885862	101.279738646654	97.96591966416314	104.5120314425371	104.6909617942614
99.03727831200982	100.9291936854691	89.78941327539474	90.52529762904679	100.8309340824881	93.26998653146266	99.62271868972088	99.44711745631641	93.08796407682847	93.66644918005484	102.8722128370805	104.8304611592181	103.6007692308595	100.820942553651	99.39755003021402	102.3537395483181	88.52300618039031	94.50600378441878	99.1020270583672	96.29262817103539	102.8867667515485	93.49890982086721	99.93862075886312	95.2209077743198	102.0380909915662
103.1667888241217	107.4040692130089	99.53752215164913	100.8165938457635	100.7584327048063	100.0224468972579	97.12748306010354	103.2988306289022	98.72176876740733	93.5142527374516	102.8701034406412	99.17197946642337	101.9903301249185	95.94209650672116	101.3805013779463	97.13178527802353	95.23039910259291	103.8914402562031	97.18540906364309	90.95085363090664	105.2048873281858	101.0389597014161	90.76961509765654	97.8573663824303	104.0392795201758
107.2132781591294	106.3711260789877	94.76582251304487	97.91871582630408	107.0831077705403	96.21156859954945	101.8922452708784	95.66559956104506	107.0156856162501	96.59852097453727	94.54716331430377	92.39556205121139	98.03584728225958	102.2787540117191	94.76757784547821	98.69309312848421	91.17114913365322	102.9087527232815	101.0546453271154	95.57190317075639	97.67126902058621	97.52745769628069	92.17897877349998	94.74393076637061	98.29191541218306
99.01752534866669	97.54175032709786	95.98304998145285	91.80965675625418	100.3913898646803	96.96116459814739	99.25773401479306	96.52044977940849	92.29980760707672	101.2394398568781	100.7546763856315	95.94400005543829	95.08059756988017	94.674844758343	93.48259084379393	95.18626592536978	90.23493253018546	101.5489107634444	99.58352432796383	97.6765603014171	99.03533765106488	99.6097542509518	91.80790006704157	97.6054880560431	99.69125901890084
99.8388622677907	95.85287401143987	90.41770126218198	96.01212954182846	105.8201830536854	99.90213836665016	102.5320858134044	86.82120565194397	97.78127370452586	97.60514520559066	104.4837838515505	93.57118378106144	93.01252680117013	102.5380169602952	105.9214839442681	94.1097307014813	88.05011472545981	97.80342859514403	92.68063276028136	91.71979802000563	94.29686442684348	94.19288987744729	97.49657252299903	103.5030068869383	101.6394854747071
