99.01540779450688	99.23617906067751	99.99101009610732	99.99899956920541	99.61954752591345	99.65002457557237	99.06286198971725	99.90268101386799	99.6060168468542	99.56958439523409	99.82228274249896	99.99629451828744	99.99872633466018	99.89430646217214	99.10020900662836	99.19746997160757	99.8542843130146	99.99573041767967	99.94554148490137	99.90624391477419	99.41001149164074	99.71714804024879	99.88217210232017	99.86168851640149	99.31058839937059
98.78747196288143	99.04574717175015	99.99865523691682	99.99784290388494	99.47540220487835	99.50395184083953	98.85012134867137	99.9568546410336	99.46064466070507	99.41942717851036	99.72155250303315	99.99436618805041	99.98922695225156	99.81702944525007	98.89636281182734	98.9918854891117	99.92178215499972	99.97351278803809	99.98291994388434	99.95819387469041	99.23306382316643	99.5866917639143	99.94284832105788	99.77118304826534	99.1366183243664
99.58685091853386	99.72330124043441	99.79961008258806	99.87313967144222	99.92416634782082	99.93883097430231	99.61925736362983	99.55691684112902	99.92018829143464	99.90412979051057	99.99324319891038	99.95570029848211	99.97246147407566	99.99892672712548	99.63330259130313	99.69984835921932	99.46913922402277	99.99646236436371	99.66173657210526	99.57898517255968	99.8225610710367	99.96313914008039	99.5248626368105	99.99867224808105	99.76701983364025
99.36503334824368	99.54502634252582	99.91317083515557	99.95982717768489	99.81867659435918	99.83777992613338	99.40586985378981	99.74193249166491	99.81252734011437	99.79274940030396	99.94712650973247	99.99596088624615	99.99875427142416	99.98323054761062	99.42370394285095	99.51656039325243	99.65854591057108	99.99170051459147	99.81883315044345	99.74971726913506	99.66339647859435	99.88661716252243	99.71475390090825	99.96762375752913	99.60043964562296
98.70450083206714	98.98016463235108	99.99818450189309	99.99880658490451	99.42255286333167	99.45293294301329	98.75633909622104	99.96855068113317	99.40668128984804	99.36078655129195	99.68251209176324	99.98797964479917	99.97839422589186	99.78531073320683	98.79553940565037	98.92952093248917	99.93915836634835	99.95945784806557	99.99188584046439	99.97333336180563	99.1550557829427	99.53692761391329	99.95997740330156	99.73132959322312	99.05914848892282
99.026613585202	99.24399689550468	99.98929903377255	99.99894953551416	99.62206926069292	99.64329527910874	99.07127616032687	99.89907366949876	99.60200626650713	99.57835383980232	99.81802963804301	99.99617562002429	99.99851025924082	99.89882332025925	99.0930113750274	99.20058118974586	99.85287946274522	99.99637260921821	99.94663290853634	99.90651637577103	99.41387666826554	99.71621165854989	99.88013245866607	99.86429530156059	99.32085889783502
99.64579264856469	99.7796756440348	99.75488259198293	99.83595023169947	99.95415724236953	99.96261240076356	99.67703238088218	99.48970887839997	99.94702518841146	99.93510554251131	99.99832936875777	99.93292819150848	99.95128352674051	99.99553456996301	99.69773938544981	99.75893893531598	99.37665325164907	99.98881731882827	99.60620398543216	99.4976423605895	99.86545496416053	99.98105127487509	99.44751326350476	99.99893421835037	99.81838842625892
98.82208086462828	99.08649089523981	99.99900239578743	99.99741348378272	99.4999658501892	99.52991449373579	98.87378097625826	99.9490445766224	99.47985184468361	99.45098064595318	99.73778622115795	99.99655065078318	99.9910642754587	99.83343730125351	98.92396330571056	99.03011516737675	99.91161857044837	99.97956619648998	99.97929630260992	99.95399075160128	99.26197454825029	99.61185819820936	99.93554500216879	99.7876376822005	99.15955924216809
99.29070351662456	99.47293611428975	99.94180424170214	99.97577577181535	99.77758973119593	99.80102947944587	99.33147689120496	99.78614228305143	99.77202212508396	99.74557128623202	99.9223681742198	99.99887663706843	99.99650554463825	99.96886485202069	99.35345388371914	99.44357763305784	99.70889477533248	99.99190321998078	99.8543684498563	99.79294186556827	99.60841104706807	99.85226781740337	99.7568659127039	99.95197043707294	99.54304765874798
99.53809685012192	99.69592980749637	99.8314222733994	99.89619410346144	99.9094872924193	99.92282930047936	99.57646021415344	99.59878106449558	99.90234031134433	99.88378073021509	99.98803668802981	99.96846847295808	99.98089618855637	99.99900401745774	99.60277361413051	99.66150308216038	99.51036154528158	99.99876285404441	99.70708167061117	99.6111753351085	99.78828575705624	99.95290522059726	99.56686537077813	99.99587105422657	99.7421709994847
99.94491811456832	99.98619227877768	99.26128008710093	99.41311536019661	99.98883208287413	99.99900086882379	99.95640818969225	98.84743484641713	99.99231805965016	99.9962241857763	99.97781985061849	99.60845068716742	99.66522843690933	99.81602386964992	99.96398865834303	99.98208000664437	98.67267528864613	99.78614758728303	99.01100186308767	98.86622083232557	99.99897493830402	99.99247724199466	98.78091397445648	99.86939112382507	99.99531865649392
99.39326190141246	99.56660283735208	99.90724321282191	99.9496842977756	99.8376936247126	99.85393004317909	99.42836698278586	99.71946380919786	99.82788011633585	99.80513932116605	99.95574722194988	99.99427451103141	99.99773705816351	99.98820483626332	99.45610677718939	99.5360227092587	99.63877160152805	99.99214363318572	99.80581238466897	99.73569510161504	99.68208897893052	99.89398904079655	99.69216299325913	99.97503346504053	99.62198537944164
99.95519543218356	99.9912138319421	99.24484326417992	99.37948382628362	99.98594135294316	99.99874391627644	99.96297870265087	98.79640607654022	99.98921179784674	99.99686140818118	99.97117068576587	99.59327268512607	99.63657216054719	99.80440018029437	99.96908346324489	99.98585940346226	98.6516775662176	99.76704258634456	98.99014898869015	98.83742266164657	99.99843194412416	99.99400908095512	98.74419264412094	99.85822620972829	99.99673308467703
99.70177720100104	99.81526493771385	99.703429954425	99.79717799559177	99.97019609160354	99.97697969947707	99.73198562447385	99.42490114810897	99.96548009445928	99.95706825657797	99.99715160138649	99.90743164841277	99.9264768137464	99.98670223499386	99.74128688662893	99.79425704948324	99.30944247960248	99.97726498675659	99.54908002555125	99.44220531752494	99.89211714554037	99.99145172266299	99.38654422808267	99.99698952186641	99.85515514717362
99.94380782640708	99.98605327421502	99.26945314344869	99.41407073775144	99.98926547088385	99.99874729537291	99.9562193758757	98.85254108896039	99.99359618445563	99.99613183501708	99.97828981578908	99.61683370146214	99.67026338585694	99.82461243777661	99.96389792651109	99.98100590187792	98.69274588257531	99.7901315299398	99.01958975281758	98.87219849312082	99.99885961899578	99.99216509262607	98.79960998830099	99.87493494906251	99.99401072487647
99.73415010545212	99.84666067348684	99.66516094329586	99.76063358716448	99.98122666559561	99.98561320673605	99.76042704804527	99.36646415483403	99.9762190390197	99.96827699161169	99.99521714762436	99.88026126051625	99.90978962175794	99.97938176877869	99.77892412131226	99.82958634344689	99.24625878371286	99.96541116742344	99.4879750229091	99.38632770145541	99.91555987987617	99.99613730050947	99.32527736213656	99.99287220034837	99.8828412078267
99.94608523997996	99.98753312532486	99.24994910800939	99.39821682245604	99.98668817296161	99.99892418776845	99.95854420942221	98.83923757994863	99.99129978840116	99.9963797552704	99.97603857566678	99.60196121946429	99.6554266349105	99.81565882189145	99.96691331500054	99.98367729075309	98.68033205873343	99.7776305499178	99.00049650385053	98.84440490114471	99.99900458012385	99.99291240767437	98.77580216028841	99.86924999152536	99.99583533907871
99.88313853092514	99.94988633877846	99.44115642982466	99.56940783916684	99.99883089695662	99.99591195022462	99.89951504199554	99.05984851768063	99.99863880751072	99.99900354680493	99.99773771499908	99.73357442822152	99.77920787183498	99.90031964005719	99.91066148904791	99.94056983951333	98.93421721774254	99.87572859620406	99.22529386718385	99.09179754780173	99.98481781624814	99.98920113987781	99.02648631608599	99.93803247533705	99.96803268343054
99.89417094632196	99.95758200552802	99.41673359736005	99.54865290388742	99.99897230591932	99.99563275600811	99.90441776597775	99.04720642129108	99.99868011777183	99.99812448084958	99.99587938445057	99.71934059875062	99.76729114423509	99.89214266886172	99.91918110279541	99.94745874731433	98.89904205463813	99.86409299118267	99.20111609232254	99.06538460146324	99.98834176726071	99.98894160729813	98.9953738916618	99.93079617105728	99.9730186747932
99.88566712282736	99.95416556084061	99.43322726405785	99.56698326979362	99.99890352523941	99.99576884448625	99.90482917542582	99.06495240799805	99.99862878329998	99.99866473765587	99.99661620353177	99.73115498844132	99.7721484838454	99.89601082044827	99.91170978793052	99.94415361953867	98.9088107133326	99.86954413316273	99.2137844855656	99.08350154632242	99.98546509514919	99.98907512348018	99.00127061239682	99.9377589673597	99.97139897901924
99.28975394389151	99.47657435903614	99.94101579298935	99.97596466395512	99.77897134738211	99.80030876340791	99.33482000702752	99.79001277001636	99.77169129746679	99.74502440953636	99.92478005741904	99.99896715938704	99.99643541656893	99.97107361257981	99.3617614443308	99.44776037703001	99.71743166156668	99.9919537085887	99.85566715649412	99.79845053310873	99.61633513379546	99.84881763449243	99.75932371919789	99.9476276239093	99.54248121634913
99.408314473375	99.58819468761054	99.89301966512075	99.94585290438489	99.8506735662904	99.86182949865574	99.45088918262176	99.70286482543534	99.83985014621891	99.81734249967253	99.96109312040041	99.99102376471254	99.99649961984571	99.99099214662549	99.48168786875955	99.55203088060539	99.6268620054973	99.99282010946723	99.79382098567582	99.72197951928439	99.70399901400097	99.90704412162138	99.67449807424558	99.97958974488479	99.63509008875585
99.9717357150018	99.99736465791416	99.15370791787662	99.31002513435044	99.96904241309986	99.99382707380914	99.98085980717832	98.68105738301469	99.97773143561321	99.99855054108592	99.95167375085273	99.51960731873572	99.58375631189725	99.75740954894272	99.98555117174949	99.9941317783202	98.52707260263161	99.71903471006189	98.8674687574528	98.7077487404261	99.99619384690082	99.99896624965101	98.61892182414562	99.81523134212723	99.9985879442015
99.24032866709121	99.43745338800649	99.95318098760102	99.98431682188779	99.74510058439105	99.76691252386864	99.27742607937023	99.81633016110659	99.73649613830443	99.71559321130758	99.90686809086054	99.99721307465492	99.99513143910926	99.95826226505064	99.3132178340468	99.39458609242993	99.7493916192919	99.99328628482097	99.87991092386808	99.82019836228065	99.5673540329625	99.82144539726168	99.78575111003401	99.93541398611093	99.49296247615617
99.89090566166925	99.95666744076921	99.43130555758127	99.5566565723439	99.99899482058493	99.99566751647414	99.90725888263728	99.05188083356555	99.9986421255318	99.99834330863948	99.99649765324841	99.73157466818756	99.76773252645786	99.89480982992544	99.91821123139547	99.94568820101738	98.89949013765178	99.86428048855383	99.20858590222379	99.07340179887767	99.98684294991097	99.98898238290623	99.00159640020203	99.93405423054949	99.97294964040341
99.99642119970665	99.998908018772	98.92595214331928	99.10573129055525	99.91709474273021	99.96651630852928	99.99825276578169	98.41306061349336	99.9305160338089	99.98306681202193	99.89068070351281	99.35044574514401	99.41072086946645	99.62680503869548	99.99900153978025	99.996400686353	98.2225686626076	99.57928285431987	98.61940713797968	98.44908595488053	99.99875034255534	99.98320087297338	98.34938302775716	99.71379032052243	99.99212250316401
99.33991705788412	99.52749113975382	99.92321612087063	99.96218685898553	99.81481034542455	99.83427619254662	99.37949499381305	99.74984495021472	99.80448245335035	99.77863997732221	99.94162081335959	99.99727961907259	99.99900251462239	99.98013100975869	99.42006138063853	99.49219320825712	99.67617012384288	99.99152853340635	99.82775586818389	99.7638944951531	99.65371671981202	99.87772468091009	99.72407282082845	99.96501351409054	99.58569415888641
99.50922940321372	99.66790648355946	99.85370865906279	99.91181620649961	99.89310779719091	99.90398902712583	99.53357900510539	99.634774784794	99.88371714964643	99.86411554777341	99.98024726704718	99.9760536178502	99.9874457370381	99.99794244759825	99.55863224340331	99.63183369146928	99.53785516868948	99.99791234132209	99.73175961298081	99.64379206355628	99.76920234338034	99.93838937991262	99.60092667035617	99.99238462538197	99.71514099292168
99.86381537457902	99.94125685627671	99.47778547378893	99.59492319407242	99.99883249623105	99.99684945596236	99.88332303026351	99.10695641449799	99.99899755412692	99.99810228158279	99.99879012027651	99.76401098668782	99.80251014062812	99.91386864124911	99.8923253998734	99.92941170169708	98.97726616482494	99.89265455781045	99.2563511150025	99.13509106556404	99.9773227796322	99.99011882188888	99.05393439551038	99.95075004955754	99.96005679031832
99.71391030489023	99.8311496222142	99.68643697524875	99.78203930042866	99.97516523269113	99.97992037564278	99.74544888417964	99.39008471454619	99.97245213728388	99.96351617771765	99.99613240599174	99.8984948529116	99.918005319391	99.98465905016153	99.75818637598059	99.80823197769753	99.2766763456313	99.97240950878921	99.51779693949553	99.410267886508	99.90430701969657	99.99422365521907	99.35608094920536	99.99566367651244	99.86579597269125
99.71644745256799	99.82725842197745	99.69431611351867	99.78444579212669	99.97427636204461	99.97905753557936	99.73785502538546	99.40471224466397	99.97135563820952	99.96179625098914	99.99637290123398	99.89839028314917	99.92115905872461	99.98438034566905	99.75388312220427	99.80344341278655	99.28850149089786	99.97514909802287	99.53219635345114	99.41483638840768	99.90336101013241	99.99314754340118	99.35901458688016	99.99640360558811	99.86637218722714
99.80060742041026	99.8939117637817	99.58980749292857	99.69800558005875	99.99472855598526	99.99711218211046	99.82299745621295	99.248652526886	99.99208357251364	99.98804286838761	99.99499265689819	99.8360041967709	99.86082774291468	99.95583832161658	99.83708267657619	99.8766715048535	99.12740230571828	99.93519710456424	99.39798984946992	99.26990216278396	99.95047265938797	99.99715343085455	99.20968951911703	99.97898019275458	99.91904852126274
99.90247610115091	99.96191272476013	99.4015886679709	99.53173325538174	99.99856634741076	99.995527890163	99.91781963752253	99.01067746265788	99.99897900789104	99.9971418276666	99.99446082384733	99.7023882075419	99.74509867776999	99.87985945426219	99.92555084096124	99.95285029836954	98.8550830498053	99.85571089993866	99.16410686657007	99.03649968767367	99.99095086365377	99.98887748073642	98.95114082985049	99.9247735091184	99.97691236441409
99.93445125374001	99.98042698479748	99.29971738777175	99.45204485165388	99.99344483802273	99.99737116430731	99.94773295283017	98.89107478935767	99.9951924442628	99.99581988235973	99.98260655884191	99.63928902658468	99.69258970920156	99.84147428990229	99.95255208026025	99.97356442762427	98.72601928132056	99.80791287247861	99.06983856441582	98.91641797486291	99.99799538816458	99.99077973678774	98.83128649247608	99.88681890406468	99.99164869176452
99.74177784476529	99.84962707509798	99.66157904395773	99.76060535203082	99.98093274011724	99.98698475742329	99.76448642246794	99.36332712118499	99.97931286922648	99.97073938380919	99.99506887061122	99.87792084341686	99.90767295759743	99.9761397135083	99.7878457527743	99.83482165852253	99.24900230771226	99.96575960955848	99.48589971122598	99.38087662319306	99.91806310366937	99.9961048798972	99.31178010244354	99.99280868874644	99.88120093125295
99.84427264224611	99.92238275468853	99.5194554941433	99.64074993610083	99.99870452914224	99.9989820033443	99.85865181505633	99.1800095758214	99.99816618719237	99.99566955857159	99.99750386881865	99.79568390565518	99.82787125433313	99.93455468964635	99.87565494416366	99.90715356821099	99.03699091166457	99.9102052794122	99.31171292389232	99.19174607348414	99.96941497620126	99.99222777634638	99.12146062079916	99.96261851608025	99.94390107882586
99.82574280420164	99.91251174089346	99.54554585501072	99.6601658559704	99.99690039972478	99.99843817365414	99.84622919428787	99.21293176473048	99.99646308562122	99.99365878873674	99.9961845018625	99.81181279818055	99.84497859304003	99.94386410341424	99.8606218585376	99.89530350427485	99.07653522367723	99.92225725147335	99.35425242413041	99.2217645667905	99.96117492785432	99.99402799581581	99.15999269838211	99.97142723544808	99.93641834756978
99.98872454249418	99.99855140554519	99.03833849980647	99.19538094020649	99.94876783672674	99.98393003872955	99.99333308709836	98.55081040158335	99.95519594208621	99.99357828439408	99.92271995557924	99.4417221992891	99.49909912456386	99.69333332080235	99.99470056817314	99.99889930791863	98.36911436655259	99.65227334391997	98.75812024416587	98.58336639931984	99.99680117826905	99.99484953888648	98.49542112954428	99.76558605880076	99.99367115513832
99.67743648827245	99.8055593476613	99.72579240282077	99.81433339934091	99.96106264432608	99.97048149755511	99.7028765190302	99.45451017668118	99.95746445344898	99.94746573427223	99.99876156199896	99.91594812475883	99.94034208451188	99.99129514307363	99.72032519629002	99.78108773613586	99.34564913174844	99.9832576897614	99.57178272339645	99.4660777934259	99.87964677072878	99.98748231553442	99.41578801342229	99.99832539544214	99.84132355684488
99.73081965584559	99.84301732061626	99.67949234570379	99.77347255353095	99.97688875745202	99.98445976502543	99.75719398654654	99.38730262361524	99.97532348209108	99.96748357909185	99.99561512592786	99.89046387008935	99.91332279642897	99.98176955077696	99.76649839402901	99.81603949840961	99.25676580771265	99.96893309699776	99.50764635482264	99.40111519645657	99.9112625975274	99.99549417990087	99.34276636823827	99.99492499403824	99.87337985938102
99.95888501524223	99.99349955729878	99.20414476303597	99.36333112591666	99.98078130823558	99.99786488236289	99.96729463807813	98.77472939564059	99.98598532810217	99.99759220779494	99.96756079609878	99.57571128175758	99.6284480939519	99.79336725406388	99.97503657817234	99.98801915658544	98.60558252403871	99.75282461332104	98.96363080975149	98.80528609674316	99.99756544853967	99.9955274892297	98.7240033101406	99.85262328071835	99.99810270557242
99.97458844572944	99.93469285020548	98.34938839121666	98.56285099294053	99.71677417084869	99.81344971859511	99.97003226125568	97.75354121095269	99.74002472938076	99.85506317501748	99.67041080449803	98.89694663079671	98.9759273597779	99.27021776842517	99.96177327614836	99.97883681935052	97.53367199684607	99.20924439469401	97.9734169748334	97.75967119987664	99.92927219974736	99.86487256808887	97.65122954798882	99.38789083929409	99.98183527446588
99.91570586048148	99.97118974496281	99.37462090970195	99.50032082244384	99.99726130813538	99.99578675156336	99.92726996872169	98.98075325464687	99.99875377310589	99.99632476599886	99.99051471405875	99.68606918693965	99.72718907179772	99.86790533801158	99.93727804890614	99.96073458358939	98.82141995243542	99.83510341839285	99.12665448064627	98.9864813100202	99.99461783166372	99.98911751531378	98.9149026164755	99.91456386564089	99.98300326223557
99.9985953172224	99.99757965386119	98.84976506129389	99.03594644958255	99.90093108541113	99.9527998781406	99.99877469691218	98.33563216887899	99.91337567537745	99.97328490428681	99.86493827466776	99.29170973212894	99.3611129645728	99.59233847573593	99.99881368435749	99.9959823189588	98.13343979024791	99.53443667042322	98.54966173549664	98.37167238954767	99.99657549277511	99.97433638887152	98.26381985953468	99.6693379219283	99.99271166217753
99.99421631940287	99.998673663999	98.95489217581741	99.13558734955363	99.92726924153463	99.97109674683612	99.99707624298075	98.45186125591646	99.93799965275497	99.98505820867743	99.89768213739502	99.38484376674968	99.44318153514854	99.65003479768583	99.99853852485097	99.99706528116751	98.27322581971828	99.60880270359162	98.65505509414578	98.48337718577278	99.99899890233704	99.98823239711214	98.40265189213457	99.72753811719105	99.99228641300016
99.95661003601391	99.99144435520695	99.22804075264152	99.37758457517937	99.98487363909393	99.99872614315028	99.96456540657715	98.80398661783957	99.98790941487815	99.9970290735063	99.97171544460953	99.5844035497273	99.63383229696998	99.80213293814414	99.97217413886601	99.98635762707677	98.63697789775132	99.76903633743433	98.9829659821301	98.82558312415296	99.99818844173883	99.99440168995616	98.74532074402813	99.8577896187679	99.99669588746649
99.89438165900677	99.82836647850546	97.91360526053641	98.17339223487305	99.52548283838939	99.65693038888924	99.89510562913242	97.23508239702765	99.54731427755762	99.71140055006489	99.45423587073738	98.53291429293142	98.64043003429674	98.97130600560465	99.86802765918793	99.90770572358223	96.99215368945515	98.88687418666558	97.48954094850029	97.26292354240444	99.81892212644462	99.71377857180346	97.13978183095358	99.10696485679759	99.91367186781537
99.9601234956337	99.91745932476877	98.27829437315734	98.50375879919088	99.67851573593812	99.78540220744078	99.95901639268651	97.65038295037833	99.70278302375242	99.83296844330597	99.62540070052641	98.82870923775005	98.9115725833917	99.20874909179078	99.94712837139112	99.96802813238949	97.41164715846907	99.1442060707213	97.89107341234254	97.67553948878674	99.9088330850372	99.83816617511084	97.56981308905542	99.33073512907043	99.97317814960921
99.89295959063207	99.82906270511285	97.91096875978069	98.17589819122394	99.52708537586396	99.65733136575865	99.89532435359246	97.22175696804582	99.54904182527098	99.71647091479208	99.45238052683621	98.54063369004818	98.62727083346643	98.97634628990927	99.86995708631173	99.90792849968354	96.97676989473153	98.90718939525848	97.50320162026391	97.25851816219094	99.82217382105672	99.72282723709117	97.15357654539513	99.11014213138964	99.9182108173508
99.99899872299862	99.99048880419321	98.74359597651856	98.93404311499044	99.8610461388615	99.92738298385045	99.99900098883214	98.20460019506891	99.88002873692074	99.9535826296724	99.83055986976488	99.20977265471427	99.28717024556535	99.51674942487152	99.99774417441884	99.99745222051804	97.99272675276856	99.46597864625549	98.42569314634488	98.24022774917782	99.98932975403835	99.95714723673575	98.14017580497317	99.60832546506957	99.99566973035144
