90.14038097167483	101.2027989999422	105.3578913568339	89.50675385765182	85.27344370734596	97.30196069187858	93.24932504342151	102.867722720045	101.4554807381521	114.2691139978219	89.22665546722995	94.12807869706762	103.1494251551132	95.7607364353329	107.2269546927815	92.51864909199735	112.6309009296907	92.289022610467	95.36381412834446	91.80447470589134	98.20018246049612	94.67910608874372	107.8375905147181	108.9550299251571	96.40952718820635
112.1213842742549	109.847331772726	96.18615873284308	109.1710908109272	88.08567256864289	88.7219559336298	106.7534168847951	114.3417064423235	108.4041768505083	89.4583809193068	85.88137601587982	106.2655024593835	91.09251414733197	114.7829678415484	98.33296864077992	107.7593530161517	108.6472535424346	102.0927948998278	98.75587789949475	85.61194779782687	99.99571405307441	85.26975697241686	99.78126052422726	106.5892023301122	86.73676812499497
97.75596703327297	92.06648080568823	101.5544001613793	110.8343426766715	107.0579247214635	109.1897532463996	101.8076645443315	98.2772224868485	99.80596042263556	102.4317573985441	92.59618937382137	111.9738755830575	102.5415511249213	91.87838081839894	90.43219277229656	113.4555070921646	95.38565631874674	97.17039900360516	102.9981102909595	89.05656579232441	86.07426329449011	114.4561384400182	91.07476029837696	92.38314220276935	111.1705247193855
106.40396133767	90.00227116619905	95.19761456236563	111.8406193538273	112.7434843691552	97.12624731256901	104.9184616260105	88.04980693006422	106.7924183755553	105.4041672391246	85.19725992327332	94.55000426483768	92.79952208278995	86.46878320838607	93.81738195606192	100.5161696608248	102.4410605936212	112.6303116753852	114.4318888905274	90.71545026845894	111.3134743074917	114.4292093548306	91.40497592696593	102.9827943397788	101.2351752370406
104.2700440732839	114.4268858017797	98.90211140060111	114.4319046131193	101.0025557522681	90.55518046076402	97.63871031593071	109.2233828824864	95.09033111540461	91.59445362740431	97.48685619330907	94.31626652597328	100.8565500426205	102.9575690771592	87.28495457437332	100.7306068146606	93.61913697138598	105.216714397572	85.3844016569645	91.46616143921807	97.88761759292763	89.96733492370245	107.1073751004283	99.99315999947454	103.7160567313801
103.6998369912179	90.53480146433166	94.91452296095824	114.0637798383918	89.25401103068084	101.8452623137441	90.3203879987939	100.0717987539686	106.5283670919785	99.29722817152107	107.8082069433634	102.0963736486187	107.1484206849791	106.2875652875053	97.92885832626256	100.1254686101364	100.9871772790691	109.522743672682	96.22770466223906	113.0928054440213	108.3345873711835	98.12786666539344	95.55606375597758	105.7105538800164	111.1224293853518
99.43588586336061	106.8831205277107	97.433392678758	114.5557007688936	89.05905300833463	91.94647518283065	90.08835244388715	104.0054682823098	104.1533325935725	100.9032333874517	102.438615759455	92.55141370977192	96.44686124677237	92.94917949610769	110.6386480769706	104.3352773914543	112.872314288363	114.8533744311982	106.9107888056597	113.503091822444	108.861121501997	90.62577733558261	104.8425582091087	85.14904820202906	91.21664799277326
110.7181826359489	87.40571193010163	105.9929621905442	113.1256162919022	92.65573534412708	108.2275707898978	86.24464580597667	100.5252907395601	95.95540648623928	110.2572141262684	100.13747343995	86.29010892053348	86.5670658055427	86.37183258199185	94.99114754233761	100.445320477045	90.2713878271398	111.7301991510514	104.1340988884944	111.8647347724191	90.69495305327645	101.690874106491	89.86677990901674	92.63885066824658	102.5615568308347
105.3158250675943	103.1665721371869	106.9354935653646	107.3252715824713	92.16028133222862	85.83777048067459	104.8509221997806	112.8022180343	113.4182205009345	90.48668106347823	111.4206718666981	96.26673643546565	100.3408453666002	99.41610309277097	88.22566141556044	96.58189878942839	90.87451292985426	104.5614037952855	105.8778702111909	113.43295054391	108.307515875849	108.4900275059486	112.4177290939013	85.3229929072984	100.0021264299746
87.57451796829542	100.8785120977232	109.7824789798282	101.624205319411	99.8816443321775	108.9177648623572	88.02529303089878	111.1283777854171	106.7338646866633	107.5683596360925	106.7896028682324	87.93604175182631	106.1823536114365	100.3103186243969	88.7476351363598	89.53404412971958	104.7353105505626	94.46608546217321	101.7165625360919	112.5023590904843	89.51151799213604	100.5420116321341	112.7177908755383	102.9263048538439	109.6332992485737
87.3891358087419	93.58330044279468	88.6889075957093	88.1882317874346	100.1436667906906	111.2183810339957	102.7930015942549	106.8591412289254	113.9040343215562	96.24664059295002	88.77539275819596	104.7982428727837	106.8761489226356	114.3289995335347	89.13615164390414	101.0881910775937	84.46836343742009	113.6121356428878	105.7600352211536	104.7290823318975	89.69702315483758	93.64514384504677	95.25812665543631	90.18907905116102	96.64040858151083
93.6189430154608	103.0644072846982	94.14572034029067	93.51748428316024	108.3831718885488	107.5450422574983	94.8033319522374	85.31547255544166	107.5821641985273	109.1319161034392	110.086511207743	96.20047306428769	100.4926962302091	112.1233199519087	95.30115339151133	103.5001466924075	87.65205861740802	93.08145466419029	109.6760331381416	106.6368015634256	107.3229715024197	102.5530548752866	96.61235439173065	107.9186718707574	95.70622887370587
91.33174278998244	101.5189170642349	86.47913515238905	109.2914284854915	89.26749544618006	91.62796446712082	103.0265044867677	93.00316033395195	109.3565678642427	94.23509506775505	103.0636733107589	105.0840082484776	105.4569896767965	88.95857177727733	94.16684233455766	109.9886648389452	103.4514184020347	99.00827953111772	106.0891091983401	105.6115615706975	105.0520441550754	105.1898866013051	98.1491862692741	98.40824346808957	86.94822964895063
96.81859123670576	111.8987725502343	103.5879288772637	88.30775246301982	105.1503917764784	97.73410842432685	92.91612850072042	95.54582984229687	94.29917542950966	97.97889035521109	102.2743935785097	88.72347785405971	94.62278239598731	88.17474993129224	91.73378970395822	87.62249301986201	107.2294361537933	89.04687759678421	93.77019700140536	112.3413287008543	94.978298911873	109.3929827465425	93.29513017246251	105.9107242755256	90.49329802873501
110.7447540398583	93.18590793636019	108.9007741148794	86.87731829409066	88.14509766862048	87.68348726027932	102.9166847536641	102.8637369865814	101.7087127233732	95.54597199781058	96.9091577889308	88.30347601481893	85.67015866992475	94.949298787031	114.7782198690248	111.7270356897906	95.47100423557015	112.1909923649289	108.0434168732355	106.3128702453728	99.05435810186898	102.1241013193573	95.55547807516285	102.5072081340257	113.1466818104367
103.9411902025077	91.72818284457844	101.4573955291254	88.36163420783426	96.46843306332559	106.7953123744373	91.41377773144066	89.41809805683911	104.3849179314333	95.75113185867281	113.8046924758155	111.565334536633	100.3386317182334	96.57687799136296	85.31868641098509	96.86472122448451	110.618515577508	85.48609299655624	103.3934830203124	92.03672341733839	89.37727602484529	88.85287610000559	106.7334533028804	101.9179721388982	102.750413038569
110.9250420047854	112.5461533217756	91.83042982641031	88.05412516643335	110.7662445071515	107.1728728681361	90.29545642225277	87.49001871849951	105.9822384101539	91.17586911476909	108.2973723567931	103.5173241693344	87.03524157981951	109.4712763628692	106.8727080790188	110.353849139445	93.71402728273351	92.46761701411774	111.1958501804215	95.84158133005691	109.1798086139048	110.6364826485132	111.9959136415956	104.4778282102756	90.14420344836628
89.00952404975456	105.4304149335984	113.8152615646391	97.79955262377752	97.05333633011803	87.04795032662308	104.8414982857614	91.53029715445619	88.29361500874437	92.16050151213381	111.2819145479457	90.83493004688691	110.2315939390902	99.64986278366123	109.9235271334003	86.11998768464611	102.4555819886323	99.39938260909879	97.65348576035284	98.29371400381366	88.80044482228449	86.75480652549426	86.56098309505039	93.20950822656684	100.0695840401063
114.5106894507172	104.9761252948358	101.2204853356048	107.9809688233535	112.6942790530186	104.3591840526932	110.3689759113176	107.4232658572694	93.74223038427883	110.5331485213192	112.2317726007687	91.44598296757832	86.21510449027973	95.1074355321515	100.9304023780808	101.7777363502563	102.7072082321272	94.59141154662647	110.850693780466	103.5785895844309	96.1888407239917	99.98739263531129	99.06371301812268	99.86845640539315	97.55455451803006
109.3830453223924	104.21494906378	89.46209691858444	91.02092083662519	91.64521980144701	100.1309737941662	103.8158454418489	90.41288197235352	101.2436982024778	85.17410456464205	111.8056815819632	93.79523329449819	110.7611216877493	102.2584946643112	99.78400903706651	108.0355124856667	86.04545857277586	105.4993416796365	101.6737192993957	102.4856335004681	95.75132397773565	111.4947157483365	86.89696348108119	111.7417209656816	86.05925665370613
104.3044448755752	109.9156880474338	104.572631398724	92.91931230763984	108.4721773369651	91.11702247419615	89.94099643261461	107.0850884977154	95.7880983532379	95.97459409267702	97.61525000442718	102.1309514175611	94.67005717528382	91.35305092715319	94.28538313866848	87.15499032545348	100.0217386857531	112.2075912574313	89.37522616249754	90.98444439299102	94.28488038978347	103.1675439946957	87.44616367383149	111.5728436774716	101.9598636622891
114.1935297907865	106.124987285112	91.84776890646781	101.3329173311851	100.616172555609	107.4159847884359	95.11436497835808	92.09222096980828	109.9406787500584	90.38310166271144	113.0113315855585	100.2229537791219	112.2401522291324	95.79672660305782	97.82088343398581	114.1625486890653	97.88006140438429	105.6289540801372	108.5335763476453	100.5254370576054	103.2049152460782	113.0101570758853	101.9920858502718	85.47533700131591	112.7618419149786
111.9447707691895	87.04186495325676	94.31757256868568	94.93108647521031	96.75572431566528	85.21439030582741	94.76066731041041	92.85585353104757	99.4074798206378	104.4062278508922	92.74831646612432	105.0910190859896	97.48308619534853	99.86629850750231	112.1769972919593	87.53815495534398	99.24403381707702	108.7715345679027	111.6549123440496	91.26690525800105	103.558700505068	92.2885201275142	111.0906495283738	107.2980832241916	103.2181358410984
85.65223202890961	94.04937861044057	106.9964278170286	98.9882227730797	112.3165433264643	104.9322733219796	107.4133243450269	95.69189335588179	110.8570771024434	95.52492430188599	108.0863094128211	108.9659271051317	109.0539841581263	107.9785495504495	103.9501551618648	107.4232982212673	109.3996764484436	108.3143916990997	94.53390236502236	94.54204093216205	111.4352167482238	98.30688641128765	106.1972907890462	110.6936826241265	107.7484999520024
113.2814050064281	89.06762237884246	94.06510894584196	97.16748730757367	103.2883437716979	101.9452392868903	93.30490619844018	105.0858946467826	106.793002833817	91.83659881991247	95.56799581784362	87.15652777288977	110.5303033604694	96.72382807207548	88.27193008812428	96.35371547694216	86.32467496440226	89.14006913719079	98.3335238830162	88.96443658917511	101.3764352069052	102.6922341578431	110.8728089463371	98.04635847857611	88.42619898519131
91.15679508139374	96.63645834046284	89.66725485497899	99.26618026548823	109.0471513672871	108.6279521912753	111.5328384752739	89.06270415730447	100.0303005338576	102.0189270512199	108.4947951997856	96.50933623971174	96.87272483430432	105.6139186996917	103.4918559764376	108.7387995436308	102.4302606846716	91.83094008561385	94.49603565063379	85.25347604945169	92.73821973350077	104.3298565549614	107.2750216752843	105.149139205374	89.60675338801389
92.7377951035342	101.1614308201755	110.3343051511847	96.89474905537297	103.7533785253242	85.73720821530671	103.1396529340597	114.0525626419695	110.2840022257356	100.025256295911	85.77188765584329	100.9269896700654	106.2964826572358	108.4273448445299	103.4271255982489	111.3541052848435	103.3292997587753	103.0404074532217	106.2258311111796	97.62256459684359	112.1125228579962	97.07533235145155	93.68454904727699	107.7657741590172	87.16295544954423
97.94689098216273	88.07336280992305	96.01274609292147	90.62614836410343	94.68233563594126	107.2117842850306	93.78553303793802	86.18120320045409	108.4602438627664	106.6519929745	92.43129780858712	88.50612787052683	88.49679463734172	96.52913565045588	114.2645018464201	91.89575234027367	101.7493285752732	103.0111457821821	85.44772718485359	100.7787512588326	113.8555422936785	89.66366403338418	106.1928000185229	107.416133135877	95.66325994773788
96.18418467567891	100.4426343974416	97.65137780707964	87.37963436795154	101.3902439673681	114.2273561309298	97.72855122592277	98.42409716062301	87.60000969280854	94.55942814448616	89.05709993897698	109.1911655436313	99.97514044819584	104.2165316722817	86.27881571367786	108.2046590430905	93.5647479954884	86.16414308971942	91.62145107373648	89.30798307673453	112.7826898698938	85.87780338175554	86.02880349897556	91.84130313964667	110.67170137962
110.2805873657907	86.81583685738204	101.0374688232027	114.4513371503645	103.3436964521968	85.75069983698481	96.28563986796179	87.51232428308607	107.3223524821077	107.1871918008513	85.69163234807711	88.10188827368735	91.31225061674542	105.7456080167415	87.34091636347917	112.9646789736076	113.1966396483676	97.85098813632321	106.8158319242719	90.81806040243271	92.18340587319287	103.019581305545	88.85964699776882	113.8168425991593	111.9046244967418
97.65669898363129	86.61518837683447	103.4615341666906	110.3832719912482	109.2188210978538	108.0507989376681	97.76993891402871	99.4522336461411	111.8982967879123	85.62855754433697	100.303734817536	89.62212159419316	107.0585834444238	91.5718147785479	94.77529794761499	102.6890543909607	86.73669997185267	95.44576328870738	108.5894033158753	104.2534778646582	112.6849269494815	93.7006914098348	107.1186086388192	89.82677349230563	95.53099083938257
103.2604465540196	85.53660941876754	106.6188413013914	91.75148671186824	114.4686392552553	96.3429364428426	100.8680761902563	99.12554548836579	105.1571189316813	101.4097847637412	91.80273210691493	107.1924135449433	105.0018618281479	88.82289067030217	91.02892675606536	112.8072013453197	84.84301959243393	90.51794019748043	94.10092490153318	93.94939921004841	98.18259796801507	98.50581450095773	94.10818366023868	92.16842130737444	108.7075558689794
110.1942234235518	87.8215937044892	85.55428104966383	108.0731486783351	85.0389258613633	95.4892010716442	96.08714136908462	100.6814655421387	114.5346401353598	107.6435223781994	112.2138661509009	105.0562364540772	100.0378054682458	94.93286441771824	95.09353981207812	112.6310391972529	106.8223605296931	107.7916188713116	85.06772326801146	88.74306389206549	91.3668196197293	109.1822428336862	88.84828194040017	111.8348543442378	98.65269603841874
99.48951547320102	112.6229667530503	93.21736243846016	111.5009713276654	111.9296847601109	112.0386219914304	109.6125088280232	105.7535895525044	99.3692122888565	103.847492263187	91.33344376319467	98.4104280475147	96.21637443241605	105.3447480680011	106.4325648215379	85.10568358866576	102.4460417798076	105.004921881109	90.1584462138633	111.9072488270005	90.67680083654288	112.2857042494678	93.72971702408007	112.1170581604794	94.50887483406215
88.92947589098847	111.3211026505478	99.52352076442115	95.7912909836549	110.640536356687	88.53990028722464	102.151743572065	103.4630196158303	101.7742287447789	86.28968202438026	102.7933972595034	93.15581158786225	106.0758800300517	95.64862982645596	102.357736243579	90.18316870972747	101.0942487363321	106.3231156493902	99.78475033593999	110.9427380023993	101.4010228979589	104.0834328308476	96.48856789179248	107.6682639483841	93.68499972650874
102.4961198674421	108.3429146400044	114.0332975378295	114.2615645957109	103.1168403746406	112.058107721984	111.2002800446285	103.6007726499743	110.5727562618749	109.403555796713	114.9701606791067	90.31262902572735	90.6707419550261	85.63434465718467	114.1662007377885	102.8423472648918	104.8636012004221	103.1491700048144	99.41813407782321	104.2882887681059	85.65704370027751	98.48232601026021	88.02447879537353	90.97395143224404	113.1558507520884
87.77594801767762	92.0315121799842	85.15528185541923	103.0826140566009	105.184700995682	94.93919749605433	109.5316074880287	102.4413806576393	96.49489367820161	103.9741896749298	112.3091068365633	112.425201335804	94.93854686985483	107.0248683472202	92.56383523652697	105.2752591011742	86.03208357719794	89.56450210461671	87.7643741621568	112.3307831488592	100.0721498017679	88.55813273093383	85.58669069873098	88.0207095031154	114.4440677551628
108.0441436807123	86.4952787215604	95.72987430505442	92.31811464484879	96.59989112186605	106.2810211167005	91.19056227366779	101.5898977086656	97.36165218256153	86.17312471532389	93.314158515158	108.7271688787563	101.3752775126873	103.418660194838	96.01522113400408	101.828279546994	111.5245701822415	114.3894618449063	107.2113251825138	105.6087261180276	96.9981228313618	99.45901367420181	106.4543104521933	113.0878031805786	103.8381553909189
112.0887556565403	90.48036053463393	84.94489626075551	108.2528415028786	111.2740999844101	90.57865679734581	110.9846192779792	111.787543819887	85.42094540736595	90.53352679204835	108.8923669619592	102.1168879723922	103.5861236417853	114.2710142479769	102.6055091807413	113.8500773640872	86.84705891913931	111.1881799246259	99.49812969167589	90.16493559316677	111.3502957917383	93.40775327803654	111.8850629645978	104.9585886853473	106.4748932397427
108.6811945675849	87.57325129864157	87.87451079143307	93.79295119139327	96.49731059036236	99.80760285232208	87.77068510035041	105.9895365982216	113.4323043045952	87.6229216340206	105.248158852238	99.5738578478164	85.45642549440954	95.4373898859661	89.88122303035708	112.8643962735144	91.32663032885324	87.39901634180514	91.58402694140857	110.0514381854279	108.9872532831816	104.2293557210306	86.42135873137238	113.1940912176655	95.42547054258176
100.88111350655	95.90926207149346	97.77436091544644	98.14597814461368	113.0527470652974	87.80866515644213	106.8957059146726	91.02807166879875	97.0228906322011	97.14588468798584	93.78265292611451	100.3392546216724	92.63908388171664	91.67469992431293	97.89943804586156	85.7686022428711	112.5908047006014	90.22091328434594	113.3261601435157	94.30469990579027	93.98248783262441	99.32945048050904	97.76988293186184	105.7788004229554	101.557517155279
103.9963589072317	89.71184490397694	86.38288950906565	97.58640512029608	108.8336194819724	105.7105025010026	93.05682313233758	96.2331519841911	87.70003401874497	104.5887216915459	86.6142431059839	101.0420739356212	110.7067220067831	85.43745026925961	104.9786731894151	88.82165460450561	86.62016999013754	88.07963817355702	103.1199278573215	112.1019278430998	93.36024697027622	103.8177159760884	106.3648636227199	89.14432201331867	91.90272981108191
111.6118376490731	97.29250877956285	91.22277290962795	90.42346745807343	103.9619060875477	100.6270314665533	108.1585855711498	97.56361786512441	86.54856809271078	102.4350241788438	112.5578172183534	104.0465814216962	89.98810645969373	111.450833943417	87.93144779832889	104.7249160419185	104.6959639052042	97.67705591370802	110.9619458830633	92.39932509406937	113.1416130696422	94.84451300373163	110.8862218390227	108.6356707687566	99.31808685425847
112.9614030300809	86.74638460300423	88.64734629296994	99.48781867656912	92.92314274095833	107.2551835663237	103.5968285378202	89.24152555650257	112.2072500164313	110.7671180696482	90.35474607745877	96.84937994580247	103.714126559334	103.1542114342505	108.4615767058209	93.41241669529103	111.8228198564163	92.56544478815081	105.0484930593031	103.0400935987534	96.34185644387443	95.43596534457399	112.8242731316993	106.2303830361354	109.1966086207627
97.75836686259973	107.210845381498	108.1265536506568	96.08968530312227	101.1969816354645	100.7080607351107	91.25911303652857	111.0210365379413	97.33510666364688	96.70858408961605	88.56119594928057	86.50931256044521	113.0613846498822	108.2648723064016	95.26642383294558	110.9954159357339	111.0956189567428	88.36511097468637	87.96143579620343	92.36964582216257	111.2997718775086	109.2225395179342	97.20558748405971	87.89980763583937	114.8946863575899
106.5511972823604	90.74601434403932	108.9866468117522	112.1177972103956	90.78289404268554	107.2488483027016	104.956092536564	90.7695281711384	107.6122864241924	96.87795565462301	105.7158868472987	93.88065943684022	109.1570913022283	104.8873686318282	94.3080322331264	92.80031705998765	104.3313093506228	96.27668727393647	88.43816155681326	89.70922181615344	108.353204160984	93.88503861556455	85.48740112597724	107.5686170019759	98.8087206254897
105.4562370146652	103.2686133051295	109.8747970900971	98.28165450083524	108.5997482511509	105.4511642557279	113.8112955699577	108.4183063281099	85.81395752899817	96.55963974934834	99.15609950498812	97.7912039783026	91.47880515083401	112.8517082385638	95.6951875392072	93.71946576525843	94.4128784856874	97.23714547838887	95.7039987924407	113.4159860107742	93.41205529040364	97.33719323055311	104.5690579140901	91.86399629247629	113.583229875899
94.3828336384742	105.5137749555591	95.89836936819155	87.58965393700043	93.50311929965784	110.4230504331785	97.23760050443714	87.70854552657929	106.3780631249959	87.13944482364745	94.23306489358816	96.36180836362983	86.22841876171576	84.18862252186335	88.52398988379358	110.4389498667458	90.40494527565426	92.12800768629174	89.58578496653793	89.07464768226973	105.3121878458836	97.27931717883513	90.63520791343542	92.09606210580903	98.07240029439291
95.01031139074173	87.71065903821393	101.3327229424031	88.10243269318215	88.85695538907885	97.38318163850012	112.7395013730534	99.17527444646221	97.35355964764724	98.20656586671346	93.09896347717978	84.45101617957272	106.6288502680199	94.71226616271433	100.2212974995924	97.31874103692674	108.096608138475	112.5014235720417	110.7853059119828	106.3785519479179	101.9073108697005	87.62397407816799	102.7748418182233	103.0727937166497	103.1226821365722
90.29084917093095	114.0973469594952	110.3773178284532	86.71531102933092	109.8999877626481	107.0488746883278	108.561010035843	98.75978012977538	103.4095910312513	100.5379233936305	85.40094376608268	102.9192640226986	88.72674168634312	110.6204457962968	92.58597828868666	101.9825611230153	92.74069230849757	94.28553932816214	88.14076975412628	102.5012672328765	98.4568254634234	114.6052816850566	108.7548409023323	113.2111429693807	97.52129277441176
