85.05420127852587	112.5868068633289	97.37809468318926	98.36488990217059	98.83930462595444	109.6149977528657	90.51614752205474	106.1903644353667	101.4320492139706	91.68564059053358	90.39994120462966	96.20229132053684	108.4265876120432	103.4314690658599	94.12657658308657	105.0040146494351	104.8059483636262	112.9460988162526	108.7520563322234	95.85860235784978	89.40375308247432	85.46048103383411	96.93927206072077	98.48575077598255	87.94198177688135
90.29076639886389	97.81822265091574	86.99066562244641	87.79055475244135	95.21720402793341	92.64392811881544	106.8692668123024	99.04789684544639	102.0554403627629	108.6753530219055	112.7699766840231	101.0811651189582	95.51991465239527	87.03702922003623	84.92533324559327	88.07510414696641	95.28040281618368	88.11348580559834	81.68722181687964	83.9811168124555	89.53310083931828	97.10471688611941	100.2882969285609	111.0548914200164	104.2787409818557
85.34595309970194	108.8128076398628	102.4118292057294	95.22577012382499	96.01634761497472	101.6947488814317	104.9048838908747	109.9126610270868	99.81010472064824	108.929388343304	93.50288174271681	98.17108076446179	106.8750253989296	113.4710057042551	91.14445147993311	100.9867954696951	103.8068620135712	87.79077339516763	97.14130494491896	92.57591564578399	84.81872031376079	108.6957938256607	108.1158813094444	111.4031551606029	106.8016908744014
96.36493879285752	84.73589856908268	89.43202990819155	101.1868871831779	87.93212708591057	99.31021458357803	90.38692308773828	95.84026958416497	95.29306631554509	83.6415755303758	91.61253427379894	105.0974396447931	99.51250946148355	97.23575668885121	78.30221692237865	105.6844263859072	97.75235598798916	114.3585399712252	104.1935994066167	85.80238847646611	93.92933764684905	110.3966109052526	88.9565655696444	91.04544695388208	90.03001664414327
105.6013737125307	88.45070101651081	108.1795477459415	102.759029526659	109.9201629375617	104.4694422208837	105.9699371163671	85.53042953106586	96.3847030884634	88.2062616578376	103.0125853483322	97.62588535098875	108.4286153295055	100.0076167001866	99.29089742586169	106.7042101183772	109.8693130221476	93.53509050541157	107.3132730841263	107.5867019335615	90.0992111223695	96.28062542392614	99.41391293133003	97.73674561991906	84.57287262848256
99.90871189816093	84.5414675622074	103.5103565908684	99.27545909364999	95.58023966314342	113.569378977337	88.35378454926617	90.66714277618385	91.38410894286142	106.111318119841	113.9354214272813	113.576240310342	112.5140196909317	105.2844516752411	91.18786440934343	89.6331947372839	102.5186769128093	114.4044445658761	107.9099698448603	88.09571616881883	86.31146450975338	87.47341405337916	95.3364253250848	98.63162144504612	91.55629912935495
87.18877076423513	89.71854714908952	88.06687106016629	112.8041864321651	86.83399904288522	108.3055223194135	100.3186952111995	92.33910067565479	112.9638640422304	106.4655095073186	88.32045051914686	107.5923769213852	99.20557040920565	108.3934680757272	105.3736367456435	83.91576075683885	93.66549856662506	114.0366560099266	111.6168559285526	99.28262934565349	91.24987774706008	106.3037239103689	113.0312005101028	101.7138116831752	90.82794009403572
107.0113113855166	91.48304539985354	105.5083701690915	100.1642534912387	108.3843681629285	100.159233823198	106.0414706853304	104.8305560632231	101.6511000841984	97.82064531659529	86.86652558264387	109.8245460812857	101.7900138597702	111.2674292956287	105.6632926439466	102.5380052198145	86.71968593715998	104.3736700834124	106.713754736851	98.3957998770401	93.73837875364649	91.68900934489189	103.4037024426587	88.91760143719983	90.95034841423086
85.09298003258694	89.14671657976051	106.2933193869708	104.0968558077456	85.24411155284139	107.3366425015486	92.67254838995731	99.6160574544075	103.8258446528085	108.0403182899037	107.5091153798042	85.97877402889235	103.4362663343823	105.5408753634808	107.7727311450261	93.2876326085114	89.09681864771288	111.743668573205	104.9508377153962	95.32392069642258	108.8250856440592	111.7826645799734	102.9339431250367	89.36148890315904	103.5687831479784
107.9433325524335	87.11005115521493	84.63916292704528	104.0823743830673	86.83576355672962	96.16040433294251	89.21582666659572	99.72123396155254	96.46490172915846	112.7428169743048	96.20385920292829	88.04133288862026	95.72817270068337	99.47627261413815	94.49277650806525	86.67331494091842	104.0251993003514	97.9642453468928	93.1984070843102	84.88499718193906	86.15291199931485	86.87969439615031	102.6485814668263	91.76799282928985	106.6904346020641
99.69911672998207	106.6152490294627	100.2154330192609	99.92704925959605	90.54579723879863	88.86840513235096	90.7890888944434	82.25618073455364	86.51934691701067	98.79767626047477	94.45140039302646	105.3572050278636	106.7928108649274	113.8752026218895	100.4411875997727	89.76097474084298	87.35813081794043	95.10144964221782	109.2984297673913	90.69608752098539	100.7261109273688	90.91351160523396	101.8921234959892	114.6061906348025	108.6247865608264
97.7193851413318	86.75359102974397	92.75859755991539	96.27963443128611	90.42988669626851	103.9164848438795	112.6833927843873	111.1675372778625	85.24912205973783	97.80679357180723	91.76127070685141	107.611339510595	93.47147635488389	110.0365878274819	105.8419864231299	92.71628990055376	81.86162085136733	114.6517470672071	99.60180773105679	92.56005733767597	100.3585155857583	88.29122160447271	89.41047735740969	90.87110400636152	92.67481093580663
108.1864630217675	98.10497032828793	107.7836546911182	94.95137071243272	87.50546963225632	99.56504739237388	81.93244132767171	89.40740876521282	85.08185234407055	111.1261163707188	85.22119008203434	86.25842482536773	90.35382411999153	91.76516853439229	106.1866593081805	90.70395788682431	98.75205019338973	114.9482610052995	88.15379534988772	104.180500479848	86.41019702598638	107.4540120798235	111.0958874119658	86.84870566039946	91.61627590179545
88.30243568892433	98.41574372130023	103.7954143179661	95.07499944011445	104.2905669740709	97.19015355862733	87.70470821560853	92.28439474833807	109.0044099137967	85.88104370661155	101.8909504942869	101.1447474361465	111.8148529129032	93.38375017641	105.0007915275673	111.6308847391512	83.63082782419586	96.26968234501216	97.79991665990612	104.2865288826049	113.0561369359993	103.416904075339	77.31199377048814	107.2439790791336	92.41337211515884
100.7812231735138	99.83743587386328	84.15956105345131	90.14126229355197	98.42298762271805	85.11699530171803	86.49041248370422	101.8820127045656	113.5929205427125	94.80776251326365	94.77718256494705	84.16860862788143	94.56563571278052	93.67767853625745	90.57266552758034	109.2462436608804	89.48480520531908	89.38547443995347	107.4698117131047	84.9109211254691	114.7743345389636	105.4929735084951	96.42339412004875	111.0003589534032	85.55881273173223
103.1132115569562	110.7776013263175	113.0862592919589	95.68594505628144	94.69413631616895	85.95044812095726	86.30317397787461	95.31960542057386	99.41252235083718	100.8409605662177	105.3780063180662	103.9414059997961	97.22240956946118	88.27771455666888	101.8511802984895	111.3062129715962	89.0002599383871	86.71011159119152	111.3370371949345	104.7345439758859	98.88538049634735	105.628157236544	99.71583703920984	88.41462108424032	109.9923849457668
108.4883370396197	111.2978605993092	80.16075395393153	81.12477510736895	111.7809987647068	109.739763555431	89.66812322233869	95.905110717821	88.9656887379993	90.40396171334361	91.88283310870236	82.66171227581313	84.04668046725314	88.67242069661725	104.0162870434019	90.00055753943658	84.43216344954176	110.5410871362637	84.0134691082624	101.2341067118282	85.07953580447304	112.4092869377227	81.14895056261574	107.6938955535538	88.91530783083454
97.5990093345015	97.74414985875893	108.8947319480612	100.3968341720679	104.376939485382	87.6861239149849	109.1786827702195	83.61096538165545	85.88036408357675	91.08916479433057	101.5149641643424	108.6168303676075	90.12747420377498	101.7183110103198	91.9588424731772	92.63623634252758	96.52189986943426	110.4908334531465	101.2750504280734	102.9677574051062	88.43722737887985	89.68792994762542	101.1983688153897	106.8788214212075	110.2012931590461
96.73200578122409	104.9987510031965	97.69641823939268	105.8479447564745	106.6156133273804	110.7792787576185	92.83067359976353	89.02418520373649	89.2919187081019	97.85598401589824	107.0722271470339	110.6168796516375	106.7582462480448	92.2208737838813	106.2823332363198	94.0925072986591	76.28451382161973	107.8145760491581	77.56004306869154	80.68747057151216	92.80834880453375	103.97677923439	94.90486602333146	87.34529067365867	112.3447190685734
89.30876617917636	99.98957554209758	82.82203225646957	92.92318464838269	104.4601551251595	96.09455126858843	109.8301710943647	79.51585847701577	97.53358614452138	110.5934159610691	99.52814090124544	109.9172362446458	93.0710512970015	92.13940878401729	91.15274955708855	112.8255711300559	94.13011419281145	83.9674606422215	79.8914400193372	94.02184440148423	99.12340855689438	98.53497111945273	89.52755569389909	84.3258083519912	113.4445364373134
81.83866471556686	104.3015781527621	106.2124039593079	103.7088866381987	90.67879071502824	112.1814626718886	85.39663743110452	93.58322561631047	103.193846818304	99.35041135720671	97.78877951906105	108.6745019200835	112.1834474631974	87.24960316673298	88.08446547233103	99.38762683641576	83.79492242758458	101.9231575726588	101.8401136184406	99.76670000633101	97.62732049772866	105.5577831609393	102.5798062249879	102.5745474600735	96.70786254420578
102.2031297435937	83.64719855124234	107.80163807161	95.37643828710998	108.587731164752	106.8377778504335	104.6388600506741	112.8209676335172	94.40034238294962	101.0913698417624	108.5025204719517	92.54559039580398	93.10240470693272	85.43383324636392	104.2090745052989	101.1066468856877	83.90768656271422	113.8410600095719	91.82904237582524	104.0716903675465	111.3432613556049	108.0207241169362	94.63963328129232	93.20334033302753	102.0233142832658
104.2167726476884	88.30629632093972	110.7657644291982	90.837143870104	108.7530772939236	104.6659800375657	84.51548843893457	91.62743041997105	106.1036615992496	99.38213206890227	109.1397577118218	96.61381384172864	112.2948523737844	91.09108466612464	108.4766538767592	107.1257348825045	95.83106581243457	100.5043714019042	98.26837091041791	91.46372245433983	109.3547681588602	109.9318028352542	105.3323864193818	93.23750973216008	95.91551647013559
104.7099267156783	101.2580670274608	112.0187888362608	88.03457003215848	100.0305427723755	111.3265170550522	100.8423057410777	99.95029053214658	85.96933788346502	93.73964227409621	112.2756324778083	107.54638700635	92.50092864462475	93.97902600774069	105.1811363146157	109.1988512274155	91.70640605565391	112.4795014228289	102.4165446478597	110.2963111131868	85.02008164776768	100.8868694073181	92.17050432071525	100.8049111751974	95.89191296623254
99.8501571857135	87.37828543175881	103.6520182948034	87.87592251116641	99.00865052623307	89.78815141881431	83.6902487176859	82.82341327147982	103.1370122604194	86.85893975420893	106.0008808529492	105.1874285668415	112.6666764304945	99.75463809572985	93.13073524148915	110.4423213164075	107.900202624844	86.46226207420312	97.55845434128781	108.4748098390886	97.72739463356383	112.7411853656235	98.61862450172769	92.35509079876994	111.6093476230947
99.99889015341491	96.66178824812339	88.71496855062367	93.85713592153188	107.9620554562726	88.57451926281044	103.4459958719185	84.88428602537148	92.10150798490879	93.08674750005203	103.8684788874186	85.90667943529787	90.60737505647323	113.6431246359891	87.97800007468929	94.75862303278382	89.11946524929188	110.2521712217695	88.75975566749653	95.53516403533034	85.64731265959034	99.57926516432256	104.4214940260756	87.81213657907236	110.4102639206281
87.28296319883025	89.00068164630861	96.51770788807278	95.72806102530087	107.2766854296061	94.88609490737716	113.6809254344071	82.35533160616714	108.7736892252478	98.97299030008743	108.6306737885001	110.3232134096137	113.0139672788276	87.36404759050879	110.5541699279155	88.99707942281447	107.6085832573736	106.0488974614828	105.0606380613673	104.2038718868865	98.43198325935637	94.08055983318405	95.99645912056025	109.1792265295392	94.87750872296748
90.8766860931056	109.0364426510079	105.6155478164285	99.93612081533324	109.3469366020794	107.5167132180051	97.9859147169625	97.02018495281781	106.3777929914528	100.503787490429	85.74900772552303	98.01139164141537	95.47613417116256	100.3971591813469	94.56302782492087	85.58221711853649	101.6719499839452	103.8725790689518	88.78553588649949	88.16311309706367	90.01763129043209	100.6561778052246	99.12220311549331	100.9041657909392	93.81379862407398
90.75236921418457	84.1879575580809	103.6356853406639	94.9032509318658	97.41029941111722	108.9857406528382	103.3471397861122	85.833348625681	112.2049866559802	91.20314050565617	99.2975605973045	107.5541276015938	110.0910430148393	108.8467215701896	92.00642142327646	96.42839138790576	100.4454336386343	106.7509990590822	98.64571291941539	101.6472717268329	90.015990631252	92.70029815189375	83.75532182046202	88.49962500846139	99.85178306065922
100.2326610915162	95.93445604732612	98.44878236522358	102.1347990114402	99.75019819848941	90.15652884553869	102.3607260835875	83.14350009802897	93.98747224038607	92.44595496945428	110.3436493211034	108.7668353540611	93.52085068259917	102.8258077787852	109.7098691911597	108.409759218715	88.11867392692024	100.6892831414004	101.2106812149373	88.72603248977614	89.58685093978497	103.9097708688116	105.8946323906104	109.6237741014317	96.55321930833004
94.8278381689168	112.3976964445417	108.9723171658804	110.289725088594	110.6616204974193	107.4831250896846	89.14390556709314	98.64703025630205	96.43067269780167	88.89186936363936	108.3942658116597	92.08141646196268	94.34405326650909	85.9782868087094	110.18713328257	101.2974387768528	102.4483541369223	111.2044685833312	96.35144146084271	106.9387325358875	86.29400392330155	100.6883756406882	109.1499748615095	109.3800906265178	92.85281073610687
96.88442259162977	94.73147565369531	96.80071527613742	98.40668479286408	102.5078850959375	97.88721390562839	109.9176281045883	88.29343824022368	91.81295324559497	86.19252321645148	91.09975302477939	100.7492235059769	109.8499997073942	101.8916655978767	86.00424296941449	95.11120017611066	106.2891515808311	105.9840021653203	98.3730318215428	95.5455404412279	89.49935529266614	91.32732036833627	87.48223360489143	101.0851029980732	97.94052237651816
106.7002339641908	111.2781002452011	95.18613445923191	97.83492794418318	98.2098123047183	96.26173771565408	106.2453588234295	84.5568606007604	96.78421695316491	105.0630882744527	86.82950268262584	92.73951208211483	86.80836873238485	98.57670702393501	85.80570339833764	85.25249301394827	102.7910495081167	113.083084742622	104.6414692822963	105.7142068291814	91.14914094756878	98.89872400028298	90.43162628031169	112.5826993043082	91.78781747708024
88.6027492945646	106.5112925510091	87.00974942591284	98.06934713380717	87.30233855145828	94.59552268462996	104.9647533605978	91.94574559018703	96.3661574999028	91.39616709586097	114.6786196524342	110.160480889792	97.59756705380148	102.5890657218853	94.61465609989801	97.27777696522681	79.33257359467132	99.27875920424276	89.50698096786299	102.4320058372843	87.83879308658722	87.465784152775	95.14121299175457	101.1826797185045	95.3553887542115
99.02580251840756	93.37037340270189	79.08558903947588	87.86299184422757	96.12330740322355	98.15508644996171	109.336247458159	85.03964868234827	89.2971160702474	111.3065204780859	89.43985048529777	109.3269066670873	94.30978666430009	101.8263898287941	102.5711982468074	113.3534955806244	82.70214298986474	96.00240275081244	94.14512267038977	89.99518579259573	102.3590362539029	104.3426054547043	97.63457886241528	85.35307614442171	112.4082876602508
95.15363199916419	94.5528011517538	96.24338932572066	92.17562003152153	111.4096684983638	106.7666455434757	106.8416444545535	82.09409042495717	101.4066953388635	111.1364994828443	90.43928060163864	86.49251102686591	85.03371199256632	86.76237577419333	114.6819696653741	93.62769818450199	77.43168960215297	110.0684198336158	93.84238905116871	76.73044466306804	102.3831668445162	109.6276903858281	75.4827627890657	91.5375369887272	107.127048910417
93.22403954765142	114.6545636846545	108.7043669424377	89.33562748395245	114.1385159593587	99.56787697425817	89.16705015632466	78.85519046560536	102.7283078719155	97.74498400836248	114.4485796258056	104.4731159598123	95.0366439747329	88.93589861859414	110.4152000130341	90.0194502940969	90.20396481988693	97.95542828948696	97.86770067374562	85.99023300172	92.02059884753167	86.07555028003384	100.7387182083021	110.9268213942441	101.5690966646521
87.04844112212315	110.1704283863935	109.4840263779485	83.81912756419516	94.43982359605164	87.01375545058188	102.8779156331424	105.9662691806473	91.38426305369214	85.04899624110293	86.7807818919991	109.1904609786073	96.46243967031532	89.05476987902276	105.1829731172365	111.2418282642966	83.79430261753097	108.2433034866488	98.10202317625071	102.858488236867	97.37919712423695	107.6546328533832	88.99544363837644	94.22896850247463	91.09308219561761
105.2716517643609	87.25601101310869	109.2761073662714	98.57786551837563	88.14718421101301	99.56596805484551	99.95704604573193	93.83727936266202	85.3640119666839	100.7792620627825	110.3082206822459	97.03575923068229	99.30609477838686	104.691092612583	97.84223332471664	89.30600763783062	80.9052377549467	93.26355165054656	87.61392936592621	87.22102274098097	87.28784015827284	109.7302845629928	97.3171975371254	92.79210591884535	114.027139087132
103.4417923816652	101.5556377474892	94.18644184623844	105.0751167337683	95.80606272546255	102.0227721854524	108.1325683485275	92.57559942825979	108.6391930274162	110.5811683338481	90.33656914608105	85.31746880884143	104.6837567899858	88.76509954867167	102.4639445888596	97.82045792901721	91.51544902697657	99.62635905091888	102.3983678351309	92.76930499342309	87.31169237676166	104.9881563708049	79.99150321210209	93.0601032144919	110.101632427713
105.0190375522787	114.0268717279502	99.52751361405983	88.25098566343809	86.78328514065987	105.7867810022327	103.8419579794139	86.14233633490927	97.88346128246599	96.94662551201084	95.09412189853074	110.8753869433858	101.972909640029	105.8267520504007	109.6846525410489	112.0936758043853	90.29033825111102	107.7687461423823	83.69184728252131	85.87459034583699	100.3957549036757	93.36332062867194	81.93492826227465	110.6453325251628	111.721026454515
103.2149593169661	88.45193560355413	84.65409424787583	76.69541183759884	112.1996856456396	87.43258494089818	100.9585543821152	74.82394672262932	102.4720239939483	85.1695228763797	83.46805080219373	96.98131189132729	96.86934322115144	89.09775339603316	85.12440273215714	100.7898095100285	85.89408752084275	104.9574227879695	98.8639725879903	75.38489287540799	102.4581074679904	112.9942602593811	76.10189102354045	93.78985193611946	99.62880469368407
114.046802968215	109.8117620034984	89.82475384145374	97.6668917015229	91.05845183534394	102.4993631284715	94.36492134587189	81.81106546254821	103.6173268572233	94.50528874918732	91.89790890862832	95.99017693316554	99.26181788125488	103.4759719829779	112.2980424852269	90.55684059137781	80.00944360846374	87.60145090198756	91.34263988567656	89.71369426415052	113.4023354306274	112.5955328037007	73.45424088540949	105.1674007032875	89.47186186330516
94.5430366037177	85.82970597278523	85.74628383003596	82.18041302659373	93.17006885298466	107.6868708824639	107.2720402291801	82.57798661627467	85.15366983634249	106.3742004531864	84.60833419169667	87.83254834898537	81.7378357752564	94.54335132332822	112.1656785499616	85.40702876962557	76.5753107143442	96.64883487154817	80.92893852208998	85.24241550603335	92.12698049293938	103.3938932444265	96.06402475572983	87.35866204609125	110.1101698537874
91.90685789099346	114.8578347006093	97.12506250976261	104.2660626320274	99.72500677281091	96.8230275983949	113.8879938430254	81.21214781296186	102.9089620349401	95.58889421162888	106.3695875381099	93.95890240602583	102.8778915910863	112.2610717233642	113.0721367686034	110.9357771263938	86.70990756608613	106.1511429699705	93.03254750732793	82.40724365382862	100.6594317989929	99.96173344730511	93.20045377889788	107.5008725735818	95.38957225966884
87.77125580546803	92.11006325942549	93.75077892958808	80.73067939301302	85.87358041912428	100.0035930898223	109.8569636865773	92.80729771024542	95.70979095461492	109.1344561506966	111.8034692496965	78.81774287906885	94.84024787809287	80.66272520918183	105.5865959223879	100.0456291653708	96.81468252652093	94.39463694911775	93.24516458960852	84.4173574215372	91.07137848818357	90.51958674279419	83.16613504838617	106.3503905857734	99.28336532797083
103.5974451177794	92.38756068685572	77.00844656472069	99.60324795568582	85.93399896707867	107.7114450604378	89.86612283991653	79.89937050472676	93.83663951678757	92.51965625232818	96.49819605818148	82.59830759297689	90.2943179379543	94.3832315374442	88.52408953292179	86.41426973876538	69.99619538664838	89.12444344061512	87.47658614987532	74.87877978112478	108.8636331466582	113.6685678281212	96.50555141558802	88.15535333582739	88.32708946605453
112.7743875599242	112.9478796321219	94.33561679052927	105.3555753990175	92.95390064499749	97.24311366281071	96.541971899134	77.42288966373287	99.76348757120617	86.27232925001964	87.1486412457951	100.6120150630836	108.9135003841894	89.7903303510284	103.8592394725973	89.06993642906723	88.41785116295203	92.59411989119266	90.54197803337439	100.3049133311645	102.5381896038668	86.10728694092212	85.62647934025989	104.5016807353439	100.3915226162759
96.19228982905446	88.06899559375306	81.09232751580308	99.04809285458127	100.2444544060637	102.6200982545667	97.24248973293102	102.6489425061143	101.2783660855705	100.5615879423133	96.42663144476093	100.4599047017973	102.7476833921579	99.39980032941543	105.9194444902035	101.1856891483957	84.93885599117574	109.5789526384519	90.33215863127933	93.24962288665373	91.5644341727609	109.4311842948684	81.09407572347423	111.2210301460665	110.6035271180084
107.3520288408182	91.67538996892316	99.31351979039796	100.6019086014406	92.27895163752484	99.8323322064989	90.70340172557464	94.49818243937925	88.93993951501491	102.7901819167667	86.5034750826659	105.0634609480914	109.0003451429763	97.20675168288268	105.841635681761	113.8445469401879	81.68342569660213	93.0393132507466	79.42558768089093	91.86397636110532	103.6307610423666	90.02904894394456	98.0111383351381	86.67569076607991	114.8889071143672
