1.766513042151062	0.624224112630966	107.083899863168	101.8640567338364	28.99547497993658	44.56269730007073	2.140231661062257	93.83449860262373	32.01370223526257	28.06867927378094	61.66264288246926	100.2275345019625	102.3454234501623	75.87485622067311	1.786317283017909	2.760550475767945	88.81507696774995	94.67556369943048	107.1937922887423	95.71548162103427	1.098441819676119	50.34298568569934	97.43454670610288	64.53890973053346	0.6754633167148285
61.19615441302919	75.66196034148582	73.32245853751823	87.69781303552142	95.28738270988541	89.21183036037594	67.58270181710525	56.29288539330746	95.67393273270767	97.76391267787142	99.88165306378322	92.84164254266422	94.73283473432879	103.6509678816194	73.28339784012508	79.72181715625902	32.1360363323619	93.10517981044165	57.32569189592293	42.34944301417826	85.5891051913238	95.87974134011927	47.98067507392257	93.23472077630025	84.32445200545892
42.24091359236299	61.24925727925635	85.13052198648977	98.77095722284028	90.2381956643369	91.36405432719734	43.06887785068527	73.17985693866751	88.65227513747119	88.47292863940741	95.75903407308988	93.15708031548895	103.4708275022488	94.37406129930191	49.00865064130137	58.0453358307353	60.71819915071026	93.87568121791691	82.93223510976235	66.70090551041015	69.19186745524627	96.00072606539354	62.87447796623556	102.1994494688838	68.72146886149213
9.402930185081871	26.87842412678017	93.20603189562488	97.46876475458126	67.1918157879627	67.77872285101499	17.89986044720325	92.21464090381073	68.53626376210309	59.4905458358937	80.84791850020393	96.02176688265199	106.5778636724078	89.02997864060082	17.23088794022484	28.9301010450145	79.70502105020742	93.73100273517916	93.82089803008918	91.0013320820774	52.22355531568123	81.40090643282957	87.34914106588677	90.51759376961699	41.96762977466975
22.94465629167419	33.96318163669697	90.50494733601786	101.5691472475885	65.39598641344061	73.80303239209947	16.27379614152018	79.1210091420724	73.15114654309313	69.99525460291868	89.25541611315089	97.28892336716532	106.9128546808417	101.4756272175153	17.0309732747556	33.54516982976057	80.87547115610472	99.71649301524261	90.20509653297157	88.11774762889951	46.47697746651029	83.91127799983151	80.94199934990665	87.30902609012512	43.14640067780886
9.570757251499899	19.78670237828087	97.84846167147442	92.70992921632133	54.75312743955235	59.34504416470526	8.874057395262	84.45740069555768	63.98673087497028	53.9805088174579	81.15575891105351	100.949789349889	102.4213789490552	88.35397293332267	3.433097471964162	27.49780414650874	88.14428684223638	106.3571998562357	91.73819284460674	85.77729033099897	38.01379242873744	78.78272396098502	92.42034589890866	79.5874882606293	25.20049329057238
10.34145830652526	27.26188936829485	95.62157573475255	97.61492994429975	67.19527550982555	65.69290276946808	5.099550004166158	91.11505328014326	56.62953605374699	62.70653650240652	86.71179741517444	99.3065719435415	99.21750767929065	89.42673690520958	11.17818958768425	18.28402955429991	90.44295724360839	98.84197556767511	99.34642099935635	89.56046342993513	46.99195730672108	77.60670274659972	81.93273377164113	83.27568346537622	28.38838943113102
3.395475753369096	23.17777898605063	96.04510327553355	103.1002448623808	57.17464028366516	62.07650194019027	1.984033426087347	95.3547127966672	66.26027528345124	60.60976813846462	76.86139038210334	93.83325896013723	98.94406644211662	91.77237587890296	4.782532527224921	17.07562876511977	81.23145101276636	101.8892055639144	100.8549679851633	86.6606714883022	33.80220793866263	77.54084776899269	81.03220730725548	91.14593701025588	31.86265085498808
43.89739908429171	61.67270780594232	90.13879722454013	87.35877653377324	90.64029161995543	86.71119249065099	45.65787729962553	61.94492537501077	94.40493309122053	79.51410620711773	95.63488732098807	102.0559807842349	97.06656933645534	96.4450408123504	52.76990302877253	65.98397898569513	55.19121815738517	98.11714424365486	81.10622660738062	72.96615156870131	75.7896800611025	91.14308656042873	67.92507835286172	101.6614138769091	66.0330353494569
26.79739899675648	51.08571656607212	100.4238436118409	104.1524269669731	78.14141769722717	78.34380193071948	41.15550445812541	77.1239499792182	70.80078343526478	80.59331477906093	96.84536694202538	104.5677905047658	97.2882359420137	98.58419878234575	43.42902646218535	51.84767502168087	66.84513240491403	98.09384110662648	77.83170050530202	74.54674607514274	59.47146468380646	81.83748797894739	74.1978682793589	93.68989844762592	49.11223752152503
20.57593068394671	44.68886315048273	91.22317457485298	92.30655881781446	80.90822813382381	78.92588479341235	30.33345332152454	73.95682422131404	81.57793514122403	69.67285111154183	88.5827851129209	93.4190615577577	96.15600204868767	99.34752284176037	37.90975293137658	39.15249190418457	67.64807879025442	104.8548839646305	89.9689695628369	79.65011090503236	60.37695252184284	88.87287289677587	72.74015527156396	99.86135207752832	50.48990955096776
66.02311811946718	80.85879494912933	64.07346798934664	82.03864171187311	92.53509780261209	92.98536068813509	73.70663405856008	32.71028601744037	94.57197382842223	98.0494787678771	95.4552484544612	82.97267719303586	87.5234479138974	93.61336544288909	72.18459875375301	74.31935446019995	27.19867588467635	101.380865870217	52.62021454315817	42.77308282632303	83.90581222528481	104.5378765021561	33.63040493164875	106.7009868528911	83.68826445409816
45.78411658015505	54.74441915830451	85.86901789241858	91.87466758032167	92.65563674312072	90.32303054892385	52.76017992143458	75.10471095421632	91.67953295913044	84.51740348627861	90.60671468312479	93.31972198853539	97.85210430345909	105.837405697009	56.77192592675816	54.61626909131514	54.58780256653022	105.6427996260169	84.33062826136596	70.46437312757345	75.62714198323638	88.25805183447669	63.26815564548609	102.8078220928678	62.16464420410242
89.04076331538886	94.79155199762731	21.13714192187754	41.11131469653705	98.53317697087998	101.0483208783476	97.6661087553084	0.7524531942443053	93.41423820632953	92.25699678931129	95.74972511161224	50.89458629138934	63.31156548949751	73.81225089625735	95.63760153170576	105.2206148678443	0.1408364464642918	82.89472035683612	1.516084102081491	0.2829654088760817	101.2453022064176	95.53976497867173	2.701428640318827	92.4496060625805	100.9871965545888
43.61586289897105	59.97167800581194	80.70990334695904	84.12748467101994	96.78467688550195	95.88571484173991	51.80731565777774	67.27431531731685	82.983047088419	84.33564360252659	93.44858803254091	98.19045682307426	105.5831711789005	104.7719220982829	52.36211795984789	58.71701345802592	55.15411686274189	101.3078371516553	73.57680718375867	57.94785950919633	83.81759166827999	90.72733258803336	61.93891335767587	105.4867452524891	66.10467056667184
63.63074666321657	79.61734041810573	73.73569972160946	90.19707630738623	97.78780772528589	97.97543974228924	69.59257784509569	55.88730374997136	98.05018344248077	90.04633778083335	97.67011536905106	97.25208809373227	96.19252298064825	92.15323516339853	68.60473297152265	79.1901482204882	36.22276018220253	96.49834413474264	56.49494164489124	46.76708995434581	84.38536099798912	103.5134102948346	44.45112241633322	105.0725654347553	87.72235893400943
51.81483637344741	59.38082792213615	82.45415208172042	89.18488429105649	87.59129515960531	86.41613520951127	49.94411454132992	69.72894063642386	85.32362066634512	81.09685343170341	104.3628527922596	94.6192085439324	93.38641131072103	92.91241090048401	56.83773040712717	58.53890442623478	51.97260017479155	102.4836886045665	66.31162006905025	58.49991861327233	77.02977508647824	97.37617113825405	59.71706579139922	106.1760552061826	71.54351811274056
86.49754321021319	92.92752275794308	51.84556015398694	69.12130661193609	106.0887050586882	94.73628545221062	84.16742741267804	27.36544245595672	100.1310469631737	95.12391732250158	100.1589190743716	78.11503187476602	79.70272283442164	100.7901286930326	91.69339134421864	83.94674810366789	10.96012093501356	87.83781473099758	32.32409307843078	27.05806919377427	92.17520560447491	96.60941780815767	13.4601202823731	94.54597552081088	90.76923961457274
60.36658626402117	72.69749422335553	86.65270509914521	91.71091924901003	92.77432729449197	99.8201923392559	59.89278585270367	60.59837595986006	92.29997126897027	95.10544994975885	100.7058571858008	97.93062022575931	94.63053724843326	96.52823812762597	54.68815199697081	69.91987974614177	45.36810221908375	94.65117840795888	67.66727093126343	63.45769650883784	72.51474088671638	97.33683482750405	50.73186797713739	94.02055113346707	74.07107641973518
84.46106194912562	95.96829455301123	55.93916455291764	76.16546605257068	92.64603254436645	94.53207863616976	82.81257647563584	26.00629936828278	104.5472113288716	104.7780143541812	96.95859276164558	82.83594276087285	86.53255674398343	101.9783956022617	83.21869956766839	83.93419518352843	20.62074569687918	90.91094850375814	42.26741203113333	30.53435578150984	99.48659330447016	104.2103868210083	17.24211555745367	104.3669829899149	98.79639836458554
16.48022660973091	46.21256249114052	91.36861441682672	92.98101190077779	73.54387660203669	71.96506542984152	29.40554219143186	82.66178197210691	66.49780304895394	64.25240600596736	89.7568088903774	96.90215684831556	106.5013956389713	97.63668316427132	25.54298413040079	30.29196777405756	72.29876025370554	98.42144817119123	93.02612909755459	87.52759765533661	49.85524122719458	80.02666737150349	84.10661976241649	96.13107168085119	43.88685575588153
53.91457252099245	70.78973544055862	77.6584674913025	82.21642673981248	84.39855576862655	100.1738693153661	51.87416549560585	65.28176174340805	88.97650468617427	95.82267563600324	103.4401866521267	91.53202269507712	104.172607843796	103.9176192969871	66.32652472112069	67.01955931721197	50.86882714264474	93.86518962050211	73.97332892424082	60.39007120327538	85.98114437900139	92.77347359482035	55.14156327838092	99.32674308837737	69.70147765087508
60.23095201559181	82.6735828724173	81.42694567134726	88.7404601741852	93.16397984859192	96.07989483941216	57.91955326227776	57.42775649491902	89.07107382513463	89.57055826943375	95.99137961767926	95.41917484589224	91.15539807869116	100.2144714788948	68.91204102792381	73.75133429710766	42.84954811928258	97.9017061566357	64.64089892448767	53.7232903847169	83.26433721464331	93.42564999457002	46.23966513276769	95.33701296391598	83.02550907577843
91.44779039838319	91.01876353943517	46.78511570791778	55.56951931235091	98.93384278049416	105.0425747825953	91.30156364580343	11.57701229632004	107.2581701020426	106.8720558365	99.57684818041911	70.98210446103569	76.62130126408384	99.16485787118137	94.16994561473206	96.94210240335572	2.192008768527134	90.22904064986967	32.1575408417891	19.68887855131666	96.80485915046502	101.8322368809673	12.89154112882402	90.72067868295518	88.90940490762119
43.82339164585323	56.71897253161148	87.29290111659077	86.93804113654303	86.43299182158337	91.98641414717979	54.58889792960721	62.80871300309997	91.93033390118006	86.57069900206704	96.38149741563221	100.1605407647054	99.88848674168423	94.98316362251404	57.57869665278972	62.60889845570895	48.62521658630878	102.9636390433403	69.21162485156066	72.32429676795911	78.59473715288837	95.49790844792173	54.97631138070731	98.60045538203381	73.05039410840733
71.40525192041562	78.37865176330321	72.13668745286796	75.92483984241068	98.11672366089778	99.2661569391172	76.50446735176968	44.772834395068	95.96825988393647	99.43552054637964	95.100430401404	97.0063549018867	96.12869162237382	100.6288866007291	68.21699325211546	74.86160077427185	35.89011412113746	98.45845033854108	62.78511263987021	45.30538617332229	89.91882798176947	104.1647889382636	35.61283582512382	99.93719534301451	84.61129767036475
94.57103724345049	92.77050832498273	33.1869702302698	41.30009579693579	94.49095486701322	101.1504438833194	87.63281011601745	1.111147104303384	100.0944441645371	101.329405363784	96.37969539201745	68.94205941581453	73.08897591600545	87.22575154143151	96.93626863591101	91.62268427924127	1.343964242931226	85.64850139329073	10.90232843413052	2.8605856987503	93.28283988441005	102.506459043441	0.4503722373469547	90.22325157609325	102.6232709162042
95.86031794943663	102.8562402813812	7.283924842415734	22.08055316959621	101.134610205849	98.16962013292378	92.92359888576496	2.200508440597964	96.35406458664269	94.84268401855854	93.566025735111	48.79262616281353	40.45343926999502	61.60186280745181	92.92883556697622	101.5510980314306	2.154712037394007	66.24818375386801	1.291237617634733	1.342469871841389	105.3022098034293	93.549692964404	2.159991851822451	75.96159504739822	103.1679059857549
93.32927638437067	105.4906325597397	2.029877531887405	6.788974020918197	95.07302197108302	91.63581694915952	96.87102285205583	1.749359513254955	91.17669259082882	102.0563243130436	95.0506959543706	32.67493655955299	40.61025524216829	65.91171479907308	98.13988180388796	105.2339897142931	1.976454088023978	54.12450513010047	2.344868770282187	2.293637407829627	97.13119821327312	101.9381073469975	2.322464616258877	67.9345263724679	95.28309245765681
103.9154252180046	104.8022851565529	5.744992155975751	31.63753209598382	94.34249311135444	101.6500538789097	92.03204422861221	1.367454117841034	97.85292291728338	101.5835712107613	97.56840067814444	49.40316153824151	56.75121610217704	69.67713527799619	100.4599985244069	94.2057077780761	2.831891745252787	71.75144336656561	1.501142765870549	1.405197839353213	105.7990680169003	105.7539892520704	0.2833381721535293	83.89094823716232	99.6835546489597
104.4592371779039	94.15277874014826	1.219759168645895	11.53126072316644	92.58306573270688	92.77654368784575	94.01203578367422	2.116516121302056	90.92983293453601	93.1135880053376	86.41098145604208	40.64989017912754	40.67858294063617	71.85387759454935	98.68884435359826	103.6736781409063	0.3332104486871456	56.71110010615354	1.881743851984668	1.156163012997749	102.8879167902246	100.3099339438394	0.5113458817043266	77.40363399067498	101.5288233977697
101.0580573095216	97.26536061625727	2.792554757094123	15.92892647425543	93.61482165741535	100.2885365694963	99.84571566480545	0.2685322586585509	101.9585203244327	102.2871170864095	91.6028434642316	50.34271589201161	47.54572821135309	70.53912329358958	105.1924608475647	106.1898317978397	1.768089481079263	71.7552407941327	0.5938377007477877	1.143464992942769	92.22195723438861	93.36548188386681	0.3127241454981355	83.38527742868452	98.23310751561883
102.0014841003388	97.48260733926398	1.01599584451572	0.8813671214486583	84.57084110197752	88.20579610467081	100.9231170255823	0.8347513306323244	82.91071517886375	95.34334665396747	70.73478549513408	11.42521484155683	18.00132434101231	42.47236774250177	94.69446383798525	97.43286802766585	2.927404966092154	44.12473725255708	1.223321120604812	2.280987523899757	91.9936559193732	90.96276867869278	0.293300162327737	59.31704419306256	106.5395077836138
91.46853875356628	98.40540949393208	11.32163793958114	37.8336121007008	101.9438223206599	102.8392574377366	97.96804382248105	1.804053783428014	97.42750679000247	96.72837439729751	97.1666482913428	55.00769320125796	61.02094131656567	80.18346506329407	92.94026118762113	99.14944954072593	1.720538318565572	66.95483046641249	0.5676469722159219	2.785314655853891	100.2051159553288	106.8140413238217	1.538691535630673	89.70851445047266	94.51460415507952
90.87936010595536	89.98654726151325	47.02227715501682	59.97658787413636	101.4866839487453	96.41220801672739	88.38586167879987	18.65561217973517	103.4715854269664	97.70728364311202	102.1886635840059	75.66361301953778	87.40670613119238	94.40360931750996	88.75728053461258	90.974514578151	1.55144409378084	86.42556476511176	26.69058440080899	24.50607745352986	104.3387998919976	103.2090839124937	3.042524427113396	101.5289128723994	93.14176462962058
104.7538555394516	100.4002560591943	0.4531952985703246	1.319629902391667	93.37382265598244	88.11867283382153	93.70015319192737	2.424948524319307	86.39589430272403	95.78839537797833	85.2287303154621	24.13395742260583	35.36670935506523	59.81914143488495	104.2669154501666	106.9008914975408	1.480238670334462	57.48607540686437	1.649360738530261	2.14430106222512	106.5435759730777	89.73799145856337	0.09008048313533915	59.85891746932555	97.48522884287249
45.78910772999791	68.86854802533222	85.2883802116705	95.84498489309806	91.82578773430433	95.54105068808033	61.58365543176882	69.31565347071721	85.41169553736665	83.28457054461909	97.09161474666858	95.90992778513869	99.849141533585	99.93842770386809	56.80278595485957	59.71889781913383	54.64169920908925	103.3237899954195	71.90090371011947	63.78907469975901	80.92550687731215	92.6879027436603	54.49821303635584	106.0778258890949	73.93811667109883
93.1383753394083	92.89268360564431	2.57284564432297	6.991721264490394	86.27692065025084	92.52897059633094	106.9497356287916	1.031554612188632	99.02686875517441	96.00500271943004	80.44599806470072	24.02791046177066	43.56509464527036	60.02264264256632	92.74338181205029	103.4149811865331	1.704921755649771	51.58596412479193	2.742906470950673	1.166114496066105	94.08678227464398	91.4882465911857	2.455540145235666	74.94802936948349	103.5328605240427
61.80630236896283	80.41511114458979	71.68712135108534	89.9635319320692	93.78158470688082	94.44541517855694	73.8151754498883	55.10721793175887	98.02138799923424	90.67133877477697	96.36892491763068	85.77635981112856	92.13653079374699	95.54877590798137	65.40079625242532	76.95389950761043	43.47252495643846	95.10090050247729	56.7574229485318	56.04062247296594	80.35561889187808	104.1874704780898	52.32552469290178	98.24310059519144	74.43383470072354
84.51892193376892	90.31534387766419	35.31145732634273	56.04375437185254	105.854283977808	92.86079751554463	86.52497578339782	0.673186663426647	104.1772752078478	92.85347946102401	104.243899717316	64.34111812738225	72.943366707248	86.47766347971336	94.17306005103421	90.76182786665463	0.2650488436436599	85.61907127866289	21.28738893747862	2.881275683496668	94.4165471138009	101.2071170098362	0.9609354991460559	88.43671889970393	100.6495722896239
91.81213380369636	98.54761701667742	30.73899613879975	35.36823311003255	103.708076395124	104.7410695177794	89.66247407950762	1.770503324312134	93.65587297608488	103.5818994074983	90.47400276699932	68.94268492900157	70.85042345116176	84.0384803840324	94.0004403741851	91.62333592631377	2.544776217619677	83.27497746003446	1.823542791947515	0.6134064335791587	104.1679029684411	97.82185231420621	2.706347632176277	89.09131656875417	93.22344225552567
100.7518958797455	101.279859572185	1.980612378163837	0.3469331329401011	70.32364432421032	77.3459066815971	97.14004441121416	2.79864829272942	69.13256590061026	86.83485391104118	75.41094810162744	0.1817412345396495	3.532194655223012	26.60316914845979	98.73764248776737	94.78996960001024	0.8798562419915068	20.37292875465707	0.03665073446885717	1.204087461339702	92.71279753998178	80.72635663141781	0.37045508734199	35.75296161390227	105.3182225777945
92.87538598626647	99.70201413387167	0.8665072465832482	0.9109070070714496	79.43579708888987	97.53706016701585	93.1545972333206	0.1159677406559523	91.3545267140609	93.1647266183204	88.26688822163595	22.79595867804593	28.89811241089685	59.36214645163528	105.3499844355042	101.0706285328062	2.019546014726804	44.1860924310142	1.077188021178897	0.5769603188719485	94.81156537680096	94.49254342193456	1.921428659731686	67.0868289136431	95.6278342992949
101.1688233023835	95.90099393350916	19.44983810139224	31.79370533621531	97.12584995214492	93.83635460658553	89.77024338279568	2.853087246519342	105.3397580717956	101.5242390678886	95.62213896394009	55.53934748199124	65.43809039859934	83.3168205699194	89.84231850166687	100.2191385849554	1.787068952055367	81.46673729358862	0.8127759802333698	1.228720378350535	106.6079032606269	101.2914659030175	0.21376909261688	82.40539766400562	98.50430123576946
94.08021328565232	96.07046980009027	2.377971166365218	2.376918889888984	67.24899494481494	87.63015394488042	96.24969587418056	1.245010118565836	77.99746766356338	82.70759273611381	75.3904274955612	0.03659329607066844	2.891193133089585	22.57013857603766	90.66234980209794	93.730689161443	2.633398145950639	28.3406694027266	1.904468640482945	0.6729899241683885	86.36526695942705	91.18000026658254	1.010674714519787	43.10505939056051	96.43712702353731
93.63952363707592	77.49388329209718	2.618524770962207	0.5916846397912168	45.14573199502386	67.11613521539641	92.77500470434305	2.357660353710867	52.63452156754411	71.72384030678209	43.2876808336903	1.033544090465123	0.04873462081991234	1.747431483668412	93.77254299710145	83.40948474629066	2.240811683708276	1.852645827131792	1.859503909960518	0.1824370298682347	84.00047712493854	68.06811588310106	1.664894971487096	7.163462761894744	94.33307530798066
96.79110259679072	99.48364316528077	0.3503702367164188	1.30886179182263	84.63207567679059	93.72808893159649	97.61899262468656	2.625902485013752	83.76338536917032	98.30385846141873	80.55893782595076	25.69626272965201	26.46447231543405	54.54960529411333	96.8734953996898	97.38256988538622	0.03363950381377293	56.08247140900378	2.905454295251178	0.589693300129543	101.8923139842088	100.7243670044001	1.910104556412568	67.13192107742837	102.1453187874381
101.3955898243725	95.87521253356091	2.921790976136895	13.00967212658905	93.90414311173677	90.41054086370056	97.79316912677749	2.057389621119522	94.72747067355689	102.22404858912	95.07397417956916	42.26206856835054	47.64589873412031	74.86741012223845	94.57118479132926	99.04743187884786	1.631283028532048	61.75943683975599	2.618181914476141	2.982526867723247	94.83770176586025	99.39040471502929	0.8639029641975187	73.17506868742532	103.0126202806729
76.08995380590883	73.35616372814856	2.402887755722466	1.076117585424356	36.38186879127239	53.76561760650354	76.65350198647533	1.519328348963494	49.79261785818262	65.98544595121894	35.51263992540287	1.373951965929094	0.520869934763095	0.4452050592295814	82.75069173489129	86.17725511702118	1.716582240571205	2.600192054384276	1.002628556144741	1.58520593522816	80.79816064293183	58.07793942559101	1.738405845408515	0.09888438660222289	87.77861760113191
96.1026532698983	78.69689684421009	0.6559093169119592	2.961055452516681	61.11617519590379	67.59366759319475	86.66402910464468	0.3342003022374996	61.95499825299048	75.22667591285244	44.37346168222559	0.7816526934909029	1.816518818066452	2.331186725937648	88.77672136866762	94.49988642993722	1.659824986230762	1.843339098263992	1.82733928583095	1.196871948654959	80.38214820083876	72.11063804972615	1.742911575019283	17.47473466830862	85.68593540283375
