70.91726197090858	76.44693694495642	102.5520957314866	101.3814854867096	85.50351650324917	84.76864999760538	78.30034392609608	94.0703309426579	88.86821815617921	89.58672638592223	98.42567765385101	97.82082946379758	107.2311004714725	103.229821467228	81.16167663669867	71.37821997006311	83.62983335508845	101.823035967552	90.82037613948553	89.55373437195941	85.47777773329001	92.63293375509699	94.36740776956002	104.6443169675396	87.99471790427927
93.10551572099324	90.7616526053877	91.71328958641723	97.5051329361812	101.5352342676255	101.3439696355029	93.61662804975877	80.56259590473572	94.70192328880607	96.91589518442143	106.7335088243465	97.08321690250344	100.6572263025901	104.3768174005448	92.48359313769842	86.58372233582105	75.19674303048521	92.8412502233637	87.61796001688818	82.67275685610851	102.0729052118765	97.98735208552849	76.67252964062882	101.6862426242693	97.97161592117835
78.30887662773489	85.65827504989073	92.67287847540535	89.12185115532287	96.92617234769355	102.9298097465725	80.17648360970625	87.73882323461858	92.33610669033746	88.60850863046826	94.90051006435455	99.81592495490939	102.5996967110632	97.1435149030322	87.07411367886641	93.10785815575376	73.14029860658232	92.78677939523672	80.83165796246186	83.24174029054723	97.16437380644382	101.0546143212346	75.54657390394382	94.98638579175149	82.99571301718966
43.20117914477232	56.81946557943576	100.706069258087	94.54499484133488	80.28204187578936	78.21356556564196	49.77810141789883	97.81505319094944	69.23916220344184	69.89511193060898	79.54643169112295	105.1843313262847	92.36416701832732	93.9897708183148	50.02955136980011	53.18521495800422	95.32921894456402	91.72113514013229	105.6450255230983	96.95153831482858	66.94412352501845	80.11539142029493	101.4629088006026	83.1257261110361	68.75324129839686
77.54997756911237	79.50702131745821	90.61816520307936	100.7832898791595	97.82628804234992	95.91065255061045	72.70911605297465	94.99415683398179	88.23540917229971	97.81079483783118	92.25836578359294	106.3237755857407	105.151682504874	105.9131274110213	79.05970786492738	77.78400914555608	83.50173025524637	95.36160581385205	88.24044789090306	93.24986175499394	80.86630610973485	89.46134223827147	82.98766918609026	99.06970679642038	89.76242958154316
91.91326134000523	102.3493125104168	75.60780593787818	89.73919383217255	105.5121702559603	97.1499969128698	101.3753657681116	58.60328440724919	105.7770942793819	94.40420624631852	106.8782655119691	91.69147850472569	89.15407652342746	99.9536897800533	99.97296632985739	97.90717651743364	62.23548236319736	92.82241788069514	77.33627604517628	60.67469786163292	105.717150407551	95.31901544292495	54.33528983593568	98.35765415205023	101.5547652983182
74.65595350405887	82.91455498177825	105.5525795203101	100.1248137933871	85.43702646497962	85.47912986825833	69.14863935620396	94.07722974182347	90.58795375096641	94.88556987027225	92.24278866131051	93.98019968934138	99.2553739936837	96.82215360903263	73.8580767099097	81.26268150353336	84.86784006573767	98.0084255336682	101.1821215098269	90.66384534857588	80.39590318505607	94.63001269792336	90.84737100400253	100.3457125037788	73.89990321396824
65.5717152654302	75.65420093025485	100.4052567274986	95.38963995680601	89.78534912317285	91.75134216532621	59.63641922477221	98.44788165660108	87.80505136428914	77.36236390398864	87.4685910382465	107.0439225917567	92.62515946784939	103.0244025497954	62.05634513281599	75.00251066508477	96.41171122083962	102.2297682917891	90.05159346071171	100.8480352993927	82.92395956118006	84.37822647998242	97.15217877826719	95.3873544196524	67.86733675104497
89.24187426704675	98.03069727481089	70.74029751331548	74.95326910846147	96.64900383271961	100.8786077260267	96.58929070818702	62.51679380892169	107.0737110926783	94.85214136715607	94.54851293117207	93.57225117754662	95.60336362024762	96.53938241106636	90.90018264990583	102.8269122001819	60.32335179684293	93.46296460589885	62.74768555622609	59.61465520303682	98.6309963891955	100.8178724802748	63.32595462276821	104.1092281149827	98.63990121133884
78.07258475180647	86.7601511065091	96.01106427992039	101.8063724564053	96.39550782480615	100.6423906242522	81.49353513429426	86.87610841856167	97.35943044148817	92.20335097813786	102.4356805959541	95.95811932858048	98.37063767133012	97.67198911247255	89.69619583169816	86.09810303733813	81.39303636192399	104.7055296772012	80.00469109101225	82.01312089099227	92.29916896965175	100.8012313580494	84.26468647451884	99.82766647210443	92.93208560637152
88.47729405799021	92.77552747309775	79.92443506541481	79.83231987201883	97.20839908663893	105.0683853205191	96.70038798680027	72.18692194654685	103.6682170586901	102.9359390510242	97.09539418690903	85.66863641837864	94.02200209890188	94.25247893386148	91.06867881680418	93.42843821610319	56.79775104621436	96.908661717108	65.65015105759892	62.91458088578277	100.92561238595	105.7409682749227	67.43250449047545	96.06869548061685	94.62851793934895
90.53108855075338	94.03101264212823	83.9487879140859	97.03090905070719	100.3393713840155	93.45501903117507	82.99992815365391	74.16223786459345	103.7666843888711	98.84121575920507	100.300603031174	90.25173888020751	99.74332816644068	93.37852782181224	85.34047450410861	98.8404032487047	79.07916066717662	96.19855126357116	76.22195749409069	72.31765330064194	97.26858227604673	93.20996316201689	69.64846243208143	102.7499906638894	90.01764749542163
75.98802704180594	77.12522301361609	90.03238441366244	96.9945353725292	98.83486563991984	99.20552016568115	84.13586867175746	91.34963518175202	88.6055179528523	86.17853545158188	103.0225626875085	96.87705821442319	101.4696535218038	96.48710894912901	84.32630273473056	88.15367530744258	77.11942602278474	100.8876886571038	91.10650097660761	83.58498921622666	82.93293020341922	90.51623077615784	79.24605187429079	97.46895441028869	91.00592226223164
89.60559253733398	88.35403647793215	90.57669318230377	92.82908861423267	99.60532338487904	99.43069577225742	93.8507313910674	72.90256142428622	94.24496947831679	92.32272318801505	105.0614689214408	93.82166677378507	100.1182010656328	106.3687708058838	83.89762721108285	98.17670497051638	78.53749255472302	96.36322496661246	80.44907114693331	81.2831933354089	99.89493386456027	99.86417252580598	78.4943639227612	106.2171523944898	95.57414632861448
75.91298287886421	83.55506407439999	103.5551628257508	100.520506560831	89.93009166235026	88.07860205235338	65.50821492260195	90.09392797501172	91.83311603671879	89.14933299365117	98.54713428985784	96.48948131105286	94.5047897375734	95.98035281671193	69.95007655667241	67.80981107999861	89.94828825972448	105.5649974013597	91.77711197666106	88.96689500453479	86.88520210498444	98.05347440173941	92.80111607184351	96.57158657803629	85.81047414145065
91.65730292217103	93.55387567661379	75.64762473433107	90.83634691221921	103.4069871791922	106.1001485601872	96.98310320908551	65.39906021634486	102.6215788881325	104.6951184579705	100.5862628031897	85.07843352953269	85.17314613514954	96.19108534413273	90.60674118132233	97.42783268548197	62.65825334525772	93.44702744336645	69.16682139551259	60.6914304794869	102.3892843152396	93.3096292352328	70.29223022074996	101.6458523408781	93.86313448499459
72.2177645850615	79.76899932747575	98.91879834748561	99.87568775997282	88.4450914010088	98.61657447820025	75.86050072055923	79.87560868683093	99.88910933767534	98.09303458238281	101.1608841476363	93.28826471810652	97.24400933050768	92.77112027232147	87.41513808040129	80.42455336101114	86.14924861041676	97.67917218168027	91.35555365205082	83.31670050105863	82.2023980753018	89.91034819584104	81.36789425929983	106.9590008774238	94.06121010602682
80.86764158526665	100.0523934841795	89.43986674735496	92.26783724886214	91.80300461320255	102.2721763631941	89.32334147899324	74.10861190199284	100.1344004173613	104.99973888418	102.0692944891625	92.51909831615193	101.0228109110152	106.619200379573	96.70035367952694	92.79079988252485	79.07933173665549	102.2995071272585	84.22377531138264	85.14997460911297	102.2636195261305	106.2323181748289	73.00546710893263	95.21920047822857	99.09837666297355
95.05280089092938	94.574785273373	74.71492592945864	74.28937082159594	105.4572112073637	100.2563658647363	98.17386437003425	54.72568355228991	104.218550127447	105.8929800487267	97.90766816694331	78.93161720934636	85.57931783672538	89.62237852129849	92.88480376607231	93.4088357935798	50.26565691367259	82.68566896249715	50.689332517123	52.71838950882979	106.5640818973878	99.59784364808563	52.60347812017223	95.58928665560157	93.29904013809167
99.56283904072492	106.0383081005114	77.73559099922969	73.99044041406324	94.21715135722026	93.82586975984316	99.42763663009735	51.52514801629432	96.33179235118905	100.6522585594825	93.61275457943431	79.66778608760363	81.76881180488176	100.8268114469613	100.5750021725487	99.29738189755913	45.80742845067932	91.67181016742441	63.25221973913908	58.24865016122723	96.88284679788043	92.87433042994016	52.16967912625242	95.77464603518108	99.52455072634717
83.24445658771167	93.3369993990123	85.96203050553748	91.1387397469345	95.21823806920716	95.83103487506146	94.84823682406198	82.38400161133525	96.89503284023839	92.7255684103956	102.8830814106008	98.53778014596786	89.61881721036208	96.18786853831119	85.39484318596526	85.74025964597797	67.96516919259129	94.63817198864579	80.55173619128408	76.27614080793805	98.59602570312748	101.7114325623312	71.91254819348616	92.70625941375751	96.53729507788506
69.88166979380956	75.41334308001019	97.18626724352762	97.25799056039929	95.9973662527665	83.03088641769267	64.30054785892301	93.21520879605109	95.46661874833528	94.58271430285114	95.81465752650213	93.44338713965674	100.0123333902277	98.84263823644768	66.70244388310658	70.41417572209571	89.89947937461238	103.2869472119942	90.24636559212159	98.18712000857082	88.1443189307488	92.26265307040593	89.75547485448386	98.0876852650557	71.67422625894299
82.85102134972411	91.02849939984554	86.88202008878413	89.7444018704019	96.23206072776938	97.76671390135297	91.85684236263454	79.94778264375793	100.9195033219101	102.9127265360597	95.27534744266531	102.0045422710588	105.9137640705554	103.5711683838639	90.39842358630898	92.80301545560127	76.65462368996981	97.07739900679582	90.34708323378159	80.91635425741345	86.99356054136076	92.83821021095848	78.10061997306019	95.80398771198595	84.82032627346747
102.7614126857955	105.2890908492249	73.75207883440008	75.56240289182142	104.7976548688444	104.4927508232605	94.8778735809617	59.40871656292852	96.71028230891879	103.2942823848277	98.66589852573915	92.17025985018262	92.36573509925033	92.16383925434137	99.61703924907926	97.04245317549126	62.63422364596481	93.20789987217226	65.55119535672327	66.32173085901891	92.03625676699085	103.6232195334472	59.17022679280274	95.81432272886008	103.3319177574764
99.29084643313064	98.50244519604816	80.75653585328438	85.92724135618613	95.32171471708763	104.1835578319967	98.62506024664336	62.42363997997887	94.12547649309786	106.7944034275848	101.4487981312115	88.83475549513579	100.929861595698	91.13356173400069	99.61083389649541	93.56060231951098	64.18810394509988	103.9208186539142	78.7695559022727	73.29715718316092	91.04703324849677	92.63989883841879	63.07672194612813	94.01725918001436	99.36936941098888
74.9468065469479	80.82942088991585	101.5564876847842	91.18879107764219	94.72446570363523	99.45412783637217	79.85550503438276	79.48803265134957	96.60623004227085	92.93315446677231	101.6695202358301	92.31855743375034	107.047413560285	94.76181009743929	81.09710000542876	84.38368617073898	85.86351020128937	93.82918217233996	97.50775528258285	82.52453219132846	96.15128733301096	94.2864516895516	84.66883784355366	103.4162000066057	82.63548522173295
91.81953078437488	92.62200582793838	84.19411564736978	85.86011700953938	93.53076443979631	102.2055478030361	90.18899093335679	78.98219230243265	105.0726553188822	92.42643617709516	92.50663351354767	97.40238563598928	100.7972278757026	95.97009114503871	83.68301713623741	86.90827835359561	78.05489381980004	105.5444451726889	76.96690392236577	83.44439110618831	93.9440543601919	106.7867183142992	74.81566042167697	94.0071763669235	101.1584325727679
94.90138954553038	103.8572785216624	58.64988384344284	63.43445377707944	101.5176049994358	103.9733745836034	94.49970795506297	44.81028925617518	101.0171917533386	94.44722986922231	96.11569872369776	69.15345253643487	75.74084404181966	80.61468200924847	97.32605558208405	102.3158638412716	25.85427806501232	83.13021843512942	41.46857341458517	41.43766572926025	102.8985921145934	105.281881998744	37.0961126810305	88.92798999406493	96.60279829606338
86.15659979853896	91.74606499218307	83.86426517072911	95.44922967697448	96.49104688803006	98.46570599691186	83.65164198853762	73.79794761967005	101.5181601374262	103.0196373432881	101.2127426377337	93.60455978721417	96.02568714112823	101.2312352893589	86.17370272821195	86.22555681139822	81.31473711743469	106.4846714592951	91.25655112986429	75.84897631537891	87.16704145850842	102.3831666945951	80.29169631455234	103.6950110174397	99.61092103410041
90.02080369462935	89.21941703229119	86.94922759547954	83.24329908053824	94.03357852265117	100.6041749767789	100.5901792063879	70.69488355221998	94.52765416265279	105.7770944020839	93.55670745901283	95.05477016915316	87.60468029157215	97.62235098739718	89.72047725951809	94.70651529909719	62.02481620209088	100.0192758658718	79.13537090489078	65.08094773822397	94.00149343438733	106.3476139318012	63.05187280925003	102.1014116298882	95.78643564264598
97.2260535069296	106.90590838458	72.41057593741451	67.18434852874536	98.27401423219376	101.6174770284762	99.49762980008252	48.74310560762899	100.6602219582784	96.74748343559969	91.59038776583795	81.69246340629016	84.07693972679	96.04760038288921	97.54015055064646	100.8527181427065	41.27589145378572	85.1839986032136	49.90242407295908	46.96102052482008	94.19768472605115	97.49401834273259	40.78515168846113	87.82986611026503	107.1967069842717
99.9818361882602	101.4147758058979	45.87266385193636	55.91815093256258	99.02014807260038	94.9232412328742	101.5075190074966	18.35290093167652	93.65971362373028	89.8070766164258	91.03927742683778	65.12188462594543	63.21058020995842	75.22563963181263	103.9181279078308	92.58919778779185	14.84384774339473	76.06272558017014	35.19642445164266	24.18071206419952	92.41268137121918	93.59109842526071	24.69306624262897	78.85570349272298	98.79110447684828
105.8132149080194	104.1838232320733	46.06304224709719	44.97795861370614	90.52922455211227	95.34984912002757	100.7757002309242	16.88412488886859	94.66847152706394	91.2022692037405	92.76691706256008	53.78196200874427	59.84362373227593	71.49279759519217	102.341111209667	103.5236332555696	5.764774288918661	75.85286006804166	25.50691617787114	22.4123267475903	104.5409408985101	97.00033424275453	15.07616025148192	77.57577449731887	104.1676622770506
103.6844752575362	103.6244186031366	59.92353709747923	69.80451109360197	104.0811107311785	98.05223270258254	98.54678673264905	46.71444984054605	104.9253535738851	98.68418515721972	100.4377814790217	84.16257115046049	81.60490149691142	88.94555122979293	103.4870291652839	101.2618639655135	30.98654587190846	78.09144440831636	47.60965533766851	45.96829035163074	102.1951203613782	101.4690520273989	35.53306677077517	89.278988824184	106.9319580755107
95.66151132867574	99.86047786686386	50.61054035584343	61.74762098764734	90.24547081281769	98.82516849531464	99.10842631707695	30.17424377559566	89.35624405788533	98.77530890055478	100.3934495453801	71.18824278502194	67.11343111937509	89.04368676131459	106.5910561792292	98.42739153918319	26.07264275545919	79.66236334470244	45.39151004638106	35.60985521546696	93.83099739564523	100.2342143603897	31.20063275895466	84.49786428146567	106.7087457397043
93.58850817623667	105.3194666335425	44.53859152262216	63.5838089096257	97.81014172348546	103.9000873652951	100.7125403990738	24.14227842786619	102.7009701455531	98.41930610394918	100.374078208476	63.9188596670359	78.99709295572616	83.67564008527516	107.4147555149871	101.5987772878004	26.79161299713172	75.22565222645407	46.88259243009362	39.5427591641206	95.09051937076703	102.9622903981645	33.97162803177712	87.59959752653762	95.44789409956198
89.40468342681288	89.79807956209451	93.64442481729058	92.89292668764848	91.49715638984624	99.04312908633334	78.29691523984283	82.26896168347503	96.35854181877707	96.97818263903706	97.41908740932139	106.0105698377364	95.25038576137906	101.6071499370246	86.92175690262874	80.35251196567745	75.33208564879781	100.5459067319721	91.04226771557212	90.88269290843465	86.43543765316653	99.02921970819568	88.91633795744308	100.7869335473302	83.12328650505349
105.409345055511	97.11296959831577	61.87066583583747	64.20313733972665	100.76045657045	103.9111467131892	101.4436871543396	46.5218242137552	102.7110282485094	97.46519648267083	92.73785837579196	75.97078657326855	82.784941578313	84.35538038798411	101.2084943572546	93.06730736459639	42.00607305301519	91.21661068836113	61.41543082198591	40.56877741630714	105.9214226919705	94.41918183960377	47.85926578659762	96.21599604578246	104.9928306344155
88.57643476045328	87.68679392711915	88.93094616095686	87.96114709771976	103.7253606517748	93.18828374801394	81.52081979133993	73.49730654783454	103.2981700450597	97.41137506275784	92.55561543834166	93.46173318633686	102.3952430276816	104.966065569239	80.11426668656857	90.5697702562853	70.6023636561458	103.9009094063079	82.06683192814521	82.75633328870565	93.18912509504547	100.8194984653957	85.97833809615089	100.3170189459775	98.90329781856052
95.6823219193907	98.05328656954369	84.50563585386035	83.0467554766097	95.64260402998215	95.48881800452985	95.30109154715359	66.56020209384718	94.64573367110597	100.9103809974032	99.86128370169514	87.40159744468444	95.93275444114107	90.92707498686535	101.4440337363497	99.4689823769892	56.81395357471592	96.61163415195645	64.17777798922496	69.30099356925923	100.8195402048758	95.8819605514331	57.20851298632397	95.22303149418225	99.05663203024412
106.5228850898246	97.56654011152571	61.04499853429631	66.92798709486394	104.0959801068441	99.95632339241936	95.71096982340623	43.41902293384062	104.5944658793238	97.16019349418646	92.94032697070845	76.91578357583604	78.06578444874837	92.12256402899337	102.7634421645839	93.4428463639898	37.59410155511228	82.00411643668748	43.23939527792817	45.79471355726017	105.5081603946446	106.5990012706586	44.2534674790283	95.60692200701887	94.12363926047269
104.7191973361261	92.74273955690099	63.84330291648173	79.24169881248963	101.9703509843805	103.9306221838456	105.5027575773553	49.73014055398518	95.04939681913697	100.3041070866139	93.51949057374109	86.42195623590936	84.79640485667792	90.99147066011855	100.6918245689244	96.66562581157132	38.78639340772465	81.34766277437409	49.47607121804052	47.16135438331295	107.1113286231805	99.85955194840297	38.27908593091785	89.22181611436308	93.64010857965465
96.9458306814962	104.0221310876347	79.40923192641826	84.67204439188113	93.0601458788073	105.1087105891943	96.90077481627766	57.38118037174006	97.69881724657729	105.2484956465757	95.93524913054077	88.16628268420995	91.66943734629469	99.78228672855197	98.08695139397605	105.1760270039344	49.12516818976533	91.12401149363744	68.74019912079326	58.16885055317368	93.69210301488104	104.9249404102725	55.19128639874075	91.61761036009258	102.8169538161117
94.61726626222745	93.5905996092816	79.48987410788342	85.4547415948706	103.8823639878287	95.60084567627351	86.51277347320237	71.13698102435195	104.9663186139182	106.154402738602	98.97889525457143	96.02578052451014	92.22476782660122	93.19467157400068	99.38074139426112	100.3865874129607	65.76645481964765	99.81610808390741	76.98477226823739	68.94784403648075	98.25558602940322	96.67920567860628	68.68397484498516	96.28780995013803	89.99220096033537
95.64007547586124	105.5786732951424	73.60194908098538	77.30796812449034	97.94488050995844	95.47383762680062	89.71932950103322	56.8226478216837	93.35569423465013	104.7326363000231	102.4035377054334	86.3316352415426	94.83606146134544	98.18935066002328	103.8554729946707	104.6109848341255	49.42637681097619	94.049104179436	68.2135405769709	63.73234948651653	95.78831649360514	101.9470339361226	63.88303194312239	102.5316895437436	98.86785837908579
93.44696108916207	102.3205368839578	59.28458689680282	66.21014917889124	96.2853243314816	95.31561009792419	97.446578570016	28.51885395763468	96.63148665454699	105.2913219758139	97.21180186310761	68.23516432441612	69.878163303581	79.93668997993282	93.05829670437997	97.42192978222077	24.41566563921599	84.53958119697458	37.14554734014138	33.06120648620109	100.9861551988626	91.88405966187477	27.9375370811066	82.25157986912831	101.4723521772739
105.7364549849691	102.3930816214417	65.00731781735125	65.97963372292213	104.3247380857751	94.40840923212572	93.21166702286915	49.74553413619588	104.6779213238148	101.5992438512072	103.2128735144265	80.55070232087252	85.46962334664282	83.82864969434577	100.6751424659193	103.7663256375684	43.2517605430067	85.68529349227153	49.86721432656564	38.39256204218037	94.53696210477875	101.9082872283359	38.75935305340487	95.1599082723838	94.12034497370169
101.0371824394431	98.2013969583012	73.33479962738602	71.02273692386522	101.6593554075693	93.876929340815	91.94517138027658	52.94693540270161	99.94106256196659	103.09913221408	95.14416331184002	88.78004227032652	91.06787692561009	92.3387488429226	96.87880780869196	93.72650711380393	42.86969459670031	95.0870071229302	64.11345074816802	59.70466252179537	101.3611928996785	103.8940598075998	49.68410418425584	96.2403999760148	96.34037044684608
94.57368053101828	79.94275858550759	2.636012210455182	12.95080310865501	69.38725394496029	72.18792605714881	87.06217263072894	1.240642538334384	64.39043279862314	82.95031285846159	62.33349534683531	26.38091825610802	20.52683390441905	47.79548537046755	93.47162860781617	92.31535510040445	0.6153803379201881	44.42267814761531	1.642050170008162	2.138537160165581	79.37685179207189	78.88995111079548	0.5109480249962226	44.07321614232789	94.28636182686762
99.25767209316506	94.59244424415698	16.99904753853357	23.39689343349973	79.45679997877795	87.11953455229336	103.4587041127828	0.5218024031996722	79.85480790224702	88.4995161895976	81.10023590425074	45.18240796980059	51.76658572775447	63.13674320051304	98.52365574132003	102.1510272257539	2.114402940792799	59.69117001441685	0.08308422142628238	1.357336278094409	100.6217060007919	84.91357391290911	0.122815946774277	59.44660809961738	90.644133016471
