48.34336165774207	74.70838374789429	79.90684212039419	85.99034559175966	84.70792743618905	98.95749346861621	54.43043871399242	62.55793889921225	86.25687187379728	91.9599825472318	103.9292937075166	91.81711073412767	98.50185316293705	106.9613823056131	51.5940645731345	58.64783156857804	52.25520538427554	94.87773662410946	76.10559680416621	58.21509131736249	74.93937638979568	99.6996204946892	55.96659335429962	94.99624668710571	66.33538667181317
2.830492225961136	1.701653751980081	93.40083544543185	92.57476220097936	27.65561190897922	30.80953036821828	2.404313265808795	105.5554015991006	22.26461836887238	18.64464820110885	62.84850320809758	100.7414887168166	98.12889488283912	63.46744155673304	0.8629449226913886	2.491422046019431	101.1787454612675	96.69162429373726	103.9515405747954	105.2252498302554	0.4455228322920784	37.13408807032671	93.71094141165011	66.40840293824095	0.751110386894734
43.29991438889933	62.70894189446362	88.77147438008791	96.8248298330675	87.21339671584023	91.12803510210598	58.27458217915952	57.95011152781764	85.3561192071339	87.04086699104577	93.54030981565177	91.67632850921713	105.047284759797	94.05038627997652	49.17150119717402	65.56242443071523	53.57031444399867	94.89947495866221	68.07895986313473	65.16513018416512	82.3838993098292	97.15511555129568	57.05789122425901	99.65067717661194	64.24061878601867
31.02708049343961	53.1359606260665	88.14189769440456	99.53194370255302	75.25055800195261	81.35905032168321	35.24554504687234	86.72127892394957	71.12200987114727	67.95230190121512	95.280550489898	104.2829443949932	98.2968951153555	99.53943751269681	28.10946689288537	37.42447696837549	73.65469912123632	101.6771701911749	87.01152141433836	74.60370914296743	54.7392388017055	82.14697456482763	77.59035590171403	100.4119314734569	59.15851589278125
66.53851691882068	84.51161661934002	77.1990908952896	86.12855602577868	93.50196121244483	94.04478113343137	65.55785803735364	48.92407017656473	88.55818046908259	100.5307673857935	93.9139390167711	88.95700684807329	91.44295925474454	98.46678830173911	78.19464920143191	75.97849689687442	29.50544290192015	94.35008381388079	58.78875135527322	44.30134439676132	94.86408575693741	103.5280568955609	35.76161510352556	100.6909020660966	77.39553926268113
1.664633029969198	8.923112311588355	101.9404833967619	97.64477580438349	54.06808755573356	55.81108573514176	1.969832631523255	88.30833449530547	47.41348861640467	48.82032042618265	72.11372423516791	104.4391700244547	102.1366247681822	87.60467308140014	2.202157680627693	11.68311609877988	92.86442035884835	95.55984047043091	94.31192149974781	92.47959401743559	36.49711611881716	67.45621667378785	98.01806721721202	74.22567866078766	24.31054857884189
31.96690955746786	55.97655874116327	96.77831716688331	101.9789101077893	73.13826245322319	87.875981795851	42.10580718193658	71.54009455091803	72.62842142471848	71.24713916280328	94.55732622420868	98.10354374940924	100.3770635469066	98.44096448773155	30.5712653591513	48.36404264375746	70.77707045662758	92.31890878481322	82.69896095096541	79.11993278471635	69.27639213713623	83.64969573565283	70.09552029078409	88.45978326877675	61.59194103143781
39.17335005597101	48.63367015230717	91.26499465595732	95.18049944282569	83.80854840551594	77.1349709635852	43.84747996507326	70.80927039907286	80.28076092148123	76.07488045533287	88.30646997082411	102.2107075463478	97.32550016529275	93.12013350088853	40.42262748069496	46.40664820060282	68.54916956759098	104.023929844194	88.21273901171764	82.49396835332962	66.57970074067313	88.30422686204433	71.15238210836911	92.76467270751007	55.15101169304437
70.8593360493808	83.65811645013075	70.5280622600748	75.73696378525824	91.33535185709032	95.39496783742575	79.30618241645178	38.03937994179739	91.41180504201591	93.17458478115708	100.4942147968983	91.74718032172041	89.05801745427505	103.5127797317858	68.89470563775889	77.66491164213436	32.22365855954815	94.26103719369691	52.23060924943131	46.29250117774257	87.51080487609941	94.64951014289889	41.9042677129174	95.51160773253066	88.14661269099692
89.88122470821602	87.159056527236	56.42946856657395	57.8902233413707	103.4813521952521	102.3164631290035	81.59158982097335	13.7147957359778	103.7284185662654	106.8307276561561	105.7936432409723	83.26596167680049	76.22554494935275	92.16585994867015	94.00849352053059	94.21976317622628	7.3822672114478	91.38265263015298	29.73730944532735	11.56332569187969	89.95246472134491	98.05185450057779	16.0980238516346	91.92872599147695	91.67759504314144
99.88084174782094	92.64737035757732	24.08950824265314	33.69650337835655	102.5772408203181	94.89141513687436	102.4575660902936	0.2571164502203077	91.60980703398685	107.0653129175252	100.1885624352595	55.80479523468513	66.07131439950157	73.84944528579263	95.42221172630876	105.3851842311987	2.432946545240359	68.61278813103125	1.729939770849804	2.474754858022597	103.021627937109	94.48362288585031	1.88503535279353	90.15804603114432	98.55046099621214
47.44676236540211	64.72234941204442	83.26292632808958	95.54080374547168	91.40950195743814	88.27571920085829	61.86998615142345	54.39925643054013	90.83587560501229	90.62545960431652	100.1667750882007	96.12092218488087	98.43969883638574	106.4839512614044	64.91430212872402	67.32808378617429	50.95730995160143	102.0611847418607	73.49276909342277	62.24249916231754	77.55571526953153	99.53618705869235	61.43716645983085	94.21250286385076	76.52685700770506
91.63200923703684	92.89781540684719	38.38355318796778	53.16627087111421	98.26102750473348	99.9462160954596	83.50168386139372	11.36778026732875	103.4023555378723	93.34055432973786	94.8090634040587	79.66280631711074	79.42478009803212	90.73120071425474	85.2129058707723	93.99352668034994	0.9427362458563515	82.37997425791787	19.13552414349893	4.368117959215438	92.58327451225196	103.2756558140603	0.0121566727965412	94.62030249242535	92.43885551487379
27.75393127308701	49.37981053650707	98.93354619048614	96.72146726347341	80.04282619360509	77.24655706059481	33.90320643480922	79.68390143693809	80.57129595929308	70.12571322647104	88.2929575958951	99.42576725288878	98.89231683936721	100.4744851002231	45.00445123519985	45.4683526448871	73.90988956211929	106.4363122199632	88.91237845008574	79.92132083546555	65.50612927838402	87.51973655340353	79.80967308252282	97.05448515231413	61.84599909259302
69.53785879653311	71.56023365198566	76.96065072934013	80.98549910879305	99.84176020303707	101.7972988230165	61.99119850614512	59.52073274928469	93.8946568912597	96.68829333202238	102.4011043339091	96.25087575027204	97.72407413832478	93.62428559843536	62.52395128263716	69.04144775762454	42.58266674555264	97.3820372876386	60.27959953581045	55.12943996078991	83.13724267135403	100.5814227390945	50.93039458690501	99.43311931657	83.80901831597886
103.4138820259794	98.07562402799564	2.959531351873679	0.9662852549756382	92.7892549997874	99.05470481056366	94.15343855282131	1.603445460890561	92.55493005573697	89.00635115502654	89.86175718117313	25.49584251629147	30.28801668821332	60.21276196624729	101.3534035474995	104.6430357058999	2.72125734754566	49.18287374223669	1.586006891575862	1.858893663132012	102.1813212392586	95.58629318313525	0.9195979246972139	64.52977831604878	103.5583731500366
70.63486014638991	73.81180131121454	71.97020417819323	88.33262627156233	102.7095965560581	99.96485908872164	65.13383370590816	49.27473587120518	93.20196785096293	96.62692462597852	105.5860190927937	98.95723172591964	95.25337706066144	96.16248876480947	70.82545349346428	73.75493248609855	30.8635806997949	100.7410539366492	54.1121404771689	43.25529467650419	84.50813255370824	92.89427348424364	35.61739838180303	103.8070292918977	78.65068958277851
77.41290533251944	83.17494756292481	56.31058628427485	75.5945510224327	103.1844287155748	104.707953363918	72.19488770569136	37.46669651599441	97.09582919015854	103.5929853309868	95.20024477739983	90.7328536255102	92.14923244038309	96.35560705338693	82.40651160451344	90.01197459511937	15.20204701394552	90.29579090864837	47.43074807430981	29.84819522613405	99.71411368363539	102.7365560265209	24.03485365055323	96.62031374998949	94.24117632098896
47.34862638764853	66.61661248672273	78.32437464574291	88.67642357358481	94.09983682266058	87.65326124801594	58.34756152673847	62.85677934255602	82.93890307126183	84.00960820388194	93.71103855399468	97.81421375667335	90.75500082288073	100.1743905409306	52.62070012612931	69.51687211187914	53.99658313205972	105.8976968135457	74.0383940493174	61.69074519390509	75.91432528305072	92.10047626047785	56.34839204404458	105.8728519249136	72.64646500161602
102.987588364921	104.3211397579825	7.162408859097548	22.74838422358736	88.76570541921538	92.44929309193527	99.69013364990556	2.042680320322761	102.5036586792253	95.86589794242222	88.5134659955949	54.49719367153399	54.575202830399	75.63997473986566	101.2208961481416	101.1181856741834	2.209486321374505	73.16602704464827	0.3730698839691339	0.7170973771032729	99.25633595830908	105.3605470871244	2.62692722259025	71.74854449907744	98.25323821924869
92.11012117586068	102.6072238345538	33.99140576335598	55.5596503433642	92.62716545639266	95.69892289460144	87.66067012737572	9.882724865043052	100.4053452655162	100.5837794053135	93.13735069832833	67.86241536233764	72.2709665628127	86.10871873552721	97.92888951835344	90.7864484977918	0.587787257721488	82.53364575237178	19.74336029400277	2.684903419358995	98.96265594499782	102.2695754470577	0.3896076308514106	94.33629268743	97.63978737283448
89.50605738415197	100.4797284738013	45.90758142502391	65.3471865219727	96.48683033875177	102.0268618130858	96.28743154934082	9.859551542992953	95.50852650756764	105.5924007548027	103.8471578114221	71.49563415355246	79.16056640341183	98.58441976259137	88.39889746439685	94.33212449775661	2.047274318037302	84.51845936526556	19.22949241219751	14.90684766824994	94.23812678465252	105.8658836051445	4.997065626731688	100.4641228999783	101.3510636254389
53.34913525280759	65.78961099009766	85.62269376496484	96.68674951262977	93.58718646012127	84.31615694110739	47.55667278214437	71.56820794488647	90.40759774874506	80.19154907111879	103.3505717949408	92.52477129121527	97.18965554110328	100.985752236703	53.83101677901118	67.00224835274042	52.73628389509973	98.27704558520813	75.2608730751648	62.95986895791097	74.01986270128556	93.04592761087572	55.07083956993981	96.5696806286395	62.37676271430402
66.16442547510972	77.10773999318452	70.03565356391394	83.40594373527897	91.88634246125436	91.68924837285456	64.28967669622007	51.50632070328551	90.16763960269704	93.82094745087153	96.60759877316113	95.99195346812455	93.54515495545144	95.18306262911557	71.09802411352256	81.05022082443968	39.67099066162918	105.8539250419459	68.8682961778474	50.59969474132495	88.45371405017227	99.80095146899903	44.23001525511441	92.57737393562726	77.95338830392676
79.90428277270063	93.83983599846961	51.78971155867639	68.07135720329731	94.43563824541137	101.3194303092302	81.25169466450363	20.30852960022182	100.4716395207513	103.5763293058558	100.4862985019219	74.75393831623821	81.06150929834465	99.11119510408139	86.78198190736201	94.43342594662205	6.058603134881279	86.66397228567131	33.68610796735818	17.19490046315558	103.9393840474045	95.86755398262423	4.871922499904896	102.8741232236433	101.0859413980123
84.66455187218847	97.09314856824479	54.14991260409764	60.29526748811477	106.1413107939079	94.27975920744088	87.78001028184893	15.38811197258774	102.5962093365793	101.4910427242729	105.8960575212399	76.80448776378181	87.5272626432911	89.72020093087923	89.36447274680356	85.51213601861051	1.471124044460716	83.43329542400744	33.13390650231973	12.55510368003305	95.98198699095055	92.90737125265623	5.584745030226806	102.6245950175846	97.1895098642629
45.40074139601377	51.10072648692741	91.21705155960211	98.36349163801228	81.39081017735919	84.84762838397123	40.51147790281892	73.41057269244025	90.74483654511909	74.62274246204959	88.88964911022657	95.56413621718102	96.98074780556028	101.0972464993612	53.8041332357256	52.01612476090379	63.96750655974454	103.1259706427191	72.20903616821266	80.03489821493471	62.67315756753919	90.22924939987948	66.62370118192231	90.94772336327459	59.31408869395717
48.39352142027077	58.08953329331109	94.06839498830143	96.8638277397902	88.26651001992578	92.5831013614462	41.34566665761314	74.36872598546405	80.74238008752381	85.89837065055522	96.46728873360975	100.9454339392741	95.00562062347842	94.36961308286013	54.99543777885923	52.09222491480529	62.41272710044564	92.31235742466463	74.02727950685494	69.85954796010327	75.99418190603201	96.60234997636499	60.93307897029911	93.50796507930323	61.95682196049489
97.82118147829398	99.34390902095311	0.4924932072949453	13.55145722948026	89.90641395158376	105.0756482597675	100.2784394393999	2.764571518017899	92.64965510126871	100.2834836201038	90.38653642487276	34.95328185392653	47.93578202212982	68.61885867595763	98.64916058605696	103.3474844751526	2.627750733561704	63.17197017996671	2.131339010145948	2.904101444576072	105.9916754657403	106.0395521439155	2.184531808651788	77.7672555682618	102.199242897531
42.69479391432382	55.10101944539617	92.42236058641417	88.69756717729184	94.2676054305412	89.16730213446814	53.49881027151309	66.45761216191383	86.62876874789161	80.22688979594656	103.9449642576403	105.1977132811209	94.18824724500956	101.3338373758834	57.75483105113641	58.28482760185665	65.06880564639832	105.1302996456556	77.96181693879186	63.27390073924292	73.50805444915171	92.50885075371238	56.89138615630868	94.35696975735463	71.40194647106969
84.92388780610543	97.53004998854787	49.56924826986213	66.56616054006199	99.73647693323798	104.1955624630442	89.20573432325909	16.3737318021988	101.412735140807	97.08447772502299	97.27658535270149	75.50765039735573	87.78477801586462	84.76088982431608	86.80523644654187	92.07390992990845	2.203583973693003	87.60040617340925	23.6653075574585	12.88446204603481	99.86637043441119	93.22679283213341	7.117600156613527	88.17824491914354	101.3076653074668
92.99607777548788	94.47715137622404	1.420682632298342	11.57077786358491	98.24286987335761	101.6479555206347	94.62653039970535	1.76456109319282	98.50851677739908	99.22299508681394	86.5353223276749	40.18369337269723	54.09908419376898	72.02435922528575	100.4667334976863	97.75669089270338	2.302772444566033	60.4463230573617	1.015904599964043	0.7618364246519742	92.81689497992379	97.52404567623451	0.9791205066051558	72.18598394717063	100.5374838242998
80.10288180310219	94.63967321650925	44.57804838380923	57.91559444588871	103.5892348192588	105.2498433713603	86.25765320400144	5.18804372388839	97.06709920640557	105.6659723232337	103.544488689559	75.44226807964411	76.41289983073008	87.12924366327147	88.30031991050748	98.8889245969179	2.226086933535	88.63284360909191	22.05654253412612	14.18026024902278	105.3337927593511	101.2730088037455	2.277076516289453	88.09861292186801	99.4019575680946
93.37230299589486	100.0377319852426	2.349315322217368	19.80670535321997	92.21250583958505	91.67552245733059	97.11536927947161	1.101179197251475	94.26924532057311	95.69492607533385	92.4011364163261	40.77061693931112	46.31858626828843	63.85705600618768	96.98760112267222	95.38748474207996	0.9156688048958381	55.37628648514973	0.1305765823547854	2.837836067002592	92.88233972579332	100.3335093674151	0.1930206929623118	81.50725575601007	100.6981824120145
93.85511733119128	96.33195144772176	2.562489551003614	2.060114878985295	88.57229608533729	95.32541854717931	105.9449744142081	2.25185388269951	83.65003890542242	100.3486396429268	85.0352346240867	14.32782201246632	23.67605025134859	54.66651469365266	98.70537601695135	105.8259267241454	2.619814099787588	46.1232136895232	1.271132461509418	1.740271817645081	99.1035482552021	96.86611056183027	2.504677034659652	57.97526954623333	95.02482032706442
105.7494229387326	100.2096469213205	9.012291447807279	21.37101289264037	92.01477554538695	99.49992501705952	99.69382095595665	0.5949682954733575	93.82259998450348	103.6106698742807	98.14395168287362	40.84464543005627	48.77166293531503	78.50503156597355	102.8957949647328	97.48380538031574	1.475750249277822	72.03014827568875	1.385897103154451	1.530623116767223	98.58464447481671	105.8851185910369	1.46860388830705	74.70049623828194	105.4424707975765
81.24237110957159	93.90352229632923	55.36810323756411	68.95316730051576	100.7362679471102	97.33976951626587	87.51028189803363	7.643692775827001	94.52841790085921	94.51277529755578	100.285882718196	84.18704516265628	78.20864189429616	88.88680014570015	85.22915624571033	95.57605526821001	7.637273922904297	91.97624178021245	35.36010279052908	13.53543760979871	100.2467076609397	96.99830109455306	11.67575142496425	99.02101604607007	88.59659454493703
79.89343882690868	92.31363902683998	51.41237917853897	64.15516379121777	95.67703481753247	104.4512228550443	76.79595417905294	29.93591283803978	102.3059478774963	101.833661667036	103.9616351968647	87.93746133456082	89.08160674135655	100.3019645606996	88.23369848253671	82.59480916084769	4.74195739515711	88.79803301588801	38.25857955646805	19.52749484274502	96.06688457967877	96.56351482714359	13.83555828675263	103.873318896443	100.120316155567
96.8331814663549	96.96581371734361	3.622527875552439	24.22300540541748	89.61134698240801	99.25672245537245	94.29894236169147	1.397908421790175	100.7391697258354	98.44119491508103	91.48008170829006	51.45907727468249	50.77010346827237	75.87145827484622	94.81289786624738	93.22308912081144	2.488697248706166	61.97382599384161	2.808534224480664	2.027988049988214	106.7771767040662	93.14157662064052	1.649031587943394	84.00114945553661	103.2116588412923
75.11949006189647	76.08607330932	65.86425192576216	80.23875318964785	90.55459626314922	103.0353035489777	66.56193157848932	44.98717137901315	95.0839679075609	101.5758262694041	103.4892658134656	86.11288038084288	95.05534567191725	97.00547714054002	76.53093877666475	80.75146747314793	22.95660301096626	94.12151901589313	48.15659792615256	45.11910855879022	96.66251916144904	102.0494527715433	38.23717149773027	102.908552047635	89.21421041602811
89.01014110276533	88.13188710598318	2.13424180803367	0.2829355357192351	67.52261431955381	68.44664693209309	92.60454946277875	2.503276990609777	71.15584737660529	87.03237194971581	53.05683365859167	2.395695254745948	0.7653425353350716	12.83368338827561	87.68622730672605	94.67443495923405	2.378558006989655	4.490343367565771	2.923422754837454	0.008405912712253681	83.13957625005487	81.00848540281588	0.4583295730738334	25.16263725287157	100.6682344852482
85.05436761512392	98.14161478409397	55.8680847849828	62.84954065187826	101.6026484791939	99.30250037187534	91.47046379848392	19.87577522325411	93.30615825654638	104.4940942829969	93.6834723198686	74.42540606205006	76.90379792937628	100.4714682725286	87.63502827242587	85.57953102195555	7.526572695674119	84.66951109881272	27.90755254221091	14.92608518082749	89.73216003567714	97.2717311458685	20.19920543740565	100.2289568437812	94.4672864858738
86.79353527132257	94.07755710427261	50.66961733081468	64.24858481788178	99.04885353529754	101.8155519514581	88.02681430414501	16.78569613412978	93.50823692107643	94.82333673955145	98.21843813591629	77.02677019732124	83.27401191707332	101.1170392191083	81.23911243946922	95.53457338416264	5.046722471811778	96.55036990437439	42.38248732865638	18.23558477067265	89.25475770302502	102.9094779800751	11.6094200786172	101.9008471189752	97.96174977117981
99.55132714444311	97.16033886517705	1.433085922905074	2.560846664410512	83.09866704660041	97.12429476861763	104.4978954484621	0.7355202367224303	84.05753132173813	89.26281099527726	83.44987423538761	19.21654633510258	24.62121784614119	52.05632885518421	104.4939048129658	103.7864365880112	0.7324577560361192	37.90733589178922	1.226678225864696	0.07844061323672816	93.53212352730522	97.81620048322512	1.017618842124151	60.48858427079008	94.88181164505724
84.29923408727981	95.60483381545855	59.99843887269924	69.01408196708749	98.89154844397737	103.682588802231	84.96952209862921	19.38350640040586	95.84612319966929	96.1243289460798	100.0183971973252	75.15090642210069	88.49334052510275	97.16034329920893	90.29402412099274	89.21731704370667	5.777912897595433	97.92565125445515	37.65784019310526	27.48910151290478	98.35630243836992	106.7726599128557	21.039736993231	93.90374429224059	96.87564187778878
88.41338725847542	87.01425674354671	2.824699508081589	0.9116378001533818	57.05116101762736	61.31415493484295	91.65800302626876	0.4730724452140501	48.937411505847	64.846225665699	41.11616709284564	1.003080608853984	2.44228460705507	2.616011571372507	90.77826336134868	86.38580843715926	2.170376811140045	2.266933106284229	2.268521833353447	1.74030175100595	80.25663347456663	76.55340503365638	0.8570386950103859	8.719449322885374	94.36791187428264
97.43175367518189	102.0251958994516	0.6277215421432025	2.89827670511263	79.23157811856531	83.65997084680944	102.7128558531171	2.343620992519975	87.794956712447	91.31422524064027	78.71573723988546	13.32739270676027	17.35368275524363	41.84562737158077	100.9593881769612	98.78045873250741	1.277418835609849	36.01412755943789	2.609554592398085	0.1058311215014081	91.94568089834831	92.45663976960881	2.576501761425619	56.71565617607266	92.5398967734087
103.9103689109119	104.3525430735633	0.840629726174974	19.64671158464939	89.01472184598207	98.77269877088057	102.3101496431513	0.3311353322662997	101.8611659331125	104.3588528148955	96.65589818647572	41.89140615864976	54.54861332931384	75.4958415721099	106.5621555941919	97.50964496612136	1.467804078373699	65.78731122554449	1.775605838182166	2.301206509467336	96.60633950756889	96.01099144801643	0.7109718950932506	75.46245405280678	106.7111698229854
88.22829507979141	89.91794571999792	1.529263152388191	1.443043838064983	49.858886454391	63.01725720296061	94.37693193472592	2.432481417819561	64.57833700852267	78.38068057505679	43.92326495479127	0.5982745974957009	0.9903455149906177	5.98689889200589	92.38188774209858	99.78028665886302	1.689712701734104	0.5245665664155477	1.865587293651103	2.006529295976941	77.3761440765427	77.59304885264663	0.2373143803060342	10.19935976073707	92.49630109457733
86.62296099840002	73.46339977816595	2.817266780591571	2.769115927196502	34.0007552352702	54.42353079805751	82.61583742896534	1.396186126522575	42.84534482976287	49.16346152906932	18.51637591720675	2.603104031740414	1.8630443507736	0.763045600473109	82.68292967201916	77.36928543090869	0.2858181971806216	2.900285473119225	2.693242268285669	1.405050627325776	64.8021450961343	60.96300434618335	1.699456443040251	1.797567536179644	79.90800472402272
