99.2811420531751	99.4781264279968	99.94037914162656	99.9769880566751	99.77629925223459	99.79643375957168	99.32223118067972	99.79217889933896	99.76755827164014	99.74459351876142	99.91887608498786	99.99893440249924	99.99632451221838	99.9688290057758	99.35989833874746	99.44344254243829	99.71499727843954	99.99201323359573	99.85965507543546	99.79565968840301	99.60556807756669	99.84414649725673	99.75880422924135	99.95026137551105	99.52879117360433
99.65691269466748	99.78190440789236	99.75519697806669	99.83099613497841	99.95232026068274	99.96235990582225	99.67912011127697	99.48614993197452	99.94984688246748	99.93613045019153	99.99877729337516	99.92859816952415	99.95071899186331	99.99512900988215	99.69928793930721	99.75617043014108	99.38294930652857	99.98852548927812	99.59856610733146	99.50448727541908	99.86694049285815	99.9820593800417	99.44846761618972	99.99897648996594	99.8195175846256
99.55877464766894	99.70669516532286	99.81814545988794	99.8904689781794	99.91735410778951	99.92961406072067	99.58937387754183	99.58358743800861	99.90932631061527	99.89077359850408	99.99005923908658	99.96403663944065	99.97747790771363	99.99894842790967	99.61227277130298	99.6725194256074	99.49445193385809	99.99788635495597	99.68377401874963	99.59740449347784	99.79835258755119	99.95756315372853	99.55462643292059	99.99687944468187	99.75253547188889
98.67989671111881	98.93574331241882	99.99838164871132	99.99795511526622	99.39390717363001	99.43257854909741	98.738080018811	99.97518926777703	99.38068334648371	99.33721702607541	99.66342763514963	99.98538839657112	99.97407725836095	99.77384899208978	98.77883164099873	98.89584389666724	99.94718213850673	99.95272700885779	99.99414891863005	99.97817584322561	99.14202753733538	99.52476084434855	99.96472363059723	99.7210733513657	99.03543882877185
99.35766375830801	99.54587862356004	99.91357974859176	99.95757116843697	99.82013790553475	99.83553782237919	99.40737296054157	99.74294573262115	99.80839608858079	99.78977006494848	99.94609409581497	99.99588706706372	99.99888503874922	99.9832362708355	99.42241910314337	99.50884454281282	99.66598318429531	99.99167426832956	99.81811940976706	99.75479640851248	99.66827144466784	99.88301870996973	99.71492926524736	99.96873775868718	99.59890356100871
99.87338167153143	99.9482447522461	99.45828185642964	99.58088837324661	99.99877164749596	99.99616406415045	99.89389696017977	99.08742440100404	99.99868863357199	99.99884956511622	99.99793242079508	99.74218604458684	99.78892901306511	99.90405085481689	99.90471110824285	99.93770742332411	98.93770516625638	99.87779860375035	99.23004143774725	99.10043262284471	99.98143115531033	99.98945209693932	99.04063547410955	99.94384456453952	99.96367913943052
99.2133928016512	99.41344405204372	99.95700542186326	99.9858105939427	99.73684480050193	99.75809660955242	99.25790474726159	99.82252725618009	99.73062970229854	99.70057545043268	99.89613472856561	99.99657803662745	99.99488962315041	99.95462544278688	99.29421886473233	99.37986245639399	99.75899718811836	99.99397068517474	99.88233988284424	99.832839443387	99.56293717253367	99.81649470970937	99.80333542419029	99.92830675876056	99.47667951682907
99.04123326275729	99.26554036989354	99.98587393916644	99.99865859987325	99.63882203124004	99.66133654914466	99.10289163186644	99.89053864899799	99.63309566588045	99.5983339301368	99.83568046048599	99.99551871835776	99.99720997643001	99.90978630216499	99.12542614037349	99.23265705332737	99.83318669187952	99.99755695810678	99.93844279597953	99.89511735334045	99.4327292864433	99.73477795199871	99.87018335725367	99.87706799484172	99.34158440239119
99.90830809780859	99.96592231839441	99.38547290509283	99.51345941863642	99.99807501787552	99.99563175651497	99.92588275267349	98.9794721600946	99.99892310938161	99.99662454613352	99.99232331923767	99.69838694384592	99.74055324907431	99.87258746074235	99.93497216986732	99.95745357758211	98.84086230114845	99.84321456926648	99.1568919202014	99.01762654585788	99.99206580727073	99.98898206161846	98.94162303810531	99.91374781086205	99.97999700287521
99.57172369424596	99.71798184476658	99.80572063631372	99.88001068891025	99.92204091218554	99.93670581161858	99.61274870065242	99.5747690508139	99.92006666792773	99.90212586729214	99.9926549943812	99.95643245077181	99.97191204879795	99.99900292983843	99.62923730621335	99.69814385492008	99.47010725250614	99.99699021864859	99.67750391504252	99.58109284497274	99.8171985022782	99.96123476361318	99.53318196438326	99.99843267443276	99.76908554046349
99.85701793253237	99.9297831510073	99.50563308884959	99.61233840323825	99.99897206264563	99.99770722018225	99.87549681009466	99.13269397420332	99.99881221678888	99.99699671246222	99.99897034259835	99.77435997497392	99.81017307057576	99.92290189032211	99.88498966734799	99.92107284041948	99.00714676734256	99.90023753106198	99.29026841091671	99.15901042358854	99.97391587533167	99.99098446410393	99.09604943151004	99.95558826497337	99.95152168930589
99.70156054510872	99.82231384100284	99.71160791917994	99.79897247093244	99.96968226389951	99.97676384875763	99.73006597378219	99.42240460055348	99.9675900184702	99.95689274924277	99.99715200964286	99.90548939691857	99.92651991861345	99.98687019966046	99.74520969976466	99.79921805224805	99.30828855533316	99.97877587222274	99.53654389945261	99.43450446223086	99.89305245500459	99.99140685056049	99.37756579865435	99.99748907169433	99.85145255872878
99.43465435537755	99.60520047320416	99.88644521872916	99.93933146484176	99.85402507895648	99.87178944997945	99.47463458544277	99.69792636769378	99.84870723259654	99.82809281406149	99.96624864950991	99.98924844017671	99.99620771115879	99.9932287076943	99.49026246317423	99.57083758930449	99.61176439374383	99.99341359613523	99.77592834948746	99.70321278697793	99.71886226811371	99.91210349380043	99.66170342641973	99.98284289334431	99.65353622465979
99.69219921530899	99.81346121170272	99.71508365968111	99.80382052259559	99.96650106118692	99.9752745086806	99.71549117612678	99.43135957646317	99.96245914932469	99.95199033083848	99.99762002325363	99.90645969784732	99.93293071231031	99.98868106043103	99.74177622068589	99.79102943451875	99.31110589406671	99.97805900128846	99.55678807585174	99.44382190166853	99.88973985787669	99.98968069732864	99.39574083559771	99.99803646467807	99.85274646242726
99.21956075792731	99.41837950580451	99.95878419293075	99.98670416696991	99.73654645970413	99.75678346026812	99.26578743773098	99.82126479223902	99.73171367315481	99.69638311087579	99.89862413446838	99.99655080194108	99.9948684724107	99.95516396621689	99.28775558162667	99.38136166986882	99.75694427930631	99.99400519487563	99.88706799084811	99.83277628447817	99.56119907240115	99.81905394905162	99.79874318202859	99.93127645553966	99.48320765514174
99.85168628692512	99.93275840866214	99.49814693559227	99.62040437640638	99.9989851068906	99.9977151857685	99.87206591006685	99.14730194261476	99.99884143629342	99.99708057610384	99.99894750577724	99.77379687795589	99.81458605454027	99.9246006504673	99.88598788343509	99.92044957465916	99.00956995696758	99.90353623053534	99.28787863086623	99.16496668174601	99.973394394973	99.99098044312224	99.08424718033621	99.95450310884031	99.95264370027202
99.46755296152629	99.63138373920293	99.87222706372961	99.92868380488331	99.87272297558755	99.88469659356191	99.49168330742222	99.67256453324096	99.86480309138238	99.84526730793165	99.97133431870935	99.98517120080504	99.99209093632598	99.99570244517555	99.52015243363026	99.59412469679908	99.58958268679002	99.9949402768803	99.75533210966306	99.6789803346324	99.74012792579981	99.92058101387714	99.64212469023771	99.98598433760986	99.68142758939554
99.702818245795	99.82034067496348	99.71009002557039	99.79749263206674	99.96997270771321	99.97703429116072	99.72689327313861	99.4202895382075	99.96696219132383	99.95377078355348	99.99728651042923	99.90714208739801	99.93032463240571	99.98832212236518	99.7432962463747	99.79885812854155	99.31379923383589	99.97932429889396	99.54088836190786	99.441990689943	99.89065961229453	99.99148061393707	99.37959936568848	99.99767969593498	99.85006731603544
99.96476156860579	99.99444694619416	99.19129584827093	99.34175430483567	99.97974184489196	99.99697801937667	99.97111519824989	98.74214912946481	99.98369395299844	99.99827333101446	99.96139975753169	99.5634213517708	99.60811005669058	99.779347092742	99.97896718869163	99.99094050842008	98.59694228599521	99.74294830577371	98.92321389587397	98.76838536789209	99.99703260055959	99.9968145225379	98.69495261173354	99.83969264721337	99.99836333631875
99.92272300022655	99.97459542051051	99.3466919684882	99.47203915108201	99.99541069692577	99.99631816139201	99.93649385959291	98.93915696521796	99.99746873933783	99.99590066926305	99.98843581895169	99.66611209486949	99.70584407434248	99.85252922190276	99.94457517083238	99.96843473518241	98.79258936419131	99.82046522124382	99.10471091914704	98.96428310972512	99.99645160621159	99.98970553016235	98.88327069907497	99.89940305339313	99.98797458183802
99.7380436074009	99.8486197965595	99.6692905782153	99.76430452510698	99.98011660168167	99.98445379716435	99.75761949531237	99.37572627071594	99.97817359891314	99.96873882038703	99.99530681996025	99.88407731528997	99.90907416074931	99.97903451450175	99.78121837893551	99.82404120184501	99.25662753504091	99.96709614479312	99.50039697466384	99.39266698141874	99.91599994563401	99.99629619055568	99.32990267244278	99.99310986236605	99.87576347559461
99.19591296165187	99.38484779178421	99.96514358305127	99.99022433579566	99.72522429598611	99.74981367682504	99.22815089311354	99.83440455849262	99.70927781801802	99.68177982417976	99.88629471202009	99.99583087660258	99.99470815904441	99.94901827232017	99.25750249742603	99.34779509079897	99.77025335131481	99.99516684847582	99.89747449728738	99.84432931519372	99.53439923388196	99.79831664991482	99.80971066617928	99.92179232209349	99.45675447545777
99.58611671373741	99.73417885954261	99.79450249505096	99.87388000237486	99.92992744919151	99.94285110915855	99.61695091987184	99.5571504868939	99.92148454466604	99.90764524573203	99.99448318682059	99.95495595706836	99.96814691566271	99.99887618136198	99.63898489946426	99.70400255410686	99.45923028185771	99.99605182714397	99.66167610594437	99.56353131262171	99.82622790719243	99.96601464314833	99.52423066632768	99.99875756500211	99.77965311338718
99.88554911135874	99.95517851615772	99.42747547378346	99.55719033398726	99.99896562240728	99.99570783647668	99.90408338634128	99.04775672911609	99.99863402494429	99.99846004461693	99.9968604461946	99.72767491971402	99.77319085429558	99.89843675426283	99.91604581254981	99.94409340270427	98.90128352273415	99.86779926925922	99.2092202249284	99.07639033449017	99.98569945411317	99.9890008400281	98.99498100008478	99.93432854235222	99.97080750744168
99.82375501476749	99.91517945343101	99.54498772771061	99.65613800560081	99.99691937826719	99.99856899352724	99.84346079902258	99.20977477882238	99.99618824235608	99.99288765923944	99.99620245722103	99.80744831088674	99.84035743070918	99.94273059229793	99.8584326290627	99.89612887678051	99.0748305250514	99.92054921677462	99.3435254867976	99.22388194975926	99.96089456813127	99.99399304891543	99.16577047009199	99.96900855696836	99.93448976986485
99.44799089092071	99.62119855506315	99.87597827175728	99.9328515910798	99.86860060405024	99.8802932360925	99.49672436349469	99.67339076222683	99.86123679618608	99.83741726352005	99.97059141166518	99.98513407906233	99.9931131481773	99.99462791272535	99.52151465615906	99.58461711895407	99.59009007324204	99.99457313885492	99.7673599874461	99.68183743413326	99.73784062823215	99.92074368487229	99.64985171847134	99.98604088809999	99.6710364309324
99.69671466690548	99.81967042395159	99.70680797232528	99.7972023852079	99.96992076984932	99.97652238942875	99.71875992341862	99.43118818223111	99.96501565855161	99.95302914440681	99.99735005802533	99.90880500665766	99.93253196842412	99.98850130770617	99.74173163953304	99.79738012765395	99.31059029388936	99.9792805323507	99.55183563559316	99.4353829546491	99.88845525408891	99.99106492291079	99.39115928956934	99.99772951711472	99.85494619651641
99.99512793885177	99.99887185892034	98.94311768442989	99.11561331200292	99.92515550340954	99.97014932094027	99.99764228757459	98.45397829272825	99.93442633908333	99.98376730017718	99.89452641658171	99.37376120027639	99.43517039592787	99.64652946547179	99.99868020796157	99.99672082797497	98.27026800763356	99.59404295544995	98.64650122630879	98.47888783888769	99.99897137951484	99.98600571291711	98.38325468650237	99.71780948285148	99.99217327109614
99.64310955605032	99.77509739718178	99.75859036531108	99.83655725555847	99.9504492822654	99.96093587493344	99.67586461282649	99.48397384804036	99.94541605674563	99.93462430074396	99.99824789740082	99.93351473450137	99.94936820494893	99.99465710980397	99.69752239227246	99.75020545009524	99.37592470477533	99.9886729588238	99.60093104890105	99.51013858612244	99.86431749952668	99.98009042167371	99.45691490931276	99.99892412218058	99.8201982643717
99.81707820236009	99.90348715230597	99.56257854592378	99.67036215829725	99.99652910960944	99.997789052146	99.835997340791	99.22879452118259	99.99569105423156	99.99130014871223	99.99563602991682	99.81617240334349	99.85541711573698	99.94802231230261	99.85494574444365	99.88703144932242	99.09521251757336	99.92727529037838	99.36865494769431	99.24361950160167	99.95810073447315	99.99513663840671	99.18302402306593	99.97391691855947	99.92996470851249
99.97030296385979	99.99722982450452	99.15973908712813	99.31202665741675	99.97243288277987	99.99464940355369	99.97798755867835	98.70887627522434	99.97804522891619	99.99880158439102	99.95560172649259	99.53046028669647	99.58823751146673	99.76164774042329	99.98416473233259	99.99387586093597	98.53342561894999	99.72901908079167	98.89882423040555	98.73877653837745	99.99632677566595	99.99897540461802	98.64597835945482	99.82810976501099	99.99900377026732
99.99644084069958	99.97858878788074	98.61887329190421	98.82618349118039	99.82551597559556	99.89649298940945	99.99595306304224	98.04462933856249	99.83883677298537	99.92526799380458	99.77949904867984	99.11549935915414	99.18823772110889	99.44714540050845	99.99022829338429	99.99806399242439	97.83716795602592	99.39209348968386	98.27730307307002	98.07318845744123	99.97593055297507	99.93110554958955	97.96755947890634	99.54415874385977	99.99860069412661
99.98954975708884	99.9641138958434	98.50091728625505	98.70779900063906	99.7843147687468	99.86659783008804	99.98833016628001	97.91452480133813	99.80262920495532	99.89969135094358	99.72961310684747	99.01486575314262	99.11158995357792	99.36729719563525	99.97891913926588	99.99305204610404	97.71225421503897	99.30622982585267	98.16161324920827	97.95192871809911	99.95908105361259	99.90545765030883	97.84078409426562	99.47298084031327	99.99425862350674
99.99154268935239	99.99843529985083	98.99692538386118	99.17296792489562	99.93821566304769	99.97907196779141	99.99553469609531	98.51923589616894	99.95094021459909	99.99028171898712	99.9131293653805	99.42194476269697	99.47786179618936	99.68287851639734	99.99713017656903	99.99828633061995	98.32370992902526	99.63430971960234	98.71964279667296	98.54379961216952	99.99761727517786	99.99163586375315	98.4458905608453	99.74900289351244	99.99288678833405
99.99885080247562	99.99349742016993	98.78028173775185	98.96296149255959	99.87832256848139	99.93730080956485	99.99869088758545	98.24886706510631	99.89026230897552	99.96029715816573	99.8416590991784	99.23844912718958	99.30855616939178	99.54841838975497	99.99880854484613	99.9966243997595	98.04624125548173	99.49963469603347	98.46828432634837	98.28334281229237	99.9913427688567	99.9634018483514	98.17640148507073	99.63075869692294	99.99427210996876
99.99889187461265	99.99533883717052	98.81161466783223	98.98995327427333	99.88475910575113	99.94344882170581	99.99861078101263	98.28184053676718	99.89600125936073	99.96493382035283	99.84811551529512	99.25765430465887	99.33269211231166	99.56760066484527	99.99883683989978	99.99632418858194	98.07102032658975	99.51476996661447	98.48346733043402	98.2906647604884	99.99419439622721	99.96605342949799	98.21496065352522	99.64280233360802	99.99370474562687
99.55200656077103	99.70210476290167	99.81856629898235	99.88667525511056	99.91293372707268	99.92696042854256	99.58921650147576	99.58595380383514	99.9063122980434	99.89190988297396	99.98998520303017	99.96519335598956	99.9777434382717	99.99893709324577	99.61740620760654	99.68032181058501	99.48750672691709	99.99791193906633	99.68651908162937	99.59811159707716	99.79870577921108	99.95477819710526	99.55118416597017	99.99741605545995	99.74835258068445
99.97797288325407	99.99830118299806	99.11846504489539	99.27837883664547	99.96471468870854	99.99216525197734	99.98345488709877	98.65027726986017	99.97185637384639	99.99775528877257	99.94662984807985	99.50495815670895	99.55941178231538	99.73977086416433	99.98809314059872	99.99642352513536	98.49751170572934	99.70691173727728	98.84587273637877	98.67924924838856	99.99603796003342	99.99855497543531	98.59295074121552	99.80696097982643	99.99712373739696
99.63230309574956	99.76688211996307	99.77304082061038	99.85094173188331	99.94332050723291	99.95670759462818	99.66328326303199	99.50860461980933	99.93894191778743	99.92459516659481	99.99709039005016	99.93875101585753	99.95907112610939	99.9964141014334	99.67907805213919	99.73715579759818	99.41120951959186	99.99196007614314	99.62696858113867	99.53205770133506	99.84852240563539	99.97556972211167	99.47254177117402	99.99883289904197	99.80476887268046
99.86764168621211	99.939389503838	99.48482420145938	99.59672747778031	99.99883111062285	99.99685457737527	99.88454942270634	99.11231634044337	99.99897651737854	99.99817284266064	99.99877100626109	99.76329743466988	99.80039895184075	99.91521839863589	99.89643365826653	99.92477510207024	98.97885022981127	99.89167568028799	99.26533880786347	99.13048674983564	99.97710813646188	99.99013036924477	99.07095458611941	99.94879288872141	99.96081111883261
99.99044769416248	99.99843695086373	99.01333797259186	99.17928480386438	99.94143084603668	99.98043046984174	99.99453839165216	98.52328143980748	99.95001349552486	99.99176058660325	99.91774711300666	99.42054127458793	99.48028126524176	99.68016291112866	99.99624761886585	99.99848438413076	98.33474220417988	99.64046374208047	98.71316623921741	98.54378934867174	99.99746282949525	99.99224914981866	98.45627179759862	99.74848395859148	99.99298418976352
99.97579077982127	99.99829990048839	99.13134099414336	99.28942401474134	99.9676757742275	99.9922120008	99.98224861898812	98.68099797222136	99.97360286945812	99.99854180800358	99.94598087759387	99.51415479936078	99.56042207676478	99.7480171129738	99.98685904937547	99.99592512389415	98.50940832653372	99.7043770721702	98.85781809076157	98.68702304815803	99.99605758728693	99.99864979290352	98.60713356718264	99.8110555728155	99.99759186676681
99.89115470371834	99.9550218557191	99.42182667792689	99.54724925991076	99.99898296264763	99.9956292943548	99.9085923875043	99.03740688422852	99.99867087672963	99.99817400663066	99.99670479123259	99.72766665752303	99.76545233558342	99.89351349974469	99.91595873683346	99.94686205965935	98.90026482572354	99.86455447161478	99.19783580583051	99.06794350710393	99.98725535669564	99.98894088470855	98.99836323846122	99.9338254532579	99.97359349325575
99.80425371208945	99.89903588657634	99.58423257482357	99.69682178640227	99.99485326537325	99.99688915895358	99.82049981577802	99.25635300636098	99.99302529348695	99.98802061158044	99.99502847274978	99.8278143221595	99.8605700629487	99.9523239545132	99.83746669211347	99.88220554241718	99.13102074620717	99.93802783714084	99.39535537540061	99.26491361539215	99.94974512715376	99.99702872851792	99.21127464366671	99.97757550818208	99.92099615485873
99.91610165433491	99.96946434505831	99.36298595328206	99.50788088578717	99.9977051862878	99.9957710402749	99.92969400832455	98.9633075591495	99.99851104376776	99.99633944209504	99.99116577479364	99.68462848850287	99.72638313925614	99.8682016719374	99.93484097709143	99.9609882157358	98.82161060409	99.83966862285355	99.13294255099893	98.99116792605645	99.99444689110165	99.98912964085463	98.91017978405772	99.91123451380581	99.98175751128767
99.99885676307359	99.99523463336088	98.80104878580458	98.98795829486701	99.88470468878756	99.94082612372146	99.9986460516308	98.26345714964522	99.89507107654653	99.96430289502506	99.84510576268546	99.25675096803784	99.33066990566628	99.56291115816643	99.99888643647824	99.99643053885389	98.0706522688043	99.50759289273162	98.49132172283601	98.28665650277419	99.99268140149655	99.96430487281413	98.19660844644405	99.64382626474655	99.99392491112174
99.98431371260723	99.99900474414957	99.07780022902688	99.24455309329218	99.95610935806191	99.98735066374309	99.98834954157661	98.59907627729903	99.96621054584207	99.99658747964557	99.93275386992838	99.46626130394132	99.52508543428891	99.7196074125207	99.99267147691874	99.99795410621527	98.43794338037711	99.68234036256788	98.79316767458701	98.64001117125318	99.99618817885772	99.99677069752738	98.53228046867203	99.78168542736466	99.99510033462282
99.94342266065638	99.98664239698263	99.27188524022841	99.40579022977725	99.98853555337662	99.99900464014448	99.95663275821923	98.83287403112824	99.99229706061847	99.99622860796801	99.97701630849531	99.60689686417685	99.66505594802804	99.81617591848006	99.96232554880326	99.98206211045475	98.68110276631167	99.78493795749264	99.01820107404387	98.86205022043997	99.9989695818353	99.99245915585668	98.79150283588984	99.87396739785319	99.99442121448917
99.73903731973436	99.64610877150784	97.33979965863261	97.61622254553886	99.22486013962686	99.40333783986507	99.73894275928853	96.58999822748453	99.26538251302421	99.47107280998303	99.1469970711525	98.04969150092215	98.15686516338876	98.56299307494713	99.70161827662703	99.75957018791985	96.28985556757883	98.47265812427302	96.86763536887332	96.6149127711235	99.62252228665321	99.48670838832376	96.48536222729221	98.72254873439853	99.77166951480868
99.90773723774949	99.83828724632039	97.95320968761328	98.21539581800074	99.54693036821854	99.66580722753807	99.90131285410069	97.26988888031609	99.56928296881577	99.72794550802368	99.48078366335022	98.57814081148386	98.66514294077024	99.01249229738838	99.87959987689455	99.91695305244873	97.05324347004944	98.92298766910451	97.56316402891171	97.29984180338555	99.82756244554392	99.73062158573232	97.18877532563992	99.12739780194504	99.92408686847905
