98.51453677491124	98.79784804293891	99.99727123324429	99.98928374163653	99.29892525112926	99.32709436278651	98.59637842161541	99.99038925572218	99.27663848713952	99.23651190972924	99.5890339596457	99.96422346222278	99.94969683593159	99.7052317585225	98.63915851537338	98.7559893522166	99.9716066727556	99.92498855269297	99.99897786979936	99.99192271837323	99.01454230432303	99.4322915593239	99.98490421527707	99.65414641346794	98.89268670381817
99.55717083097831	99.70497407756709	99.81922954247715	99.88654056598733	99.91610245124491	99.9285542873036	99.59919172163603	99.58755468486211	99.90903972644668	99.89681857340953	99.99140818612292	99.96121919668205	99.97677740843453	99.99896567571513	99.61311806839421	99.68519954440298	99.47914987979479	99.99780654059222	99.68396700221848	99.59101806664792	99.81039575017896	99.95640703494153	99.54559467307411	99.99780368870181	99.75739677264109
99.13168468395334	99.33147791940171	99.97566640444725	99.99498214587051	99.68526320296623	99.70890791271539	99.16982698782985	99.86100412830319	99.66805288947593	99.64281504273642	99.86783109240849	99.9950067418833	99.99521018112449	99.92908487016307	99.21118190170348	99.2905532022919	99.80162774736357	99.99871207161053	99.91456215398964	99.86753453448596	99.48295351791711	99.76980732297972	99.84369660127879	99.90030797953264	99.40938101282411
98.83084042730597	99.06876426872375	99.99891830334721	99.99742062671453	99.49350801038287	99.53650597295203	98.88009399772172	99.94718513213434	99.48222498844396	99.45207881834067	99.73969365970902	99.9963080461679	99.99100471326626	99.83450636510777	98.91081828614979	99.03551651673493	99.91353788840286	99.97677582901377	99.9782953519091	99.95372160667917	99.25006106126915	99.60933699446338	99.93805496418989	99.78442568158566	99.16666494296594
98.67365883376918	98.92607495991702	99.99854796004705	99.9979588329371	99.38208088460757	99.42863495063992	98.72953257657971	99.97781608710382	99.36954886204148	99.32769785621294	99.64895530631742	99.98471170568057	99.97271778799058	99.76842222300203	98.75960192741157	98.88161220167302	99.95136181000052	99.94946407172269	99.99402095077333	99.97858918795589	99.12319878810246	99.50575239073216	99.96710030778232	99.71029004629813	99.01709128126566
99.24457348607942	99.44128911799235	99.94843404321901	99.98124663035199	99.75536722672301	99.78240557817382	99.28648696407262	99.80908630080359	99.74610810378425	99.72223562129695	99.91120041434777	99.99785485621	99.99542623662823	99.96097174507595	99.31582253123187	99.41118921693051	99.74164549744128	99.99280799766704	99.87086727458346	99.81670169426103	99.58751074019725	99.82830510713818	99.78099523388543	99.93851714791859	99.51328802303237
99.77057248786801	99.87780340570215	99.62847219731982	99.72464818790394	99.98920516688334	99.99260817346206	99.79517949672567	99.3087423108682	99.98613704034854	99.98107821831258	99.99453167407442	99.85781242271057	99.88694970017104	99.96631897367462	99.81313110719576	99.8596028344481	99.17585141987783	99.95166154449042	99.43535033933013	99.31971188326565	99.93717384639304	99.99874121012068	99.26894340735014	99.98671047790295	99.90656301656477
99.02040964664582	99.25877750697434	99.98930397523176	99.99884431914414	99.63265422060238	99.65560310153666	99.07549257135958	99.89606922768657	99.60926592030235	99.57816076147165	99.82461373070181	99.99590459780923	99.99803948160888	99.9005874229117	99.11038029576429	99.21364416149538	99.84821527575008	99.99649947636146	99.94447429270052	99.9010020145153	99.41304688367053	99.72558523394341	99.87675021148111	99.86606557439218	99.32350763608927
98.8938838393086	99.14217455036498	99.99753628351216	99.99717577248181	99.54515100804423	99.57853480205178	98.95131930638975	99.93337186885064	99.533009218833	99.49749404229549	99.76495159619276	99.99878257000242	99.99572377462793	99.85905752537083	98.98120394110927	99.09164393635844	99.89107491338439	99.98551380070371	99.96956568068872	99.93973978491685	99.31605441438593	99.65015189045664	99.92107502956299	99.82075500979323	99.22341886902983
99.81025132877657	99.89933758485401	99.57777539954988	99.69228153609258	99.99455689868893	99.9975863332878	99.82474469438736	99.24896713254124	99.99289616136487	99.98856304539346	99.99515775732402	99.82990515658841	99.86316387061254	99.95226058992111	99.84071130716848	99.87992696998842	99.12675854806949	99.93532929128919	99.3876962440294	99.2583096782284	99.95049950108688	99.99651262607746	99.19906161855469	99.97751497261905	99.92468511936745
99.93683332408803	99.98381580052822	99.304626188486	99.44637316181651	99.99215090391682	99.99765491901714	99.94684670013756	98.88263083852792	99.99536042522206	99.9958585821098	99.98191557621297	99.6345593265757	99.68431643222384	99.83111396402322	99.95496748133161	99.9764635210378	98.73569179485376	99.80462528313342	99.05376379576738	98.89459026241258	99.99831688451691	99.99103845876851	98.82188919611031	99.88467260125282	99.99205243621778
99.06647518315719	99.30169929575113	99.9822408907953	99.99771995898128	99.65612273106639	99.677165181494	99.12840763882218	99.87760199060402	99.64571972422502	99.61474412107695	99.84878123400406	99.99514620417604	99.99635595837239	99.91787751607767	99.16078463522922	99.25657599605857	99.82433046852739	99.99859907655603	99.92912612449744	99.88890661566802	99.44517343391296	99.74483030079317	99.85953291897319	99.88544792251747	99.37021279070656
99.18742488652342	99.3835904187695	99.9652932993793	99.98980553337852	99.71352475193432	99.73759370744067	99.21713998905224	99.84124103198734	99.71045105256823	99.68339942223659	99.88459214961941	99.99565482819406	99.99472458468432	99.94693320239611	99.25342978945967	99.34957170546865	99.77670367652979	99.99555874378535	99.89884521982229	99.84748862298281	99.52826447961559	99.79733885252223	99.81972589133417	99.91869681865298	99.44627805982999
99.94353107056936	99.98716611195546	99.26495899247595	99.40958074966156	99.9895929370584	99.9989896733194	99.95604533716028	98.85173689218226	99.99273230523021	99.99621735869063	99.97749257914136	99.61713876693811	99.66789654623385	99.81756333017519	99.96246989691201	99.98215172084213	98.68659625824385	99.78284908499712	99.00872126986096	98.86058510318183	99.99898150324732	99.99242572009985	98.79319134560058	99.87282756914414	99.99435888861512
99.30596723859784	99.49503718759367	99.93392083320803	99.97176420534748	99.79174394051485	99.81192507029814	99.35079940419659	99.77408840743782	99.78418110805231	99.75232489130347	99.92700359815736	99.9986829529057	99.99718033095203	99.97309630694789	99.3697800774593	99.45814543532258	99.70578605015616	99.99167961105951	99.84782207563751	99.78416215016662	99.62789722126135	99.85975742975394	99.75040951850505	99.95361119095779	99.55089104559345
99.83912630420801	99.92234399693831	99.52776270933241	99.63794741750776	99.99822824383969	99.99900345843913	99.86144026705456	99.18037666284191	99.99815645027178	99.9958574203403	99.99738144276039	99.79466465926492	99.82562874500481	99.93441518941867	99.86985166610005	99.90780567869072	99.03756117499665	99.91529537184563	99.31329511774111	99.19791793690493	99.96796174269092	99.99234468144095	99.12142711111377	99.96439025013264	99.94668681311933
99.99899762961432	99.99634597264333	98.81445785094127	99.00268170627818	99.88654391931877	99.94629943815137	99.99861915423575	98.29616473597315	99.89989884203449	99.96495416204337	99.85734100957468	99.26794297924249	99.34422920581002	99.56689126747189	99.99899591583581	99.99617428121567	98.1101336387426	99.51397268232593	98.515656269147	98.30982831192625	99.99384938949567	99.96871140433274	98.21895049420986	99.65070802746614	99.99335565740587
99.99900234893153	99.99583538926588	98.8318979053946	98.99930646217263	99.89357109898073	99.94718177972713	99.9986145757678	98.30620206012127	99.90536182310046	99.96654019368482	99.85882575499082	99.27433161625903	99.34703809141193	99.57475638445223	99.99898586503213	99.99612267498142	98.10849056982637	99.52303007436647	98.50362820033102	98.31959903082935	99.99538571836757	99.97023912242597	98.21670388368307	99.66044060783881	99.99322201657466
99.49538752688407	99.65462812350204	99.85283391884361	99.91240808034146	99.88797841681428	99.90377066861419	99.52777993619932	99.63682229585541	99.87919743701072	99.86392139469045	99.97910787252314	99.97833087578562	99.9872194920756	99.99793628123736	99.55429480406259	99.62905033772404	99.54958088250272	99.99738909912591	99.73133346629471	99.64935848062085	99.7642280181793	99.93445656429549	99.61051594940838	99.99115765554802	99.70480503249904
99.9988412676814	99.99315055675928	98.77546077542256	98.9572075836594	99.8743186761094	99.9369700978765	99.99876222092495	98.24326712196404	99.88844417709987	99.95914350570352	99.83998367895693	99.23582138518999	99.3089967651544	99.54561186995885	99.99842666875375	99.99678481486953	98.05522116313014	99.48738692763462	98.45037721549389	98.2752561260338	99.99072465229438	99.9604941817759	98.16134326135703	99.63241568857278	99.99456583454702
99.71355529766529	99.83151690300915	99.68614794774851	99.78091589786916	99.97359933223589	99.98221072612921	99.74679877513412	99.39587051592942	99.97171161689128	99.96408175638337	99.99611401727014	99.89526173439	99.92098306648948	99.98477783114744	99.7612082833238	99.81314437588409	99.27804525270943	99.97239767452831	99.52071202678091	99.41764380280972	99.90368313886189	99.99355548753886	99.35645519774323	99.99565665943339	99.86400885601792
99.94102276711457	99.98464365580068	99.27544630346458	99.42984881351306	99.99052416717326	99.99819206409548	99.95047428550306	98.86816466073853	99.9943772201522	99.99597167755658	99.97970021414618	99.62343380882199	99.67874003574448	99.82423403806715	99.95967973861586	99.97930053757236	98.71308239001759	99.79397480299322	99.03767400066712	98.88564843578	99.99848975553512	99.99161305232353	98.81110316210187	99.87582414534121	99.99395238551719
99.65203384621701	99.78096126119753	99.75136868670337	99.82689753125221	99.95274426062851	99.96292323201422	99.68716167527639	99.47338892934174	99.94960065438694	99.93713657123818	99.99861697830586	99.92558545352925	99.94726106932039	99.99389849222615	99.70302772604497	99.75985279097426	99.37602456020005	99.98786095840993	99.59575227752352	99.49898346971557	99.86882071667974	99.98350388265621	99.44167072242548	99.99898550032519	99.82021069394261
99.94531479009279	99.98678152157147	99.26678565270915	99.41604299174304	99.98979736015258	99.99892749207153	99.9573864299946	98.83433562138708	99.99219469046855	99.99618058826584	99.97798797878387	99.61854079776377	99.6580550592687	99.820973377285	99.96348095004878	99.98027850072471	98.67902915769582	99.78267221287047	99.02331973710461	98.86483057016191	99.99891277664737	99.99236452605372	98.79773715996951	99.87210354315815	99.99499780823939
99.83436059111646	99.91951836455129	99.54243659692821	99.64685882726744	99.9980556470525	99.99894865705808	99.85390242596964	99.19380368872976	99.99724527371086	99.99477803931592	99.9968136129856	99.79706382715466	99.83445222847094	99.93679976996096	99.86612735421406	99.90540788520796	99.06642400393373	99.91955986766891	99.33746572338138	99.20181028001673	99.96464833332243	99.9930516049846	99.14733619382304	99.9678752013897	99.93904507016559
99.9543960887829	99.99162730428421	99.23221571077634	99.38635651844049	99.98563226270109	99.99859286424929	99.96384897161776	98.8088762388884	99.98955904190512	99.99696950255529	99.97207217798196	99.5890962751094	99.64188071521983	99.80273836171165	99.97088069549858	99.98655571595226	98.64160405504063	99.76601615170321	98.97279735644166	98.83368803740925	99.99826979537934	99.99427678736875	98.74103407185774	99.85766697334711	99.99680272736184
99.99645996324917	99.99887330717209	98.91611685771015	99.09537190747241	99.91478386469416	99.96374374816651	99.99846915959215	98.42168725091446	99.92638249208207	99.98122880126044	99.88777184433998	99.34532032514508	99.41834774140898	99.62409875843875	99.99898661103578	99.99631528172881	98.23658608031278	99.5821456239226	98.61884731883531	98.44046956992423	99.99837417288741	99.98334516762509	98.35166455051498	99.70672428164323	99.99213529200533
99.99089335685294	99.99842503639685	99.00014264396123	99.17572881610519	99.93969899503753	99.97829872507479	99.99473333082717	98.51403158278744	99.94787441031082	99.99128455506606	99.91579802466795	99.40974057356586	99.48221191301356	99.67328110626609	99.99720589224606	99.99836339135463	98.34807494485665	99.63408376374689	98.71277648903639	98.54416818849462	99.99755838923724	99.99203549938952	98.45925325343215	99.75476233480227	99.99292582395634
99.85310669558179	99.93212242752831	99.50451393018146	99.62586138388357	99.99894459470192	99.99796117730864	99.86977538847852	99.143487173948	99.99860446271947	99.99668432722389	99.99862738161261	99.78228437855877	99.81870494574252	99.92435484386608	99.88256135671995	99.91700500401069	99.01367386723878	99.90437800424847	99.29937574309376	99.17584652905541	99.97280083258556	99.99119902973763	99.10667631412772	99.95630932260944	99.95008805627154
99.87854314585525	99.95138625430835	99.44144782789793	99.57746667087018	99.99879976450589	99.99597589536727	99.89749888572975	99.06673914029149	99.99864623826339	99.99900163788958	99.99793569566556	99.73828128906025	99.78100525705781	99.90011687943615	99.90737867589246	99.93679652647059	98.93379862005904	99.87717332976931	99.22776576343715	99.09197584372801	99.98371758554079	99.9892864262969	99.01672118591291	99.94112838374383	99.96777260823586
99.9646670463204	99.99474384281721	99.19237382220187	99.33807572280725	99.97743394133531	99.99700415236758	99.97287739838434	98.73947616307774	99.98342368644559	99.99843808404196	99.96097610780207	99.55883487253277	99.61323809707186	99.78068634410366	99.97693704090408	99.99086681148385	98.58739961177692	99.74460116125057	98.9355450608268	98.76382455500423	99.99692172320749	99.99712105823937	98.69560220816746	99.83623591907882	99.99843584241293
99.99884898588513	99.99353206435319	98.77299287762108	98.97422855022727	99.87560245406397	99.93543342324445	99.9987126811466	98.23682195046825	99.88847258099648	99.96001709268856	99.84377941543265	99.24297538062771	99.31382835187844	99.54969440981361	99.99845818303477	99.99667733267393	98.06383268479787	99.49111472036878	98.45906271302768	98.26064679611662	99.99125666920997	99.96159733213493	98.18811849600422	99.6346862240747	99.9943813967226
99.72389136336839	99.83157855439842	99.68789922225253	99.77597204245076	99.97686294726286	99.9833134957161	99.74246171896557	99.39124245601295	99.97389420704965	99.96306072967627	99.99592396924459	99.89154136295943	99.91659643731229	99.9835168738438	99.76130245144023	99.81723397750925	99.28198875602277	99.97151915293654	99.51968320030238	99.40704741034382	99.90390259432237	99.99478642288885	99.348192380917	99.99540441812938	99.87147105715862
99.73662586355098	99.84731494321122	99.67254734328456	99.76518829317949	99.97983860281578	99.98583523697909	99.76347950778494	99.37269208459215	99.9763094394004	99.96981016914587	99.99534331587301	99.88293052837238	99.90874235731683	99.9798550146416	99.77879093931244	99.82829555030072	99.24812690145994	99.96800734512155	99.49782436881964	99.38617454162879	99.91333434055579	99.99569412612641	99.33080668802009	99.99376624059748	99.87680967922851
99.99894162534093	99.99041610768971	98.73542799406188	98.92803109664034	99.85730956774914	99.92444352142769	99.998869470149	98.18993483844029	99.87698859804767	99.94962409082142	99.82485333396978	99.20350510010553	99.27050640922353	99.51745655210205	99.99742058396575	99.99780082315726	97.98447299838044	99.45837969883243	98.39255981214693	98.20952510751736	99.98796442690421	99.95222596421841	98.10959474025425	99.60174070321858	99.99620569854366
99.86444868431708	99.93771309643489	99.48270036844912	99.60313330497999	99.99889189294835	99.9970573708499	99.88316058151533	99.1304595372907	99.99896608722557	99.99785004140514	99.99892201618799	99.76540237004399	99.80800347561873	99.9154392299963	99.89220066469674	99.92473561402332	98.99244541539198	99.8951389376803	99.27249222833915	99.13681979017707	99.97625380607339	99.99033609675149	99.06610765249694	99.95110187590657	99.95930672890513
99.8493578065159	99.93155713317039	99.50989349991043	99.62409825552021	99.99886777841019	99.99790447331526	99.87433754734852	99.14808324020798	99.99877454323098	99.99700617489459	99.99870177346432	99.77926695157151	99.81889538898845	99.92598083486997	99.88504507180875	99.91657540109638	99.0093199338426	99.90478026395367	99.29443504781355	99.16635021902967	99.97313454152012	99.99114248905914	99.10272848913775	99.95646170941041	99.95314364102656
99.97797715472726	99.99875222131587	99.10452844653632	99.27157438873535	99.96335463406675	99.99080568342949	99.98606535204101	98.6516862489204	99.97233896383949	99.99758174734121	99.94418958665557	99.49560599100495	99.55157290929576	99.74124518103396	99.98982431542974	99.99681378670871	98.46911549934029	99.69754787873143	98.84211883947359	98.67842388672304	99.9960073331865	99.99819071681057	98.58935414860763	99.80319115469271	99.99649979173661
99.94689385648734	99.98720073440117	99.26219567806491	99.40692739970821	99.98994020227802	99.99887432298715	99.95453943803044	98.84881345676081	99.9932526154487	99.99617120883634	99.9785331851855	99.60900783031022	99.66094538352117	99.81923786384539	99.96357353229831	99.97950097652082	98.6880311744045	99.78428560501675	99.02937105161969	98.859551416861	99.99875740476826	99.99229640636388	98.78223920124363	99.86979017664402	99.99432407736246
99.66424191071627	99.78668952745242	99.749537658194	99.82814323983263	99.95389741553208	99.96573566541801	99.6849842098123	99.47535919678596	99.95039490121481	99.93934040442238	99.9987331694276	99.92402006776631	99.94480650048708	99.99381497091969	99.70682061598848	99.76591005477968	99.35977050815934	99.98612087551231	99.58743196620956	99.49312134917928	99.86835499713283	99.98218849971826	99.43893558031564	99.99892937438165	99.82699049877208
99.94058035491902	99.88551666749704	98.13568768658907	98.3720984233499	99.62965542117591	99.73796346751359	99.93798529924345	97.49624188602853	99.64649875508908	99.78567559983787	99.56276348664561	98.72747004336078	98.81957931440587	99.12576331868812	99.9205351488429	99.94870717531326	97.26292705496076	99.04781732148209	97.73593921438965	97.5073828303527	99.88159299241323	99.79317699115686	97.41715885685815	99.25159903267438	99.9540833725234
99.88375961953346	99.95150929392736	99.44664473498939	99.5702424771162	99.9988582699476	99.99586817240549	99.90196185118359	99.06378697083765	99.99861483785376	99.99898762960984	99.99732602589124	99.73996934516256	99.78083439801426	99.89673567472551	99.91147380276786	99.94262037273268	98.9286085324495	99.87637333985251	99.21647555897079	99.09030581672175	99.98483270165693	99.98916075038446	99.00508403281611	99.93887755376078	99.9693637440822
99.97170617779064	99.93731901680725	98.33628322318656	98.56503947491906	99.71493229411219	99.81727055552653	99.97136194863795	97.74880436497563	99.74081181799009	99.85730749450994	99.66865578420335	98.90415830495242	98.97275000725207	99.27028847674613	99.96086338243093	99.97895838203337	97.52596808525381	99.20573599381757	97.99215504444912	97.76476637110328	99.93113417439905	99.85997944237374	97.65768121283051	99.37556058762009	99.98175015346563
99.99259031732826	99.99844561360062	98.99488444710973	99.15824175606022	99.93617160255856	99.97738259777903	99.99543593593648	98.50597534199467	99.94750579088209	99.99070670263208	99.90860253384631	99.40674805550429	99.4772743775841	99.66921357052809	99.99752807786719	99.99802939162331	98.33759192119703	99.62703503218904	98.6977533760635	98.53038711971087	99.99782878266153	99.99102972325333	98.44411430319299	99.74182536657773	99.99273197407373
99.97394980906842	99.93462373274657	98.35513517023817	98.5869903072326	99.72080549208513	99.81674547351088	99.97302681832397	97.73064685943402	99.744085367728	99.85919396666694	99.67092633598669	98.89147095148559	98.97952436175991	99.27278483691431	99.95832879013284	99.98024650718133	97.5258545572382	99.21385090361258	97.98056314489854	97.76448881634508	99.9306978460276	99.8616183533496	97.6630771882498	99.38689269289576	99.98169161046255
99.99884998644404	99.99392040628611	98.7825626838391	98.97603069754989	99.87657944103651	99.93638335421366	99.99871339324424	98.23440722790355	99.89143684195538	99.9614752641279	99.84005310101864	99.25000611251052	99.30790893784783	99.5429255979837	99.99879358771533	99.99667503106193	98.0467332796909	99.4983791745844	98.45285195146755	98.27002740352958	99.99175578487214	99.96251644407234	98.16590057377095	99.6369439349962	99.99438276419656
99.80829150794405	99.72070102899644	97.56157449265625	97.85287497340542	99.34996573459316	99.51292073464751	99.80559008560591	96.82739869748706	99.38605632847739	99.57377588504771	99.27284790734873	98.23856612226336	98.3539644538597	98.73439924682265	99.77187086571058	99.83184362450891	96.57210289204123	98.65540614941325	97.14483794241859	96.89342089320169	99.71419323783958	99.58159374264559	96.7313422279918	98.88339584038796	99.83542084827691
99.99184970856061	99.99841746860729	99.00732029708659	99.17198462693131	99.94029688384802	99.97883570480079	99.99535301929838	98.51013902966331	99.95074984292029	99.99075768686717	99.91254353904554	99.40789741570654	99.48119898940051	99.68105179275126	99.99679273424687	99.99830576364033	98.3238316755226	99.63248001230282	98.71351407328028	98.54362548681983	99.99759573422024	99.99181496795521	98.44057416089056	99.75243728709873	99.9928940148819
99.78327560432692	99.69069738989043	97.48191838685932	97.74428445056421	99.29576786146087	99.46077285912629	99.77912428888985	96.73413911225875	99.3323951757241	99.52708585969057	99.21338976050308	98.14547678282651	98.27461312833425	98.65793822353115	99.73931164757946	99.79981043126416	96.44940560101344	98.56769883493635	97.00990851076311	96.74042038742148	99.67565760594701	99.54420501017147	96.6110752566792	98.8095326006033	99.80545376707303
99.94243195148644	99.8938029552792	98.15309482812798	98.4009617748406	99.63551502269719	99.74998351568914	99.94462944800486	97.53429465315733	99.66296085480123	99.79783293069266	99.5807499440775	98.7363964943597	98.82899995699138	99.14610599505235	99.92670308660885	99.95267874738876	97.29382483427842	99.0694249243279	97.77632952938316	97.55824821263927	99.88369865455741	99.80546035791956	97.43601095395566	99.26049912216949	99.95822700326231
