93.82616503491037	98.61265079575389	111.1484819369257	117.9193149387457	84.4557432310699	82.80357408533008	76.80731804693862	86.3358712312571	118.2894190437162	92.53226622834603	85.36060774342525	82.36435999023476	101.0024006404162	105.1190654817885	91.40453857599724	113.4094764163799	95.39088339119735	122.3001407964879	113.056165758787	105.5058722579691	104.5259144141347	113.043991479383	108.1449932548573	116.3016877735586	98.79983047488041
79.58925284686248	104.7144255968196	102.1981847612776	87.96772091044996	109.563895568837	119.1769788998327	76.15972387283017	119.5950759052877	105.4787493084868	77.64761197607247	111.338131819755	121.8616632950529	116.5354238365678	85.81657248673761	88.79452965572949	108.9601987845813	114.2429825156865	112.1338917931329	104.1959733710859	113.7279568314588	109.9439023421929	104.540541651441	84.1395624978982	89.68937875577919	100.3662281653252
106.1471619378819	90.25559475092928	113.3528128917932	90.55874800589604	98.73740525292087	121.1622653708816	100.4965674939848	101.649121896607	80.63571205564888	117.8131598073759	85.59862128729478	94.81364440213254	87.34122666275516	114.1233558355891	114.8195056030547	77.25196916316169	100.8538826983509	83.50165694559757	94.35973700376266	84.83192597876848	116.5516710328085	83.10207104306994	109.6790749110174	83.84239405891876	121.2199914500884
100.3690059537038	78.88099593010081	77.55288562284277	80.34130835635887	93.52096792882156	84.1283465596665	91.06343293235412	94.10971566944625	78.84604888709276	89.7779473425324	107.7523297481979	105.9748018521915	102.2420235219264	97.82175798762447	79.22156194894956	118.7469375064751	99.75819409691654	111.5635207444054	85.57067077359987	105.615010121459	87.25539239619295	92.70854057665153	103.2926567997083	122.1882549083723	114.2322182539253
99.93586747041431	77.66397739796739	85.09491096123975	107.6049272452306	95.767658598151	118.2337575853755	88.39242521536443	109.5277023885195	112.5202346257655	85.66270221181968	80.61670028854356	96.647853609447	105.6128969486608	111.8095520996939	103.3395748877738	115.6869548172118	96.97267799958334	78.56236668452715	85.46619001717373	99.24028371485404	113.7809410466779	118.4897340268502	97.78860100601773	79.17775551777638	103.5462295283001
85.57044216075786	77.316817272682	91.08756304286521	108.3135631924704	77.52201385136222	95.91790953620665	80.99135908372	110.1445891730933	83.44089913988246	78.88541565726062	108.396092003906	78.72783835593076	111.3960452243573	97.13985075398239	100.7263960293882	107.0404913988449	120.3439758069865	101.368861287912	96.33482860811844	91.64540301646426	105.7354030557277	120.9380401181696	85.35932500358808	113.7379982004036	116.2564987811086
96.13590088149702	107.0065841993397	98.33637758268695	77.76657233368763	115.8958962461567	118.9135041764267	92.86628497463998	118.9820244012188	113.2526366133639	85.89611851550133	96.3214133426612	99.26813397500676	81.77580400148267	96.42841319735516	84.294389352491	90.71024862871091	107.2256878809704	110.4781900996531	109.2698699212185	88.05340187076754	97.48978149176318	116.8944483220797	85.8035107971199	121.4753224502149	97.78332285683932
88.76583013412035	114.3734760116695	84.82975317159429	88.40384014694537	101.0892579108393	104.9227989387414	99.95891388210757	99.87837941450175	87.54333788151207	94.25782237524379	122.2626065071686	98.94799916023094	77.85353844711555	117.3438544963628	91.27082580055591	87.13542290256218	109.3513352888294	102.9300118335524	111.3647976612173	96.14510179096192	100.4280670288758	98.2260900803	121.0912744466076	99.36639955501073	103.2562708309577
98.18283897568298	97.9481467342884	112.2289183984618	110.3876093421991	119.0724977703641	104.3996629698022	101.3075032404599	108.5437057412657	112.2342080799846	103.3962945694556	78.84797134401313	112.7404152856693	102.87063655402	121.5542025203729	91.07913531443155	92.84734885628025	77.1211433269596	83.66295558719028	82.11299117979718	76.71135805774308	113.9385165906203	101.4431606609331	85.12152847143292	83.42342728915438	117.429245664582
86.18089279248727	87.16338053193095	116.3560634421575	112.9092939960649	105.022998825715	109.6892041592556	82.22664072712442	104.8030836282721	104.3196555564071	109.7528420666689	95.3706024181397	81.57831152610326	78.06051529790263	86.49930110256346	104.4921921480749	114.6911350850149	93.47943355455892	95.17499650075581	108.4353666428273	82.20153388316172	111.3098893441772	105.7265368408159	108.6864817926808	87.54894176251663	106.9799179780516
120.7793087767382	89.89363787353524	109.4974919565522	76.15623537514755	117.9403023072677	91.19739291476404	85.61107274458605	79.23482526361646	105.5590736437698	84.61259469063414	119.230111794995	85.51929047433502	120.2225895284323	94.31356932288114	113.4340723463238	84.09801188746677	88.98356085647734	114.3306012219394	100.760243675656	84.4013902597751	81.89192390371377	89.5128190820117	105.5382383458252	87.45636963959723	114.4304919253046
81.94202942206039	101.3628568536186	85.58389158058965	78.48655658304664	83.78758732001005	92.71059168185937	94.18408682755079	78.8613512237941	79.2397119832806	81.18169187234021	106.7499394005443	99.29559808464839	116.7148294708755	84.28978614469875	118.8607836722913	107.0300468846216	77.56591684120868	86.64146297797028	89.6899762864314	117.7978531251592	119.3032702661129	93.20026163959582	88.73741455629583	111.8435272564981	90.03583605752605
88.15842854560985	113.2530448902201	84.01038366024412	107.447269716023	104.6053766328066	107.0807344477849	91.25058171166172	111.0333594472932	113.0356162747008	121.6975458889165	104.8844723384602	114.4012271205276	113.974429287976	119.3787073977921	116.2520861541457	115.7171091303866	89.80825388453229	87.63705292363582	95.58494701469631	113.5473247468506	93.63796588360877	86.87878732693277	88.8162287627114	108.5006836143682	91.99149998751197
96.1270067425482	92.9063152085118	103.5842393798673	105.9688590895578	118.9053364198523	87.88580311411795	79.55695259064237	81.07149103621569	87.83561738124396	83.41357858862064	110.9678947488929	108.0942851544843	117.6600996212655	110.3943243432138	97.82714794733833	120.0986225759648	77.97566642636386	120.5278124406164	83.63261206405059	78.17785135781794	93.15940198025645	118.8575832753367	83.19689749968749	86.63072209033706	99.92450771917841
82.82939221540279	89.62018058305885	108.8179469151899	98.34063543628584	86.02592757454472	97.57088689988018	91.23061845440036	98.54268767839739	87.66638481803307	78.96415920213958	102.1605429820764	86.50840901678436	86.30370852213738	96.50673819310249	115.7758781121745	115.7408799069271	114.4598041361338	111.5055885263788	83.87454464883773	120.2382097689944	107.1122245222025	85.33658118062436	109.5488270943741	108.6928091418414	87.86103706417028
105.8387328896178	93.73820871393912	108.4973761583465	89.3967579316465	97.75296476299714	91.61481299546266	95.94983899543055	109.8952529530773	88.29185309482716	80.64872455365106	105.0257733148949	84.46160829104718	100.5959758403242	118.7490641454979	93.10832713982984	77.53231743598076	94.21787923522442	78.21835502145207	88.80317827240032	116.5878501201984	97.21628498511882	92.34759893208161	110.1745893280701	80.8712901009349	97.93439742024727
93.43008487916197	120.6012289336143	110.5225541249507	87.34768622307051	99.39951489063532	105.9720884615096	90.54647396503385	96.97229556828995	120.8258626991921	80.12812019354602	84.32865206205042	97.02247241871922	106.1726116145562	109.2326487850943	94.33330708997416	104.7339281661144	79.80460440571497	93.1511783407842	92.70564698635509	89.5731952836779	88.60084444398473	95.82172660455488	79.89854742711653	88.0081445254098	91.82097465527895
99.5685476277816	117.8310792685789	111.5218009924424	80.01316557036066	87.32824918873074	93.2514740218528	83.65602725139161	118.2957721442518	93.37932321987194	120.9706764101172	101.7084477072006	77.35793554466545	85.9651383437954	113.2651344086075	97.09090528821505	84.98120391642286	79.4173648053588	89.50220504511093	83.89213384202505	110.653107890819	99.66205651170266	81.22627156201369	99.54412816247365	89.74310652304314	86.48590306800861
85.6024185152457	99.30294749488917	116.3746739143255	111.8838771744103	82.6118434157131	89.61193534472325	88.61700935303804	100.8986901314827	89.02525829812824	110.3671725957363	119.2313502793361	119.7513377618228	77.46008267657238	111.3279525157093	120.9079458195391	92.30603730454942	95.50465031139495	120.5411735547522	109.7239652142419	101.6325637367166	113.8170072789741	96.92797064281127	92.91040395667656	98.95013611624931	108.5035155399383
95.29862314416032	121.5786722589877	94.68909637350762	108.030794695944	115.7898893866024	118.2572150281108	117.2251875587616	75.9294136850078	104.739856281727	101.2996885951778	85.44941293779053	89.87110528928321	93.20194137267279	112.6002970673518	112.8775645019276	102.7493412169154	99.11056007507253	102.1478757172236	113.442034426313	80.0025345909787	98.6441078206294	118.636890452867	108.3470243312171	105.9581719253321	104.0635066130512
112.8495717708201	107.9066366213095	84.41048823641893	92.06281684792441	104.8117092997852	88.1016088296344	100.8174697008494	75.21325226663751	120.6739450279957	105.4244145563234	107.0908625763416	77.93862203472165	114.1957996499358	90.95111909915424	82.61647171076172	106.8724086727987	109.5134866902573	119.3388273358597	103.5618984583606	77.31612400697094	111.3755814088099	98.80729313813355	100.5666876943169	98.91442402792619	120.3671306722834
112.8619906331185	91.20369722803323	88.4886623024109	116.5217771780678	100.7039513020919	100.5394118476018	81.60238315942793	84.8933862964801	91.76954589651953	88.12740304017399	95.94275854256946	117.3479372821304	83.8061807391923	85.64446592897772	80.00110181537751	105.1152756341309	110.1762088805346	113.3394264479668	92.78912959204513	79.76876900873802	107.7674913624507	85.27725524175703	79.318018367223	79.54218699674746	101.1230552149041
98.80375215039513	121.3236655439746	115.3559641646191	97.73258539504442	121.1132613754436	121.9407139072317	91.50838698837376	83.34145639616432	83.74226785460586	87.78400936594265	85.92975191359228	111.0469801806171	96.27867937290821	112.6443258647234	91.68652417963739	111.0947358541979	112.5572489569077	96.72009203700853	110.5758322014821	87.49727055096608	94.91899129974657	108.8553595881818	91.87597152195396	113.2931282405107	107.0553952305514
82.74491602192732	99.90165582432464	119.1046323015919	89.9498105788435	82.38501493537262	90.87052354810552	105.2113089699593	120.6145444328974	82.69285570616482	96.23783629012806	81.30214071844742	120.017327385068	101.4889650773845	118.5415960579203	117.1002053061296	108.0710612638975	88.93319925245542	102.8248425913687	104.6531519298122	92.14746688750802	115.0575694670303	106.3778597481849	114.789919848995	96.22334951605248	84.13118756105879
78.48423152064565	84.93591588616476	116.4479011161693	113.1963600829552	87.05706609979586	116.2647660109111	84.52393428509325	100.7626523031078	122.1009494624239	108.794661817593	98.80220220331111	102.7678768113352	118.862118324245	95.02035526924352	118.5018958793914	96.17964076849495	104.9082782842365	83.19751446235765	112.2592224797796	80.23103423871048	86.19285388239857	119.7940790261169	79.68741188776445	108.0511371436335	97.07297823984729
109.1108783484702	79.75047962602787	117.3384351854444	96.74433820808909	89.21967036817519	110.7569624828275	90.87433162508938	78.36217837988409	95.7560916198882	102.0676190310105	94.63497454821967	98.61446730365894	79.99934847891366	97.84971422508667	103.9922783636655	114.0586178463325	88.84771831486155	86.57926666734689	87.20853788537862	94.30929397197666	78.76261358507358	90.1235227591834	112.9514827981477	93.54441771854731	110.8585824503705
109.2531195703953	119.0114348405642	86.55279191277057	108.1168647820396	108.7102053934005	95.27339367679288	94.38688778190988	107.5415608606886	100.7699010504736	120.4098414273816	80.58934732347301	114.3566739871541	85.55229832663699	88.63913967930189	117.8011281538597	102.9035443441652	87.16028713515271	103.4066938067776	101.7091679656681	111.1915903391975	77.81661614486661	104.2078543997203	79.79019486949032	100.8746122439094	79.82387285600029
116.7751694769883	79.81095647706182	114.443798486332	100.8637173721339	109.0343666797297	83.17891727332589	117.918422175667	113.6947454484301	119.2458801830571	106.0052770502265	107.9426317342775	98.90353153544456	86.73180428644805	89.93885652690444	114.9488180438275	98.90197993271811	119.1747063940808	110.7376113512465	94.08888512922641	84.34860379692778	100.7463531505291	99.05604308489528	97.58073023527386	111.8018585867617	117.3305653075176
86.35185632592157	82.87868837373288	101.7212362521104	109.7833093460755	89.59199559940571	117.358358888267	109.9725434292965	117.228555214878	91.50352177666736	115.8140207778144	99.95996315877682	116.9850684577324	110.8726112813527	82.31091161191441	93.02777306767597	86.97287397008792	104.3234005393597	90.54103182790354	107.7010621630261	92.22167187165415	84.27848223989423	92.51543364552737	93.5893427145906	101.5037127671568	112.6686179781323
108.0287320930138	114.0080959286422	99.83365925194826	87.24945820719591	96.57709083013255	90.71418032275952	88.74347660000033	93.25069087204911	98.34703753293196	116.2772684971367	86.5107352114948	108.6334680003783	111.5763333637848	117.218453390214	99.34474727201277	79.18879867624344	109.9486523059915	120.5523419402798	85.18662835729356	104.7804728137593	99.85868433815213	99.33560218770415	79.87530188382887	115.6470941351699	104.0132206307055
108.7436043592291	117.5542592762158	77.24449574665532	93.91155049383161	116.7824495575332	89.521688608842	113.7428076934409	119.5522101111014	87.53087995844703	78.0079185043888	98.64131385020656	108.8568532078029	115.9557493234326	114.3495063667798	78.76633561133403	117.0452456691791	75.00459713285888	117.4010965501215	76.74561918973581	111.0743919496961	92.90117738137121	90.69324991189553	109.6134268122899	93.67994262628547	86.3936466461758
114.2975280480581	110.7492740714141	107.1182742130887	116.2271597611211	90.23087159389978	108.7032950377701	97.42167855209738	110.2086684169887	77.68641757617372	117.7987052491852	94.75418171964057	117.1894208008335	87.0323651969541	94.13062227498233	90.6405856300634	96.18034535902464	75.3268805518038	101.1614719368976	85.77828877281209	109.7880795760824	90.93159867589532	94.5779042687393	97.32171359818335	89.23449709439697	79.8265640087573
117.7729986831072	101.3313882614299	113.3700145193945	118.8220862836065	101.2105493573406	111.9139574236401	120.3149937875378	118.4415103578297	117.8211518935523	104.1727544844269	113.4139724840929	118.8372211134636	97.86925325149653	104.4439842544142	121.3894402944614	87.6347694574369	101.4113941570818	82.40210150614286	76.89481839162059	102.2488552398105	90.54393353447564	111.637271750258	86.12138822095243	88.96068977833146	90.32984972845429
107.9931181333208	90.51128033952028	88.26782324277529	84.09515524736534	100.3094727549629	92.35197517208023	95.4309242537708	106.8175653110802	87.60709836728191	103.6070728264615	87.31451009334793	83.00303162714044	101.9181659378623	85.65813235957856	97.49744029310767	81.97953425526472	77.37052333459614	80.25184167377057	112.2020324115277	111.1527908173817	111.4436012689379	122.0824561401568	112.8322323849794	113.9982380393662	116.0833113559929
90.35539586046363	91.56852201309817	107.123857569176	85.65554540557341	89.86604272265832	93.34419796043954	116.7254131962263	78.43560329026185	111.0899617772287	99.73877307617785	121.6566474054343	97.68538702604872	114.0126457110147	120.9330671489125	84.91531201646174	87.1913478116831	106.2493603915676	111.8020361583954	98.83687384048073	75.66680932017387	91.26097390061926	103.0714148631652	103.8249666889337	99.58268254378382	109.6825301259752
79.30483442473542	101.6642211261521	107.8549376884716	108.823425382423	121.7547690109487	99.77593398368641	97.36983018074535	98.88470397059477	105.9329010043702	89.53930234636516	115.9917677457244	106.2276663850229	84.1239076560019	78.54402261182186	84.73626550851378	90.89287702909581	79.24295177150616	96.15649658850379	104.7429710663798	78.80690808280184	93.67072958074741	79.85445467736552	83.49008949287618	80.93658917874674	104.306048652365
103.1118757686305	97.61921186956475	117.3362760330403	105.2899449080658	110.4056023101446	109.8082247142487	90.58745586507351	111.7467951537158	79.24452019404754	101.1695903187136	115.764135177164	106.0198890574212	116.524483040468	103.3358616775335	95.93516297509939	109.2629096997308	87.76358166108137	106.7843333077111	76.01323229236878	113.7183602426208	111.7725393972637	88.27217888897086	91.44659970585646	96.84368071111976	112.0318890957127
85.89145325649375	121.8792323148011	79.39640843926642	97.84666139257654	82.50682738563889	101.2108201060768	112.129582259618	111.34837507991	120.5371008044409	99.73621825443587	115.7702649629094	87.64233559864353	84.55611759850925	98.77154791284755	116.9973834089526	81.85336653638242	102.6622283451091	82.26700141630229	86.53730119186886	117.6851843456829	87.90985599471213	104.2272497658578	119.0118164154176	119.8468839657848	112.6941797722297
100.9376144066316	120.970010418679	107.3162311115175	91.19312134554541	81.57274130599764	120.8445567846946	102.6525378541933	74.84215940025474	89.84577473161595	104.3624805826135	84.33695565909082	102.6649265573716	117.7268884912187	101.9913357541295	79.23377071479534	116.4151861094164	78.39578124230059	84.51853366339337	80.29497795135605	79.06367214892582	87.03297645955139	84.54606240347393	97.48930781278216	111.0361019782991	115.257666595895
100.543508369829	88.63371343579594	111.5879902808063	77.48011453906521	96.40382141590122	90.2698036397089	111.6220517910153	81.97187146621857	121.4358612261822	83.81966420431655	95.27339832966898	107.3368711214593	107.8348538842558	115.9677637668144	115.5189361086592	79.95247626870558	79.32641797100818	114.619333102172	84.2613337970111	111.3135619734455	79.92220886897283	88.39081225044433	84.33421182568645	99.28901129343346	109.9400642172373
115.9113340655594	96.71707227541961	88.88513515336996	80.74669288062702	94.50168647401381	78.78160802436027	108.5284153560245	95.28555729796837	111.5239057359556	115.4736276133046	90.03692468069218	88.99245402006076	80.32031980201532	96.17067002681279	97.26183652641366	118.1554476450046	78.89149397649659	118.494977842667	84.80020775714127	104.6297566149719	86.3605059413642	112.6573678695121	98.91422639969829	105.9733076198088	113.3502157008467
86.34884592627826	115.3295772300298	113.5019127923071	114.253265258944	119.6251287999995	83.97157033924404	77.47759742160457	76.63419331021672	102.592557683427	102.9446101550464	116.1537060634732	94.86131438876711	100.7672622091273	99.75235332595042	119.6923409615857	88.25320064266705	85.5089004006593	99.05381349871544	83.75163583592195	85.01146339222642	85.87081590961962	87.23924382540848	99.83490347236886	93.69238977725597	95.55926983741716
108.713510020645	87.73271149335453	115.8676169731786	101.5747652440496	100.537545460163	112.7363567756759	93.93702099493841	109.6729056435703	87.73106219374769	91.32687539679533	113.5910742856997	95.90779079198649	118.8022807675968	112.2027415442898	112.7175820133185	103.8495615630674	89.22222330005243	106.0250433610171	92.56441552480592	82.92839581080335	80.5388078516075	79.16491929832719	84.62973323921594	92.66606230004123	119.8678272872129
103.4675513411827	110.6241492046871	91.03708338132674	94.79619121483111	119.122665459458	106.5856706134338	102.5110795411895	91.60635097061802	77.27592685437628	115.2020922886013	79.44470601923503	107.0486351620953	108.7268133992235	85.42618535331287	116.5028636826381	79.93351215204625	90.39604373757416	97.87375783473837	91.18067349801942	86.36581255997103	111.6585655338509	91.91813298335528	76.01438472914964	81.33423042190938	122.130083197508
98.95228041497366	98.06976634201834	77.63096820563167	106.1170536865608	93.29710166748026	109.6240664314583	117.6112332122299	98.19963348009281	120.947702912131	82.27821655584791	78.49729663657091	97.73139602631326	88.15529479111072	97.0136719956121	93.50807804391005	88.94571100526294	116.5769049585653	85.52924716139388	85.67909833479553	97.93285139830236	91.30809274062555	89.55013061249601	105.2643951049378	78.56550150731211	120.8412666021302
79.47129011479825	112.9422019606304	84.77962266596533	80.38547010075321	90.98003926193942	101.4667586769647	90.79151837030038	112.7582341021771	116.4341565370236	86.00667300853003	120.1059491509339	91.16711640517482	80.57226054246351	76.44507175549505	85.89037979069444	115.5210931597263	78.39976607044359	83.27457999850189	92.39581198602087	80.85034612367791	116.3519124875743	112.4042407974666	113.9601381852606	118.5670989850315	101.3682820036081
91.14374830564206	94.72166107813409	97.90000246374265	113.1481464496032	108.787872284235	114.1899726272321	88.02834198150509	96.84392175459908	91.8102600467487	85.41840543413817	92.63451468264786	102.1302087449446	97.51142732278936	79.23888818366011	118.5060985433964	94.74872492995306	73.16061589291986	105.0405466140258	101.9141151748129	114.4201065625116	108.044894896865	101.2004494504656	82.81086416899144	98.25128144117272	91.74470881039581
104.9565394762809	109.3219902579963	78.64306418532655	86.71142183482455	94.81850276820937	80.31388875977613	85.21230100544933	92.0916982058752	79.68359599384547	91.94595120599386	82.72241079878354	114.6554733966822	96.68250868659311	108.3468667112367	84.98696307703219	106.6264393116718	74.47032723999016	79.09686608191048	77.78694833583842	116.2970739033321	119.4142999085904	114.3996927872106	110.5393424259916	83.33322226699195	88.00555692263922
108.9328920033755	118.1765704099452	79.57217885769467	77.78413649341978	78.8116331623191	90.18527437966996	89.43232297482392	91.12642478752522	93.28179087720251	100.4118447889925	103.9728708208924	86.40122034475486	94.82096949661587	108.8097639739828	98.29060788659986	89.6929540425522	72.2396590406904	93.72528990163417	85.9598802098928	73.12514232827806	102.8618684621749	93.0986482460014	92.79432256705539	87.83999549052471	103.667526500539
109.8802479202306	105.798463397965	75.51995163019566	108.7587057136872	102.3753375674333	116.2872997637619	87.47971915692889	113.8287927611424	86.10192345410614	110.2733628074031	112.8459225076035	94.56802452739367	87.79093273966002	111.7869874274928	115.8925575694353	103.5106464503373	105.3155071776808	114.96947303209	75.80526778698177	72.26266632855544	107.7510715177617	92.73951978984194	97.1691375496822	84.55439206211204	77.51121455528241
