110.2034754859273	80.68312891903527	79.79500143039535	121.280564560616	109.5712538294168	108.3275162172808	98.67906377417867	121.69388843653	103.5813159805289	115.6326526141755	89.50189348822862	97.13817364032057	77.7803853689396	81.96785865967917	93.29254243791036	80.93229825380001	102.3364975748415	87.50360925458558	98.30608088994391	90.57979361836188	109.4277160480148	86.61529835743768	80.10022230802696	89.32393006096764	88.16881600343883
103.0528249906903	72.31646981321012	103.975201474296	101.7685620644827	115.9176041066218	95.20764713869782	73.33492912639275	81.51705198672208	109.6038294299168	113.6443464477624	106.661330309698	105.8519981169453	115.6341784353707	77.80929542307628	87.63888745673512	105.7439375224887	113.70969113904	78.867051203137	113.5826407997598	85.52689326555073	91.92403645442711	102.5260709698732	92.25551271239578	105.0951727684001	89.40122763312719
83.49724393461702	120.3586693020075	79.621724505095	99.34242114573462	117.8742148309688	115.5411291414636	89.77228955408289	111.7997509549157	110.5223457817647	121.1465056703095	111.0010713087642	92.15252869352678	97.15812466863798	107.2007938428908	108.7149462549413	92.75498071991521	86.1519694242043	111.2010250296727	118.5962396334902	106.4818800886532	112.9945482221327	80.19284499775956	100.6226676904405	81.56497444961263	108.1657132645674
88.30141318566213	77.10399001149619	80.82962977232327	101.2606439337874	105.5284632859618	118.547375434516	116.7948677114411	101.2401832092464	84.33689162295164	97.65409633496064	77.43607064206073	96.26026961984988	117.5111533998214	98.82484505204965	88.64697363786712	93.75021731705584	118.5027423398107	96.70437823046313	115.8629604854527	94.98961382109809	84.84208121002268	83.50100752461444	96.64793164622765	78.96512751999322	119.4427301829032
87.12734411765189	83.27934556096227	83.36899603934576	102.5637855315114	91.86383542661741	86.30907602757982	100.412822968036	109.9452637829781	93.30441022862462	110.1064474034153	78.12316322037709	108.705329589436	94.15265082658038	98.35328017671452	105.9558854173114	82.82261059189648	110.6264375208814	116.907147861692	119.7448770476724	117.2416938708092	83.41399174055775	80.18889867011239	116.7431981209629	86.45773483336157	97.29931867525038
112.8476589529716	105.0428886561848	118.6958080637472	83.61514538514865	113.5319609727703	88.98060258591593	100.1670423701592	100.9247693235294	101.2125835231175	85.88755557397656	83.53031640851815	94.42164067038216	107.3977418437151	88.61626475275035	119.2446524533444	93.66319780054661	86.87229833656872	84.90700884395963	115.197703307666	75.18222480699727	114.8118983030911	99.74374002046446	87.68036520925666	106.5365014266307	116.4104071095566
87.9330627046603	78.12051501276413	117.6447220963609	83.05189758883066	86.68107824453449	83.09118155640486	117.0040590002531	92.21742676209671	111.2757649172657	80.06002476624178	99.6657636570491	94.79664611562886	81.41332807184044	81.84437556479593	100.0266705958656	85.19040308457248	79.48845325074591	97.01717385292133	95.17124173855575	95.06604753018979	84.94625934404777	91.82969682750613	94.41116607554702	101.1546348169179	96.9311245894317
76.82649035063652	105.4208437082362	104.5537050616544	102.8504446295053	117.3763650294293	110.9854446237209	86.49984626327756	84.81554764806805	95.18123257311795	112.3708123921013	103.0932150264389	119.6111596172078	103.6454421683347	119.2954326488993	112.7760712792333	74.06306257686606	92.097529078162	89.41218018501952	103.2583180777303	92.77402266099163	88.32494080641378	98.23200890006754	102.7445497687927	101.4710280455256	111.7003214220489
109.2158226560086	96.63327157680759	115.706233978578	88.59328032064373	117.4542444340431	85.61383334634604	92.95489597535006	98.80986568300474	91.57567484515053	119.0692389478108	88.43300243721194	99.86919559432091	118.5822411981693	83.74130274783292	107.526369557887	115.6220019366846	111.4677332060776	78.41528990786065	117.5179552957754	103.3680593578311	92.59164224412997	79.99927301043877	109.6214161167032	112.0122083624146	103.6519062540687
80.55671783471598	115.0842572906971	117.904440900879	89.56072989333073	115.5275628264775	109.3449050433364	95.63793602822859	93.64229382724423	101.3760782092667	100.0843748772504	122.0147267593548	99.46513328309175	85.26939413120158	97.76074200430875	91.52586792588498	96.0039069551725	87.22224066081522	113.3456234672212	108.5819774521935	78.14234924065295	88.85387091306652	82.98378948949734	95.70712511279999	94.89078885671863	113.6028671831298
86.12321599305433	114.0999922099278	114.7476677756703	108.9675477216502	96.28679228206649	122.3542240133611	115.6774046131488	102.8968942026859	111.503635816447	98.64453919467482	104.1546615352735	80.84045827665734	111.755334377348	103.1180081583965	93.2609263240215	108.7929343381561	87.99194517008382	114.9361252661636	77.30574188672695	95.06526025741198	94.26716170943735	90.01167837810549	89.92626269740792	82.23031351734508	116.5980817761185
114.8794145468693	80.29853414534604	99.32597369538071	82.05547873642524	105.4839456018982	115.784964435185	87.7916193701169	103.6154210619622	112.5150505205559	95.12795906623759	103.3139286627388	117.5299690817899	100.7129739505678	112.026151134512	111.8110411228612	102.3175857259843	103.1095898041278	90.3713984588028	95.57352014208834	91.08980505683327	110.4670439031977	96.63841075375956	96.02890069029968	90.47667005329978	117.3162507498681
86.63789503320395	112.9393646546392	86.69328056423893	77.10896710764915	117.3508728628418	102.1647017329293	91.45726866926933	103.1964924231373	119.4300566498228	85.28619090611272	104.5890798970989	95.06604944785369	92.51707887441528	119.8107893278091	112.4322310540219	103.289919837428	108.8789897650437	118.4449270746072	105.1022172128219	87.47026429018381	107.3930023110988	94.08399364545532	80.14821942529578	109.1566383831704	92.80281281555574
111.6445198945038	93.35132011430569	106.1589158439178	77.46384214156143	80.93425221879885	93.817160697627	113.0217648132651	107.9399756617997	110.2358348027844	102.7754830075751	93.57205598776318	99.53725678502009	94.49775871165025	85.17200510047138	107.9843477437101	78.19464969264418	98.49160441068852	82.37635400491263	78.29589006939685	80.84824740911023	103.317858259721	114.9203714962976	100.3016441479581	100.1500575396248	77.920909272229
99.17621899554382	79.22045426151523	118.2899645138045	94.48447757844085	75.43289517104509	92.84393985121449	99.10981199923251	100.1976524494257	76.54990796388815	106.7022274792819	96.40752432411983	119.7553835287079	119.5579425920503	106.1597375249356	89.04262880289829	84.16910701798164	84.91852765294695	87.31750060227802	97.66618118165729	83.44375127169427	91.95352754846137	95.97410561046544	87.71341824070591	113.4213407551907	82.90524262621324
93.70725224988901	100.8664223820045	115.2281729277907	97.66215122053313	78.3497253001061	117.2004457728531	111.0149919481332	113.635672051552	94.81190568249883	94.64463167679811	79.14421061232555	98.84399317248912	98.1175296778276	82.16637659523519	112.8961264216425	98.23391302006024	77.7092910438196	85.94452028446707	98.74337381836369	102.1793066212939	94.75758770643247	118.2789376394727	91.65086150294835	98.88559250027561	92.82909747250136
91.94527672436357	100.2870953996629	78.32135662477808	103.501015298705	94.62677552011858	97.65190128847199	101.7856392188844	84.03634472673534	78.82332681926657	77.29497005595917	93.62586844602743	82.52024485188676	102.7011431667655	117.4667906439225	91.62473636629734	89.56899070354061	97.4432328455355	82.81072164535794	92.87919809095064	94.39558611276446	84.86522048657356	79.4286601126794	79.14655150866676	107.6321036662498	117.0704842299412
89.86534894710641	97.32320157429538	113.1387598920593	98.35724597585693	115.7574763457928	94.36261599568385	80.6999673204877	109.2825770235659	112.7414320174756	118.6704584856615	96.76957220805465	97.19743271826188	114.0984237319283	118.7494166732602	90.32008067063414	116.6627256893158	97.82172561497421	118.5860337227073	80.56408220976762	73.26361809618574	120.4769763249156	117.155469049166	109.3410265926547	106.4526606957271	93.78052318946291
80.77034687119021	93.93809948706766	106.7773114270436	92.84091094016777	96.79763623878054	117.8261718620988	103.4216075441042	104.1780162104715	109.1360623148254	106.3367917035966	83.03626727094799	107.2158364287115	108.5647349242244	99.08383332006362	111.6786718082795	115.4358004641237	92.1178684724662	103.0457758637442	95.42922575216413	98.31112298120627	107.8609616829399	109.4809224078138	96.9367345518032	89.78059279803104	80.86575075707226
74.56947204418944	109.2962137805238	108.9117018409486	106.168519942975	92.7926600086613	102.0221275714945	82.7385805919059	94.12996378895389	104.6223812444593	111.4687690018392	101.7135614357884	112.0346960294071	109.9994299867258	87.47803111894521	94.98399556933146	75.56746666427178	80.92428903281871	104.2244031239505	111.1596226101127	102.9065767096496	83.32463172655622	116.2172536028791	114.0435532194966	89.20393238979621	112.6987494279025
93.75591135605954	99.16658475725335	92.0638905020507	93.13436385685756	105.6477553250292	78.13035218544145	103.6759775998282	118.9390410509728	81.59998313936693	111.559212507119	80.08542814395877	120.1482303352408	100.6259509203116	78.49121811318636	88.42404203304494	92.38081397994823	103.5031182107341	87.93353562198922	106.8068104438089	81.09725885446187	105.6557620179167	97.84047815889511	76.10478071070642	89.15885207714294	110.8036789826253
110.2454423401596	95.47622645493402	102.3645159691247	113.3611262468992	94.90997529314841	117.4709357546422	105.5399544010413	99.9200363477578	99.77024994278725	101.2452944313694	108.1811528874496	103.4138485463557	118.8960320045344	99.63668738486491	110.0661657902398	102.8102866229574	114.5013018907444	79.89267389213491	83.95913536678587	81.79071861430225	114.8985686915163	116.9219610332127	82.82806509574908	82.57177787649927	108.519474676043
76.1211721357347	102.3173452601254	82.08698702455614	88.34581057859882	108.3754982236103	101.2555023355794	108.486314912704	77.78297984304152	104.2978427033065	114.449649336879	77.96143890581409	95.94466070943129	80.37917146967895	95.36694266978074	97.70497673043705	110.3910112453976	94.69684657463112	111.269556744719	115.7244752840857	113.5814948700382	80.84956273806834	110.9858059144889	72.86489844088025	104.125053761992	107.6996614932312
95.03709540937926	100.5178762833679	83.24562005519178	81.9808753547632	94.29713231355764	112.6119472427711	101.177571058112	97.19232678191797	92.29956684439318	78.6994398207117	81.52942303919806	82.60419742167583	87.3561101929387	88.06758990908216	76.45346952162946	118.388529972549	81.86330842738172	112.1590657620679	93.13277582117213	87.18973307823215	95.52838472766437	105.0292394146122	76.61434011931125	118.7874676631457	85.30503388961449
112.0155790550731	88.66519195057123	102.1566842045705	118.7092101653388	106.5734984002082	86.23433743894614	110.1482457635293	93.60697689975331	79.66534710364009	105.0767087633848	121.5220440948727	97.52368539693545	121.1789730255633	96.30743944563343	101.6401720452141	82.38347653049613	89.76675634927317	87.47745697417463	99.32123495937697	107.7153091646146	100.6795915918113	109.4694516464605	76.98760365861897	92.2553464772042	98.26175471203884
113.535367596327	92.13038634853834	116.9710939865657	103.0256550909683	80.47457298709597	99.78579983694644	105.3168747911361	107.0750330193731	84.46330836135448	111.446938065789	120.8039180954803	101.618807127815	98.82947359880463	79.6735883225472	114.6602615215584	110.2914000762985	100.1875953018026	120.8301184974596	92.16448413547187	79.31894867728845	91.48069917628013	85.47164973120245	76.88719259784821	116.580500945785	96.02720955580787
119.4628733527031	107.4825397668876	93.94077607013085	76.37153658919941	110.1486190383359	77.75593357789793	95.34083294647994	95.72280578338588	90.00094436817831	86.39272027719538	78.9925842231885	98.60973714449338	117.2730441008578	90.99065791538352	100.6854954714345	80.63090526893811	92.28126441291951	116.6517503121193	102.2614114132323	107.2577215783359	119.9921682954493	121.1737442471699	106.4469948261484	88.24616407628021	88.55911333526433
85.03724462829146	110.8449164396347	110.3653806158098	111.9071684137356	121.2751766296682	80.72600191339556	109.4135213218191	118.7289686129262	79.56785335168243	111.8215510357943	108.7879730976814	109.1447068040476	120.7184262995652	86.1539100952362	117.2692672649674	102.9416304146297	95.08817789377095	113.6765884925841	110.845186161576	80.74462057372341	104.0266500023171	84.1025185709474	102.5168389651593	120.0435725814704	98.00683822950516
108.4990848503089	108.0225170041343	94.10135934145381	94.45687343388302	105.5499479213567	83.97129762515826	92.58953615538333	98.87399347004424	111.2470876295464	89.91290530349428	95.1262364665986	107.772524802329	75.98520744784942	103.7765568009771	82.99762190842107	86.88965015734655	78.53545587113069	118.2398126793328	84.14566444312253	79.48068223455067	93.10434567029148	98.69539951738804	86.75167473238635	93.01024825013317	96.57045461404645
115.3350609422331	106.4860144762566	87.43121076716814	112.1709705103972	96.90274708839522	121.9937149395979	93.60705017721789	84.7099679262157	87.11452426091341	111.346114865215	80.77370953970355	81.97293698608169	100.2835918795209	80.03535755915043	109.5981709689747	97.8911967876453	76.23896611978145	103.0813583229883	110.7318507570665	82.02518251513324	86.80758607085178	112.7492020294312	92.33654653578648	101.1788016522032	91.63203141558432
98.89446527424701	85.86633400704643	94.39057164342226	102.3953888219523	106.3913725858577	100.347743156631	96.66969736071168	105.7259137941392	105.3791195491047	96.85129303207205	82.68857944674242	106.8491247016805	93.75211237374432	78.90449993095142	78.35068595095649	106.902266286595	110.4682180639463	94.06589875377625	83.23462620377035	84.19585312831516	90.43497908904232	80.06576400007562	76.92986657950246	85.61115774210393	82.63314923234083
79.02730890344159	95.29433163184287	95.92013024145139	91.48887533062485	85.92417739927575	102.9358439106703	97.49428665091224	83.84827018807619	101.9997120584256	105.3149859026058	122.0263715390668	84.64916587141795	85.92647465649061	106.1493262125255	107.5096719106106	95.31132400075995	91.35259472944617	79.52700535340227	100.8748883733462	95.88133913273927	83.98711873274038	108.0782847607645	71.61329382674259	106.4143617765827	82.49374681304801
81.45981600725568	81.70297657580231	72.18882895067452	99.26298458411171	115.8627938249894	115.3665434851233	93.91871841250608	66.50623490531243	95.97196923534715	108.0721780753061	96.29327170247294	112.9546848756992	101.4129939944005	77.08363216626915	103.6589596118988	122.1483002910361	96.15157278775621	99.66011195375145	68.3485763026255	85.1808116851596	106.7649285358607	84.62449182529953	93.06934092733337	95.80058797462823	89.83401719145357
118.0120924039468	104.5719994961013	106.4289481448029	79.42328784411258	81.51761090182382	105.9628547998778	113.2594802894226	98.02822538146491	104.0015329847793	118.9424035064549	91.05245269560588	104.8765834066237	81.56424724356057	119.1742300024623	87.0360059274191	81.16289160010717	92.76894975868774	105.5106083016736	109.1223788899784	97.24490103770614	102.1697072684305	79.15118090247063	83.5700572116546	84.31170926332918	117.4216323944239
80.06996741636736	92.89161161567347	93.21554680436034	80.29585600454958	118.0196209450387	88.19028429742716	83.25742830027335	93.7367169393175	97.87052679340802	100.3433024603539	122.3463354088071	97.70617844057105	118.3183741217518	115.512665802555	78.86346717674228	84.68456719168117	88.71822768949046	106.4559302083897	79.09832237466722	96.2759825364879	101.5111936464909	108.3295459801158	96.8176109906924	107.7767975067696	77.41860137625001
77.16875230380992	88.6164643713643	93.1246238043891	108.3649892885967	98.84277028039097	107.5077523384527	118.7550562805282	88.25894096123216	109.2232831083268	96.37594835268472	90.6417171556937	101.7649651214566	114.9769256823388	112.1704712398821	118.2743236479666	96.1781685296249	116.493364437609	111.880678907452	108.2450364706534	99.48689043898901	119.6145185651998	93.30730483657555	74.48856424893027	105.9871144020057	98.03670039858901
98.19811043094242	114.3758802279367	116.6571744947807	88.16376355895443	111.2371709233502	105.3266928689447	78.52331841401084	100.355500809446	81.75991861820616	110.4571154298339	84.6221501589142	94.72119081846353	112.2340173190767	97.68744405761521	88.75943676301659	77.72831995438897	96.80291284163638	86.45962614661128	86.91126639433659	111.9589372752159	110.679806515854	120.3743297121631	112.5390531565287	92.94573865241273	80.62348135574668
98.08444027646792	103.6099596156833	110.5548462196904	81.38173893601019	111.4726688767	86.77691903057513	80.05545815656444	75.30074146403763	100.2020306649568	92.11732499938903	99.95747730349085	91.07350930327186	116.2382752324863	105.4293025892952	107.281145480846	104.6663187907401	86.71560177159719	107.0517854790271	84.31240840558418	82.95685541712899	101.3316984234963	96.25018922268777	116.4064210106946	108.1864649109122	93.6814676365241
95.38541940333684	115.6548372401229	100.3602092624033	73.49946732169109	96.39494507621467	102.2198041716835	94.47458330608522	90.52253805274036	78.22680217438879	120.1864631342214	98.25009173905417	114.8661854445674	108.5685777651593	85.92699236124986	120.8156459078371	101.4757537907794	105.6924626844721	103.2342060437117	100.2620241781615	87.68187044653223	118.3076905625144	103.8285385762166	95.62927209180148	89.31265998186008	117.0709388645133
86.34833738265965	114.30893406951	111.7894876780738	104.4581746726574	119.8242046190138	98.90358269005516	87.35821095387361	80.84305030774223	117.5970764861613	93.9475304218964	85.37786186608335	114.3758797574662	115.6064518715415	108.1074928882785	93.14724399648638	104.6289480962875	104.0197010559454	88.48102538972738	96.43057139409058	115.3115068097788	105.0634951142006	112.1574915796942	99.69171421150446	98.92830112923197	93.11804686988893
103.125215870138	85.78795627365699	98.36498952587553	77.02120886042262	87.47317459386574	118.3346231733419	101.414149400757	108.1952347810536	117.7316617947825	91.36058057659375	119.2068835862716	98.20740831757755	101.3784713867872	106.3499483856859	104.4896342282687	99.42103766337675	70.36295458626994	74.41738123912687	68.25485049384694	97.87985577705233	119.8725562763683	112.8687617886649	98.52274021336328	118.7568754833319	89.43980442721521
100.0513415540252	113.1482061448253	87.31181411430532	111.34118028955	83.4588397482373	94.6605816393762	107.8293543544092	102.2270657030557	110.4377604526398	81.64396885638031	117.8277082982393	92.8488298733718	88.47909948247293	100.1069325862059	91.96139372319051	81.72706860427394	89.04595910764624	102.1893343589838	94.83804371566066	83.47595941170493	118.2780475312109	117.0528983060744	108.9345183929439	108.1146593189095	105.0432418245204
95.4803021003496	109.4380315620044	102.2998526003512	83.85211141652648	110.8951111389812	120.9239063433427	119.2001530365272	106.0218246478951	118.9544463567001	86.41989158736766	117.901024098681	106.9847569968947	79.0591457402072	104.3676920588114	96.27792248909648	121.8507737330594	76.98522081973388	107.348524084097	80.85933007674922	90.86905826385551	102.6900479023653	78.85352857463148	71.09498137787358	87.93752036142773	80.58114561810575
87.60931816143373	81.76672852996964	112.7019231622526	110.9195982086445	110.6533994484963	93.05837574712072	108.6461669234602	99.368545209164	109.5486486825911	109.6853677178485	115.02693394479	72.64703473710672	107.5484382505795	86.70935404898952	103.7978570588654	101.397020147373	73.45525150995394	106.7222651872021	106.773135813542	78.75202049171199	101.36225310499	110.8032813685026	103.5152732579846	76.78795828997515	79.23898899920125
84.18313865660967	102.0598412425926	99.3531126393471	92.15742240037903	117.1152892842113	98.24181536287006	93.52061843580728	115.1509464262433	96.16359811337196	107.2188576431513	105.5287700449768	88.13218184581899	108.0771644154502	95.42717286736718	88.45378545064563	89.46014200461609	83.8531411585746	106.9762046258567	94.3361395650344	79.80514346124325	101.4355087406492	115.0809006817775	80.61866220546857	100.9458033234877	83.42043257590754
86.21056134437087	103.799906230749	78.69807638579965	86.45279586983344	116.3202297347497	97.42997143131079	116.7554449006461	73.88066074935256	89.73781153803613	107.6209799039386	110.0831859829306	97.06848433391437	100.6822472869569	72.36494592159589	101.8902395873573	104.2688664204866	90.8390312812196	80.92109811813529	64.27907642940477	72.20820184380523	87.88017303896382	88.28881510696843	68.83114217189623	73.62062165649141	95.17597851953762
98.63443589580871	92.55236995727773	106.6051847284251	112.2185166794549	96.65942884322075	109.6283890430654	84.01945736097791	79.85464024100403	82.93290772279441	80.37260747517381	109.1599850264753	76.19338165070316	88.74483495456091	92.01964216148775	87.80035924217842	91.30961299194836	109.8752661499308	89.8850112477772	95.50560426466589	106.6440213109584	89.80446874578428	110.2733556290805	95.79580692420129	86.72487290299227	117.8534984307512
79.75111301496594	83.80882124385525	95.62454358910583	102.6831586329554	105.200606339714	90.93272074957778	112.5126061101154	84.32939209244601	103.3641382002375	119.9174839172405	106.222519909474	106.7542125917629	112.2729608972859	114.4447087906412	98.1240391113861	83.4505911969196	70.60339631178115	102.0887162774463	73.36162209063367	71.96744373693245	93.89770484525721	100.4250228200546	70.83923509795207	97.77195162773813	121.1814668522138
84.9725183927297	120.4171975583382	106.7071158781827	104.6732938488434	117.5080413314789	111.6336078261468	80.61704369241829	82.27386416445898	79.03520859404316	106.207139432886	101.2074100417359	116.7729082836111	109.0796751714421	105.5774575083923	87.92352485247824	122.3305172569837	97.99677200912878	84.79742264807392	78.53581708132509	84.2464725075578	120.7090104225875	88.31465394599881	74.56573941887558	99.2584693544708	88.89053966783194
102.6384161615448	96.11459439487697	85.19728642077672	95.70484880944142	90.40452446789011	103.4562228423713	100.1563190240237	91.26922675345891	114.810060494513	84.67487337544044	84.40885451224328	95.07765355147808	111.6179021186194	91.03045331812096	119.5254682383122	113.5245550992758	98.84109832989911	88.64347542840679	103.2256591821734	104.1060915536043	92.69813766191088	92.41671021445379	90.65231670226403	91.29090157482692	78.59869647604962
