62.14470185593763	71.83949656216653	102.5458952834063	88.28027435125878	77.22199648345121	88.33413573144502	61.00128829019923	84.7819087173234	76.59893263908958	91.61238294863577	87.38749470721382	114.7266603541332	114.1276817923242	97.80125349885647	84.5889524368481	67.66959053118012	85.63482236718292	90.97301102163829	94.96876031250297	107.1247683785083	66.96864936286278	103.5067344871726	96.79821838885881	86.43779282409091	88.08870621842152
84.17131606302745	85.0268561354661	91.25710306018651	97.83208520984233	90.17927785597938	107.1472499254937	62.0201730623818	93.99177015849926	88.01458744574042	90.2388129303377	98.13973043470122	99.20809107931906	108.3112093964291	103.8032999543499	63.9888995682898	67.8275579174089	86.27329290390101	99.09775201198815	84.80450092325994	87.58607007258374	88.31303267930272	101.2048388974778	80.47787271042863	106.8982144412873	73.83262143221189
71.9130028074274	91.56719843002645	91.84733863030993	102.8584477235047	93.56721050964359	78.10161719604248	63.38835692526524	85.01785195270858	92.41323892365486	101.5810756146033	100.6240671899317	108.4752536438406	113.197635586814	89.01519121016948	64.09496519936958	86.4430012829898	87.31295776856052	106.0276487686932	98.72249197141466	83.17667303234269	69.47333608231916	83.66103291948467	78.0248974812127	106.3484751649747	76.40039499921416
72.64470737560269	78.04257156615924	105.0586578959226	101.4675699833511	91.08783807676798	110.8359641502904	74.0247453857167	90.41958479427848	110.128534997937	92.23205216146066	114.2549131559379	97.37305524517795	106.6214347548043	102.7243387519694	88.90791523785333	100.9302305476543	79.34011373972758	103.8551250385972	86.64544948482128	65.25573237854969	84.22925777505144	110.794379540737	64.17804883947383	93.68975801124323	81.4376488421919
79.35621980752211	85.12381346038593	88.47613893416978	91.90174414421233	106.6206245469598	98.76118797536608	84.63400349892198	73.93665952502907	94.20488099561949	107.8186402317596	105.5194783179276	111.4809433540925	111.5799492248457	85.38789929773144	90.72275673338935	102.3934261484151	83.57777516795554	114.2645058319111	82.83746249060782	79.87045875907788	81.78091959001968	107.8212010637744	84.71671357805496	106.9292322137004	83.729174301654
99.83961916730559	88.16864467945173	96.4074039948047	82.01942724913073	96.48818113372693	87.3079239701265	107.5792048325481	64.73207648370834	90.7939809568461	89.23413484104448	112.7792890748528	105.1495589798534	80.43613287897389	94.92360718244169	99.96572519748418	98.64653730209778	54.70970153921986	104.6703897386466	74.15597656757666	61.31526898460848	87.96390127787792	87.35311939711498	57.35770464141065	113.6183837203448	88.73817819809926
74.95312074830051	89.66341004250917	106.044972852656	110.82482827063	105.1501724155949	104.0925566523574	73.69216299550006	100.5280646404765	80.33006654831615	99.55195880549448	85.4726681542934	102.7539075434259	96.16353639823704	103.5742236382678	75.1970104691876	98.48604944726428	80.05338461860275	87.72734849129354	82.07816053478044	100.199219458529	92.03241549657794	108.6644763328329	76.6076916032853	111.471653877204	95.02049513869881
96.99396212243124	87.26509085607037	83.17817091539405	78.66769827929251	113.7894885140257	95.21289981369682	94.06097458350621	63.61112824076999	85.23382680983789	86.07452754994809	92.4850045720756	91.35324380704581	91.80248035160457	96.16517136637384	91.76666636777939	95.56740727798119	56.54912591812602	107.3050041705451	79.08889156978385	78.98023912697225	91.16958739191853	97.16450832916584	63.12076809701612	111.5377330527072	98.44820888231605
54.46541738463537	59.32928182918735	110.3969940154492	106.9281214210244	76.78311257874658	76.88551723209473	46.82334491241578	86.40628321389161	93.54447102969731	86.98785944192718	81.30660524670876	86.54275938640733	89.89587283604229	100.0977451042977	61.24325877527261	67.42762543598164	83.92396569724662	98.97351276783644	103.8335110238082	107.5441026279146	61.20463189352232	91.76637584941679	107.9973287887808	84.44838995427362	55.04521997611342
97.9830607214506	87.6042281909788	104.1428806878817	80.31523863620222	93.50126569131453	110.0645057976588	89.32410358558218	95.73475982026058	86.83962983955242	99.0314980159126	103.1300919130397	94.59822274223987	102.2072283640021	101.4635228947878	87.48518263259763	91.06127709877693	81.77855860588082	84.96200439160887	99.6900642464628	71.54884344670496	89.07128223470538	85.00918841100292	92.46958411668709	95.67383645158031	96.14251911291628
98.01272393927506	91.89104484602561	76.47751083137318	70.33617947794019	100.4433210089226	99.63707817465729	101.7492558291295	69.33691087108292	95.29688392838736	112.6596526688995	95.81405570968944	101.6325266309079	83.82651434405237	107.7294522201401	102.3022387337635	94.65517790838803	64.48245210400931	84.94199796690232	53.63630375346777	68.89296547657366	101.5426538146223	101.0269931854169	61.78258612790866	93.93747941922733	100.3353971625135
100.1497528812648	93.15071423119974	75.50170845970996	102.7092389527263	92.5962423103912	101.0470177007674	100.449977144838	75.12061145324941	103.4175539761699	86.5279658683254	85.65424810369602	107.5654474392258	111.887670691526	110.6692095317441	93.78706818293753	79.85015540333406	68.83229377649715	107.4051604773309	75.49316013158888	81.76711161486125	105.263206323247	101.6596148688264	81.47888322394658	103.3397136541863	106.2673000666632
97.55477403880394	98.50561184747389	96.17395447230847	104.9037698625881	90.05602243825074	98.45195186885655	81.93570219712808	64.88083679508681	101.8437228719584	94.97883172987817	98.66887746563216	84.5585096591463	90.36497542122619	92.52424125611859	95.98211329204824	90.98297391252356	75.17454659191031	92.23690613258671	72.36920698956489	78.46680285232331	87.33069709850744	94.222165999937	89.44420821090601	89.20737232710867	108.0577634074028
107.0071494956053	106.8251831817616	79.1146649306945	74.08825833203956	112.5436799901291	102.0781383124229	88.2445593849931	60.10506917681312	91.90183209207143	95.74140943997826	107.6945415783556	103.7471608894897	80.88956669783647	95.00920866796852	107.5910397570202	102.879275794325	59.93633854798196	105.3682672410393	78.88838567540013	75.15113573545818	109.7474316249247	91.57513497209337	58.90628264786555	92.20907498132921	83.57912862167143
99.86788403830292	92.07858614588319	72.40015342839848	90.81629307246004	112.2024766448293	111.6657282242599	101.1048975782855	73.30867524860894	95.51495438246383	110.1451870050986	100.5500610817388	76.54382908609324	94.95360741120392	97.53136452982321	82.28928982758443	97.47367561192806	51.65854072866706	95.50553433967694	66.3225980440353	56.7567015906007	104.8935130818092	94.80621971767881	58.94035712906694	106.0252957032181	98.38806505433955
80.00840786441169	91.74197679391278	86.29667413128084	83.19644310187475	93.13225017335769	108.4444287558693	82.73054547844781	73.33187390596974	85.36145906621606	89.85933356243594	96.24326575124856	96.05081411455564	104.9387235586116	111.0132768533068	99.20758705708575	89.02315791479622	86.80116616002258	103.3255782525846	73.31592799273324	93.00541450214128	97.81441188760471	94.86580535185135	97.03510064419878	99.48632420404645	94.74294964002628
84.25009353537961	92.09338578202447	77.77361273398824	56.17972279847818	110.5623436207788	88.11909548712705	86.77446457328671	56.5905891294387	102.735908446498	112.7523642906384	87.16990429798226	90.08230955988205	84.03203996365296	79.15093230572438	107.3839249565579	108.9414790123731	40.61553059468204	73.60821556525258	61.63168376848937	37.12902509319561	105.9132613716112	86.1692416950432	48.64264559079917	97.14449957086471	99.92890847515287
84.11807503398445	80.80321155596241	108.9175540460396	92.83704035341562	86.70747618720077	101.9750913555445	93.45350800198376	74.69278928036216	93.46343677792069	84.22097207456301	89.47591793842375	97.17425196857964	86.8576137209116	90.55815928092865	75.74646899738721	96.12288179812271	86.78371444674167	110.3507379422688	90.18325990295521	87.47293325173906	101.9751357111304	93.91818020726051	91.35337972910706	97.63716586643726	98.66417422037027
97.36106554898356	103.331137465741	97.24637332674207	82.29778514958809	95.69589429547501	94.23274121157664	97.63858982686628	92.05074143692742	89.02598946419477	111.0515931285084	97.81423121848982	92.52355622928002	103.4149305298237	87.20712352099112	82.83218351397142	96.60735056408569	87.75632589733712	111.6170113499548	78.21420187466208	83.77206871372655	87.12316822909216	96.23831328149714	63.94891147829063	94.15500223143678	80.88117544881899
83.88519543682425	90.87916797697898	97.82415243378718	99.95177049926866	97.76952467525534	99.36468115721757	76.69240498712399	85.3594535446809	86.20698578413037	108.016445055604	100.1678198393682	99.90569314965396	91.74131892131321	98.77397985995106	77.83987368808643	81.62654688943987	83.6885990305818	86.78891180644021	90.90908223384804	69.21839074435822	105.7479485758896	87.113296263744	75.04502106291888	91.88290304621519	88.92037836072721
85.4283075153174	95.8880807526243	106.8413218640312	82.77566741527964	91.4762841334627	107.3220239867563	93.84938180836156	77.26398435653205	82.98660671318963	82.61688733412896	94.99478599157038	108.8007029132155	109.9884838152822	86.13468428444263	99.23611106549214	85.29308956031016	84.69223765533364	88.4639114175373	92.70743220283507	71.32061674497427	81.49846401802526	85.53196199676334	86.75614963286529	92.30426489436698	99.62349321864156
93.8759729249021	100.5209716577292	79.86505753178052	105.2823364875024	95.81398717734132	84.56351031878008	87.46514950897708	80.60267291084065	97.18961625065231	98.80204731813245	111.5421133822302	83.47568240776214	110.3426035721315	93.88780106554408	92.09059315357155	83.51860883798631	79.48527266435943	93.01255343166397	88.08011492802027	65.11845150126237	102.6250789054689	90.84348597634599	76.02798132454298	85.56783297657408	96.23512834437682
65.70568640649923	77.61106589809671	90.39544941301051	113.3408322508222	82.67908272041549	105.6259172916039	65.7085014603857	81.6991200428662	94.62621227384842	98.55913305363751	103.2513198366751	107.4356191977532	114.2166350926211	104.3139706254693	89.3075155859602	64.92808399995251	82.37469801248055	107.3212694664354	100.1063776691148	102.9230669136265	81.32826241282402	85.25939505242336	80.20607741561375	108.1925565727008	69.83384111370627
90.15141546704375	95.23750833936951	95.92191697334908	102.9132996735431	88.01064449174184	92.47138438691124	101.9525544561792	68.64524504297513	90.44093823839032	108.6618040036766	109.2747864307258	93.89459559620239	92.12601989694986	104.6041336004789	100.7186557866787	90.461372721046	62.17352131239829	108.1968415219211	83.70514352226508	64.06642718308683	81.42615633395386	100.8187364204466	71.56829876748269	101.0170404972431	108.3208611083227
110.9003386404497	93.30352721028021	82.47263150070276	91.98826149342571	91.93011369766035	104.4938297997768	90.90182811188335	45.38898597497747	110.199056356014	85.44251698726491	102.6941934418524	78.55979839471064	93.49828288445335	102.7239228260074	99.25477778126779	89.13275281147797	42.0926542156644	98.49719688956989	79.89140454723957	67.97665972640742	89.56245341056768	89.37307809835444	49.28181809971281	110.2329580046802	101.5684388436569
74.42249807415666	69.64445642882195	98.3057711906422	102.0390896154458	83.8635113645161	92.14866398100898	74.63968688238624	76.6307403343319	101.4842932510283	84.47413458275729	94.78136525527256	94.49846220856672	108.9234421961791	112.487181447287	85.48299966307903	86.89461897482593	78.37453497135584	88.12570620263824	90.00401130215872	83.90634858805996	88.51181771068785	105.778645557929	82.85700511768553	90.23432321040204	79.66663499301124
79.25308722542617	72.29269541605393	101.0273644026817	104.1592663701159	107.2566185994967	82.41102330423212	94.97641819792531	98.14772225774203	103.1341345773716	105.407571645616	92.57921715428803	104.1161431459646	98.46057224651824	91.15464726726501	80.0409899126123	98.9064292293631	71.22071792612516	111.2572118257572	81.96887338855664	88.61474799910249	83.05429167324915	87.1730842051599	84.2937594109854	92.41303903143633	75.79565024017636
85.61432472438538	77.93328955703984	103.9968927053523	109.9973747217035	92.60742370033847	94.48325111483682	86.51587248571417	97.99495436741313	98.74028329878479	92.47577439015851	87.78327883683428	101.3845783464012	88.5074996616048	94.42756417034956	84.1266528434941	92.79167842565884	100.269270319848	101.0107273630784	106.9121727533092	104.1058031975245	100.4534298930809	108.6881489643948	101.9639060537587	87.41235632215978	92.77030256687168
66.82099901106567	75.26155822373873	95.09845417387703	87.55644395292339	98.2467137571345	103.0049336389253	77.38348526090412	86.72412980948708	103.8826890798535	102.5525834721585	107.2684332625526	110.2557875144908	109.4750906777732	103.7509229361158	73.49333612694258	84.94727653760032	77.02331662669884	84.95485185951266	78.98426359161755	99.25903199812834	101.4868312108485	87.8794599155395	100.3737152775372	88.68339302495966	86.10442527954254
105.4854204338983	92.29128453159608	79.85455984903282	75.29114477598306	97.74206032676877	111.189010190633	95.38936000585336	62.11897892676249	88.36011308344652	107.7684881754512	100.6938022481443	98.65373350288414	91.24027183202679	109.0510959207961	98.02972582048849	93.39473902028317	48.40943043345007	79.81261394679242	59.7634106718133	66.09050686431472	95.53531837591413	112.7789395600531	48.19531752663413	104.5215045437439	113.1773370862158
108.8840005317588	105.8208417918754	56.50807415006028	67.61199077908165	107.1221413124873	103.4334282680825	95.65994441261124	67.6987366345102	92.46133370541578	91.23140419085478	108.2439875184994	87.43213467014428	81.37208364978451	83.36996308964682	106.4785566547555	86.99953423381589	44.77457856551658	100.4682754792694	47.9473835039496	55.58714947387369	104.250965933374	107.0422079613579	37.8093944339225	106.8210088879644	88.23711002749458
86.30263231910799	96.12687036217858	60.21425808036021	51.68652966044905	95.27715742039992	90.09941471239975	113.2977565394409	26.1678027489715	97.73186687441219	112.4232867167042	95.37787569830989	80.17994117302469	78.51946749925959	77.0678523757952	88.60046763841846	106.1713514145008	17.14147977814941	78.672544479284	46.15714737150661	32.13737476016718	97.81841037471463	90.03641095179441	21.67139022024779	79.86875550539737	103.0402684035567
91.34525564430548	92.06064745489576	36.60002919363438	60.09934684502726	102.1189295933905	83.19798404946536	98.03682856854648	20.13154417212927	89.91187112961674	82.67917641054407	82.36338647234406	70.11579812369121	77.84836756650901	72.90079794762684	112.1038145064199	107.2143828346369	6.830203766641276	63.18359850527895	38.72559397452079	34.69364182060558	85.00349399944128	89.48540003349522	17.54869995349995	93.14863614187315	90.16778823036611
84.32261985755524	111.0104274313556	80.06212416076968	94.37153779413259	113.4329819449587	105.42851103225	88.64003650303624	64.53439013484667	107.5864147117237	100.466099031841	114.4544001067715	101.198711382574	86.73900842003678	102.9419292902301	84.83842440966811	84.94289798114292	45.88643298661302	105.4989578220564	70.34668379832907	58.1806374648136	100.4254085268546	111.2070579085444	50.96401828952997	105.5505965374891	106.5993689206518
99.49809105123822	97.97445568925939	92.94400728234658	76.91629297345057	93.71826727530943	107.6842475322192	100.7924906537154	84.09400082093835	91.48809216758798	85.56486200209632	90.12079180913129	85.47317441961059	103.5853652544302	88.46977576938487	77.6901255601087	104.6031465783631	77.91620300777859	102.8205933294865	80.20263941599275	65.28546455804519	94.91926907644621	102.7951355186725	56.49784766529282	103.3492026841157	85.65536949092657
68.70585943183805	74.35694532376502	85.483529279932	81.38145917560887	91.41396759003868	92.51398936872573	70.74447465637878	79.65205891033463	97.04637828851804	100.6460915213262	89.75356565054224	102.6450836991481	106.5532175830701	107.3977164691244	97.0812621122996	77.08857341201565	90.4612123785826	113.5516836287856	101.6133286729082	80.82071591733508	96.57330949744563	83.60627868957384	90.28239833869488	104.9549835997985	77.47147357548747
101.2456158774164	87.80645453482555	59.67597924984628	56.65351731473336	97.50525813945123	99.70659001757534	85.34875834765006	33.61743041716768	108.1083496874266	87.58378303675829	82.88629521594126	75.29398858028361	81.25052066807541	93.54482061474194	97.3861444048607	105.9025040601794	6.225055915131676	90.46520999021574	35.63879774411421	40.69028324660117	112.095153746037	112.2680758842935	33.60532061730318	89.35944022945573	99.22170583287125
108.11360252869	111.5746807679861	73.46915244307318	76.94231445672855	87.35623070792221	111.0844307746199	92.89948100403568	59.78133064879962	92.54085466028404	108.6143030758199	98.96150458623261	82.3170912337791	88.35546073734862	106.6194541091284	95.17187365824054	102.2990714266638	50.28759963517892	89.7614588388969	58.77178633087922	62.21964359554477	93.93491791717992	104.5737455475185	61.01300758306854	94.29985684928025	96.46990556947117
100.1893371143055	110.0668595030001	75.75183674920882	90.81375828655655	93.23661798018232	111.8817839642868	78.52027217998682	67.66284630534275	112.2468663469761	106.1937635468696	95.1617264267187	89.02289311194431	84.23065677723687	84.17138707794486	99.11003709147488	100.7241172641308	73.2465276723136	99.92417941833034	78.21105817427036	87.30093115503101	100.2040941921836	85.1875365396466	63.58351795954867	97.59294044743189	101.7114891154963
113.0893325725274	99.74285117350419	36.00314688470527	62.25986337298259	99.46684835968537	103.7028057175857	106.587614234443	30.12651902368	109.739626816167	101.096717543923	96.37268894947891	76.91479503803012	58.54875994535546	86.25071927091214	111.7368033810885	109.6412141486025	22.3130157659648	86.28000447355227	38.07479204084206	30.01386636049041	108.4660824582168	101.9846656110636	31.9057944893417	93.63431933672049	95.66531499856788
91.80044166997725	113.5281277954417	55.32396011676057	73.63860174364731	112.395447867346	102.4712370130648	97.08229157958276	41.08247529911636	108.4464065553159	91.2377007330943	108.1920679442709	77.67902573163923	74.28307634282456	84.90073177079677	112.1391556473508	107.4636454700568	36.99396925028642	78.43905386379781	55.5599596840045	38.06608853085802	105.5083554908854	105.0698833320392	54.20238579754454	106.7890756819619	95.23579817895536
89.84140181356049	85.01123470958953	81.33892878473607	83.62239609535786	109.7685746623167	104.5543514460947	86.019657582351	56.06664792736136	98.1557280711888	91.70546948094491	103.3860167531959	85.71311023245111	104.4204627325761	106.6194907693798	93.55512677716642	109.3251218149768	57.12515652331325	109.9123650803014	82.42075126153114	67.96871145832604	108.8230096111613	89.570830414285	62.10600494388599	85.40697951191086	104.7383575664517
92.26479802752969	113.1097191978926	63.2018219478244	67.16595713589349	98.83556550472586	98.9564840012726	103.0320772111432	54.03826577042994	96.56506135745838	106.5721693173191	103.0746981318577	79.27453042715322	79.70640177410688	98.26420689905231	107.3421718911807	98.46399216706904	59.79464055529087	105.327813722436	59.6184596407289	55.78949867116803	87.66913851969737	101.5950188612079	64.15853577135746	106.4631050007126	102.6140580847329
101.1817802634183	88.13562618714248	60.18545605043091	72.95054677823353	109.0608458789734	99.12115485841858	112.5915144357734	46.00844693066446	100.9722596094036	97.76579771917515	106.0278518201751	82.10237251886693	82.92076946414036	102.0445395381884	93.4039029156464	91.09642965180652	50.7941645363981	73.34435704660774	55.70727145909413	45.6568322769142	87.51146287357771	87.55405950994316	41.87549064447727	88.02110185402589	105.4997177565538
87.93651901985977	92.02601530469944	94.50894320971112	85.9697516868694	113.1584291632877	113.8872185382969	97.80382902871379	76.99265542626382	111.8368361169838	94.53243250265734	88.61741737047217	99.79975692326555	95.5149322650262	109.6487429314173	99.19057592412764	81.79630604688322	69.41623683414402	96.98235693244857	76.64361264098902	63.69876285532065	89.62435957429176	111.9634986213158	77.51461836989881	98.84113139328163	98.15339877033819
97.6877100059103	106.3577412948935	7.105415841378004	36.85640728867039	86.2719133071041	89.24954558771606	108.6279735196831	1.367620396684851	94.8805002409466	102.8841640465209	90.52614410661494	49.51036176084398	40.01883822073239	58.27347315894566	89.22072470536213	98.91058530756996	2.980570274275864	41.99589876642146	9.827706548140863	0.2604290486453362	90.16706071308786	84.11456661430971	1.739587157229952	56.96703729051848	91.45683419587999
109.569124505002	89.11285220456583	80.3006916328625	77.6504332948725	99.73083898265597	86.96948329612459	112.6614340784036	57.22323676355117	85.62877678510209	109.4145340417268	86.11422409265413	71.21394613653254	68.9885383221163	77.29039441943175	84.80643953610773	111.0823800514869	28.40103630807977	101.3577041019413	54.35598129934806	49.83519994736392	100.9113525957304	114.5230101911049	51.856507472323	86.71657857705873	114.4307972009122
88.11031926971545	83.05545020240808	2.49158160925561	37.87126054578721	94.32007959291673	82.07364088111977	93.37296946653392	0.8437497715435021	80.07624884673567	76.86527956820878	66.42175048122388	46.20678905027776	41.17024315681979	69.12569338973179	80.72862248764532	107.1580830899632	1.727637456714574	52.49662967544705	2.860384196447706	0.5895961700097585	98.86180954032251	102.9315611450749	0.7148142146448133	67.41707657970686	87.06808721622177
99.6315384936693	77.8997720250222	0.1844608473399294	19.67803356944971	74.77965692344731	72.16177018206163	81.72084494712588	1.317898656981125	86.81672035776073	78.54421663115731	80.65859368787383	39.84466501577132	40.78384754447603	58.23302003654462	82.10310040520119	106.7263463195557	1.33976840151587	40.01200234134988	0.582237818490885	2.611348488870246	104.2141763111084	73.71726708972234	0.3539623792201697	69.64791988594108	88.19235994741504
99.69277512807446	100.2505840527563	66.16374785094436	75.15369371833506	99.44234733591595	85.74822097312919	91.23450257896829	58.75720823049404	98.62397051343297	110.9775924074137	104.4143107594164	99.07381653251448	76.00253235812059	86.59129372905927	84.63088136463789	90.40633954665225	34.00584791908438	91.21120897381704	62.98336557118756	47.67125128829786	86.10421185055073	110.1993139363144	48.1589742226654	89.92340653625664	92.07759357817254
