96.28777794105125	97.0280229723636	99.99162984862062	99.97725228623864	98.25134580487689	98.33744374441402	96.4729310824836	99.97570266527669	98.19553121382441	98.07596439746781	98.94191861894004	99.91135968784018	99.87742023350366	99.26402480246087	96.57042089007074	96.84381264737831	99.92803951014292	99.80480712417278	99.99743954178729	99.98233996921809	97.53579456663142	98.56857040002311	99.96493963978681	99.12023254914783	97.21992044028643
98.88776417531852	99.26609189694317	99.5308460664447	99.70931646978745	99.78833817303273	99.82958106721701	98.97540418922532	98.94911516267598	99.78198958751636	99.74606257774208	99.97767117405132	99.90853335558079	99.94340821310949	99.99740660632619	99.03227695837035	99.19505887994656	98.7135083318057	99.99406660392425	99.20990997002916	98.98391303441191	99.52509460347162	99.89234732127353	98.87204937391796	99.99355006438778	99.38865490887508
97.80375452794739	98.33098483817693	99.93868713943246	99.98692105272255	99.20204002854473	99.27671990763223	97.92473693862785	99.65461657928202	99.1667248451316	99.1121441174713	99.66668769089807	99.98746892776865	99.988009414168	99.82159871575308	98.01578998415638	98.24268736586849	99.50665571677817	99.99675714263975	99.78875720456313	99.67578262548868	98.72463809504701	99.42112301043824	99.60153287371448	99.75896420289432	98.53010865575892
97.06119600426143	97.68400300631401	99.99738051260255	99.99347323558158	98.74179152590982	98.82446745598715	97.20534195418108	99.87298979150297	98.69738838472171	98.6259235170055	99.34107376692285	99.99136577862977	99.97721089695044	99.58140046688384	97.2904626569685	97.57782990855341	99.78546792479207	99.94487311470056	99.947379180865	99.87960860441518	98.12305238452873	99.01351618863234	99.84445688112267	99.47467404974039	97.89172222838504
96.6155402220018	97.32511788706996	99.99634946350562	99.99458213729048	98.46370767767004	98.54345190862813	96.77588251699298	99.93962270684519	98.42130154869861	98.33229120222521	99.13761600882496	99.95829569453882	99.93130794812836	99.40584570496625	96.87204960101697	97.17035183582287	99.87039922423411	99.87328834268916	99.98583305347078	99.94796041337378	97.78854657886949	98.77029262929446	99.92289885402387	99.2721535727155	97.54956171101817
98.13249454604728	98.59270752907176	99.87142423212244	99.95370223211157	99.38455645466878	99.43495634415356	98.23317073181394	99.50130215498369	99.36610814911086	99.28885051941721	99.76908845567372	99.99459651916786	99.98850812605866	99.90248798346212	98.28180267536301	98.52282895724142	99.34885504951403	99.98192174765553	99.67960851621439	99.53522944555557	98.94335723732529	99.58521280886679	99.44584048630924	99.85434247696774	98.77184484588837
99.44061619456735	99.68580087545958	99.0682150104833	99.31111963823921	99.97150386645606	99.98364800079014	99.49821676216055	98.25579870338788	99.96723484351203	99.94878457355681	99.98627627290875	99.64582756775515	99.71907063609493	99.916591785733	99.5275989529102	99.63840197837952	97.96666140105455	99.87698598903224	98.57834082367354	98.29113395491514	99.83378486260834	99.9968744729812	98.15177898453298	99.9630104437978	99.76266062372603
97.56820936118909	98.13272049549671	99.96999392404958	99.99685949551598	99.05002474604242	99.12703746105916	97.68101648142552	99.74318211109184	99.01624186942938	98.94226601036073	99.56498109554005	99.98972374644985	99.99507442356669	99.75132032306723	97.76866281643802	98.01905892381887	99.6107023028993	99.99156645394289	99.85577060920308	99.7550971588926	98.52738979905968	99.29961230245463	99.69546109867842	99.66417292109116	98.30539722025223
97.24570083576268	97.85076744491292	99.9935979020902	99.99290018464821	98.84708078610728	98.92313521281622	97.3492581103984	99.82810561018439	98.81383107971928	98.74075788421538	99.42650381052955	99.9969918579155	99.99006858714685	99.64380744136395	97.46514417357356	97.72585666688812	99.72838277806383	99.96712374145687	99.92631001365083	99.84869087913239	98.26060424467073	99.10406658250744	99.79978570702725	99.54024821940921	98.02085662027854
99.51561783155201	99.74268615673493	98.94636639492902	99.22225536789006	99.98833452620484	99.99277373325977	99.57348945478502	98.09548094791778	99.9846792664038	99.97060668793947	99.9878585335907	99.56919467349859	99.65391225493346	99.87576253299602	99.59483106991873	99.70852497996555	97.79977798028044	99.82913359213272	98.45199623460755	98.15177070111912	99.87662282400682	99.99127293926574	97.98714449247666	99.94504426697041	99.81709779962816
99.83637640993339	99.95962068929543	98.2263069009696	98.60295916739895	99.97939799589277	99.9940889926815	99.87071722369015	97.19033246390313	99.98666811175838	99.98958136963064	99.95124411193142	99.07500599491065	99.21769093786487	99.58674289953757	99.88742468106355	99.9366860001162	96.8251931908826	99.50896739968117	97.64122464498949	97.22668672424687	99.99543405222359	99.97750335770235	97.03302311564437	99.71201402661373	99.9791216651053
97.66044143966495	98.21620807746527	99.95941127634447	99.9940531875758	99.14796948736959	99.18865480214318	97.80248457962976	99.68952107759706	99.11868582735109	99.03097054127092	99.61420480739358	99.98785577279612	99.99079411442727	99.79372226063768	97.8942183303846	98.12042986963029	99.55762049031377	99.99613799206186	99.82683866412843	99.71962923881431	98.613267956679	99.36097731498883	99.65124013677776	99.71059455703558	98.39277344245744
97.91686434836878	98.44867210557305	99.91030540091943	99.97750781531246	99.295267109625	99.35206275394656	98.06220033394051	99.59872242063817	99.26328123040227	99.19208522950149	99.70687687710711	99.98908569619176	99.98675337942157	99.86233970699962	98.14178151523672	98.357339043457	99.4262664623117	99.98886788691931	99.74534933174206	99.61612052902005	98.83272074263357	99.49633645943075	99.54264920191437	99.79029166079152	98.61715410536679
99.86788865357929	99.96679405460569	98.16024966078723	98.50681792305197	99.97419256968789	99.99747012134883	99.89539134203802	97.11437158057278	99.97972795304901	99.99046397079159	99.94210468456556	99.03561993470096	99.16005089974745	99.54857470733256	99.90670473772495	99.95470607475504	96.68900812712448	99.4554463860851	97.51042356300084	97.1440249780233	99.99729401698289	99.98097599379221	96.95806229064779	99.67363348353405	99.98683094761248
98.23895340307787	98.72354691236602	99.82967519676994	99.92624153284267	99.47905415652339	99.51028980360772	98.37178184643317	99.43931964594789	99.43662439577969	99.39643030390316	99.81767169266745	99.996468575861	99.99293524798529	99.93663831589143	98.42412839237358	98.65009665406738	99.23975247555606	99.97908651286917	99.61933041646405	99.46964758678901	99.05258754012287	99.65031022633417	99.37403390126713	99.88260195127251	98.87062336377413
99.59469237875305	99.80419220775276	98.80700517257976	99.08371224485701	99.99580643678441	99.99745321949695	99.6493443488164	97.91380833627689	99.99483697193796	99.98957433782437	99.99344402311272	99.48463477467307	99.56917538485455	99.83421335123647	99.6733724923026	99.76946798790109	97.60379671807725	99.77528980209502	98.28192847514899	97.97355441634188	99.91470078493542	99.98082861985721	97.81243949010425	99.90984171876291	99.85975536897466
99.99748393940632	99.98883163625607	97.01950157006743	97.47512450818175	99.72264127263681	99.86060985255268	99.99650313272471	95.70369818797346	99.75372021893909	99.91924303818588	99.63840532295134	98.15841243517967	98.33218095856901	98.90868139125911	99.99743412417281	99.99036140580404	95.24303917728206	98.78977805071992	96.22216313207323	95.79846800614997	99.98681801292149	99.92370255638434	95.55684310394882	99.11740918031229	99.98336066424829
99.9974999832996	99.99102150465251	97.06576806491144	97.53347900086887	99.72919143132307	99.8626508593937	99.99650068934378	95.72228230912553	99.75914141597879	99.92069399112317	99.63067120302821	98.18416248099673	98.34103833903605	98.91537410338231	99.99745941815826	99.99022095943172	95.26106277951357	98.80738954072183	96.24682129499273	95.82525312393054	99.98594309184367	99.92541675212077	95.57752428688279	99.14380843329913	99.98302355900451
98.75613356232039	99.13160482372662	99.63071449379194	99.78740719887988	99.72904187724799	99.75970456039741	98.84510383511544	99.10151956332597	99.69906929031049	99.65230216587825	99.94948827585488	99.94664973231305	99.96862472995426	99.99502898649712	98.8737483113444	99.07869662306508	98.86821084373106	99.99342813435776	99.32991000716743	99.1214868893546	99.39914790601449	99.83897020563678	99.01026940627301	99.98083303890998	99.25678176623929
99.99707841559477	99.98146372477325	96.91153676455387	97.39952557374041	99.69077903167059	99.83601764328614	99.99692905828391	95.56965928449145	99.71389294713883	99.89952276916301	99.59438731999481	98.07670522027117	98.27247671479068	98.84920530204396	99.99620623811659	99.99189659617758	95.06765403288392	98.72763999210061	96.13476027953209	95.64142761112139	99.97729247410622	99.90441123943233	95.41268009302738	99.05997472992014	99.98638170713096
99.29391334924324	99.57181046841538	99.23440142815086	99.44603746479572	99.94013005635929	99.95421893011931	99.35353474615883	98.5026804836091	99.92482671258158	99.90372917078794	99.99025813978781	99.74102691022952	99.79819797289792	99.95655092993141	99.40922440273002	99.52032287318818	98.21377993515719	99.9339418651619	98.80771921358574	98.51381714033312	99.76077031981568	99.98433243739609	98.39257482129501	99.98823884712384	99.67040362917999
99.85247707805539	99.96146296412658	98.20570927394424	98.54479729922224	99.9765888306838	99.99547798863753	99.87802486820281	97.17308823474151	99.98491576880183	99.98987420354135	99.94918981309078	99.05671779588194	99.16963255230976	99.56089339589114	99.89902893869467	99.946858950278	96.76695201038119	99.48292265658269	97.57448035999691	97.23037973953184	99.9965603564668	99.9789576787166	96.98997780756777	99.69836809282631	99.98308229170425
99.12361091221138	99.4537202250221	99.36454149742789	99.58187523200637	99.88683222134641	99.90923190693537	99.20446262841888	98.70124327680416	99.8781960544833	99.84069945753531	99.99682488995774	99.81706561862693	99.86708937043929	99.98621627127096	99.26434021230371	99.40389406506857	98.40555356796673	99.96748954794208	98.9961014514115	98.72715531043019	99.66313473747616	99.95603696769192	98.59682703657766	99.99747907818576	99.54532299068015
99.8635796836149	99.96797330930592	98.18053313502429	98.53926980578693	99.97282509989427	99.99732295295367	99.88733556897897	97.11486759706924	99.98053821107888	99.9904417271069	99.94214829693455	99.03567541577696	99.14372728068507	99.5584283329752	99.90405215567364	99.95365029805264	96.70910889075078	99.45223793166151	97.51732603307255	97.17942250755057	99.99725571004871	99.98082221900518	96.93519806725179	99.67080774296258	99.987698447825
99.5882751813005	99.79703337913993	98.8337042396136	99.12480586346555	99.99539790823749	99.99698107520048	99.63668620163779	97.94876509324293	99.99355189652483	99.98702516791683	99.99199023804438	99.49816740240776	99.58252845588717	99.83952751045533	99.65820798676653	99.76050374091841	97.63028389957393	99.79177762213772	98.3252500906229	98.00158725358983	99.90932650808233	99.98260115248624	97.84214815250014	99.91385496424752	99.85460697837919
99.89031030633568	99.97914684133131	98.06304677021797	98.44354799871302	99.96014102377461	99.9965913482316	99.90947198730248	97.00207192568307	99.97064615712242	99.99239490326117	99.92987845706421	98.95646453524397	99.10683530690852	99.50167812807561	99.92541805287269	99.96703072715177	96.56462642058764	99.41707560986369	97.42795629053904	97.06420081432367	99.99562390540632	99.98561413267434	96.83633988140168	99.64917527873082	99.99304163976116
99.99251022481926	99.99742842824024	97.28528288590135	97.71588217859723	99.79711514379113	99.91495927829835	99.99633948559466	95.97971231683445	99.82662007640417	99.95125284165569	99.72037752396513	98.36260474687641	98.52166437064189	99.05868865833853	99.99738347172314	99.99074570660217	95.5458750731853	98.94891876456336	96.53859111212776	96.05229676691644	99.99632350797512	99.95918996384586	95.84933354449902	99.27140758349798	99.98026525221181
99.97845535299523	99.99606482054311	97.47300650624476	97.9117804654728	99.85262070420772	99.94367000354373	99.98575255156953	96.29066786427953	99.86969946430678	99.97445759970034	99.79078640445695	98.5310615997179	98.68731630510028	99.20432945351281	99.99142032281753	99.99584656985475	95.80685005170406	99.09357138371099	96.77628798929717	96.32057318465206	99.99387656287347	99.98159111095207	96.10269095691187	99.36513297716367	99.98222703219596
99.62756446281904	99.83114082890403	98.7714048945431	99.04803349576481	99.99738610892952	99.99487614900373	99.66841557907485	97.87649819931455	99.99622737839148	99.99310700604964	99.99661036167019	99.44879697200425	99.53301668816341	99.81386930204103	99.70795843528897	99.78660384484056	97.52012020791952	99.7618838966668	98.25061617531631	97.89106917448635	99.92763438814016	99.97793227314433	97.7448762645934	99.88844160537691	99.88292970820335
99.70241805199261	99.87009044715481	98.62311131795933	98.93226565695234	99.99699225582597	99.98992955944462	99.74730270625652	97.69247904361519	99.99660662699297	99.99730064154197	99.99481533065743	99.3380496579671	99.45399248019878	99.74935668855346	99.76879035846683	99.84714647218205	97.30929514902652	99.688107032292	98.04198345402737	97.70009803010944	99.96173894029623	99.97309493785636	97.55334574712124	99.84519431226369	99.91911491052842
99.91369100299521	99.98567170315596	97.96590849429958	98.34819275327406	99.94674188735328	99.99213463502805	99.9310957980049	96.84875588210068	99.95784427157841	99.99608648828939	99.9030291486248	98.88018926293253	99.0118060270723	99.43681353437353	99.94655980637675	99.97917216413003	96.44047117508083	99.35945640201339	97.3218082515136	96.89408615365636	99.99227450027108	99.99277897563653	96.69760233831425	99.59994358310414	99.99593363567674
99.99706166689471	99.98238893135432	96.95365706389832	97.43248115335676	99.69676626416285	99.84296787635083	99.99678793690812	95.58607460223327	99.73121274548035	99.89868808135107	99.60541847120898	98.10303824965494	98.28106535533672	98.87224048906896	99.99669510354708	99.99165601994005	95.1340015074353	98.73182926157374	96.16502143984739	95.68345626105085	99.97758160570457	99.90982737005247	95.42662802847346	99.09200682338169	99.98591012763089
99.2916937480221	99.57759290325161	99.21688068474374	99.44581618737939	99.93628140636478	99.95565393249598	99.37654328186392	98.46937003925699	99.92951659556772	99.90986082578	99.98972647013818	99.73149317437245	99.79306447574452	99.9555633505082	99.41752313045656	99.53932035788731	98.16769637101918	99.92963867166638	98.77586285442192	98.52016407001064	99.76607918713641	99.98584217759952	98.36902026295674	99.98953457215592	99.67666396539323
99.33902354946012	99.60521538793856	99.18158906861451	99.41315345795216	99.94926109844027	99.96100741164395	99.39671174129965	98.43096413797586	99.9413746885829	99.92006153791542	99.98833669546589	99.70687762259529	99.77880368026571	99.94772463647011	99.44540395973542	99.55359258180084	98.14559118804341	99.91852502559442	98.7528307654301	98.47524394179288	99.78781164683028	99.98877388443633	98.32630292782113	99.98351625282605	99.70082558945872
99.99748616319188	99.9752422983445	96.81338102717311	97.27506051196298	99.64010148221951	99.81022335310634	99.99727757460974	95.4537137504332	99.68961617628685	99.87071481983195	99.54539439081451	97.99086361254943	98.17675480578355	98.78856910092748	99.99381429813134	99.99450432261709	94.91680400859832	98.63373018981814	95.9825309637186	95.50598900549294	99.96951476929229	99.87733361597716	95.25737576785518	98.9961132449839	99.9905031605042
99.64872667756214	99.83775170434707	98.71075312309077	99.013983237761	99.99719419228144	99.9926341953455	99.70295840411123	97.79483283929238	99.99731896954889	99.99567814025917	99.99725285862111	99.40560206008344	99.50671090174171	99.79672788433385	99.73166104193233	99.81427829110535	97.42831766900396	99.73471242503771	98.18422395454488	97.82564560164631	99.94012538533374	99.975718806407	97.67545247277754	99.88275927389083	99.89379470072004
99.62540048895389	99.83297258628515	98.74976719866601	99.06241786436192	99.9971640425418	99.99471820972926	99.67220374880512	97.87825735587214	99.9970091032138	99.99300695208687	99.99678539367012	99.43465684600655	99.54772633923596	99.81269460080372	99.70331048410773	99.79216933985347	97.53457124622564	99.75111611947888	98.22688589473904	97.90187246442653	99.93028558335173	99.9777631319446	97.73984494645694	99.8938091121707	99.87557695761973
99.94517048563542	99.99656679532094	97.73486038497735	98.14052313731371	99.91072182540083	99.97654890872728	99.96544058697278	96.61325744000133	99.92955785991109	99.99361241152786	99.86174065199293	98.73988710158144	98.87545543539167	99.33174504988985	99.97384679979413	99.99224071090846	96.14025952568142	99.23524505715517	97.05648050067332	96.66653321869117	99.989995231587	99.9956298266317	96.4136052093576	99.49474196786333	99.9911957295753
99.86462617196058	99.96677742187759	98.18159701656005	98.54637838178648	99.97305763996826	99.99717898364302	99.89229288746304	97.12564545771852	99.98150741959719	99.99038361039911	99.94115187441952	99.03870970178191	99.14931557586075	99.55789460947	99.91061118828209	99.94884801325364	96.71091107535173	99.46059652144224	97.52878438683396	97.15038981639802	99.99686488049235	99.98060895842359	96.95102191415616	99.68693882468695	99.98545604432529
99.1466894406589	99.46244365918282	99.36894671308427	99.57464159117005	99.89421199284496	99.90878325024623	99.22367535825425	98.66766897003448	99.8751334953151	99.84560260036575	99.9967294873934	99.8117084327383	99.86577363851274	99.98428472680882	99.27544328640242	99.40124723749267	98.39815792364325	99.96650123308906	98.98186966577686	98.70515673198223	99.6780071502246	99.95700735663937	98.57436425428192	99.99729130135212	99.55335328950015
99.85238918127403	99.7237739980917	95.29901314168998	95.93266223479907	99.07496810689076	99.33632792372248	99.8416952095447	93.65761009458942	99.11602427146943	99.45918791417046	98.89349938352674	96.76249279234142	97.01023830908223	97.80471786252527	99.80540580992539	99.87460854235772	93.12222186338683	97.60474668063853	94.3483339570878	93.79511708573136	99.69374487194469	99.48721725298709	93.44463897464351	98.12287885759865	99.88956397541277
99.69870013903267	99.87904615586378	98.59364480576127	98.91175164746232	99.99710897030801	99.98958800597623	99.74308259065978	97.66815935600603	99.9965661555605	99.99749262963861	99.99272862389239	99.34555582693346	99.43876014026	99.75284228063884	99.78338260991363	99.84780979263567	97.30847213000816	99.678802658	98.03376438522585	97.69007141265651	99.96347724331817	99.97278724815476	97.5113523354453	99.84458853701888	99.92581717008517
99.92812165602724	99.8407562121794	95.87773801119148	96.4251869341506	99.28211719901444	99.53197846607553	99.92989433353098	94.3099426548068	99.35157405865307	99.64566249808009	99.16546817875113	97.20387675992657	97.45079297905623	98.18848500605708	99.89713366702343	99.94499672156991	93.77189357441392	98.01849302544277	94.95429148026894	94.4079907378056	99.82439545733732	99.65411240125881	94.07819688286936	98.46316874963205	99.9577155514834
99.97875183381207	99.99607556489886	97.4593543983114	97.90532627874489	99.83737289596151	99.94057290912622	99.98853502477651	96.26390881277167	99.86282888297816	99.97383429832479	99.77227158928109	98.50371994255183	98.66521044345895	99.18724803413495	99.99414258625714	99.99505068935348	95.76486261487456	99.05215627556473	96.74870928412265	96.30899901491311	99.99454658645176	99.97776605944712	96.10198635390471	99.36072849973911	99.98178098433462
99.93434854038256	99.83743916399152	95.84039311845736	96.421341879186	99.30944045948394	99.53234255451461	99.93080361298097	94.33798356038074	99.3484293295332	99.64879109954255	99.15365148608525	97.2419833154667	97.44051029177389	98.18054785828372	99.90132646344908	99.95061521107999	93.80295673673388	98.01738341956629	94.92949506519525	94.37828216003081	99.82138331215282	99.65484720429198	94.14307131242242	98.46611346396287	99.95798600857432
99.99709257732651	99.98302203119917	96.92112168782808	97.4026786295949	99.68360575185898	99.8414902596862	99.99676481589024	95.58824332000182	99.73101744247953	99.89773803164427	99.60075483231269	98.0945756511349	98.25623092688882	98.8482618459275	99.99637109576356	99.99163776876617	95.10751787113566	98.71808190104696	96.14668743779362	95.67067229536673	99.98115271929518	99.90765644840677	95.42445598707437	99.07087149664252	99.98587267544849
99.51535826916296	99.31185262887342	93.87844897244543	94.55232172350841	98.36733375377868	98.75857993080415	99.51190437763825	92.0454586011198	98.45159625675565	98.93532770668892	98.16694871992495	95.59187291272212	95.86909731049647	96.80100939456912	99.42857922714023	99.56890804572731	91.3786276052442	96.57789980213229	92.76744891075299	92.15384296564673	99.27171249501137	98.9695797701817	91.8476590535782	97.16255342515558	99.59708835170026
99.97939585847175	99.99604274351887	97.47891338468958	97.92559651861322	99.85144126679883	99.94875627498976	99.98767946871261	96.29571567249316	99.86996511977253	99.97762060933182	99.79048054437264	98.53587445462536	98.69840515542748	99.19964155074361	99.99298322868289	99.99577834596838	95.81023295576055	99.0841795597343	96.7908449415246	96.34102078061105	99.99395951399453	99.97934222907547	96.09408844536887	99.3668398593327	99.98214706667447
99.45570043964283	99.19997073312912	93.64489113783173	94.33150177091196	98.25276233336588	98.65687243376759	99.42259709186145	91.74168490285544	98.33770441141927	98.80688131229431	98.03758899069956	95.39718156587743	95.64335828436029	96.62012997672834	99.36603712873843	99.49058741295448	91.13142986889623	96.39409708668285	92.49063995752643	91.82423562117246	99.18035854353963	98.85405827989921	91.53111145365048	97.01927253134977	99.51781887556588
99.86037615795409	99.74025484447245	95.38914736942174	95.94628687669844	99.10744178302875	99.36155964540474	99.85114882289837	93.74339462968085	99.1501803943291	99.49087348131825	98.92547473950141	96.8649668600542	97.06423428802957	97.87558546441753	99.81730540326046	99.88325540631531	93.15805593231275	97.66479386747395	94.4314794575599	93.84349045379695	99.71043646578518	99.50587828975553	93.5339056868615	98.1466164683932	99.89704658904732
