101.3106725022809	90.78637945791021	100.4713411194487	91.30610652359529	90.85973369726041	110.0679106192063	102.1720860532847	102.0446324248111	95.84048068476183	95.57383156265767	90.11758900733835	114.3892509853893	100.5938481698186	112.7575647216945	94.51002572047177	100.0468631353657	103.493559048788	110.1736039752212	86.1019204269614	88.03373153587445	99.45427231613586	91.97411245948423	106.6865288028525	94.46338207441228	96.76402504689503
66.31356389427533	84.77336843805585	99.74853072421587	85.72172181051276	83.20853151979058	99.30710887270853	91.17179307482783	93.59892823914531	101.2305374534837	96.99671888759502	104.9990915271753	113.1419442376016	104.265866784629	109.4633144382505	80.68107361449947	71.72601864601766	88.24156104703458	87.21309119317731	106.221987697648	106.9730290640426	96.36301018425692	84.68844996633179	113.7384448764702	83.66017840199356	75.41508729558942
78.83243320483426	90.81836735577434	86.34101344549839	86.30880015448926	89.54873815676213	85.9726858471936	79.8262513863199	89.66134313831506	109.5781695606395	100.3999107054097	101.1332401751477	112.6999841429107	98.37629522056213	112.8738527090565	100.754464744704	90.83667821014679	107.77016927006	96.83916035033107	104.742292288179	84.9451165772106	91.02578959883756	102.4811457042026	84.37618610038875	103.6990721398693	88.15951423331336
79.30931074299266	88.97155405762885	97.09871694678847	98.23525753992982	85.20388616975059	92.48673339873788	92.44328084332136	90.82003654315713	84.73074538028295	103.634800191679	112.9165704515052	112.9440852324488	86.070565269086	114.2017947736249	78.76144329565486	103.164911580012	94.69111949337615	102.5878689477722	110.4006985090368	95.47750711145287	102.8812540073507	104.6884871965066	111.2581475916373	110.9016635302347	100.2391785389292
86.73986986365217	105.2078605924423	99.14722076223882	109.0164217211858	89.33235769566396	97.84101307810384	88.24273408449828	81.40879823417171	94.56640670802287	87.08377294923004	89.50935748070701	95.82667700614887	87.10232307551955	103.7606515138535	82.00360557056223	86.47948628074114	79.47261118460594	103.105636717795	94.50657500891701	97.13224931594712	112.0122304906889	88.39772802445964	82.33221570683799	92.34596759303037	101.325280588058
74.67213240588606	83.68182524035517	111.8494479848278	104.3549155830511	81.99254870318401	89.4025136624559	95.07803879641486	112.1565453290094	89.30358331795324	93.54396365470156	90.96247008155561	91.09549070787531	106.5934917595048	112.0960584200065	69.72660602264165	97.24378809557788	109.541712550023	85.12342086426206	98.59723523688139	101.3399332104414	101.8415643214163	91.1011627215584	86.80509049799591	110.5863226367804	78.74646663887712
89.14930707887282	77.50314620735391	99.01924808941811	108.9073223391613	106.6644519676064	94.40516136536986	84.46272920216163	106.5241220779739	84.02306565911944	99.73008785709372	102.3784718314187	92.56078850831364	92.63065955063723	105.4580899953424	81.09632983884231	91.99502248261886	82.59958099687478	102.9077978550854	83.95486937215306	101.7203231412089	80.97145727089048	106.8151003957883	100.0461259316002	105.7576898422538	88.12504720256059
80.19026311404035	78.99203084347606	109.0366164838564	95.63610569071906	91.26936691049497	86.40560060441817	75.81001807679347	85.95485620951052	111.5161145813951	89.39684590961136	89.00978064022314	100.9588185907498	91.51329616857559	86.23622397939748	97.25233984716458	84.4246914296474	107.0064318116266	107.8636724345736	104.4044150764185	100.5213584565129	99.52422372041342	95.53959347102231	89.54477783922879	101.6411898216353	80.32247103442546
104.1179000161983	83.67489381471817	89.98760147551909	84.44121695508025	98.92842363972548	96.06102904774846	102.0831330205708	81.80296334172193	93.75008860703025	87.82894050118563	88.86428264922699	113.1146127977001	85.33414711272064	111.3936543976567	98.03550326017015	104.0815476730514	90.711411038422	85.617537197559	97.5866049145655	80.60778596699967	99.24452175675745	96.43404152026191	75.00897186641984	88.63459334743787	87.54150314023363
102.1195650118763	85.09439445002126	81.1643761202844	90.90254606441988	102.889807193252	93.33721697040937	103.2685021426227	99.88354381726319	90.82638046772293	96.72778100543809	96.62478613132674	87.23910345567076	82.38639430143202	111.2939834504995	94.18346225381867	112.6684267051716	73.70013259482424	97.68995299133286	94.96531650046037	93.5700262746268	103.9227882872247	97.45571789692055	77.3980248143711	95.95171968042159	99.61183978741832
98.2826634133818	90.56351902412868	102.1108235127355	74.94776685170542	98.96429934761507	86.14306139868727	103.207226366245	94.87209217886911	100.1656482486124	94.78557340225203	85.38516303824551	85.51361362368658	84.58904591694593	86.66378003288611	105.26419608931	99.32537166353725	86.14605780688008	86.83322274388688	77.13739671167868	86.73037930302593	90.27731825266531	114.4919870962593	93.72301868991792	109.501845525163	97.44996708731605
85.7344057314542	84.40372973340699	107.508028820825	90.25469613891187	95.84547613569711	95.52124645008584	92.56874385424167	91.31062790786534	102.1167676573116	85.7065494156555	101.5717376445533	90.46338609095439	109.4665726285952	97.66095402103045	102.6780275938881	85.00172550249965	101.0531274577331	98.99422851604847	91.0093585603282	100.7270860450977	88.2107863693398	87.05280537302025	94.49560847983588	90.6984276507806	81.45414220180905
94.84119487291794	106.9422288297693	86.76370771237471	84.68668876064315	104.5149246124887	96.17851972814678	110.2243233556011	96.41992076046998	92.53432796206081	88.48337417834439	107.9155172395682	106.0693104247913	101.6509311038792	101.1880312286221	108.6982458046825	85.56741298144989	91.09397355656273	102.6161442370839	85.30133582117514	100.1807424378512	106.2132662056204	90.43984290596737	82.09264391803714	103.0874761246223	101.845578527996
100.522857827092	94.93335619008889	102.727219925633	94.83287449463357	110.9311187203655	98.29004059996588	98.52442829920332	91.55630985025233	85.71166637612275	84.70725461112356	87.74267929688513	87.71684295228926	94.87552991596561	93.2561434563066	86.86316072049905	82.47992483399838	98.92163566422543	89.2691507728489	86.87414344086579	81.9319516806784	108.2441722210295	99.65003051014021	82.800239083203	87.94341572889617	83.21893035737031
95.60738434436395	81.90689071287736	108.9719607711102	112.4165656475152	90.47937735631957	103.9011799839653	109.0858775608083	93.21399697378283	88.89584375098647	104.7854302545856	91.49770941337209	109.9712321248007	91.78504543337618	114.366533485581	103.6772706134309	91.41132039093743	88.33993218272542	114.1942698644825	97.04604782846221	106.3605367739519	105.6646025425322	90.20436459101539	102.6096407290963	105.6170723626961	95.80700121745832
108.6919602462741	110.6592425725051	83.93083973357625	81.22891303877797	89.45514588260727	84.83492844533326	85.07042264128191	85.17944301287201	97.86440147378406	111.7806835368864	97.44891427725396	90.02950611911609	77.47116475328824	84.3404106078999	100.9593766418676	114.88779101928	83.60801515361348	99.81683297210168	66.32726138329488	72.8134834898365	107.5230067374494	95.4281863246006	82.88285816359013	97.94783770434003	102.4224053223981
82.7925406303774	96.29600396104802	97.20114994328904	101.3698313902151	88.51353741095176	93.40436084587432	99.52336555147171	76.98354435265841	109.3847187893888	94.07695689194962	95.64989633383176	94.29165050822698	110.4578261576634	110.29249168026	83.29834322552004	99.64997329538546	75.55273767861321	86.49010607715142	81.69624325258292	98.16719075367793	99.01631322551634	99.25896704165189	84.74624390917569	100.9751802147468	106.8090512222806
85.87379472538238	112.2314140013845	80.59366401139133	109.6021212638239	94.78700478488686	107.6597061784205	102.1362906875083	93.30506978912852	87.94887685168166	101.8332947943682	106.7236930006117	103.6756275574318	106.3777709172186	91.28717028369056	107.4297748962133	91.27970724288357	95.57367781917854	113.8377223491407	84.28220122700775	83.10126767002009	105.0955986083969	102.9788501247982	74.55211951088664	85.27376567682543	98.6326649336938
103.0911333896825	88.85304062205577	92.40991072456835	100.3567435472771	104.7855721987123	97.1038746896357	80.99710898105755	99.97498886129867	94.4313404940672	105.7925630625016	113.2080006265381	110.175702004912	85.95891998021661	112.4888606083661	100.1965407122923	86.03200931121039	93.30951025039272	92.74652208707599	96.40806805402603	102.7627015658686	101.7728750103017	92.35362341754272	99.26810749715389	102.2576283127603	81.79589370421903
103.1405973624031	110.0835779623209	84.81494657522144	75.19562736445683	109.818355445802	87.67555855548162	91.10247430669186	82.14869612609083	103.2569339858226	91.04845490038711	100.1345557225495	97.29138918094897	87.24517688734541	106.8542753943793	87.3403972572181	111.8111111077389	79.61970674994258	107.5711590358841	83.19318984092905	80.66778555739928	101.5405478071832	103.9476858074181	84.13701986392623	89.34753469687669	102.0822038578426
95.04637042424633	100.7178974491859	96.22097758133789	89.37266207462319	86.75144742913271	114.3512925669708	85.91453610431185	83.17812236755256	106.9978514462484	91.50809022096421	96.22040017622707	90.88390362846027	102.7888553288845	108.2001301226656	107.5844974900466	98.47545334399371	69.5780468901914	106.1953723756392	89.83882998675372	72.31406905457574	91.19286990407799	95.91267483972585	96.82736474556604	91.02937360662149	99.09117476275334
110.7126573016229	105.6845989961378	86.33168101300139	99.71826447970619	85.6935788621258	95.16590064967986	109.7556582237599	92.68156727307553	106.6355493311277	102.873465772148	94.58545461419348	108.6113468284338	82.54008442731246	101.8504118000401	87.58874062157115	110.2668313281658	81.36098794564357	106.4111462155984	79.65050570192552	98.5132669241642	86.74627594144832	91.22267100292015	74.39784626585518	100.6003972039742	96.29758521715262
106.1062471619191	97.31280373081528	112.0487122771413	96.74802741016687	100.7813027804914	86.55712421025525	102.7195975337596	106.5564652568238	97.63517948240181	85.19461578255364	90.16947563203956	101.137007013515	87.73569621491116	112.9826599291803	101.8804679178808	97.75563344805384	87.43482376283848	98.98193196268642	84.89356746556443	104.9344664072334	85.90146673822123	95.5745359609565	82.90641490718879	96.2243075849489	98.46081346020642
94.89321726518337	109.8738446658779	90.11735229258075	90.09578773408241	94.58832704478351	92.79540356844967	100.6601420651913	92.19506414841084	85.05504912840615	91.47667487631385	112.2110751438623	96.15197465722709	86.65292756264128	91.20931912732642	86.32140000499348	83.00653478070826	79.33872614010063	97.70951552905156	79.54740678636755	104.4690546896391	111.0252964716527	95.22197821268537	80.84387672027178	109.781503276616	87.31505419849748
112.0057135054709	113.5567639663757	92.43375344637884	83.75114566214586	104.9423420240201	92.74796613814601	92.60627932832968	92.62802890020993	91.10116970609812	84.98986689144039	94.43285355664818	101.3944340065109	93.44040110482729	90.58377893662384	109.7423370981121	108.3309594624997	80.2418984516253	105.1288412362495	74.89856541734822	72.41967683343366	107.9732770679125	113.1155329468936	100.8267377840763	96.29508964416583	104.4171747021194
105.7163947512484	87.54650996150556	98.61355228103903	87.05298009882321	87.71419382922433	102.233242888445	105.8258172633562	86.7632703174426	94.35269529128797	95.78250438290101	96.07388938604211	94.98627141805049	95.29554114296863	101.4281216836976	93.91104646377411	99.19986978725997	82.65732586675213	110.3383705398924	81.9648763847274	89.33628654387482	103.5785336416872	106.3980251193982	84.90848648099858	105.0619617625193	99.99647976945438
101.1483030715901	100.3563523131279	107.1195673414388	101.7260970841349	85.48802251835137	103.3480989956061	90.58077589715627	81.76202289458179	99.20440195470664	98.39266127244755	101.8330156925334	113.6713509804245	111.4064757393354	98.19812646780895	99.41201654747921	94.49929161050436	82.5932007014852	106.175767074053	100.3535705707257	90.86762450991466	100.6932689147042	106.368495144649	93.68820929848296	94.68663943520151	87.12848914936914
102.678083275364	80.01935556228642	86.38165544067427	89.40055028976136	88.16087653733858	87.28937509859037	86.35437275928085	90.98849565683351	102.6401774594455	84.67506608215623	113.2723743609478	104.4882171492714	106.2802361604796	96.03980806955251	106.7140418674354	85.5764619069198	90.08152949235699	103.3078091155976	107.6494617937408	104.5947131728502	98.19313659417327	107.188427552742	94.38550598202592	105.8462249145569	96.67047665439276
113.0844609687206	111.9223240850349	95.04688413019451	91.5096225941074	95.90161191475295	106.3583674168257	86.84706264740215	71.13579242788454	94.4595562230447	108.06254882886	106.6322386272366	102.9417569154486	84.62625543196494	85.28433760719776	110.4197752802657	111.5288825373673	80.95221503644464	81.74818278892677	80.96144119341771	91.31377754396783	102.001564527773	108.067185688908	82.63042494246312	109.2827271003021	104.7723400918813
81.13723480660062	106.7807052944277	88.80182670767159	93.74588719539381	86.38665090940559	113.1969168379634	82.42444463586652	80.00650260504023	110.253725838201	105.520543216643	86.33809352906708	90.73378333334125	106.5383524801013	106.3670441912309	79.11441256515224	99.83974059475196	78.4756323618235	111.0109114663299	107.474356793896	94.16122698098043	81.87149393242898	90.48442173299014	105.320999912093	107.7024895556435	94.60198304672191
101.6700811622702	107.0541110322332	91.8822199540475	104.8968091622716	106.9831930777806	105.0997941162399	87.36995781832275	79.26481873148175	111.7806086400128	114.7633246502816	103.9960182612672	109.67852605439	99.39593804313373	97.66362270978679	110.3400612723082	102.1849843619835	89.88098216198645	84.02730743902168	80.68929117167777	97.59522111697081	107.1482068958471	102.0045301957936	72.7237171216575	97.02358231520114	114.2622090076051
97.33673244694445	103.8270040249241	88.28399026213469	79.51506793552588	92.85604532636927	92.5681775589911	101.5035953124832	71.83396782791826	104.9066565495401	108.2986232259838	94.99570882787685	103.0549846267146	101.1198325283649	93.96597243770273	102.8054383163383	108.8269260740827	77.14890528181756	96.618768636667	64.6088806669319	65.1181857132798	87.66367285626049	105.9298718132508	63.63800915448385	97.56616039047383	98.19818570387278
110.1750655499431	98.10137280645203	78.00121225453231	102.8862816147064	91.23177653806357	86.21017446571915	102.8212133960161	83.80004031781496	94.41150938699148	94.91400772216166	98.72429741955548	108.4760600386376	107.5405679110218	85.93678709458834	103.4578703617581	97.9051832835309	70.25330261721113	102.024612650637	88.1559099572747	88.03248088324034	90.35839885065855	106.9681160638782	83.84342241595654	111.330092502878	104.9569112111419
96.70295192498151	107.4679494481327	69.76012479932682	85.04848289203571	87.3648988352021	99.40961183647001	113.8178241035442	91.38607590107816	84.35291514115372	88.50261013896335	90.16109121128736	88.86925546461705	91.78002037632164	81.96831207354961	104.8549809325108	98.6750427341665	62.46186901205982	99.90428771625442	74.58247761304554	80.08808340049315	86.78507411028849	104.6122131460383	60.68296030552987	87.36056264014516	99.31174224006411
85.92528107965846	93.10960380949659	84.39281419382681	69.58250424330913	108.6127013610968	97.81631055694876	110.0504836024956	75.52489166934102	101.0386560347396	93.67770378194962	84.21536419558429	96.86019463761809	74.85789828523301	77.78529037923138	87.55642308446863	107.2781693765473	62.29055571409432	90.52584257091203	67.87363080355607	71.97067408287162	87.80151678043866	99.93381296174985	74.34191676898294	89.73915140271724	97.32433171262747
98.85991309354002	86.79575867310957	86.55464191942316	91.43258026562417	93.91946742853982	101.322325028473	94.74984517512468	89.65578610972864	101.3015883539887	106.4601168016873	104.8575851787279	77.58148867005248	89.25094016883968	99.11270269721859	106.5211509448414	93.34458737543144	86.61808113589527	88.17003089171651	86.69384990261221	66.40189060863625	94.898543367326	94.90495382843469	63.23431661574205	102.9572325341026	99.28665087631617
97.88325860537188	92.65059538500979	99.41822931819283	80.15247689465757	97.90582105796503	85.65984535775515	101.8636761624748	88.08672784264277	107.5587361380241	101.1883038763637	93.88602396956293	108.5548388872252	98.53024226242039	86.35949811150161	95.21145357386941	86.50142478171766	90.35017211587945	110.703136385793	78.79623523821687	87.57634189441049	99.56552989568473	98.57773529419325	93.86468652490551	95.30910389608304	110.8720625674931
89.55951496548077	90.91066716094275	93.82098119948913	99.82053035032436	103.997195838277	91.38006076356606	86.07024639294652	96.95031929752597	107.8082310768596	108.9614651794447	106.169487264632	111.410122801504	105.1527277190525	102.7384024564344	110.5585134514389	84.17116122272742	75.43195986125043	96.56403306062126	96.027548597424	74.33190513649117	96.29126347246594	113.8861633810775	74.87474065076617	95.45613266811257	103.8459277748332
93.77283299023546	91.54136168770731	71.1706224286454	88.1399715679444	104.5243367798481	110.2819554546222	111.5652871824305	70.37091850102118	112.0068119467549	103.7351350818326	110.1009184764817	88.92610658464079	99.80861779243546	87.00208052942769	106.201046391673	87.06289760610706	63.38571751684785	87.82874972309105	89.41698133342973	69.03334782059729	85.3417936139505	108.3607511757127	76.24312721772738	107.7126681409077	88.03719897258169
98.83811680424257	94.52558215422923	109.3409277383307	96.43632551613777	111.0977834351664	108.6162714089028	88.93624223995607	76.36429509041002	97.86959122259765	101.0764261831168	102.4015924828645	97.19311041254429	87.84905137090392	109.9554008739306	109.2625284053792	88.40294371781188	81.31642226393572	93.18539675481942	82.88042385849614	84.94160937178619	93.24119230725793	113.9363454223419	105.1209854115178	108.0592171975634	108.4289448059216
85.57582168190613	86.5364976843274	74.40645948262411	84.70384254898656	98.71822507992447	90.15589040913707	102.0389885769111	62.3199497654721	106.0285408642423	91.10946937802881	83.05046605443862	79.97575891560226	73.34499582660069	73.36424815937401	106.7858225257862	104.4897670529778	50.62987872983619	83.96133608505477	53.60740868053963	74.05163436546448	95.81878343019552	105.5408944027318	46.23567983216859	101.73367753382	108.5242631723959
86.70505445408898	91.4087951700466	92.64386227478428	99.13087985715489	88.26445242499678	87.1756726644272	91.83925895836364	77.77552089330283	104.8815202482096	91.55151322050263	95.01223541498587	106.2712650361886	82.83105388191922	113.394275438369	98.56310810937273	86.63016395793474	95.20919098268377	106.0866247044522	83.88499185114756	78.46144558976829	94.48804979083184	94.08516287084042	79.39077456136407	112.9493360527771	98.2367443608123
102.4379274721105	90.7075902073032	95.87951404812441	102.7236439598024	90.93227162955348	102.0870070297193	108.1376201525754	83.97260408820486	108.011522948069	85.43912745053527	113.0391196585953	107.5496059227451	97.39479549867298	106.8291321838753	91.08927809721037	92.93105660057226	73.52390746747727	91.72809720199551	88.15832276402035	84.98889209435443	89.01249910421558	86.5827465957172	78.79961624107112	90.01942930320864	96.0174605017674
97.91814690050188	110.452784666594	75.67187506617978	92.47966409467587	95.0394876665199	100.3050670431018	98.97643493634625	57.2206431737207	112.1217109429298	107.5394713678565	112.02397026948	83.03632265423751	98.24255732405301	90.81458989935722	85.84137440760618	96.88442959898944	57.01502415575916	105.6452584896666	78.1611702990223	73.1380528110206	91.39299422271735	90.59725574849482	55.55790335371289	86.09484885268395	107.4660071847867
107.3815822173574	109.2527892458719	87.57706516559887	99.61084992584314	95.62071021219771	98.13999626533598	99.41593420650355	95.46557263628935	99.58019880505609	96.39532854827725	110.7776981239341	98.96077129850636	101.7424400144757	105.4802258745374	82.85943339687771	112.5585565777699	87.0619900768979	86.3496511723139	86.46688491668166	75.81715706585241	86.90576964887958	87.80503478374114	85.48754105159843	85.35418376179439	101.4514468101354
108.7690998061289	82.30924212756001	70.61385571818678	85.22087127118064	79.63558702008956	87.11794625544164	112.5593688016442	69.76568316386037	94.8212350434008	96.71993678520772	81.58312613408654	79.58288381942828	63.36296045930577	97.91690697845843	112.6863447865333	110.4790992774748	65.53942958943928	80.09325709786926	52.04828156922919	61.51062251541325	107.035332660451	98.46551717639977	42.80065619017098	74.85974027945674	105.0375080124343
101.0437574529511	109.3224573288079	77.82546526052053	87.09793974852489	103.2754739066366	98.63214492686555	109.4172459538599	70.58943102232192	85.20644145354439	106.8611990607762	106.3553369823042	71.56826946809831	100.0389135579519	95.8374169790265	99.87172523647209	91.85605252782459	69.39943647187491	92.7050750438701	76.47596991674533	55.21110740042448	100.3242094843745	102.1533993243073	63.45491028810925	90.54200259085664	109.626797206989
92.02914968926054	95.27784878028065	74.84842053979553	83.52492548861569	102.9887539442547	95.17080405377105	93.30376105860603	69.36981458443424	93.16233694484028	92.7617508509241	109.6484860376476	96.67314086933426	79.07027901363863	105.5019828695305	87.72259542021739	87.8883839606073	68.396867187853	104.8310653903278	71.03476769448531	67.47128109965587	100.1039958472587	107.4826199386045	88.99631007446396	89.20402896469604	92.40780551880998
103.9910855778992	85.60003343712306	69.80303007388659	68.40935810274628	99.04978165681011	107.6063341825285	84.69694486100175	43.69055310085616	84.41405311220912	98.80742512999946	96.5514062704774	68.77941279266	80.49714376860612	93.21047497438931	107.8639837007729	98.95619977900984	41.89678262887375	75.89184348732016	59.36648232274916	54.87492457373841	102.7490705195843	96.60710861248972	45.95734913603523	84.56264232992743	96.39947367311426
98.32385062306345	88.71276215955248	47.98610352243203	77.95950595162772	90.40299657773805	85.94158241532503	81.99559613747842	56.48606211617017	93.47099556043926	79.94054231709072	84.64115819230085	78.98213491904457	87.40961849537346	70.44757494324564	105.5772260123738	93.48859158760088	44.03876920269933	79.7586694333436	45.83810819835794	51.131714054567	99.44407171325207	93.54335928812085	60.01527887986772	80.96120339013382	93.82550589111894
