23.70633849833226	34.70661062983839	108.6282028428066	85.39937506688089	70.45173685536079	85.57371240648278	46.95524528118665	66.68506969674357	63.21972495722426	75.46108248386223	85.20466890587326	92.09558595269301	100.9444369411842	93.18406113505534	45.90195052568993	40.14628766795325	68.32127954396111	94.53393286824792	89.56692346978919	89.58795226801413	66.71977923804951	73.02711616079721	65.26729482010272	96.85923781693182	58.23111107242353
78.97554816435749	74.06976714812546	86.25278277106892	84.50604385561681	106.3278265948291	103.0352747861696	58.47807253261787	33.44636310183384	88.01648322263181	104.7630764923788	102.395592567525	96.76056050943097	84.98930545459385	86.94528632237106	57.25793360011174	64.68503837425558	37.10674731998706	112.0523833381669	70.83284199490927	49.86021637633937	72.42771821162458	101.1368460414023	40.47226561021111	98.07357985323748	86.93969384795723
49.77973468475753	63.42602104558415	92.53009318398568	76.95767629949073	80.66525749908787	97.56714347700853	52.22132612938645	56.69569995328403	89.41779735899043	78.70974154538766	110.7060757682543	95.44298629437915	96.81713087165677	87.89982671092621	53.89843495327153	72.39996702132566	55.21620989236084	106.1766836924665	76.80007847493154	57.4237740419742	87.69342575415931	98.58644711057666	53.8787796587492	96.17438882821402	65.9246550559038
2.6361897318868	0.8882068141214636	92.95997707004142	86.46532167303549	48.98097573567208	53.88982032648124	0.00159539129142785	102.806240868771	47.8294993706613	20.89980490933495	66.50650303894969	101.9521659059418	111.562257218266	63.3769370852615	1.800105008974857	1.334303903100126	96.29169156053655	83.79193359398379	85.32254731110572	89.06882491382547	15.3800926282028	49.61884007494972	109.4805301093686	69.32645536974177	2.101661525292926
46.33086175104192	45.57447745918974	98.45466476988955	109.0469233753258	76.4359581265212	74.33802428443363	30.36477400708038	70.94910162474332	90.40879660149314	67.99022048619941	104.9063668725937	110.7522273821375	109.423842350044	91.4074725750334	34.98608902318691	41.01357454101981	68.47234475240401	99.76510802183299	91.40763530120341	64.56197217330867	78.48459853105584	79.79131946303517	57.15567188715461	94.09298370162674	46.05792863295913
90.90440548895504	88.71481265528635	57.7745655014796	66.12931251438795	114.3146687267668	94.1150723598773	103.5975474509372	2.279420459655885	114.8285572611888	111.5653726848125	88.015726214059	63.34674639829687	83.60439439506476	96.08164597729444	102.7976297531496	91.55571913167971	1.789797415921583	90.58697958539626	26.33984630684874	10.50997374308922	108.6869164731511	107.7707714942866	2.755024988491388	96.08061616111247	98.84603520360037
14.49734390321705	38.57660013439146	95.92602741772345	102.9310357271274	82.62154431019113	76.89731056791571	25.2252721116423	89.14593894970304	66.50939685169936	80.7674283003611	99.94751339318297	90.47007217007102	105.5855401646825	81.75091416927141	37.65346289535337	27.8214521628472	75.85906382671661	106.813501789912	82.74619421491747	87.15480027040272	64.01617503681742	93.49230794725447	76.2921238383127	82.94314333168428	53.18476552063703
1.964690011644752	23.43995971029719	110.4013390789808	91.71909004480136	65.29258503934102	58.2933424567037	12.87443799862804	92.02827002164838	56.076412555525	49.85666340664797	78.35305510411638	105.3822529753707	85.2175994564661	94.07041742117008	22.2086693212535	33.5600849703541	81.9755818808174	92.66113965845496	80.79672416923262	98.09512780929595	54.5815231218628	67.32336592133932	72.62788395992112	89.68766753083567	34.37194889676474
99.77499099735257	111.2826178985114	28.04754824750915	59.13545848013783	101.8628488111642	113.074932343685	104.8407391693285	3.655814338160067	111.9073016159163	106.099855610593	103.5444063156679	75.21839257545609	79.83446764654327	98.29493186628613	96.5184853386173	103.8052536067213	2.922987325521313	83.28659094554482	23.9498785239449	9.493084293136938	107.9023808045121	111.3491271295736	0.8685121055503759	84.13250334618694	96.45711357297337
50.42657717259392	67.59098623298678	81.22068501321534	101.8044862340139	102.219175026091	100.6427837549795	74.05973971716442	59.40091470531708	94.22801136042935	104.6492230662318	101.5769398168167	82.40092110074936	111.9261146628823	95.79405684153316	72.52491088745354	74.08474352968715	38.49376239547122	107.3917699471282	69.96008228602506	53.89985810635054	78.18216784585087	96.61899077693725	45.04654278224579	102.9895559995693	69.0845909947557
78.99357212223345	100.8166513264836	59.66118636371748	75.84777375928402	93.22442340955016	109.3100023576738	89.93057373299945	15.13789280536735	109.1129681294967	106.3018372679151	89.19081304658999	80.80438794756512	83.6393700006177	91.6384248288897	81.52988306205253	92.38151472953184	5.710732572700508	76.05929963506297	26.68212772897287	11.57623524354049	97.58720046455097	110.2724027019709	4.912906242889381	94.29986878424133	86.45607549898497
70.92403500175612	79.66341150209014	67.81235393123319	88.04102662731091	96.08273882824179	94.6248531303029	75.65997634435857	53.20683934724671	87.48067301966924	105.4155940862824	110.3692899568086	99.50070480154888	78.7789408455393	103.7739882762317	75.2973249466867	90.45189733034493	29.27981930927379	92.64472586130088	46.14091661000792	36.89780667329054	90.44917374779463	108.3586507210473	28.76172650157841	105.0240186455813	92.18506148752829
42.39439265959947	56.08569940292887	78.84240760432523	97.05423435797213	81.70526646251801	95.04285374861382	40.47465630366031	78.01557303741372	73.74381447249421	94.1179878446041	97.98193037126717	88.57411042013622	102.6645547784655	111.5192204863004	45.02634826286538	46.22712950303363	53.80732411318256	106.2886017349361	88.66455026589166	55.67192422145924	75.55883928982323	100.5565621354223	61.96748397671402	96.27269695480707	78.08784027010564
77.76590738444995	91.31554320405964	62.15666061366237	77.80958656277123	98.52384724707832	89.50364437071973	57.78360355159124	39.13164369160482	95.96680597309812	83.64381968954025	92.05816529320956	98.77314079920529	96.89088951158726	89.4027628174815	71.23954589582874	86.94234382028483	23.97998104929825	87.1559477883813	48.4680992965372	50.44418413006424	82.90130904748207	111.6073641647408	38.86603619282903	84.7929334697605	78.66856448808022
16.37849078561429	43.1369023939248	105.949261729182	89.95393902180464	59.82622833375737	61.84639226764931	15.77723107768552	70.17664559003519	73.99184869044051	77.14577613425689	79.22168171418593	91.91067615663916	85.775575835558	100.9321492768241	42.4958162104713	30.10863066675778	85.79214420326247	101.6793854221826	85.71417665872249	86.0049742919296	66.53727379531738	72.34421699798902	94.49938104040476	102.7886619196896	46.2311770663925
77.75620145944984	97.70152109888022	41.25370449414001	58.05553938635813	95.32849235131016	105.3133783769237	75.28789186982053	0.1017827182108384	108.3532819287536	95.68448130831555	86.50715787783319	79.68285900050483	71.5524730598473	96.20161452284182	85.1369266894675	93.18683359465689	2.221730766343339	83.87500547079708	24.54466807806757	18.21900253206832	107.4032078816324	113.9876276087904	14.23968760514405	110.2138660147621	81.55091558745391
57.81981572854338	65.48060054932442	99.91853421226767	102.4138582459982	91.27529275340184	75.31357400677791	40.51777241315148	52.52170504080974	86.33195948006784	85.61373040902177	83.73195229718991	96.83080380841213	112.3315661180897	97.37363276461859	53.45586149280416	70.46469207929324	66.66452969300417	85.0640360637895	75.29562353821795	73.5352074601837	66.28899036681079	87.74317767729026	62.40013906539525	88.3009187229797	80.10526403581446
57.27812061378751	80.51506963880233	70.00895821171314	92.29964442283369	84.95758574094405	111.6464849829328	58.26433593900232	30.30684677087746	91.78560110336049	90.62648036590862	85.43477281937857	100.3576219950045	92.52938688675587	109.8932383719936	83.7886386752064	74.55913310578758	18.79158092639378	92.97629950489272	44.80516660734353	40.7490677865736	78.26659849614055	109.9174402546169	42.60578402955404	110.0967654534667	83.38781059546602
82.10473561019215	114.0026890077899	10.53869299262226	40.85117034412614	110.583823271829	109.2707897356869	100.694786485934	2.516165417616932	88.8417087708053	103.4876662263233	87.80786653345305	42.75943483482066	65.93565174113431	82.75608594240862	111.9117060125499	114.0662183541773	0.4757958729704773	84.32346624597912	0.2531218304452949	1.277173922923134	108.7763188576711	109.9065534271409	1.218848770900745	94.68358547556196	100.9976137806639
93.62526639638631	101.4216081547148	27.78436574304372	58.94347215294782	100.0603847822161	100.414501498062	99.10826048158	2.465148416492353	108.0615405998595	86.45746314845375	95.02120844723625	69.04841423608805	63.39256076329194	84.16559331357244	105.2232780211975	100.6457693335475	0.9336081036315067	93.90031531151247	11.28972125905493	0.02511920894648014	98.55921545943997	88.88932321809308	2.502652945112705	81.46145408542785	88.64350928469351
77.74648436929741	74.67888670092621	59.57430462150562	90.02703569709551	88.40031086264635	85.94444366314617	86.98878957959394	38.41006884867497	91.16588763734642	96.46347044963683	97.92421404356243	97.47908011720442	102.3850206785797	103.7535499392672	87.21283095729322	88.58052008264161	31.65650473458781	85.05911893303092	48.71718854662571	38.92661867886243	83.68456232532326	91.94527167885755	31.39618129338698	111.2672795362349	78.97150667210938
32.15485629821228	46.38374339510199	82.72089900729027	101.5691124753429	83.7714575571076	86.28911474929713	37.42126777012028	92.66551899394578	68.97499384622742	65.38860296844673	103.5264745536931	86.12349382822686	98.91500450058601	90.68666881758264	27.70956468711873	27.29329956132935	90.69035746504176	87.4544595333073	103.4467964022373	93.36674315064056	48.60168973381921	79.26053593730424	92.97722445885344	92.30609762694618	36.99377551620924
45.4938129383733	59.79114069488583	88.92823763357859	88.53383693863947	78.83068490002286	107.5600249884705	47.94731278142067	51.5079934170556	91.29180517741223	79.44343535127088	108.2318234384757	80.71578393990578	109.2833287009608	112.0028361994565	63.31479489666948	77.04351575375475	44.05394693612431	97.58004758309514	54.89384938183021	42.82731620136018	77.1167840095106	109.0087738825634	66.12832725828827	104.284050448161	84.63620474217845
83.08086818057726	91.41076315232394	56.92430179097266	59.66569638396842	88.47636644677272	113.6934693656128	83.58581615270656	11.53837802836041	92.67582981558445	96.98061455432517	89.68860675557552	66.60592358065625	70.61824624747177	103.1637912310743	104.2268551017433	100.4274210876	0.8431372945258568	78.59283472156218	24.08616383656226	12.1263189919656	101.3936620666773	88.74099512923991	2.663752119835475	105.3839869607977	109.406281935013
77.05231547574169	78.47773314561529	63.38346132606972	68.3100186547891	114.0729997031457	105.4366106459095	87.31732569413535	35.03099350287989	94.46528928451903	103.6150259238948	95.45370512085718	90.39232574248626	80.0759722174501	86.43927264124056	82.74278787213012	75.96101007680168	1.143900773860601	83.55053065931715	39.32399303045972	7.525620748044684	109.5206553924289	112.17084436198	20.65781197185557	103.6103543484144	105.9010615791301
37.58853530683812	75.25124896696236	92.708701831642	90.89001168899357	86.22072411399631	75.05124121770601	46.93389853526991	78.24563896508525	71.35013613687583	82.34427967177891	98.19243115026228	99.36682226417769	106.2047505120751	89.94891848305465	44.86594086178687	54.21161285995277	47.93846968925609	92.74088399293757	63.35430633747137	54.83443890458807	77.18448723013648	95.35009920469759	75.19896099239816	85.02098510845549	80.72667112249526
76.45552482618096	93.92108251448651	76.06321489781168	67.83728082734348	92.60645960109866	84.27008946253969	71.1567462128078	51.79733893006593	85.31079647614925	81.7994301894704	90.29070398389422	87.54129712583094	83.09418766902954	86.92139208882244	85.08352720391613	71.77976132239118	18.75040719767032	85.14770418020882	50.60037292486594	30.33066330054719	103.0321031634372	109.4560019118553	46.65185922893642	95.1009783378942	96.23441254900555
85.63606574894085	99.06784654072766	0.08777080835541853	0.7665811251913393	102.0155636597978	101.8280449687303	95.0175105436785	2.368998188029017	85.52751571558713	89.31415731316008	102.2023696002306	43.51886762709533	33.6233095491457	70.56545758700942	103.6711733263579	96.55545087290504	2.782972281701252	54.4801480755757	2.903235294957764	0.7023156485504611	103.0655141443844	109.4258115683993	0.5593430357414806	70.59571157513571	91.82415674385848
50.7406536733013	74.23003684371686	81.33124314073405	87.30608693460223	83.53625713951718	93.74889585318955	74.7251007632175	53.69401918224543	106.3416811054617	84.26591704772571	108.4498610666173	91.01419450556058	107.6491701095352	103.4533043534986	60.07966732180242	61.17247112137323	43.37542332065608	113.479714643439	64.54214358130432	52.61241760792591	90.8414618320157	112.7156954747853	52.39721743432131	108.964417656907	84.24844730762413
86.94566272866213	98.14250460230215	46.05522996471925	72.91530058261607	111.0874048767276	101.2044521908435	77.95319355204954	9.996503953581417	94.54852626587315	85.69183760426833	98.9954469176955	86.12927151681251	79.97229378165974	102.3263031085383	75.08840608690811	94.32006927170461	3.921808303478059	103.6748582753426	46.09081519071896	22.45703445736578	82.89017876031328	91.20115716483951	21.10881172799898	83.62042245402662	97.8294672423964
93.30637792307928	91.0631704979935	22.41339330900088	43.3315649312485	106.0597808368766	96.76853928756742	102.7669217087061	1.009843901720735	87.07977132869655	90.72050388078699	84.24406159671456	39.61406478351243	55.94303088498116	89.43185582408913	98.22384885005987	107.8134092557493	1.398805370106689	60.73735094718594	2.326769573609363	2.831787418440088	103.0617395770782	114.0667394290685	0.3095958891220046	76.12576760567548	85.62582714582729
105.5211766679639	99.72456982263486	0.1915579080151377	2.564139754804393	79.23773070169668	92.73752600706807	97.71143178897196	1.632785803856119	89.57495792375818	84.94460597887345	80.64073160371746	10.98223333975458	18.25638140393969	55.02565312659809	96.14275458938609	101.220304015406	1.667813882152323	45.24490376729555	2.410514823628762	1.431652298929568	95.64446720403173	107.7072899772149	0.9688802932854519	53.69406035376876	91.51539771454824
85.02599485091535	96.90093042183929	2.125445696802552	0.5275546159922475	88.17964611356737	85.73782325719746	104.1058605259702	1.770227312925663	68.93132907293656	79.47403077304239	61.67152981120491	2.574209595348628	2.687535826367829	36.79493013449222	99.19118375113885	106.4735161828042	2.113645272543462	43.47945930109549	1.927751226946033	2.913847066379228	87.30460881260198	85.28874150303308	0.9375771860387436	33.02148165454864	101.4443126014725
97.59752485466176	84.94774450401974	1.352474247618672	15.53681574654233	101.5370398992837	95.46882981634624	109.6496549831875	1.491795851502388	89.80708503225007	109.7764025646088	79.34498940300119	39.07116475236569	39.54533193894154	66.91010603003214	110.508688287374	85.87288639539929	2.766953731469935	57.89103506339507	1.513438326408616	2.6625220633129	86.8354340881842	86.13698206226135	1.088168029504148	66.80903271402235	104.5990227144042
92.86057776660992	90.92801106485369	2.99653220763936	8.811541367994387	96.44754414096934	100.2462205177399	100.2100092066483	0.1425624581890508	78.50557339786752	84.15316065598822	93.54823351104679	34.7547228523275	20.91073430253491	63.14732942749832	98.32592959497049	111.9858494731381	2.08174915151016	51.93061613282347	0.2948463204833566	2.516335092600495	100.1854074351264	95.10831628065074	2.407525804357793	55.93229394397834	88.60142724033209
108.7296426704757	89.27608342706225	0.6460651667445469	8.759939492370542	101.8362355492538	91.03120703450215	92.90351252376442	0.7669796876508812	92.51289080370117	105.8010984074753	82.97475457161769	10.97788803792171	30.70792959974202	63.29014211086138	113.3265555598706	108.7778883667501	1.90217838545766	51.48072069324772	1.581572889952189	1.627758571388445	99.91136901842164	83.67513556884494	2.295378077088897	73.23559209071668	111.9561738375477
46.37883875298037	60.32460801844985	68.53045883740506	89.36144902123023	82.77080144606886	100.6423319576032	62.41078161548913	56.04655676979206	103.9122545596308	76.44391847032868	97.0042262138774	98.96304472296262	88.78537406987358	96.55743746822397	65.3541164998785	58.26892462403511	51.16541197885041	112.5131437138833	68.4553122249356	59.63583396831071	65.6526607518759	99.73543000618798	45.33515531768322	93.34193456040119	82.7492994320997
98.40393405847357	108.6480434325607	16.339723822377	40.79407132643377	81.91987070936018	96.87648021717376	89.48933082110904	1.348375250827071	84.44145188686252	87.13821456541328	98.02474600344965	42.490218124988	51.50688805435615	69.7008204359649	87.55540223338687	90.09028717942761	0.9681067991688534	69.25836776237901	2.799643498235552	2.773096980527016	112.9526725432024	86.51814247794188	2.466183284004341	71.41950593712909	106.2655071792005
72.45983421077374	88.31365645646098	62.04938611093661	94.4568566065977	108.028319326965	87.26939399306002	53.03420566834528	54.407994937114	91.18042688442074	92.70028642198822	105.5645603821772	84.02734171302336	106.4539352743745	101.4182303767018	59.13437340561995	85.52650195272791	43.08420574183287	99.51272468677531	52.49860865290063	44.57446293998908	89.08295411834621	87.43003481704196	48.09415670299384	94.36574449743071	85.94139294445696
95.80476142523445	91.6489527436714	59.61893138375652	72.67010710687259	86.98617090542359	87.28435431907648	82.96798480365132	24.23484707784954	98.40790710494454	92.43464486808099	98.07942587787026	62.53897683442027	66.02550288559024	86.90895384108121	81.68060918836585	96.28613643616222	9.411758615710887	99.43075164771615	37.2488720507663	18.28915002320066	105.6592424966218	87.8211146718417	17.2688357468404	84.45139228247518	95.4157189259335
106.4079990320722	100.0474507673525	13.70929254271356	29.52563216083151	108.7018974258231	97.32462987699522	114.1951192871195	0.920418556417187	104.1345972684765	94.7550350355275	94.33232723330946	45.34982382234712	42.77463057757777	82.67144263385204	85.02904951540728	103.0108850352556	1.06531335820593	72.49007669658575	1.025302435433173	2.359126705552256	112.3047829955496	94.38309904462136	2.629322767938993	68.09078429204952	100.8811807607761
99.58536862699317	98.22020087608865	15.54950171093596	37.24608768929679	88.06941254288961	84.38012350688956	96.24316898039881	2.449317729692121	88.71410923179954	100.1509516355444	84.30423294715555	38.50745565632416	53.78168784303381	70.70769826348398	86.66802121819491	110.7216568812619	1.939414105194542	63.34039068491369	2.67319902197829	0.3686495668983156	114.0188281115466	99.72389458584384	0.8219796815502345	82.84293752636535	113.6144822954755
86.81228492967841	104.0534466939404	50.05349727585809	52.17240750933621	107.3814258167928	101.9112952999772	85.54571619755338	0.5971416013575461	97.10608816972831	97.04051617656174	111.2541882757695	82.13914945360588	68.81757141860689	101.1903579228691	106.0098257218571	83.01962477718324	2.958044205107436	92.57937260510445	19.41405380356916	1.633427093098065	99.97618857858112	93.38071132851258	12.47337110168991	104.0989299440865	103.747392283212
71.0027886132395	95.82534870470252	68.92589864577334	54.20905092072037	99.56358867414419	86.09642579916655	83.10061697395031	36.61319915532538	110.4247054213817	87.14406400638535	108.9093132948981	75.18983196965023	84.40863230599932	82.30368528695361	94.65543679576244	83.62502698479295	9.043197174690604	98.98195303209084	34.4683641272489	26.66293152330515	82.54908935986282	93.91483921719524	21.66135515249307	92.21956394532681	78.4487449321763
90.22811867717154	97.36629732949925	36.00855157912869	40.10885374852728	93.86289775497852	92.07813817271048	77.90581428066888	1.027234716840706	110.6760240918522	112.2128392274459	111.2698254895146	54.93857252899006	65.39672922852654	95.09551938849367	106.4086931286868	97.65443160861595	2.236768171845804	92.03689605035278	18.05383852500869	0.6913622763420655	104.5038212604561	100.2186531416452	2.245907965504409	106.19439384554	89.63797060179951
85.32641286685352	105.8292850137622	0.2121478280916925	2.668479239464757	74.17188853123686	87.0546391592257	114.3915599506686	1.67110726383674	90.73351596084058	99.4170299395	94.28079185224762	16.79208765996774	30.12057323006862	48.86515568565684	97.75199009171416	110.8944141757336	1.925277691285014	55.53286124437426	2.143643595029568	1.834784763245616	105.1777113468672	106.3187182009364	1.71103755345843	65.84944879294778	103.9566468682029
104.352610237054	91.93727888211677	9.979493581325002	25.1540352504655	109.7529549199873	108.1343590049267	95.59498429559554	2.714905098282422	106.4333805446594	99.88643144597778	79.77912817451842	43.59297071358532	60.01092356228281	81.51523877783166	87.18486618245417	95.71764768687157	0.6239703813956989	56.13117631286634	1.362144482362235	2.501768587599123	90.06749114814707	91.18176408660369	1.644048496176747	64.95203489844768	107.4085061109427
85.85215113361021	98.54118963763611	14.17577955958689	41.03838520377496	88.4307173744461	112.982959812009	93.36267338597003	1.927036532118749	113.7976919228344	112.860814863173	90.83807423006283	69.74383820177803	72.82847256966912	73.15806700242229	103.9653913419076	91.17138852917253	2.019054560124689	83.04116065527036	8.839953387481934	0.6072669010521849	91.17590453793439	100.5533029088516	0.7389448335982123	99.51067626745669	96.73810757414965
66.09419086487061	60.61691976555836	1.358417724679777	2.971570574493432	26.49180253673362	50.73909812298231	72.02239675168563	0.2641344064215828	26.0231783141641	42.13057079553007	18.69612037468912	0.7801879351007759	2.34738862525947	1.792112713331105	72.70186252033098	72.46235798568006	2.812679881310987	1.853391337703534	0.5469505319222352	0.5399026967965976	73.70037424443569	34.50630043917638	0.9729854796321615	0.9724510130215862	73.18761540955632
93.69616930228193	85.29593083497205	0.2592458636162217	0.5082855099270576	65.01377624381384	78.99835616032343	103.464041758213	2.08571624272276	45.02355958938155	59.57450761187725	36.5608889653181	2.287067441972376	2.969903895956383	4.157757180936375	102.5274112033802	98.81278574364022	1.208504565942444	6.928510673036058	0.759280253622622	0.3914622702969119	93.20839553479087	68.44451765947871	1.963652732069	16.98774801298016	97.45182108785507
