117.1896132199157	103.9394177117948	111.3997717968309	78.1127514852802	90.94018875139432	120.8712774801423	90.64148999897975	86.20027004420656	106.4539214814154	87.67523060543655	100.1639318491814	81.57884807825378	89.28911163894006	102.0573375407554	93.82693170551487	88.5459710708495	88.81533998940478	85.27714391522352	96.14042515405728	109.6822583700869	89.21549384537951	112.9195073023813	116.5264734238198	90.4072342444621	78.6735174789419
117.9863209414975	95.88172531888516	80.19649647040846	116.114686136074	87.16067391663876	93.17504004293605	105.1227501609881	85.15694372655014	103.7131268155805	103.8967829994186	111.0953528437959	122.3274330878814	103.9239561933227	98.1926447790562	79.91074967813887	79.88963816631323	97.45896496857833	118.2054451368925	91.37346598942592	107.4807116048932	109.4769568718106	82.69784995991327	101.2720413766338	118.960194409029	118.8500659503462
106.5188842918301	112.7101823994921	120.2962110340151	112.182308428551	96.36129058340329	87.20753311692508	94.45000457565379	112.7545755247512	101.9719908582484	115.1517437001075	96.00858617225015	122.0314446700417	77.93691116970567	108.537739137336	111.2746069235711	80.59980280748115	78.01880150337929	104.9575586505913	84.8307061900402	78.81763806928815	118.0046681960754	87.09621246538151	109.7210431015371	92.07059983831411	112.6013559205354
87.37105220484757	85.83563654296367	81.66021417439248	91.17752663196052	121.0427587751585	95.46405560166008	86.25611741817957	122.3172213592091	111.2175958025402	79.00378621502517	79.38217022927431	94.74334886867973	107.5564505133706	88.46117647464175	121.2349641887156	95.63652091659077	101.981732281795	101.8055596819089	115.4760395541522	112.7733477729951	90.78760116122251	121.8773203247678	83.65817783653556	94.34254777231843	116.2853535078147
82.29302951872418	116.6516291813966	89.24320998385596	87.44613751418153	91.40717804149129	97.53853758138358	78.04226766810737	95.70219186436555	78.10439205093357	105.6842395343874	90.85084015349773	91.50080348013628	119.3729475737223	117.6843658347683	122.0608926706963	86.85840728973393	87.50425040304762	104.596829741023	84.90112980292089	103.3238065681112	103.8596059791603	95.24372287847507	119.2960372065711	111.102967049529	86.39811812420713
83.39519499153415	81.91212919382255	102.3850247226714	115.6892405959409	89.60103855850865	81.20384042000957	105.5037696474296	96.66680386406352	111.6005549616139	89.64059377941919	101.9510534264287	109.2480420122003	90.4530337860032	117.1857019035689	112.4933177756622	118.0618031727036	115.3607751838012	119.5963920414372	93.71699190613535	93.80532791094747	100.6958675888378	90.17980852980278	114.9841411807965	104.3099222991043	90.63630098651177
118.9669471149109	83.25357617762296	108.9941753005855	120.902144206331	117.0112171879731	95.61103783851543	78.83563126855803	84.23070313946805	81.17221589626396	107.0240827249107	117.3395509705177	113.7446425709823	109.3289289042853	109.226370980816	83.34768576225832	107.9141597172403	113.5702668309529	119.0074263462736	112.988009492068	82.80997575822823	97.17614829957715	89.95481771410235	85.85004528600649	110.4060758023251	114.5914880948699
90.80756756683832	110.5845746414474	116.3359678287117	104.2043458940642	114.3526356607204	99.77801640178723	121.4377028318402	114.3273279039316	85.05477564809559	114.6453550409175	110.1920421518355	90.05435445875125	92.30043822714816	90.08648082733421	117.4466111651569	118.856276043998	107.6564120893021	107.8994715479716	106.9274962924021	77.5467221572016	111.3509036719066	115.6335121276398	85.44601565079007	86.05250889474173	94.07734878454433
82.53203297573374	87.68104172116942	82.23929494079135	92.0175573716221	91.90151697288896	86.65068093836175	96.44176291418196	79.75080973856109	78.54067485835148	109.1553066995823	110.5523139456488	108.7824640338395	86.74576239289632	99.23034737355177	77.61551143530184	85.98228858057142	114.9113617214841	116.3682309283758	116.4159872063496	111.8830003644305	104.6603771536789	113.2396573991371	86.01734468621748	79.19252096186239	91.46753815872998
115.1465774829166	81.58281221494155	114.7122332984359	94.54659196205468	97.94402612845303	81.59920323986266	122.0768961102223	78.13151284174219	108.7993923534141	99.56971116237156	81.53647195131595	94.78532881919668	95.64435843233329	100.9436127723568	117.2198937187167	115.8177470945253	116.7938969220086	86.00107808634144	82.42083039812988	110.6424038309258	114.242920613928	118.6072230571702	85.75303777511502	79.43274725196278	79.84948518097573
117.7329803495922	91.76120675835924	108.9612955340502	105.1477256268101	113.0719775404887	85.1028282152336	110.9054987059659	118.8838779642069	101.3247860353997	89.09489191105722	83.06712511324604	94.20356723696577	99.3846035230423	80.9276070646733	114.2696985923857	97.18195941485591	79.97621064536291	111.8710708872681	108.7441475566848	102.5776256199057	93.5673248810411	88.99719885521704	92.15092363011998	110.5172669810486	110.4978673941134
79.46157687862076	115.7322374208956	99.70175970997876	103.6470927178749	95.52443713709656	81.35675371041563	121.9318412035963	87.92205483321197	88.53866949811994	87.13336924010898	81.78586246450081	96.72172067787744	86.01964472348632	112.6657327818265	112.4022825023744	83.3374316295066	86.91229303797272	100.5041692659341	108.3903665106775	79.51198519140665	99.45626597526476	78.42624697392478	99.45155520919748	117.8938801862955	121.3248268517985
79.04260354297134	112.90175509856	98.38083393247942	91.19506697513259	119.7150218802238	109.8388098014904	105.3577915982753	86.24382426609552	99.65520005144224	88.66461755563373	84.56853936902972	111.3198409154594	102.916384646295	105.9514407579156	103.8433142782457	90.29342317109482	101.7078056797613	113.7859815963199	79.72049931727355	112.5737426047674	119.4451963992971	100.7893531701698	81.9035075738952	89.23352474730243	83.29211319096302
82.81251988615305	99.27786028751775	118.7232637858512	107.8327894600393	84.54667715362631	116.1517900297173	79.03795797106476	99.63543445449565	110.3390622991448	106.23628683635	88.68489607779398	79.41200216281457	109.5302853099101	110.3771810674039	108.7147550482498	111.8224370018645	115.0748746543417	119.454812928959	121.1658682745853	84.29044877401877	118.0119614938398	122.0538916977696	114.5871602598998	109.2394322379451	114.1701154552441
99.91918982143153	105.1494036799276	96.86958190548131	102.3974156107513	113.4517742292296	108.1028124064012	77.86768343514325	87.22280817380934	115.0720567467189	107.2088422077482	110.7373059668121	91.25512333734088	93.99783650755646	87.7452884227903	107.0838927265445	120.8927550094825	119.1041052037567	111.1076586430793	106.6057134078289	114.8412820140891	113.4526139372882	120.2461907521568	105.9738660271468	83.79117338853246	95.39912066513079
105.4435660907966	118.9749598049928	102.2025532782076	106.2745936826834	92.60771180976234	106.5561692895024	80.32740935123969	90.00964510711347	95.45220562596474	86.04289500563222	120.9063529487342	109.946488993588	90.6254942045065	99.28315138822285	103.7867281924433	94.85071530481855	99.03435925278848	118.7960525668999	117.7347803818461	116.1200300066436	109.5142379184966	104.9032227224592	78.9871370625376	112.6465820751154	101.4182208929936
105.7597701065821	81.32358819496405	80.45584165696067	111.3609623134952	97.41730422533058	104.5231483458086	96.15038056445924	93.68664987562127	96.80093570465118	85.07523002322237	120.9814460840789	94.08221794824621	98.12179571808088	99.91579304888391	103.1640136556796	83.33322703886999	91.05669285405837	101.5982726173049	83.32533684248394	115.0084053369636	110.5179379677087	102.4320169014105	111.5146628410095	90.73476234541916	87.16961685903054
78.71218607860729	99.76965633878412	112.2308005579382	116.2094179067765	82.95806539445064	93.74313167718395	119.9062455962053	119.3935757133464	85.98546625626221	89.34315914001556	81.65748945493132	82.48862875409739	116.3401023888136	106.1289770900034	120.8953467361855	84.78346379764872	101.7372476891414	88.92601550021915	99.1310854196538	121.230156060323	96.21560341146714	89.25878925545639	93.9901075953404	111.0536776473292	89.95772257913633
119.3413169978373	85.25391990945513	78.44377965602271	100.8022262370857	94.70212540524975	79.80465901672565	92.39690025343134	106.8859900012977	110.630840166784	102.4986820762482	89.44272812391432	108.7949920006976	93.63859807813145	91.45564179020917	100.1764791847247	95.05244185041859	113.4155105914822	91.8756382291819	86.26163102648125	115.4462149620923	77.67022027032458	105.3594546590902	105.0380227426125	113.3205498792599	109.525672752348
94.2095130572078	111.7884362396695	87.63014903802687	97.19102080953884	83.76361566382471	113.7740553179716	95.48120851590296	86.20768326048858	101.5303156888089	112.4205307454836	95.77303367417397	93.58043334344077	100.4155065097772	99.50180552233545	113.487060082358	120.3946078683801	120.0605238709429	115.3535614760226	120.8911964587852	88.00774508095503	121.8909054701323	78.91270682817303	111.3383459344939	115.7472979076606	109.9652784066907
79.20533194238593	113.8394767311736	98.38402014393753	82.17537416617351	116.7315141405124	81.77929149011564	84.57220138777927	101.3352902922089	83.92083806293942	81.0696477704324	121.8892151089148	121.8516274178856	81.09032081378777	119.8325930217403	89.70411839884689	121.8614625355587	93.17927888067706	87.6407352326645	112.7698756540892	113.8759045898465	109.4179306878745	112.3376519485555	113.1021995546163	107.07691636483	116.3232342324195
106.5646759546592	112.3435244429975	109.0501977650272	80.46416657801264	114.700961838012	79.64754910924511	97.6655780080217	81.77309517021551	103.0003190256182	108.5129268496837	86.85604671488449	107.2610266720247	106.3598882122585	120.7562075332804	109.0223807353465	118.7078010021387	86.30127132508265	99.95144593606025	115.8220882884084	81.70707676493059	86.86197671646173	122.3752774954519	87.59001626503662	119.5100563531783	84.67293948018209
83.21020843901525	89.58598419488341	89.32077106822024	119.9705910279018	95.48051329714153	82.52812419782964	82.25917644529881	95.41080505879584	91.72652675748907	122.0525088980919	94.04537295046022	115.588493223537	118.6938977826316	112.3377590217101	80.20695327637132	77.84482664216539	106.8296537953314	118.9661883623124	113.5058923328021	105.0979452338707	83.18094170589769	87.1427648438108	100.6509427075422	79.41675233730122	81.28405961419764
78.03976675157116	90.68636270041345	110.0883931589106	102.4845194012974	92.26282884200225	120.3371946558156	100.9920189676876	88.67225655838753	115.1403605091478	98.17227853227476	91.47008250367514	88.01826074643532	118.4175824141741	103.3185423844605	93.98633772281752	110.0583838285928	89.91035761541036	89.73296380439369	114.7136139784486	103.638826093619	89.15556434832672	96.50549370909195	95.38360821686855	97.83544563600239	116.3252820439964
108.26461182801	119.0848615808545	81.27695596511555	97.91894996782418	108.2151693837891	108.002311195996	79.07485618576106	91.10038722831908	122.0427976023844	92.23934312556248	88.92733923985881	94.57440158118723	98.66317179090206	79.71215380414283	106.8329157080574	111.2106609192682	91.63282602999415	82.48223156098196	102.3156189903577	92.06448128152505	100.7901037925769	80.46441342856635	91.35314327497288	79.07783689380061	118.1962853740622
78.31184072333512	82.37550760277121	80.29298935929958	88.6127299675499	87.98507413383732	84.57026962919497	84.93044647966028	98.33744737538201	79.37414618142753	121.491105977585	120.9966645366046	83.29764557977292	111.6930307677437	115.5023124977646	104.4770787777264	90.1793997973778	112.9937000788509	90.95367008669766	119.3057415215531	94.24802995347702	99.59625536104375	96.44926762738338	117.7028553625395	101.2859156053537	85.52626909015703
83.0860965581596	112.1126943657438	100.9882405012298	120.3877787455022	77.99944159191899	103.7426877841769	87.52095082789775	88.62455309853767	96.34320642247492	106.2331666905959	113.7023145410894	86.77630744516107	119.156893690339	107.0599069601428	93.19157082994172	104.2689798194487	90.6777526167498	115.6028015114412	84.86503997602622	103.6123725737064	101.8357721627074	106.3141628153541	78.87791796310213	111.5737597630274	115.2618734994679
110.374188692471	118.2636219176621	101.4556912038778	84.86501310463248	99.74958993461641	101.4239637238195	105.2074252072439	120.2389033329247	101.9598522032895	112.1187515275284	115.7423828391233	87.16942567058427	112.7720110371423	92.52677410329487	112.2553567832068	118.662349739845	118.6936020728148	82.41826292087534	109.0580124693612	92.91117016252682	88.71536732459711	107.8793761853393	94.81445575548807	98.99364358699481	115.8786714963557
112.1261341162866	87.00567109551524	102.0370459469501	115.5265230804677	85.10473517579729	91.30562393510569	81.42727496633506	106.0337097657387	111.5137760281491	97.04280484620836	95.82789831215425	113.0492387713684	121.1972434941196	117.5321094585294	112.2328780925761	86.54925382537523	86.20552091582205	109.4907558171598	79.23434885588887	102.5324544303923	102.4870701865791	113.761359677957	86.22254729754937	113.1997495137107	83.55689085823562
96.3841567347427	115.4026600147679	93.63524752665629	100.6099339341555	116.2777501457157	97.86110382303775	111.8314618145493	111.0864175517721	102.0123457839199	105.2890289309545	84.84561959262827	110.5880793565954	99.78190158472938	100.134670187776	105.5342778995884	106.019778519403	87.46856554163452	91.56489826312205	99.53493168540356	80.80560700298744	115.0929882000771	113.2295717634247	111.2274044805636	105.3708745818732	117.498437821237
94.95043631546504	78.65823169191769	112.3415857657666	87.54428858979608	87.953317580616	107.285273094751	116.2499357055004	88.36633825564942	104.5952983080473	116.9735765126889	83.15065039991771	105.9379023741768	84.70849309114675	105.4947199336048	94.35297246836295	85.08269272684716	104.0421669599325	89.5241208591394	116.9596985868916	90.92054764404983	122.4830504756407	94.55151101272941	95.26502200695798	78.51945871192078	111.2787288993705
103.7121806776324	85.5112197111027	98.54125320280789	118.6496481654192	107.2852434076932	103.7655967062799	113.3170777319938	102.3826646489119	116.0720947934329	83.87514683813133	90.52398300043284	115.708309065795	97.07380584435261	102.5615473033491	120.5336141440167	116.0220532661132	89.27630036486808	79.33577939097754	95.72850846575813	102.2079705298686	106.4643893645316	86.03934228074878	88.60486501347947	88.24494680887815	118.5236150564797
96.31107440264648	109.2786848402558	100.6785367815494	118.5762942592544	87.72686098309707	109.9114948826417	114.7390554917602	95.08591992368285	84.89137327584385	112.6148524089077	112.4075279018079	117.9690738554086	82.15692890973793	96.28246569629593	94.9515973681001	107.3448805548638	116.2325362348454	97.84188026097162	114.4805754318502	94.97378072395291	84.99521837197567	102.3057706367132	115.8945495763728	98.32844232214683	119.0173444915874
96.87635776575715	85.81298283555964	96.63693644014013	111.3112564632488	82.11095966371028	87.56870190088914	104.7485739792513	81.20643840476313	108.6786286835511	84.22174492928883	87.70036080453026	114.0097878202417	94.01790510294309	117.2696725862592	110.9040103626684	95.63677770821667	105.3243389733083	88.31475997574098	84.50468800708411	102.6401528801589	90.57055833635569	95.95561589615323	112.7596795476907	103.5025337115301	79.21126738756038
85.48414386766842	107.4975718265227	113.0165906484356	98.26855654147917	116.0899350246652	101.3451204810938	105.4713220662729	93.9390671054453	87.81698138732003	110.1615381809504	119.8581407061149	107.1819766192765	89.73287997959832	89.50924583229563	105.7044882553551	91.30763950790562	107.8986948337487	90.38248570225215	112.6206564994292	88.33785712969913	101.4203407706819	80.75719105779393	112.2298132635982	82.23290586619522	96.1583468264898
88.08097630099135	115.9477261812153	117.6667342319782	78.4923046500215	93.66097523193518	103.1159150787089	86.81073065185677	94.81457951729791	102.8871986727597	105.4278810406867	120.9105255947866	101.1224516674269	113.9501586951237	118.9998515645462	121.6886075434456	97.17302471478239	102.9855680243283	89.82088271751516	113.3493747133134	100.5462510622792	104.8325600715503	110.0187965444232	112.2461538897743	114.7901215958936	96.77333229802753
101.5071112282666	100.4870997333053	117.005001844926	103.4513171539343	118.9433570707138	88.79274985062719	110.0626759563565	108.5962964029152	92.26347911568681	92.88931360431741	103.6841039564783	119.1000386949496	111.8548081762215	102.8871716160324	120.8003141233948	92.04860953029366	80.5955384788541	90.80592697790919	88.09345004948619	105.1301922401705	97.37869701636052	121.3150973215916	93.58246971151381	90.28339617085663	90.73856354059994
117.1863088217258	109.3620129541036	112.352418678575	87.77585864365027	78.83007340564475	119.7961438582789	122.2781855505592	111.4522587664824	110.8358694848455	118.8077085898612	91.2072167048693	120.7320181387399	102.2507359296974	108.6895028652365	98.20279143837462	98.81382671461708	119.8878321186601	112.4030297801573	105.8577217100078	106.1097540808526	94.56535795392392	87.85638913473309	94.77511928275221	119.8182394861868	96.76803468248103
93.8810293119609	105.917321483961	94.42759870990332	112.6342564269939	81.05266740408889	120.5848006794378	108.0088131791844	103.5156807189158	119.5714865529228	116.2161775418757	96.4812434536442	116.5713581093027	118.5886734876088	89.75287169454369	89.28902327627802	92.29200155062406	112.6920098331734	100.2904946985608	108.326220811773	87.35261004411227	110.6771849244789	89.70822927486293	80.50220503601315	112.7667899078078	83.71365626441705
87.84869868618671	78.71102317147468	94.36425255260902	86.19313978596047	98.11747940165982	90.45309907757249	85.97141966472232	78.77746528594646	88.6154950927378	80.18048202981805	117.6896114310628	105.6984160813108	102.9166639250143	122.1248680943969	109.4505535909485	94.42527062112856	78.22508818682685	107.4079703910493	95.13915043916448	80.10778579845477	87.56866130710462	102.6332457539634	99.86186375458561	85.06480026162369	96.11087222957363
85.63899117183504	99.05948548528559	87.30305658016184	79.51460095111707	104.6465084570751	98.16811743077454	78.77867965900809	101.4309618516956	80.26705637815233	85.52977021008019	78.59952570617966	111.4828462727138	79.51815343705773	94.51009248546538	99.87302670240138	121.3348809818485	105.5224764968807	104.7552721781159	81.1377010655228	90.23153994105201	118.5542968643082	111.3422727308925	111.6079629954364	100.6437425234428	86.57733696570786
119.995577213249	119.8934364922924	104.6409771545625	118.0323301303415	102.5815036679317	114.3165323937088	88.16047421766466	111.128207184608	87.19658208291273	106.7320686237486	84.51144275390145	121.8483555531297	86.24594158554976	103.1126923196821	87.05084286731575	116.1486600924832	87.05830382864337	106.2314328004809	90.21322703382968	78.91370342126764	80.87351644594932	107.4000396743162	114.8904304745916	89.5268311172496	93.98093655123471
99.29904827879471	99.99382644407343	113.863000667442	94.18901072130123	110.8716685882205	98.20685398154026	90.56235766535066	95.63890801541449	90.44896651309533	80.37904376810471	87.09636652329102	96.08127620806239	116.1740743026062	117.671666776506	85.92844248561273	80.48332302989984	76.76304708530418	82.50035578073106	79.84066823889316	117.606881112514	110.3905055897032	122.0608583446169	87.12672048903526	111.5239629533416	110.1928692959353
80.19000604447083	80.62803034248265	92.70528905894838	77.31570014003594	110.5782244692576	79.82360651471674	94.26867021455384	80.06705645804382	95.3493378921642	94.6832589556326	93.75120101967808	110.9171843743572	83.24633602795348	106.5356340675697	79.47642480562463	91.92171027918863	83.603772273247	85.15622520188396	83.76543889695617	108.2393256329038	101.4867839130732	80.74191010598571	101.2543445723137	120.429516466898	109.6554958523291
104.5716306328715	88.59351314699232	109.1113156035435	77.30159675742632	87.54898514200423	98.74836855509626	120.0961937638012	98.61213436301315	113.5713544342894	102.455054437642	93.94038271171993	89.28849328960516	122.0970962844521	103.9637236553169	102.3336332447423	115.5871407902124	97.46449291780857	91.36698453374841	95.99517623604655	112.8357505785122	110.1963130835099	88.60986119858532	99.05625638186193	106.0805719646879	98.30278739264645
89.06772164139753	89.62114662271328	95.65729067595647	116.8121984527343	115.1546168398906	89.07780909149852	78.88176293535159	94.62135681644503	79.44824480207464	87.31343812419608	98.41473499018363	95.25758631781014	105.8293258979475	77.12073198781498	115.4372417965718	104.6293831735062	110.9124627516502	83.62167634540521	112.8040287877519	104.8502874321089	100.3498682220112	77.76937904439843	81.36371709213076	94.73660387729018	98.67576990280287
110.819155917974	80.17902430865901	78.18866805599902	112.7419191608236	81.49133562522719	89.19723228790899	95.51240143685996	104.3177156363993	88.94549971946277	77.67771811005032	106.9633777885653	119.6798558287093	93.87750827777603	90.60923822955891	117.6932589072725	101.4301125692928	104.5062694319333	86.15206855085508	110.5121749498231	95.76577305839061	89.89829950641158	118.8720050500202	98.0103385751823	97.29023154877218	119.8660432937871
103.2974818781132	113.3681027433097	104.0004286376431	121.6902980695941	87.04086979359847	116.5346080063221	80.98919190234882	110.4975553686946	98.62943630268177	90.5810041193689	94.61542221647585	78.3547940139136	116.9799583555396	107.115927525554	82.03623600045957	116.4147564890642	117.7559602719174	122.0227276689069	86.93309409881257	92.635581226779	102.4325547894929	101.4132817299694	115.101032418143	100.0632155600894	110.9764972712693
85.50733388722165	104.8505822892479	84.51566299832402	116.468386078033	82.58399240127495	88.14079715475889	83.72673609676502	101.2922194047028	113.70819274351	101.801145120999	83.0056851311835	109.83882928324	79.05687288618974	112.0634954910211	103.7484068646792	95.19226589302716	107.0893662295437	82.87645274578105	115.7922837420535	88.34713011508057	96.537176974695	114.97463840896	95.12462443323898	95.89661309234816	93.33939864700304
98.12865024367471	117.547364593325	97.03213273927412	88.98531434813901	92.64516089917223	86.94789304189618	85.8733406251297	102.9054539502252	102.4780606192571	91.647818709474	87.29382587907065	110.6872952763823	79.93458825126419	101.7695309867498	85.24794904008722	111.3850139891945	96.01045608065284	84.26856214523735	99.79472637699075	86.06873994283872	107.0785317880911	99.05125152129499	88.3393216536854	108.5636371635746	96.11251565291271
