90.42874547575377	76.48384254553604	98.56454438495989	106.6533031763015	88.18972273988889	89.95089575635781	65.9417357848788	103.9429390846075	75.71541165226155	97.0214415812224	94.00286805245358	89.09293091815742	100.6752788430442	98.01411583999916	79.97249034932622	93.45190873733226	106.8115924222669	95.68554241156554	99.61258283305716	91.19852164263871	87.99403873485866	76.80867382644365	100.6160036519039	85.54780249442501	83.19828404439278
85.26879448618658	104.6074903624665	84.41138073962902	104.2665075844368	95.39133726993728	89.4691002451645	87.47898798086563	93.31612286474642	93.31576412731258	93.34304603096305	114.2086848623652	97.49069442162309	103.2647685739434	109.0799048114134	81.53087924197042	88.47430118509338	82.19583018926706	87.68413173845582	100.8999312358615	93.4666285900412	109.2008835421257	100.9984520007687	98.2597922169482	102.4870982804131	107.4120886640296
76.40092750611089	83.65584240831883	102.8174536178531	92.45753866870984	100.1011281839475	87.15362785738451	98.32852566288926	87.05791164706974	87.78429313561016	106.6415991647197	100.0247112845329	95.32652128101786	113.2732670791431	88.09312465643954	86.72101855662089	78.50702963974913	100.7066665243834	105.0031257652146	104.8334098706175	98.37747684974735	103.6469739956077	83.99470777246277	84.16427884097664	97.73031859613548	102.4114292640282
73.51696644839767	94.29419698105154	87.10174057190086	88.29017194092812	82.99707925960215	106.3444111167057	92.79144783836431	93.58299522493047	92.61416314701384	98.97781645072308	105.8386411216383	99.1187151990305	99.56745187968818	104.3758942479708	92.44800080805649	73.85922777198159	102.7988443115145	95.45674628235206	111.2113160511339	103.7890310753638	87.85017720092222	96.41840038528076	89.14142658818979	83.59334629926715	72.64354427437792
92.16759651638048	91.15489669850581	98.16595785785358	91.42858946469443	104.5665077232617	103.2799267104957	90.61096474087785	98.04850048499202	89.36651105772914	98.03810823093335	81.5751602652053	107.7032405836306	110.6174532867508	98.93087820602469	94.93933191297506	77.8616194282213	101.5486029675779	110.7945250162468	88.31260855947322	108.4431652429212	96.10657798615583	101.765511057038	100.4073757652178	95.6471643583285	92.21489927405028
73.31217764220739	98.83421484283812	108.1765675402693	102.9114151180898	85.08128177574569	100.2335517163544	91.77459629194314	99.98043854945989	83.92206094621767	86.33897411112039	92.9007446392045	94.42681567951496	101.1221636533046	106.7594488992978	75.78454401093492	97.77773008169888	89.62370613567606	105.7093235738942	109.2006593229529	88.46578536620177	87.78044014026578	109.3931942351811	98.2932693761343	110.6280439005009	97.10249904809136
90.93507793794355	86.77289416447418	100.3878424958727	105.8552413755175	114.6854614378043	87.82287177005665	97.35356721107725	101.166856364188	107.8476845483809	109.4658829643326	94.50598038953402	93.60628639090679	102.369304189052	97.20011076971893	98.66931714348505	103.3626419095251	95.03940244998998	114.1578392931681	96.91421650962189	95.23497786338618	96.17303844865431	110.1561964868791	80.84049237066905	89.43366991929398	93.41845459827013
94.05258706098964	84.60933676653877	113.274954702893	113.3484686514843	82.23778992255433	104.5728933407203	92.4961395509161	83.78609199242338	79.62186178978652	95.29031235877977	84.80840971637129	108.0267944208768	112.1729659686532	101.0815325158388	92.03464731195064	101.7377167846223	84.99447809801066	110.7591261205723	99.91471004486277	107.1187027684209	77.17960876099518	82.1579004163514	90.2939435363991	97.80649749581096	95.76495217378435
68.9806014918061	93.23217297834628	85.07074090724161	112.2338274150727	105.0141398939616	93.04993459480237	81.53500205166526	104.8809744767299	83.13544562478575	89.65630932018017	105.7229559689155	99.78338132699994	108.2903328873683	88.5703702792427	72.86224899321088	81.55339968469723	110.8095275245077	93.10796166880435	107.5572984311738	98.01676121344724	77.11047113973621	92.46568662753893	109.4452917387097	103.5514509347823	98.87274911504413
83.6216322600054	108.1030280432844	106.2919767932433	85.74132776439201	98.54813621796634	114.1858512869587	110.3445349137844	98.17862277262498	90.20145627699313	112.1921555560157	97.49794928474918	88.19719119006062	97.71301567155	112.5711024091258	111.8750557795314	104.0919764226407	76.63647646848396	108.5048558608782	77.41935616811642	85.7651333447015	107.8431432451321	98.06734857586852	84.59825367076562	85.81776304237967	104.9863363177391
89.2584650802834	101.64287572412	79.68115923179502	80.24085634625334	102.7679929923994	85.60524689620036	100.5502948844792	84.29843510198897	98.5487130197366	95.4726302110676	111.7224344762263	102.0320582942471	107.1945313076596	106.3025433214519	89.82067328618895	85.72920320095275	93.45956512396215	88.42340555374072	98.0421231402332	69.60094114070804	88.56091294434329	86.12952564859022	70.33865405784151	92.00474001007588	97.5967668501128
93.77464669224247	82.53842932369022	99.52595777382029	105.7982249588746	81.94518815586142	104.460582424327	95.38836167168844	83.8220444929914	109.0729392625221	100.0892269693656	106.0244525738394	102.7832105470094	86.76541519227219	97.29491990819591	74.88959817529619	75.25607929145106	97.29180751329574	106.7391064934684	90.49769745027314	89.06270129645237	78.20667148605436	100.3405051342235	91.50094535201342	113.1513861282826	76.18822375005341
72.36533406778776	102.2408376785745	99.99861922664871	88.5959813219423	81.83410817948221	103.5069468327767	81.68592427496569	110.6707439039115	107.4290252089418	88.13802983768005	88.3759542896472	106.002392986342	85.1128316077947	100.2051670671621	99.80684678296771	76.73353130251681	104.0531305025592	104.4990357894264	92.83461475738243	96.25269180011526	101.8117687290315	105.4385414789371	102.2669438820002	104.7547310717494	86.15940466953096
85.23193723660529	99.48917842415906	91.55086436561724	92.99794550183317	93.00632660548146	94.42701742360005	106.9901475005743	92.32599883406027	86.59203056521538	114.7552575500885	85.01161247049663	104.0055672782088	92.95377524551485	91.30121064610002	97.84053144298164	102.415297306699	87.59636554768998	97.29113672828849	78.86222312126692	81.1349238989721	110.8344553793809	96.86273022734615	71.45444692441433	103.8877679814928	92.950259730357
88.51985802674947	105.8274570748236	86.5277483868153	87.36948939741704	90.70655753456175	106.426652382858	79.80746163267162	95.55886019536175	86.70331143547665	107.1399317751665	102.2412069596959	85.95558648451565	108.8528699571878	85.75240155523976	95.4153511623237	102.3408118139761	90.1892141326733	105.3997982705441	97.2941859617945	89.85848761066735	101.5486288783215	103.1311785614475	103.4164387533394	111.4408303107957	78.05375690036753
86.12417973164258	94.2133617893909	84.01052602167672	81.18426528060562	86.07756915053447	102.7181678259999	99.29673244411029	75.63054319682402	97.19986706581263	111.8172892990004	107.7104748922823	101.897925638249	100.7614815682524	112.6162556471117	94.38759139432233	93.61730318941665	70.58855295360459	107.6429162760025	96.23116700604383	78.46932598802223	95.87826763726633	95.29579707875357	76.4111141851005	86.27121346061934	91.47690530861664
96.96676873426074	88.78884809088697	76.04661042624561	85.47295556299589	90.52030025956365	85.84660752554106	107.7553009905014	71.11743372476825	95.89801756997311	107.74551353892	90.36071275021364	82.33657745307336	93.89146154319808	92.80662620272417	101.8408395370596	111.5707510561705	61.07954463176209	88.01477247435591	86.74172141940301	60.69429843603541	100.0349437363176	107.897892438323	63.90533134751304	96.53296743362039	111.3155334693717
95.77680269446877	93.13874979483907	79.83538247837132	80.18992701332361	88.20990425180277	88.39610346563573	105.7892945469888	72.67467181376449	110.37902922808	88.86436610179435	102.828379445971	96.51070473462825	92.53541649436151	91.46597694324041	95.88294848008786	90.58517369788574	82.65424548391493	90.84441019016391	87.38531477693257	77.97216013856826	108.9438534560495	109.3159304378983	64.18691761613502	82.21442834037582	100.3411830200138
95.53133160493024	102.4596956939171	107.5580540059586	99.88006637888752	98.60979928389337	95.68784071474295	86.99626430611939	99.1135439689379	106.9611429098222	103.1305404796274	111.0930555636993	102.5465056518451	110.9297886707646	102.8400032654952	92.90537549211213	99.69899648518521	78.24141929649916	88.39431392514962	96.76034407966262	97.44627235194633	108.314936666966	108.2101038618264	82.76933450521497	106.499246899626	99.20657169733612
93.91334055068174	85.40352020893575	68.67649517886974	97.85819886418935	95.95767480418286	91.84634027206862	108.2366475435716	60.51034077004275	110.8034180770973	94.42173076590706	85.65828571934108	102.3069884488677	77.41880177524973	84.3358933630563	93.54276195239805	94.79180133060403	62.65095934518838	89.46752811768646	66.06419118248429	71.46540375100733	111.5632845335925	107.9378503201082	64.39589385072527	93.69830813443139	99.2254129451851
81.43852590992103	98.87698562455635	94.11714262600758	105.0783268872222	113.5057121923751	95.15960428138946	91.93466974461852	83.67874509290053	88.46678605271279	90.79039929027167	89.75365066122376	89.32065472943063	103.2698972183271	113.8748804632662	83.72599227536503	91.60920727357484	74.23840825071396	110.613450514883	80.91027337975473	80.39313279173957	99.83714551917583	85.72179678496141	89.04716352603471	88.99671105856626	104.0962632619417
112.791094217499	112.399502501245	84.02089680609819	100.8160884078496	103.0547599345265	92.05842560153062	89.09299739549037	88.56130056281961	95.71763755369535	97.04203867960852	86.7036629663198	101.7086271147024	97.08348976633336	112.0607362316974	91.3942379130778	109.5770778366382	72.44367176075474	105.1425019447525	79.52177240806327	95.56661671980778	103.1220283103507	98.38245899347667	81.94411065232671	101.574542399707	90.14935934450369
105.2880081494454	100.9638049538166	95.4318175070113	92.8440764415265	101.1105285835964	98.28296275217721	85.77856382176458	85.24340431210791	107.9706777597269	101.6836003967335	110.5888022346914	107.3124926454634	94.80995485987359	108.0095177789633	88.92243282381395	91.28306803421286	98.99556709700239	85.44703541378163	101.8891958181451	95.71727253120864	101.1640763339769	105.3892161606593	79.85916914113936	95.2179057529796	102.7658387073751
101.0646075538385	86.38327684347884	83.77659911763692	89.96469080764172	114.4576550884125	99.00327625675087	95.40936668544178	87.80601999043046	92.55556163317141	104.5548414195798	86.9875453803684	102.2945666620438	109.1210612266914	106.9141271417936	105.2034561678856	91.74587728491412	86.42941262534552	86.06775799131444	73.71137600545472	81.46929386312273	105.5654443150645	100.1300835440578	89.68921747881591	96.21074804522942	94.71762156576555
100.0477579221254	87.70911712410712	91.94151608011967	79.7988700489278	90.66360590304642	96.56401737577364	93.98759026206062	101.6482459846016	101.4263029375854	86.08845152504746	95.68202469915153	108.0767386209166	84.38282892188145	107.9539323876377	94.78077214390112	111.8964113062385	89.85954368830713	111.105983375716	90.21643725428143	74.44073548043589	102.8090233882796	108.7771091784355	79.66133183277766	110.5769161337558	91.34602111488758
106.1371766156655	112.0608672736892	96.51413997391646	77.09114750219787	106.5304692786095	86.88353342702683	105.4874295189219	75.42546913065131	95.76117188808905	110.8906949677312	89.72111088466195	108.3706257085113	104.4384461701572	91.7642668636107	100.5878737011112	111.525537681846	76.52414758029121	98.38649605169621	94.25452280638905	89.70946990856605	109.6281409589638	87.78253726319812	81.49220393144147	90.37590648371624	96.68044670872519
111.774340117055	104.8374855023054	91.01962405900996	87.61512049992689	111.4311928003781	112.7544444684399	88.72072806233028	61.37510544176349	91.02915738526023	84.99587556452899	104.5740354016921	99.62640068558345	98.22047956285681	103.4702912669475	110.635182679834	113.6544237722693	67.23418201592787	89.26847756639845	89.56710415875352	68.4746833201754	109.5000935736023	108.4513662308328	64.3511228853357	92.75264955871278	97.50103305611199
87.25898071981497	96.9635283878669	86.6830375346878	90.01701176048743	95.73944153075439	98.83160036476609	96.33411591744658	71.06150379366561	108.5031429264835	110.2266838872257	111.0130271553702	82.23692804841153	106.0341523080871	105.6830327635074	95.84108115929291	99.42162998331547	82.99224200097157	91.99650331443945	90.24511917560372	80.17966033270189	100.9872490868862	95.18852818466654	72.58562128228535	95.12252835391061	87.00753525952133
109.3297090199229	91.76402517886223	106.7677817961513	98.56069470264937	97.08976290258168	89.41557110602201	83.91099770498317	74.60561612910537	97.5459571431855	85.59155732911532	106.981668582794	100.2677518291641	83.45375704666517	109.9658235138113	101.0532871721934	113.1834605631583	95.5861525680595	102.4502271608619	101.0791924539874	75.50577219351992	86.4332189548665	91.47269483702867	71.47424248038648	111.1884742959503	97.1112793042613
101.0744578141152	89.63014882406038	84.23853543541743	96.31471068468628	104.3637321935341	111.4571860516856	87.12274450460396	88.94976985482964	87.74751183003143	93.76797227778124	105.3044824809763	92.32374579716982	84.16028484269874	104.5181868293196	108.5807247946562	102.5213060767846	73.59525872695065	91.29617326654329	85.47421417777544	97.85435494406902	104.8080453824073	105.6200721099922	73.91463185357686	91.49872286033113	84.54649742602075
110.2677492409285	114.8534692348612	80.75356270107065	80.4154809810782	88.7747539435517	106.251850979963	93.44188656710749	69.62556529378405	99.85574693758684	92.51816324384372	109.8968268890078	86.33240237589926	102.9622000755917	102.0052198681195	93.98650187006847	106.3957735920752	66.64707728371643	103.3251489567701	73.13671224079478	94.85114574018345	101.5487606236783	111.0569036408505	78.31756419769546	94.41139549600459	98.13404505304953
99.21888261294399	89.08322906239391	76.42479142736393	87.26385168672387	95.68007747897504	111.0221381503207	89.54522741662507	78.84784890267007	89.17742009678854	85.79131569626529	94.51122226618048	85.75749661589171	86.75106373976816	82.943677804364	114.8575266694888	97.35968631003385	75.84226901126169	105.4176522520889	82.52509539716877	78.85598411964513	93.4245634588985	99.643291608761	75.90532956416652	104.8824027445435	97.01623488016551
100.1130993864673	83.81632490629507	87.05823368428034	106.5199587793093	109.5038856373713	88.69195983538803	85.17922899624935	82.03830299561652	102.7003972728041	98.94276031047585	108.6362983937197	102.2004284088192	93.55765909405206	85.19130046534391	96.7071630148267	106.2596195171465	73.56222114158869	109.8196114211758	98.7488831306664	87.46431293614478	106.786269077008	85.00185235113365	87.4064693400713	100.0898541628853	104.2652969922117
89.19371996600894	88.31184284865503	80.28232237974842	85.31217127556523	107.6970841790124	92.80428096368809	94.6727848403454	95.02744368649866	105.6141857130795	99.77561660741671	107.9925314693831	97.28142958719909	85.99458483094239	90.46428637581914	96.66350058233695	97.87467840170582	88.45270535192458	109.5406325110907	84.99906698519132	87.18631320933368	112.6186426279385	88.49995722715342	76.23591566698795	86.21369620308167	102.6660418874089
89.20998860192243	103.1153038846824	94.67974859566424	77.03305072648786	95.54738749876191	109.9106755419656	114.279923640197	57.6024695447998	92.80080243180925	111.8686808346351	90.67745829420808	80.42850108933234	90.96600819654296	82.25700479523107	93.83202659478496	98.26212277433184	71.78087322926943	92.50190172118864	80.50069864125649	76.31922286767458	95.17424809227404	86.7857560057442	82.52251631378488	106.5639837254202	112.021891495268
93.78287614589773	84.01686991154263	87.63378604811723	93.64257464260663	98.99744787231387	87.45879660043165	85.65313140945879	84.49150321640404	94.06056517948137	89.87556640048638	107.8408874301455	110.8515793751042	103.9106311111387	110.4250185218544	87.20736499577701	95.76632067414003	81.58169060084589	92.76599071222861	103.3145384867258	84.3853349382895	109.6301958177131	92.4444906535516	90.61360208536506	109.3459116517874	90.76835081613584
109.262001712121	97.42296554726909	105.3091039850022	99.42849806496321	113.4097036816839	100.6161880016556	93.27756715827734	75.84420417064564	85.19626606891707	86.52399201176048	107.5686668324872	106.0713835725953	96.36355004514746	108.8138241479345	88.2827380758644	89.62627546913201	73.96741840622416	112.7935457430699	83.05782401220874	84.16822585352632	113.3965249721508	88.59411976701972	72.80392257080764	99.19525192847978	98.86702170263898
87.87647598417173	85.24321768585581	95.58862566837465	92.41464500816355	94.71901108985125	105.5988773891421	86.61126208487356	72.13291719572032	111.4765880089013	107.0858665941472	93.5315577050286	98.31739310929919	103.4683591928535	103.6981084167178	107.0950546843497	100.5589352494426	77.72964382654465	107.3561399895705	76.79051025770009	71.02531153358937	100.6653482658097	108.1581744007787	76.74700302283557	90.69424281281604	86.93158263719715
110.9285834577555	88.71756265946814	77.79703024720386	79.86231693642429	114.0976659173685	114.4738749284214	89.77468829095325	83.380643152148	85.76265635805565	86.50032807819017	107.2091807430265	93.09701185307492	88.21426990470528	101.0807241428433	106.5077144437294	87.20904611681381	73.663349304219	103.4651415869134	89.18065494214611	76.63278316158224	97.02313318770499	96.52988622693803	93.75865418542202	86.07180276691822	98.10426667615914
98.99739903104833	96.58345438594671	105.712629343939	110.314919592211	107.4807761757661	106.1991384452673	99.06500033247639	90.30013988243374	111.7146043967485	94.50748475468684	92.52932107610383	105.0442523586953	93.11920706613957	87.77249856900475	88.81588971700668	103.9103471919365	96.81559050801347	109.5373514938499	107.6873791936969	79.75513365548298	106.8123477420396	93.84693657136809	91.00021354339491	85.9067321003058	101.598891481853
97.97815838458833	86.12490626352536	67.65579130761972	69.12420325851244	102.7069956001345	88.63781584895645	85.03332880934583	47.23748227695235	92.50480135553947	96.98097955926954	87.40735144438557	77.67447118701259	80.53211847461596	71.69775862033177	95.18476105814877	101.9061778223248	61.19000272540691	81.19903561727919	66.75878320268372	49.70019279521641	105.4895129981955	111.3281084306817	49.91845422722631	77.65810297784424	102.0083871165873
87.86619647806627	101.9507152477561	104.7223490737544	92.89103518124153	114.6153484687635	92.38202280484067	89.78688100768926	78.94449832937795	112.6728172979835	97.49822643145561	93.36208173822291	92.7957142350236	107.4914020922767	89.42865266301698	101.5399022245193	92.50362356404854	91.20913153786505	86.22611068501153	97.41917548740747	77.44588392699355	94.06002888816556	97.02206800394556	97.76380488262009	94.89471406514659	112.8181056169485
110.5504997339521	90.45177527801916	78.46327001377222	88.48735363215012	110.4121776895739	98.08146316570057	109.1816266532261	62.14016798344217	100.532163095163	112.0421621938862	89.77098765223136	67.58444085097526	93.54217287841286	103.2331472408317	97.37362485466427	102.8551273326528	50.79514616781411	77.73517453792839	65.49269068242985	60.23382997342337	87.78740063251192	87.70725498849808	76.64924685453703	99.2552078046451	98.48597391737991
103.1313827367126	111.8171805387136	82.50154616750154	78.48488298439635	87.80822980386677	100.3633095394945	109.9496732199481	73.88228436768929	94.63704082473411	110.5668289899974	111.9913580225209	95.56264292132985	86.73366737323268	107.8029099508096	104.8272557480069	109.6485242491181	68.37120000013293	96.94575413783862	89.31665833498599	85.78256858268756	85.28455409827025	101.6625403383027	89.35042623278522	106.7916836197867	111.2086861695637
111.5448426703499	102.5568802732667	63.99540959229732	72.367915360919	108.0623793613522	96.97363370649525	89.76278555619872	65.45046923772784	94.52337767092135	111.3485652352866	89.51458820105692	86.6722269666121	79.62874703818437	84.05537712076575	112.7042694371393	96.0287719834301	67.18934645903008	76.85715734510767	74.57857384071625	60.54059504238131	97.5721823578867	89.76337389074796	70.41684938171829	76.44787617502718	108.3338204771597
86.41617404371394	101.0458996899109	71.52975533872062	95.21121987358353	87.09514106087688	89.37428562567705	88.01576371846316	70.3148646339833	95.09186467492799	108.9366308699717	84.83890389166447	90.40038898605	92.56686270076004	88.77806151158171	87.21960282436727	103.8208316641806	57.34147053579139	86.68107934555513	71.26583629955634	69.33699843728589	111.1937242362084	97.57079615737608	83.79505802385789	103.4790892900003	87.77602946621677
102.5309178961163	109.8148040156805	63.1602049647571	68.01267590053892	77.62903459497107	105.4722397602605	86.07299148508854	45.28466562627329	77.71859231176835	80.21241325048653	95.36563082598555	69.04118936752872	77.38125933351944	82.20974510193936	109.312685584114	96.43792293067396	35.55565483330828	68.53938256128288	54.14903732312899	50.82781076227651	86.72593880559177	79.74029998948218	61.77657479259445	78.54599343065753	112.0031419745758
93.6245336175983	86.49099294058777	93.1353438102479	99.51818212181398	107.7235109908744	110.8597678650281	90.00336987577725	84.65733090513736	105.5044296906277	85.9601509851685	88.71524878835139	76.23023121368833	88.72017925753714	106.1573897151109	110.4847770636192	95.54626803815322	84.55958462912099	103.7111518238329	78.02619022819277	78.86846694647541	105.141263248586	113.579475429623	75.66991728552644	109.2066211375032	89.12283514166
87.8243189103614	80.76041634763995	54.80036846275493	68.74650709724705	75.5254065211135	98.203390056233	83.338056298038	47.6248002459367	79.65550255675038	98.21040989195635	99.81488454695926	70.13809737771221	70.16595654823166	85.50361551355563	83.22540565652494	87.49354085881632	54.55412464971594	68.74014364023854	48.91158188691473	41.61082419427589	81.30379804604564	104.5280275305832	51.30133487322857	81.26210864307791	95.4225307097046
100.1915496236356	99.84874651436093	77.00954335326384	60.33422166292544	100.3444442687805	100.9481144760478	112.6112752069745	62.066501670408	80.68884519361512	106.9542723797843	79.37965543769234	94.42371152963216	68.32797066745016	74.89098924957567	97.66939458897762	84.38429763792499	56.04740558380021	84.87259467098755	61.4261733776342	69.73035237118378	83.7829910307823	97.11711230310833	55.52619042939965	91.20186809190668	104.1594887804286
