68.60099629754139	101.2345303345463	86.29178575557181	94.40072864175704	75.80470692416141	108.858551152178	97.87805354721016	99.68116483159677	107.0767690754717	102.7441418636702	92.01792928121361	110.0778190774809	98.13620097248521	86.66845480901139	78.52629118554455	101.0625504518814	91.85712375556155	99.84079488561918	118.5966834627747	78.22886209998171	82.56837878945701	117.2950621409036	75.87739059780486	98.27579242194754	102.9489489769084
98.94643509958604	115.0473088079729	83.93647301429758	93.37851274631542	79.14246858773465	114.7850037089493	90.18334034102941	113.1407241699918	88.49900860505966	92.89312043624406	119.0558577969136	91.08563214153384	108.7961152970203	122.3611853751208	97.63947768623132	103.3680747617673	87.3032065839697	78.6364772269947	82.24087015008085	100.4307755088748	90.78645211254195	120.240930846956	78.07515041044469	117.5023535012886	99.41649294836239
106.635902281164	98.81745618677525	119.2481394664376	75.94618907867796	76.97896856724445	92.80812976607857	99.39399069653466	83.62154200543748	95.7712929956092	108.3781365637767	100.3164344330114	80.09749807745999	108.5837936857579	95.97876841187454	116.1531329806116	81.06461625068577	111.3457718741019	112.7668370556236	95.74183403889	99.0684050845197	86.76693129995496	113.7618175209176	96.79835323742603	78.14768720420983	115.2210717194571
94.95049626701045	77.27644638421043	114.4551227038392	99.80279997892364	105.1578648343846	70.49855986861979	99.58706055558977	93.54663305734901	84.60352256068325	72.48123019943006	78.08631422877868	116.7620214889631	110.5894372830601	79.18925891209747	68.0958660625105	63.52498907171106	97.42123194216707	106.0774278214922	96.1310627957337	80.41469891382206	71.02192520849326	80.57289853268153	109.5879453873272	90.01214669497068	98.49153023436584
85.70501767640572	92.5027373923497	118.7934910727955	95.27593186963014	92.69125483707155	94.4393693264485	108.7897140957229	74.82283398183911	85.5339571021848	116.9274057123363	80.56849282399389	120.5249930488864	86.63755356992601	91.35867214862493	82.89913598660416	112.5229660495424	110.8351304036058	116.1401219610033	96.90859716435045	111.906612760659	109.4623322321877	79.23160082758699	104.0244690119655	92.66839303549976	111.448368575062
115.599509532204	107.58871540474	72.60322535505003	110.8363505736613	92.59455658597854	90.27085213158404	119.8684248709481	73.32407802223925	120.6152829035244	86.28810470625768	98.63870759267448	90.83091761420999	85.91227789340209	77.41004109214209	117.476848873486	81.42771992942006	69.0422009399166	95.70497623775418	93.78367962497815	86.87119579205554	106.0035180305728	90.53855039862003	84.88244075248937	120.3122327433671	108.7885410063977
86.02307411107533	112.2993340973566	93.16900001582057	118.6800932794335	97.17801155166256	106.009853542366	69.57042308288254	85.19146525694846	102.4038110293453	86.39887992747479	111.726261763837	91.80959612897661	85.06800389119397	77.14458609338359	93.88639971712374	101.6906804448861	117.5257223432787	103.0919707464844	105.2444216049786	107.4433351825817	102.7369437646362	86.58451227611133	80.12995656011067	101.7158678532216	111.4974038452506
68.94191676732733	92.63792741220874	117.8391514749542	111.8259602454721	87.10940093821829	85.34703352475941	100.1518748088101	96.16309488478652	98.53902986122196	77.94624166013041	86.14743632548273	110.588886949768	122.1480391164588	106.8630841955336	94.06539755948209	98.03904592559519	81.70939290616339	98.18919046656811	114.3283870975921	83.33541840657408	110.1119445877433	104.0267690796622	81.19730367773636	75.55778076052084	77.17060861949092
84.19455970046039	102.4689906457954	72.27851517188108	111.4541012328025	81.47063458590702	97.09333098618191	86.41723972516766	77.55118914622528	85.28433043686978	113.0957960910577	106.0761704201181	103.0072478644453	112.4337330270125	110.597573574963	76.97889300620301	78.61135789543799	65.48102964413057	104.1830326299039	72.74665966027699	89.5317876833565	106.5660260486989	108.4947479184319	87.55735891915569	86.36303803364851	105.621623438164
80.97846767976714	99.27313725426993	97.3444895849515	103.2567991768458	92.4411118855614	119.4285884552296	71.93195101433783	71.87663795504439	96.69607176267154	92.4231447911674	115.5262497506568	96.05888983596695	93.39813623463182	120.3734181005825	94.56647377911543	74.98692444533938	92.40940261348379	81.05242857680634	105.0176433524257	81.12785018637511	80.46754447436784	101.9767266475774	90.58096754492428	103.203238518385	98.18021940171559
93.5704099491726	93.45998984753362	73.49237698620104	95.2119622273686	77.59286615798743	89.59185331901037	97.28437983547954	102.0652360859393	117.8462840230414	115.5455250860238	99.9199088209149	114.300205592051	115.7044630367199	87.61948013905319	118.9005785445896	100.6151367071584	93.03664592100186	82.92601617313828	98.78519374332681	106.5716721028829	108.1042310828875	103.9886745586292	79.04089597547974	99.91591129653111	82.8538679595963
113.0569767063705	119.3284692889841	87.92737452095916	95.74596042360642	120.4676693128193	107.2591165415993	109.3068632527534	109.0165033478259	83.53657673632033	91.78265031728344	83.31173221032891	115.4440144634273	101.4766451170389	80.43118637093895	75.14530957260193	110.6706210918578	88.02587712532933	108.1685426869773	94.49870314273292	109.1297544437979	104.9855308041875	106.1555987532552	97.65471623678729	96.65703111993238	102.2669578538509
81.53161144400464	97.51250041726271	107.7750433753431	96.79972525610333	117.1916551885437	109.612435241406	82.56481897007397	93.63708249623045	109.7559965077361	104.9442042536817	79.00818244766378	105.6573172281753	79.78566122976397	110.7205826168431	104.7086129265701	77.85729184666351	97.70655039298754	100.856923139839	114.1999837559979	111.1702870928903	103.1322498482687	116.8906811631686	115.1843725969826	120.1397654899467	96.25576059851474
105.8137593034985	102.2915441541312	97.46899408577647	89.73648112333065	89.49363766060202	108.1884007076786	75.93429979317088	91.66333740438805	105.6749676428902	106.2817782759939	80.0479746973645	81.02597356573759	119.2669486074159	96.09724414373525	109.4304560070664	85.05248304184033	107.4290569428722	87.34562819365806	109.1343496799835	83.11374410459351	83.35617823379991	116.8782784344776	70.44036277869606	111.1828086619841	101.147254585844
93.58537344984185	88.78937170712454	92.62810694533559	81.12526488276229	92.83562176785578	116.0139225262805	91.86179655253338	109.5429316177022	87.13998274020231	88.67250085233934	97.40071206699005	116.8658478426561	78.68977072390589	110.1386360197046	94.82975533620854	67.96088329196554	86.27273243235537	120.4598459743558	86.32229241315324	83.2261625566359	82.61242328116909	94.61575474995801	102.4882511630151	98.15161202568254	81.83950980993288
92.23385098808843	93.53439057471297	108.4506138200974	93.43608520186801	101.7768270489537	120.132424880321	88.22557879355779	66.9541064049403	98.33950381785735	114.9880689091383	99.53188048847753	117.1697503920801	76.21174760353145	97.14251389541514	119.1478723096535	97.06969417469307	75.2561567489667	99.49339065125125	81.01961702865918	96.06301382894705	115.638874761875	90.8067133382162	70.77772622846678	93.79394989837162	80.1747694991156
105.7888791771838	109.0275267386457	87.34873325499541	112.4402992201429	83.87140940435084	118.0745292432134	110.32144947312	93.85753228633956	75.28704837598825	91.39928590353067	117.4254371879588	103.3101387605119	112.5215151695535	90.53633964502194	101.6625952416229	105.1386741463647	77.42703255069179	118.3156868433474	80.39081155208845	113.6699186756484	85.32049075156978	86.23474067674206	90.48462481119611	85.36370745205005	111.8113346616807
100.6995499134012	91.2461552038103	87.00801169014706	104.9333370857893	77.29678729538686	99.8991486334815	95.93014338530642	105.9043905659113	110.0631735974517	93.7849223011757	78.0979406420843	80.83234091330598	86.97745338628687	114.3339238640374	103.6744104130878	114.9674112172305	95.38198387349283	89.8500858515187	111.7797259286833	91.95169457061868	116.2740295595284	121.3026106211113	101.1382421369906	113.5572854540007	94.42079036262849
95.98769604042276	99.36670886155491	83.90603928434538	71.88163643041126	103.517059304904	114.8693609645915	83.10918444670037	95.01765806311832	86.06047842659251	95.21564202447161	114.9261465711219	108.3109831702111	110.6373149404735	85.83698518133781	99.96104139910295	87.32333116438481	77.20561884339264	113.3321647302577	85.04631242760013	85.58438510264189	82.310155336522	97.8115006302678	62.62965976391808	116.5234030797208	83.26640077939976
80.19614818011608	101.5104803928486	105.4681148330536	102.2624567675515	88.72402622707922	102.1683748374491	81.64820370930475	77.59427198311755	86.10717188254573	91.35823032355628	77.84991279155075	73.81220196065293	95.12511746153947	79.58487797826847	93.02996070557049	88.84821013858669	64.94027912492049	117.575999890911	77.03302999237803	81.98761743219904	99.03219286391503	85.07644436835439	88.25622037966779	109.197391711927	108.9262233054956
81.22012169372698	100.1493521962649	84.96813476485571	91.13478945059293	100.2712386744143	81.20149829641107	116.3324291165735	111.5181877521092	102.1705306275104	87.51657855258541	108.5465547652701	92.18551280631502	111.0043738711096	107.5427540071059	81.28138995192151	118.7774945350747	96.63873550389052	91.14754568070722	82.55012606198473	95.26047640746562	119.5265699525382	113.5147995059965	107.8992447483692	116.6422417132044	83.67595424798998
65.3810714720117	76.36251574740037	107.0129291265182	110.2760484366199	112.969352740177	101.5171448400054	67.24652264397434	110.372411230503	98.13859028014572	96.76467711766456	95.00899702270522	97.1300399984278	89.35558667195033	105.5931210453991	71.45258025838355	104.2637632191533	77.75207018053337	120.2548543484433	112.8309240717372	82.08565281079589	84.77189832483887	100.203160995762	97.8817279100342	93.30661474805964	85.7927931157178
75.95650182957125	114.132888144154	113.5729552286516	101.3797611331585	85.75427802724164	97.24047239520745	101.1835651484464	92.94800283310123	95.7870596336556	105.2936996605862	77.62893271505042	98.69462663973229	83.01071029965783	78.26259057638013	88.4323545534512	82.65917849513475	112.5933529147841	111.8294318434844	86.9036974628256	80.35863295190265	111.7778966203333	98.11367342105039	78.29348575320326	87.71330385729094	77.09274229677308
111.9675215231152	118.3738680715408	95.41630317401658	78.33403184371096	79.92505085425745	115.0033891835061	117.6073428071358	69.60272242807301	104.935615922833	79.30915591181017	118.122427667974	107.6997939976388	84.30636899697458	83.70524944556922	111.4232680805722	109.9663134801409	64.628631759095	77.47367763478164	99.79315494542857	89.70234880211336	119.4456302323677	90.79056196817147	76.5566774885579	88.17389958984971	85.74212679899126
105.4977492467585	107.5913291015119	105.9611792067915	77.66152053653599	86.59128230851493	86.2511514069442	96.29769208255217	71.05737556168295	116.3608549785259	101.8460961277106	109.6992605097319	86.21056458897434	84.27828577333007	97.17347295606415	119.7557497276961	81.10184330499551	87.91803169613843	114.1436407304807	101.2507106448529	82.19013154125184	93.62565687809658	93.21028906967618	84.05844447545581	85.00431398121199	97.02518580243213
87.67869406743942	73.51986575737283	78.42734466264355	108.6025144849646	97.72611185137671	115.9116524754882	74.89062587041956	75.77915778009191	82.81071230634102	78.65156110064918	95.6771330142941	101.930966840766	97.27215618625439	82.25706206157194	98.1557318070719	102.9993535405349	112.2972624214796	118.7620730902188	111.8805026231786	97.39673940804232	87.31966676952663	116.0954759755543	88.60658553808155	92.21019004425212	92.10501941205683
91.39945693521723	74.95604235224627	86.66239660670247	82.67405711347243	96.55630576846656	105.971297963671	105.4749216376878	91.23146623950647	93.16155190191557	103.8274422317796	84.93051950506414	120.6298970983974	88.68151017558438	114.2293712599303	101.2842710268505	88.28767357999845	109.8497167200259	78.65953702639233	105.7501845655552	106.1611934566322	81.64721387762411	99.0419146355792	104.102046223383	116.1574595594076	113.8830831424432
114.1749218692752	108.418123642727	70.12172502327179	103.0887712688947	92.14130065616526	96.22172360264528	81.64145749491195	66.11395133246425	85.89257171574081	111.4664424613388	99.22734085681464	67.93169675806011	89.0230396145522	93.82708927616036	99.282049085181	90.50403788058655	89.75423360401972	106.3329089995233	81.39504774880494	58.91007337128755	118.3916159183721	119.5969064684774	83.59622183688069	111.6073738956134	101.9294798780951
100.7926890728013	102.3401066836884	81.76463323638157	79.60387529123484	98.87852694014614	118.9930254288957	88.75882353031935	77.72076670323038	95.77126772821408	119.9801006220412	80.15167851845882	96.60984508426563	111.4657639852081	100.3952169561659	87.40705792360293	89.70600150689961	109.2032762211088	106.8969923054352	113.0960650185196	106.4924863378259	116.8678526334016	114.9677749179921	83.52417925212137	84.21988488019696	117.2470836303509
88.2908204637213	104.875650177574	74.85824344093534	75.83858169722592	100.5837951686272	87.738732305757	92.79537085392974	80.1879640106215	116.8422945595762	91.04774859444272	81.93155617189512	89.27300505201714	75.37326784323096	99.26413900209728	92.50230692567013	76.67027414838121	92.39950116899021	76.85521608011602	95.93062981952231	100.5287477920206	111.9036330435541	91.72309953874189	71.48469870755085	90.2623994895275	117.0753833816044
82.57914392742136	93.67667623252585	108.3567939527543	97.94636645227396	115.6417658503725	116.7694818305359	110.9824909779768	57.42016830710963	82.97517947418937	113.2699648535668	96.00657764402781	94.25349342749074	107.8358082877833	104.3551188571665	98.12422995204236	111.781916612303	81.19865034469663	111.7964430998095	101.298075084697	68.91699835304874	111.9871591435798	94.02517761211982	84.8282743789849	102.5689056810569	81.1967431941104
88.21828660737303	118.3828149029591	97.23805861390737	58.88889624152674	106.3009044094563	91.05486353024946	104.7363428293235	70.96936417316992	95.46341081751494	76.77947768122702	100.8864474628177	105.5265047923879	81.47831845255432	87.42419248399317	121.6508625814012	119.000957379331	67.38855952087187	69.72810190723251	57.28387723808757	50.7919214378618	95.71379112933839	116.9129586133508	50.25017232888243	114.710200939739	103.7172199952578
96.58687170270878	90.71748336148384	66.44796544205047	78.70721088936335	85.26073193760519	109.4159247045405	114.3931378932838	58.39676443340524	104.573374388377	77.90626798863951	92.82813889783272	82.95836614159505	95.20543210894357	93.00443510215126	101.3918888489461	89.9751639219957	51.0331797062821	104.2878473251661	54.55743433457327	54.33324851870741	106.6465319422154	84.32773591020732	69.06217223946464	109.4122262080573	99.00676714135214
111.5392579709168	112.9247157251334	82.84375166234932	77.35723196336914	119.5816388790161	108.5015408994089	120.3324397828006	77.18012249922424	115.1427565594657	112.712996328203	90.77559870516575	111.7372985965278	96.22259978547102	101.4933711490629	93.89368186166742	93.97876814050501	67.48558347174071	85.41840198943748	80.46233294174675	62.39984760138572	85.55898565886373	121.7158908713026	95.04076220977146	88.22434631299996	117.3486648017751
104.8652480844531	106.3544399672222	99.81008500777764	77.91575622731952	112.6827091622134	120.6692801931704	86.23047383013271	57.72119391570389	103.6736063255118	96.05864143319525	111.2220353026499	90.23830672787359	87.59464271276639	109.8736959438941	91.33990231793375	86.99998582529631	73.72721631455414	92.14970144412791	93.65185873852894	74.87110589794705	95.35891532734018	88.99543865719329	67.58155148343528	73.12646674339265	116.2779359519835
87.40173216922346	114.1211575872566	86.5688426557567	73.24278985400531	82.22991204763932	91.7792440568886	82.00224571199665	93.41564565559133	87.22737171063559	110.6245544122339	83.50737607826625	80.57598086907311	80.57914203561172	95.01971194933252	91.60411305918181	104.5952918765722	54.16464713281377	104.4768363644602	94.33616741126427	78.17728236441171	89.00330686514265	97.15331568836223	76.30671711815009	106.1240579793854	116.8442136264346
106.0573734689441	114.4967957507975	94.59776869772999	83.35511218119109	106.1984860735503	110.7306708009831	113.2055286124358	106.6442961280363	97.87415866155425	111.1509404344081	101.5885606483932	104.6655992451606	117.7349540648956	95.33070076669003	87.15109673551186	105.4711717180778	77.97768000769588	119.9239677352566	100.5432374032337	76.99326486146566	93.93036046551222	100.6595783127475	94.09344608466645	122.2426694260969	73.85811131923502
80.31831350612609	103.9387834000061	104.1418332690999	84.31319617382954	108.2949124089994	86.75487772834107	109.2086590812702	78.13389342159961	90.67244087874334	97.64824234178705	107.547158062815	100.50355880197	112.468392240061	80.98640368997417	97.70465728500781	112.2980272607604	68.8967290289029	85.85792493056097	77.19662257497093	91.49915055499342	88.94850262012487	91.99330964243724	72.88759368525966	92.88318114697059	102.1167405396815
106.5154044725897	83.57247966207888	86.62740880033178	109.3928913053967	107.250572991617	96.10822959293938	94.31064378543527	101.465926140361	79.53497617884558	102.6171236919663	121.9883066875009	80.87915316141705	101.6291711440283	114.51380747371	111.0108901815497	114.9286803033765	106.0616661893613	91.20638219973912	110.5056753234505	86.97647435795885	86.35412664149575	95.28363632977013	73.53309380489837	96.50090340788751	112.2519966800939
102.541823997593	77.36074718473556	108.9077536173821	106.8508334433258	84.74740615682613	77.96442679737793	101.2529815100316	70.43965123400912	101.6713745023222	119.1455858011526	82.13052205686718	79.31123716397386	98.16706516759567	80.96597290096018	95.77935778953167	102.8923865609285	83.34055679166683	94.86887474714268	72.60948024523472	86.36323189286605	112.2592379360295	116.428931165318	74.40575841372804	98.20749966726707	77.1014588462712
110.3500315706197	88.60968799245926	97.08519024131768	71.21077655165359	115.4749658920158	99.68779134055046	77.57155697437113	68.86910517641788	100.4012954270615	105.7155017705821	77.47809053554556	91.35452606308496	71.22265489828943	109.3813300660009	79.45321321946014	92.53517719036262	94.78257230027248	95.9208174336821	82.44756498003682	69.27847146520585	112.0885733087009	109.8396964681073	77.77882716699028	90.28087954297709	97.94849600427217
115.011829926525	81.76199683012848	86.5105051471316	89.11601153409677	113.6637478724471	112.869270684191	112.3512467533788	64.98797355573753	118.5585568502253	94.77179290498584	101.3819609678344	105.0779078476283	109.7809577433815	88.45701006909928	98.97680609541746	88.3848925884713	98.55053286415085	81.17142548913519	72.6618599497429	77.25277918393812	117.4083696470174	95.10194458580398	61.23303955802207	91.43907186351738	108.4119553338469
101.152693368399	90.92395167772102	92.76596839710882	105.4802203118437	81.12526329581583	120.6714747633704	99.27043911840069	71.53186800724878	104.6298220861786	110.6287102065362	121.5833215580821	112.3289489543316	98.40564045820653	116.8189078650228	97.49319772465822	80.99481040843847	77.74865381867362	112.1599390933152	94.14605456019406	83.46429865212126	90.74239656711546	106.6426635599085	67.56804283120989	108.1983801270559	108.0787771017607
112.9536814229859	86.69740154729246	85.9715712192133	95.90689457573107	89.23519563835285	119.7245556427652	116.0015360305047	74.94202593907895	115.3940746618183	79.76352289299052	93.26361401432662	99.04179797770561	96.4174416930897	97.0690016740535	88.18570461938485	112.6379769578089	82.09589652235992	81.18323731254272	88.72482136467518	91.72527007427101	120.5182740501049	115.938623017858	68.8122222102286	95.16445000649364	113.220588450845
103.4957840479443	117.8531768379185	101.4851536351277	83.39259419896335	85.68651178573185	98.17313160252885	81.37262824157092	78.36577576691661	114.9502581631778	96.23859871145393	97.75927543426531	83.78612445779099	109.0258809053413	84.96399025630483	96.31193177068241	111.7486786024027	95.2606898457545	101.2307837741368	106.942913865584	66.7473118511829	80.52899923190107	118.6862813926031	73.55559179389058	113.0379782706694	119.0048350189415
89.6096092821858	112.1473812856109	85.97280468437711	105.1556056032505	107.136752442371	113.3047844438066	97.69972156537901	78.16154484205917	86.05418853240118	87.23472431778495	88.5166710247882	73.52653745724615	98.29385142646112	94.16369251440142	101.1644434216829	92.8962053515241	61.07218572089238	81.98707370752312	96.28655270787525	69.98259375495448	83.01382600559212	109.978973120996	52.70071009364921	92.46221817299795	78.447460918884
120.5039637085595	90.7150352153254	67.55053098039714	89.23870168297722	87.30413618731562	92.60852835239263	109.4799789507669	84.37822625529543	97.48212158627967	114.111933114516	114.7506980160889	77.00976398351203	80.17734788225746	83.65845808936658	111.9998970123518	106.848590016512	91.96683343367923	90.64066109184165	78.69850886414308	98.0289528063673	92.25215302034988	106.611834992464	58.27717474383786	90.07953904808019	85.01063451193322
108.3718595740682	114.1673835884824	83.46627426766199	84.71758382204354	78.6449590701487	83.45044797276799	98.52134355196564	90.23533017859722	96.35007444832627	84.22732583750935	120.8407375781227	93.26126427351855	116.3937926827744	101.9910348147029	101.5662701802696	88.53334209208919	66.47431670716902	108.5598442644182	71.27471331360508	93.69021863581487	121.0426365728007	97.51280228736142	89.10869820110725	86.5478328111781	117.8096067465489
105.7534985295615	91.24275629398348	50.24102452498167	49.14713997992041	90.38606111187582	95.04115426935448	88.5936402047389	29.41344686376323	72.1496070815424	103.0402000631444	97.99870772819489	73.56198662985855	65.88485959847813	88.4520720351473	99.84749979192254	97.07292842848346	27.93001731460996	88.4395512418245	53.3216119803439	66.68957136231937	95.06714685053002	105.2337951191988	37.0710434993137	85.68211940906281	83.46559532468655
82.16529772410905	88.95457593602605	67.78030223665661	79.48806241991039	91.68832833693371	83.24617134675586	114.597477702791	45.68905629065144	71.93545896527438	88.68135945257214	74.06910024759566	93.5864876465956	92.20920048063334	85.68532513316643	106.4641956128054	105.600873517396	57.22592897527802	71.74435138436745	53.16518302666647	50.63135920785099	111.2377051997219	83.6871793791892	60.98259658810821	100.7043058690263	96.61140549539795
