79.8202558666202	88.21572384247591	122.1438473109805	84.08055249428693	98.19893057964691	106.2628239731703	77.4038012132377	110.3450126333695	110.3764193691488	83.06529721464645	104.2390058217051	109.8067254520097	105.5685666165566	109.7434889735086	87.7983832791268	119.5386647661079	119.7383801191879	120.4610019447956	105.5699338778275	108.1067271849431	88.57501482785221	99.68983649440322	90.22303019028524	100.3361372795977	118.051765062803
78.40084472634109	121.0447928864823	77.78674284398411	100.9450973619678	102.284529231677	94.86973939017496	77.28298923028325	88.76999820354894	89.06296788773034	90.82715914352664	99.32177849124915	115.7051299513557	120.657272427251	115.3531528927243	116.2079092568985	99.22214306738684	118.1185164898326	114.9620604515404	83.07061640826518	107.1441969853405	93.00068508242242	87.33672041490358	83.27533706393626	112.6046631321095	88.45751702140115
114.9676413997623	89.33810772772657	109.8438262487347	120.4368383387933	100.6025716528655	102.8640399054579	101.6409127769824	99.95691864761061	78.96321883825864	90.01849906463555	110.5676044378329	96.29766762168546	117.7115717509596	107.9910162149004	93.27050197905042	92.03180571705897	89.75020386327056	118.9962264848909	118.0459840973477	83.30800935817803	104.8391186859551	105.83242304493	104.5754335318681	90.48481837619981	78.91486167770456
120.8215962405047	89.80370181320204	108.0083765573036	116.3678100977441	117.0861687041574	91.5354591060135	78.27035979986616	113.6071332113742	107.0488066458986	84.0736567015818	114.3455275689314	86.27995901094353	106.9837814416093	93.86712890581794	98.10398327647385	120.1027030920592	108.9841853631575	103.6261269100402	110.3651993252359	114.2415946325097	96.80115610176792	94.42052082578564	95.15200118866005	86.22921136091985	107.7006463008839
96.66540507914931	91.92477711504071	83.19705922683711	105.6281017042541	121.0247819127318	99.15968262023912	77.20056775329493	95.36339726046106	103.0962530998388	97.2714799350691	78.97150127787367	79.19972296695634	93.60976805226578	90.6495053640085	100.1047473751721	114.5735870647163	97.67783713779514	108.8033283597844	77.27853879105248	101.9141443610535	111.7889016540767	89.27789776455754	82.54115257928638	105.318269224101	79.37227193024373
86.31760426504061	100.2942249505668	107.5960857940041	117.6058062500144	97.18202017602655	114.9317019467495	87.59210323451853	90.84072386313431	109.0703992656719	115.6299255787685	80.11279197439087	108.1297451827955	79.39301303328182	117.4351474412594	107.0926557217238	100.6657129814484	99.2589632498601	109.0453130172521	80.16348859702332	94.25963954496699	122.1777374141248	100.5163509103731	102.7244128758825	105.0642527242057	118.752962256626
99.21372645921868	113.0894189949418	103.7502194181354	82.38346410728172	110.1153166231118	103.1618644376334	112.9263862087896	110.4067750764034	114.5959884537351	78.89100866959336	118.3103920686214	118.2161616388757	109.6230523655156	117.8248705234074	79.42794494262176	80.00065170409857	111.1209202942627	89.50074396375253	87.22132026474974	105.4540668610781	104.7683177532159	108.2064042934966	87.53714305773977	94.51528047666569	94.48985784339055
86.107818156644	104.7427280532208	83.06766230277873	80.37785789547961	89.55827186234892	117.7619657072156	96.04133812712952	85.71451230099703	113.1543866106216	92.07828597468693	97.26246250808043	85.27138007919818	113.1920352456895	118.5293519311085	86.5121850485402	89.32893867654974	80.77105501866268	83.10847382368165	110.0230452288709	99.39207455807282	117.1560960031953	83.23836933503902	77.67824710241922	87.72387175801636	119.6689739252838
87.09991868489726	82.20582664544605	121.9628032378674	119.6651627593819	99.03517472583731	92.81613237655071	79.63804360222724	84.40451959806701	99.64884946407844	102.1338717428302	98.69333954441342	83.51910985530911	101.2545135954479	86.86380019391157	106.9765546229704	81.73376387559762	91.80664341607172	115.5130864634508	106.4621450912254	79.94498778574207	114.6325316259126	87.75426678932028	93.24461342124226	113.2331839573128	82.23558580361879
81.9908648504186	84.44706295769006	108.6157640076049	93.69712389081855	89.61083637867553	97.04091643908957	92.34931587145185	103.1486946322872	95.67096832131399	106.740738060271	107.3393978887605	89.49039032527944	95.06060597060952	87.73218248402739	91.19832408920786	116.2239796589151	88.80322730940735	90.74082374418154	110.0450194463847	113.8601372762113	111.6257354501382	91.70733449967179	92.23419009127016	110.5618337726856	84.86809632079655
118.4842419576247	102.1199034183781	76.0536420192114	120.7863273804071	92.68952547540904	81.27201358986621	109.9036415850263	96.74899722008865	111.1637995080562	114.8714350693643	109.6674868489207	78.24889076723444	83.20891576085893	94.56780977777409	118.8015758767002	86.98074242417526	117.0890133492748	116.6692709605767	93.28612247929264	97.92922057529717	93.8257897990448	118.6400712626295	92.53925763710696	113.4793165457866	79.96072433680359
120.8105509423928	94.91255842769368	93.97368059333043	82.5050282500907	101.1755443950798	121.202511034217	108.1086357599833	104.0223424179264	118.4931539983359	102.187093092146	104.1551708745235	98.44180626679778	112.1698936953649	115.9250479876632	119.8975661858322	92.13825666243909	97.82794261713664	119.1520768030293	79.35622499569068	79.62111510932444	82.67731318723771	103.1082074540161	114.0066709493303	108.356794205689	98.48060185982378
117.3511523623633	114.5539199046897	85.94955980999194	77.08587994617616	97.36830359434498	102.573443000018	112.661688031448	81.16143504833856	96.9622314488908	88.16328286778628	100.8350165721924	120.7368312311865	91.70970977544485	84.4066680502312	81.24899556200775	100.8413045903272	93.2855992421831	103.9101762360099	88.14269219112361	98.17279613596702	80.61588539802919	82.62635268859643	92.62057588746757	120.6784507853218	109.0299126536893
119.8341440979069	104.3852060096344	107.5187426395423	118.4901643246696	98.9639147035312	106.2114378802437	102.4474140072859	82.37387959402788	100.3721785694906	113.2166049749757	112.6206923038283	112.1317362414831	118.0643185469742	110.1286306078614	98.94561428873843	113.8589394164204	95.16272171521348	116.9007451833057	114.3081897812755	88.37758173506448	93.54079280453804	118.5936272017399	99.64191339012982	77.52589366108749	103.0195450877457
94.09645883278496	121.2029766754082	103.0933901311571	103.4678303442819	122.1411705439137	115.4992707030654	115.764571288161	88.09434956126118	106.3482560068185	82.07707717124953	80.28176489864791	96.77048784572412	108.9283629995235	91.12909618958942	79.89733643574597	95.46428197262856	104.2576915561927	83.35238346128091	103.2572415099541	103.3131923008234	109.1604963146511	86.42624757401143	109.353394278322	84.71184156075238	97.78581709138481
76.67094796970996	119.4396974277797	92.36623039868896	91.44860821104669	85.0114946408242	82.37917844456157	111.160948320566	97.90244129112541	106.9356353652294	96.8862614942494	99.75271238843683	82.4584090762332	91.08967314257596	95.79685235846	108.2588415729454	81.6075118475764	120.7178741249347	103.1215770196426	109.7993739059367	96.17213007547196	91.93650487078986	91.13839871636682	80.51727605812117	110.5832270734244	96.39689392567436
85.48221775446659	87.55395837908596	76.82769980150033	115.6415537829662	107.5349144775516	112.330955504102	103.9340276583882	103.5815092542808	85.98864722383607	108.7777733113329	91.4096766145806	94.92251043328457	84.42317193624376	83.05260526773922	116.2325211928681	102.9612641129311	77.38664907615296	113.8566662430827	78.06200799581438	96.94248183285154	108.1590046023377	102.6645709750865	95.79039938096081	96.3537332590636	104.0050698517549
76.49162634052492	113.7999535059693	98.58543557281718	106.5199547941649	86.89895059084445	118.5535542497231	109.5457635931858	120.0166624577087	89.84244362050049	97.28308355677893	92.12165453448499	112.5414345725944	80.90897223756897	80.26781919050157	99.642390608431	89.808304420526	87.32213985605527	82.67922039478155	90.63944280405656	98.39394268977952	117.60347393193	100.0133415911704	103.449433105488	116.0889099023121	103.2632977762459
87.80251700811192	112.3633389924442	81.30783876036371	102.562890471576	78.3420274023886	90.95873077909751	99.5525014059159	109.768303772538	87.45455656014292	105.5209845741156	121.1772006668796	109.0978563103862	102.4601778535187	97.2315344887417	118.7411264353265	100.5968225838509	114.7664324215849	105.5054937892427	94.67049210239315	85.2267401944022	99.35930584039212	99.40444412601261	108.3718033462283	106.9291780061277	92.45055678913008
120.563322760807	109.7276201111484	102.8753034183303	81.81147169403495	99.38173377931142	98.05847557246466	97.10967081970891	111.1915631501168	85.25086413825358	92.7828518851646	101.7244036937913	98.61247468849714	89.99474858750159	80.87322447198547	114.1893632306931	101.8536138187752	94.9596361462899	121.7003904938962	114.14897247715	106.4775805071527	101.0759207754539	110.7948662065783	120.2029394250484	86.87787441732115	84.89698650932169
106.7625498166684	121.1946575221808	118.0630355427327	98.85094579955712	81.23617814655388	112.624269528506	82.47383178454207	79.05324715826248	77.49963573248175	90.62081991796387	109.7174303809559	120.0665218913821	87.68646228067412	80.46601217140849	120.0754168873239	105.3161762791102	85.31954730994462	88.5024441689541	96.1080178223387	77.5038376117915	93.42880627362166	116.0000041553062	117.5405106764755	121.348523976609	116.7865220436329
91.63082879819294	110.2495360216853	121.5605585574444	109.7288117120283	117.9882230191421	79.84580681772235	115.2395288626845	117.487134694285	113.4705422289325	83.22687809981842	91.37563940567564	120.699719351273	96.10141270671264	89.59067596814423	120.6318769061373	105.212104178128	99.66242363989781	109.0311955396878	102.1019568863256	83.59617804412211	91.60109611478001	82.3500182322081	102.6931508628657	92.80543580858809	120.2009216033392
88.95158932258501	98.68394005102314	110.7609191741351	121.7899197682091	78.32748471118921	94.23999652745815	82.74430275690776	102.6297394974759	121.8785210128231	119.5464488837387	83.8654235201024	91.2479000873124	110.9540961769005	113.0043794626202	105.9409836892231	99.1748620943729	109.0297584439443	82.94203800402768	117.5067911378375	121.8521411191442	109.7080971018559	91.02303828758745	108.2430193733711	93.49649150146772	80.44526057040234
93.44326701917939	96.29281828411214	108.3034412249429	80.294600478652	111.243457782061	87.26857773608451	112.0770007623082	84.01658291004848	108.6626107860483	103.9010928250784	113.1722913774606	114.2042758257466	97.59486124263235	96.48120775992724	118.1772801862297	119.7716940111092	117.1204149946259	111.3355865216338	81.05785154852025	111.2267112246651	105.0748134391466	85.55040046130797	80.45680045871228	105.0176390128176	99.8659736061885
116.940475805561	77.56725410562687	91.66535024503008	100.3021597886543	82.39761690874478	77.98667774510609	98.91647548930189	95.21821107351792	101.5248116264276	95.92174919899026	84.73049472614581	100.009885539486	94.40149547933359	91.54392629275296	97.03769100159684	120.094606835516	88.19137677977352	114.2855446311421	90.92290798235068	116.2136166666807	121.1300617775246	87.67230968769763	79.96719624684989	98.5138059655221	96.35314651980161
93.66046790625317	111.1022129428194	122.1521374832166	96.79562593919326	115.9039186780388	121.7198577397492	98.87791227777038	80.57975428840757	111.1323163395722	95.09824518391677	95.44862992345428	101.3837566688745	120.7850397172427	112.7218910457887	103.597257724525	90.94646208104407	96.23083906612905	86.54975357566279	79.64541776972305	105.382371019734	97.43821079575008	113.5857407233539	117.6484718428264	96.61152893267828	88.01778961315777
79.64949491648382	109.3539620241983	111.8557354946928	88.61632172573231	92.606748337667	92.69974570302024	77.85108564920338	114.049521589642	121.1775905399136	99.89390745912749	93.35185759869798	101.0879372839748	111.1961009094042	113.2218134912528	79.82349132298641	82.41420725015058	119.0426852404179	108.1384797683432	118.8439793323606	102.0330032384579	84.61987973435045	118.4600734588029	94.90151007562581	108.943436594038	77.64460310000972
86.35394204121069	113.5518995517798	77.96381706232076	115.6857251503775	78.02565263884581	119.4414924711016	120.2268595632382	106.9830517687158	80.88218403054884	95.25590629195852	114.1443233140148	98.87845609493534	79.90152812926459	119.344558271168	103.1781212498698	96.64294895318667	108.293427218074	111.9238787928795	115.1410447259911	112.8032153617687	115.6124105548261	104.4359938244431	110.132089066848	95.26062755853823	94.89682902150432
113.2650535724301	102.3976318457068	82.00094501698059	113.2526305761961	83.45728217637451	102.4288438068508	100.3758917168692	115.7756064765225	83.92324239980745	88.6948319711245	112.2488506553768	103.3751671150782	97.79898573304095	111.3894337812527	120.9588453829921	85.10793049419553	117.7938706998804	90.31361474993112	88.83721015493651	103.3106171878339	95.29404563436728	78.38281018626071	91.48901245911453	78.93822690822843	110.7928109804069
87.85579711358663	120.4180510081871	110.7363957440044	95.18686797986106	116.842717461996	118.682987441337	116.1679239590731	110.1507863252147	84.34834202575101	86.33291192957947	97.5814943013276	108.9793661811439	120.5726605831533	80.03755273554475	100.5703588010187	110.5782478406653	86.44750206748979	78.1537419170666	105.5769532802864	95.42768490972821	99.30285439058881	98.71644771495119	101.7258345223169	106.5974304758703	115.5795995178302
109.9363821958186	91.17434826214608	81.23193727267325	102.8866744553509	107.2456878465502	107.45100912677	93.51944646921194	112.1239357644753	90.64414956668089	103.8271576284566	105.8816797109073	77.19218807990374	94.54253503917906	94.07996978791031	93.47687813440672	106.0870204345152	75.6218839853986	113.5655115794131	79.34491704862369	84.90057870947513	114.3045404887088	88.92664178539421	89.56442856058008	82.4556795885986	116.1104767265921
104.3670837679925	113.6484780706524	88.70025476411303	104.5246301986643	89.26099912669201	92.3258731524474	120.6473218132869	95.89641479369001	88.66056404119198	106.5649619789477	87.73080903793732	78.81592239100074	94.85602261745424	86.63749927086643	89.44642400255289	84.8054490391377	74.27437458694155	76.34242556368092	112.6216701356993	95.6212936972011	97.66467490356175	79.41127096499871	95.67680600212853	110.0456922386335	100.6110046352688
111.9876279478532	96.60691542029247	106.8714727469828	110.3550754515613	108.3077204316623	112.1918138511738	86.05446378049089	94.6762904726955	107.7093077651013	86.77033485034758	115.265842610231	113.2939534760679	112.1584294043117	84.42310448778042	119.6007097033601	99.35505304277434	101.5951033614366	108.3791494528807	82.7725164807768	115.3927745308748	107.4098601937806	112.5865038951463	74.0773903848109	91.12020927914075	108.7939603104212
99.79950185325376	91.89503996503197	97.07104202310848	108.5578392423413	100.6820576639898	120.2320820731055	119.7346985142961	113.004468595373	89.4021403897371	80.39415766977757	99.07676223740702	101.9262124431489	87.97519599276869	120.1755594737631	83.59670074931879	95.85164507751789	78.50086631365397	118.5325841345549	75.96476071484732	90.84539714218683	113.5772374609948	88.86403964291337	99.99590400741562	107.9234476331562	78.64345998374426
98.5758796090125	80.04973548115075	86.46411421939821	93.89008105652694	114.0126304047234	93.3470833051676	97.18475971602081	85.99909870766565	87.35052805196229	113.9288538078534	115.3002421337184	82.92658288503713	97.77759263985345	99.00763702273406	100.4430082248364	86.17542013694914	118.9738356427327	99.38861340633466	94.47366403577664	100.2553383704894	90.01867327157923	103.3315696395789	83.41906789524825	81.55505436755342	102.699822938354
106.6864911343527	86.67840113209817	118.0882994673013	92.78973909445185	92.95447055676553	121.351778581414	82.07190408222957	109.9643281924687	81.2032087663969	116.2988414352777	112.9450942958674	83.87258312386868	85.95709660777997	115.6186250296302	117.0032765250895	103.8568419448851	92.49778168118408	98.53325568001353	82.42225950554732	91.67179940626292	88.62717863777725	117.3424990548862	114.6878390644418	105.8090257936077	109.8759948042918
94.67159955732731	104.910966846351	89.5982486605413	85.54504261418938	112.6341924485463	119.2300715787287	90.00765219544408	85.20974541387523	113.5863139736042	106.8956923254494	83.87834559034235	97.1804255668511	116.2517572941387	110.0154022032328	89.04112311568468	110.3010004784459	84.85056328553655	87.37606692896468	100.0663856874619	96.79452303918995	109.6324025802435	111.400796158167	88.64721069575153	98.15179553525493	113.2644661596475
86.30813787409269	83.93060929355138	111.9219202666814	95.22125734828981	82.65046120935172	104.0686255705057	89.18827561305226	86.89413606626488	101.8076542475879	81.66801537787228	92.66511100755719	109.92738672529	91.40488695701042	118.0484900504405	108.3060996536181	93.47243448923214	104.8129302356083	83.61225554373868	92.72223551553063	118.8430036940907	102.1980315286791	79.90294792624037	98.31617612888714	95.63722169049576	111.2244040742145
91.92159975764585	79.57943988166731	96.58813217039983	89.44742136856996	83.70604408462884	106.1353049951964	91.60396977831749	118.6465082828683	116.1984797406558	94.49480238238951	78.72116645471161	95.06592093155997	116.8012741337209	110.523593713116	89.9410327741607	91.83298464547605	115.520649373325	112.3921581876108	117.0279156965127	102.2980224711776	110.0438004844004	85.31144762582878	115.194168486743	102.8098607927984	108.3461618043034
88.74656902914819	80.55165926626027	87.96270977741997	114.1875613139346	82.22950050914054	116.8022503912915	85.70113415264331	75.46912816642656	104.1215471495262	104.3354353542919	115.3883501576823	85.35701636052313	115.3782763008272	86.01857745292494	114.1024620892987	93.95405415977987	95.66608383568868	103.9349880885352	110.8610892222906	82.76326988239538	120.044870929846	81.12985809223673	115.0458429423757	120.835194894005	94.47176078020441
116.1596036436633	104.765054357966	82.92731141994379	109.8988107692849	121.9196614493137	116.9900053078179	95.57381440822812	76.99709008311396	113.8091419688079	83.27244967436359	115.8946172609739	93.85102147462509	83.37930611358937	78.92655147000967	89.70631498992336	105.5325809250953	113.6707475634244	116.514927938998	80.42278464160883	100.8144296291131	88.30019155123351	83.9015044758937	77.08460992899529	106.5661521254914	107.081709446196
116.2816041700098	109.2869660271491	104.5427222875021	118.831759163766	92.28907364496561	84.84781878872809	90.51597208210332	117.3688679293628	120.8003076669465	121.2195804092335	108.9466714880205	101.4339613060898	98.78302723681841	101.1486910395188	80.10803895310579	116.0670320633498	94.28907255234051	91.6503656485668	111.2247850337152	79.02063727312486	100.751265406536	100.2137061117295	77.82672830307135	94.91438699943548	107.272902333048
84.07766273926741	91.8746502942148	119.526630421816	102.5214837526973	97.01759561087871	104.8440346720742	101.2206562441975	103.4758428774435	118.3450998024264	82.58289348509884	94.78587948614887	118.0307349734393	87.01936575659208	111.6841526828143	77.89798788888977	95.54321640339995	92.39567873582143	93.05422498309797	107.1597901623154	79.96144402627058	108.5089095422975	105.5303305417592	113.4431481421051	92.03447604449673	92.46459556210971
94.08326942012552	110.6847145453096	99.63946471529728	86.95181755086352	85.61626194852647	91.10061216205933	87.81010176127394	96.50052203017637	79.52861453008893	121.7007794606093	118.9868707404567	90.49351856282631	77.81783140095007	108.9013231961442	115.0178441204724	106.2341359843711	88.86367550827964	118.2953920497316	101.0301629395259	115.0208543809794	88.49147046355296	99.84049808039155	82.20384930959408	77.75330887889186	78.48224383371794
113.8662053216115	93.20546319451192	101.0215443271197	105.9051149786355	111.9495560711725	102.3408066900134	104.6912401925379	110.4568543596775	94.42994409883556	82.32758998246828	116.4292448024167	79.74875910962396	82.82050427014902	79.18156756969222	91.28802826079634	100.3283151531255	112.4675085084853	92.9282636135225	77.19616936758209	112.0491682526794	94.47897066365634	96.80527458947905	80.62741339722143	112.9375198913251	90.51208710358043
82.76412127809651	80.11266421050863	90.89376631307162	79.14814423612121	81.21783529891378	90.93150657684467	108.5092120140462	74.02261172154788	80.6062423728835	91.23343152098442	78.17617739765521	89.51468946042746	85.49900963507197	91.24452342900663	113.8827620199373	116.1031955718063	75.43430163352058	95.56581634777334	111.373109357201	91.78891743713244	119.1791484572101	94.79460448241332	77.20601362826362	96.70526305229015	115.0993607109335
119.7885225707083	109.399312860043	114.6206595470254	113.1924646434089	97.77505044756796	101.0192005037497	116.6721991588274	93.78883061440399	100.4282407006644	89.606727590009	81.40296077943994	79.54461522048419	110.2574548246531	77.19726088894876	96.34784802844202	109.0305851781748	77.40911812725358	118.3192450793496	89.60464004948609	98.73991307604506	96.42121625169197	119.3509748242612	94.98025898511128	108.8259630777931	78.74220243588196
112.5960674524628	85.0151964754852	83.42997005452756	87.0437069611383	109.3681860587954	84.18451895115699	88.86691738401584	89.099086362714	103.740222950045	111.6065981288578	81.68514123671748	85.75616547719542	88.80079175281035	79.56305422018693	107.280752027438	85.96585213054223	114.649046207127	100.8748444827451	86.15559794934825	74.81493715475752	106.8001663770713	110.6978236026319	97.23065230486024	118.8934864917541	92.83062971143727
86.5925949548798	88.15390513709056	91.68976180904505	102.0402840836713	112.4398139486084	98.51557565893036	92.79993152284388	81.58656079498472	91.27271798217109	116.6282188981367	97.72070182418631	90.22962446349473	107.2807560929328	103.8020901372827	84.87354105477048	104.1073505860532	93.05585349557988	102.9996489151412	98.02552508612675	82.60349260404584	100.6355774941601	119.2561739279367	112.6370974550082	116.8786504982351	119.6478803685515
91.17010971380056	99.580707147703	78.50961386099185	104.6819028545216	82.24816665960688	107.529471783895	121.3636894867018	76.9994792097939	121.8298885008852	91.86099382072609	81.49265676220733	112.6523170883806	119.0989401709538	114.8329039152362	112.7661292726117	93.87409880138142	98.19147020808637	113.2798219393985	111.5628636108127	105.5705242168495	97.77008728528932	80.01625799786331	114.8810153126743	87.32144052599369	110.3722310880395
