1.295097389171871	2.611719902759372	91.8266247976332	107.8425386014598	47.7916112947981	48.79967995748392	2.051070898405886	94.84262075910215	56.69900118488323	56.80377174775653	68.06572606966331	95.50011367910497	106.0828901812519	92.44109873867374	0.2172404509108929	5.160116088104008	98.14605894935296	108.5689193558977	102.3222241993043	102.3979158288744	18.92408831960289	59.62051033388708	101.8200920771393	62.88401578995293	0.1679201596263891
53.70458992639092	44.31416740431281	91.2840692093326	105.585839555323	94.69406683085707	90.10868166181591	48.91479574626699	64.47269197584988	92.26133613534434	74.5658873784374	106.8019130432397	95.6614738594657	92.52909545219038	112.3813110270733	51.50946102477984	60.84527487625483	64.12302435581147	87.61481823648228	79.36142247988067	84.71167634238935	58.81689948149626	88.70835941992782	60.00592089578669	91.50229340548648	74.62753446516054
53.96322803120981	77.27334809897954	68.95210128386753	90.73951842829254	85.97149365108486	79.96908452840751	59.8569964168106	50.95960266214743	85.41546551670734	85.43821508469722	109.8202896873715	103.3948852432774	92.80220168119193	85.39271259161092	57.43455717178652	58.80916217940164	33.95461523432468	110.7431103494187	51.69206566924844	50.02952801042879	88.24664487146072	86.38065388792369	56.16234836935698	110.6793014211399	80.60829083888186
77.60410241366768	95.57758043460706	59.02154057132086	72.19934417101408	108.8464314791817	94.97290469846943	78.56913670964892	44.60532795189827	94.12243529672533	94.27512454175553	89.1641916701696	77.72660813806118	105.2121760346543	93.1844395421512	86.67047546139975	89.48882685550075	20.34688294326747	100.8061597038666	68.29164607831443	45.43346414351536	77.89511577072165	95.9274686905581	50.756774880752	107.1679976395421	98.22660084477373
1.701128907870032	47.55737983322894	105.5714089961451	89.36887828587474	58.80277828041942	70.39252859460215	23.26047998166477	81.00565671369198	72.92331808830545	76.51983252747121	100.1547722500158	110.7187337537577	91.24776073619934	84.36852745105961	8.462559304565566	38.35485086643129	66.86732151642603	90.9049424429156	105.1330471175327	73.0480292516301	53.63821214592541	81.1079928852353	80.44880859515133	100.3444192894633	52.95572081154278
59.61998458573588	82.4885832303689	78.57728960702913	89.57290490944374	82.36119930761453	88.14218709505163	56.0969357154404	72.79163170251974	103.7421457227967	81.96388709509667	102.596671835657	103.3877591889946	108.2767141705027	113.1651173672783	72.4250355120208	63.14645081741276	49.946699770333	102.342198688798	66.79600973850353	58.58994550444534	81.14761552320161	79.95517921941597	44.00161485400776	106.6509213582558	69.71747660080514
5.405283560786824	3.024759920484779	100.5609160441971	94.03183985539988	66.03023198713495	48.20715005746212	0.1225240758722648	80.04736597209707	49.87936534154592	59.27941564467312	87.62636019186422	93.09565626251302	92.1622036485106	83.95361566575592	9.339487731730557	16.56976938734774	83.10048719543367	101.4464718303277	110.0781792035817	104.2833673097302	47.21648067709788	59.77015079445238	98.58390630730321	96.95964214492506	15.28046947780791
91.43903665189097	93.40078362962642	51.14290709618086	64.39741898247517	107.9367887239589	93.10656868982623	73.78777989379896	8.025646380097808	108.0179884892177	96.21311316743342	102.8879260204332	74.89431615018064	82.17584465054307	94.26917524755163	74.79277626350748	83.92838438652372	0.1055338697724105	83.29382072222434	17.06806291624503	3.695355737096392	104.1770606972877	85.33270454293192	7.007810510364521	88.64284570755862	109.1847574151923
36.87429696301485	65.1731377679464	81.15367230235069	106.3673217376664	87.33614315821173	98.61660987439777	39.94362336351271	75.45245808874566	90.17016484889831	98.94473837562138	111.7527518304019	107.3307862093458	110.438471236715	85.18762441746421	48.72419668613665	73.38914484340444	46.39077679620387	87.39628063175608	73.42814535681222	74.14460644921283	63.28968981309427	97.59313595723188	67.23688297394494	93.97112500485044	56.15853700473139
69.47038720704792	86.39572926800517	64.25584704855213	66.75492101095764	112.159886168464	86.19735323919052	87.339138549148	32.47333147092046	104.3382222674856	88.13229582239055	85.75148108878237	85.14426533966736	81.72676698725884	93.82740811637791	89.87668845851186	73.60323363169755	39.20772466274182	86.94060640052174	58.0766949841467	39.02862790296905	85.20762032400525	105.0210701872505	18.23405307171428	94.49330121212884	78.53512852480942
65.21291110095774	96.29073538380852	53.74769881382267	59.15436870455676	109.6096673672827	99.60163210612212	76.03453847357946	37.08904584335717	102.6404387122587	93.03581062037952	103.3660862829884	100.330108126856	82.34987987536036	103.9590288908503	66.40448462057688	79.61307461579347	17.87931312231419	94.51192085119835	40.11978289886132	48.31314255465774	101.6851359121382	104.8625828979966	33.05391581803859	103.2809630448667	77.79427506585185
82.3105785931791	96.25347698527293	21.96652626207516	50.52875328064601	111.0550726396412	87.7480412538922	81.65088369159542	2.115224253704722	89.11567860222253	84.87514921789956	108.1995702987572	53.08355406875461	69.33479231363252	89.5137652735074	105.1674072518495	99.41279993714164	0.6304928788077575	92.84335283425654	18.4913479792186	2.509246577474417	100.9180418536587	88.56101330192588	0.4482503078656094	75.5795799405939	112.6225522126836
68.82095818276215	98.60150106427744	50.27990116017952	57.68881721233038	88.614539067179	92.9103490783364	76.49697346156341	17.7188185546732	87.36651710514303	110.7431737424007	113.0686493535137	78.64627173820084	79.68302174526416	102.5676260730339	92.68117908461235	81.88339387922073	8.966261361121028	102.8339764189876	37.40877315847958	33.66203193316434	101.0521728894325	107.6341452798537	19.47056679654951	98.81541827923297	83.77690320271009
47.47888511324955	72.44450746815905	101.0855365043973	80.51784913248315	84.65280747276429	81.08489662894095	46.23520149414887	55.85865981023439	91.26796222782241	99.78335179718331	90.34464193169215	87.60921431533737	91.01909464848784	111.1621501195012	62.2198049268318	76.32845866970617	63.78532634298665	111.9584609942712	86.77540047926742	73.86393450763163	61.5260362528856	97.11305226685715	65.46163454655942	86.90867110088952	75.56198701336582
68.40087062552612	81.27237326049796	75.17175714665403	86.71193102100555	92.9428922941199	85.02992463062861	47.16171092219894	59.9821750263327	88.5940415966398	89.40599726081172	86.26408788558155	98.82065393079462	96.59163089353049	105.878471622351	52.28375020327212	75.08887118619342	37.35889567051129	89.31681484343913	70.41822769220032	56.33608657125606	81.51145283581775	89.14700785123568	66.64596118911376	96.35425929060121	85.96646010746129
82.74991136298311	109.0023012751574	33.17979683276732	23.12854613463676	108.2635596827727	98.29372979939104	83.74647550459069	0.9236010730262676	92.87486571405859	102.8563656852852	92.92571852984284	52.06134205386846	57.53855520034168	84.20873398230064	82.4234569456713	104.5038552100952	2.260227781124625	65.93970118650907	0.3712048163433207	0.9362275419569224	93.01274090478887	112.6335902821253	2.551892859914824	94.43282968037464	110.1483988932384
90.33812747771661	94.31715894449729	50.71565902194924	63.29925951138107	99.88338379695556	88.31961515960211	96.27064786471573	36.34899791334678	113.017237050345	100.7729311161814	108.1007753006342	81.51785766854265	76.55515590639932	80.27878525250937	70.40293470324785	78.67334319235326	1.918968048971486	99.02231794887376	29.97961001857648	20.06890040766652	108.653758219359	100.3608492737293	20.39398459653752	94.09431526415634	91.98644604465102
101.6768549506296	86.41693141072508	1.407334962214617	21.12756465648927	99.14067521725261	107.9554244155223	86.73851922393861	1.348186730894132	81.11900453578139	99.8616266661616	103.7431820735675	39.8915324773088	45.04085699244672	64.25955496976681	89.06570269015646	96.76955690644073	1.256383485737564	44.87268693572754	0.8709830735111286	1.986597521670549	91.81214325455954	101.5976430497714	2.893746427893286	63.47642218703177	112.0841481522781
83.42444587651532	83.30795360234728	67.48025922456068	52.09305999662547	92.36778086202095	86.20036794760973	71.48517407349065	17.92382006519281	106.1495212384782	107.9034919363183	105.8721399290301	73.07078026996507	95.29459735697461	88.14708576459039	71.93940846268941	89.446344943426	18.04532618500458	86.87243671017701	41.04101532581136	7.65875625321209	100.7959016361243	104.5238735164949	8.35932087429552	87.45021905323837	92.34299587703676
96.51214696435125	81.48587481229505	53.79304481520717	56.45270963766058	102.0210637238882	96.03238781726954	89.49837800095361	1.2083040657289	114.8477755946759	112.30975176371	113.7309286914567	65.01877305196662	62.1748717305109	101.1892841432063	77.30270536232985	81.50128351906173	1.375055649872819	81.08196327823863	11.30486399987583	10.21019776644728	103.2161279471562	110.0661601227105	2.178054109306684	89.79136119002162	94.22436480357015
63.84869688479993	59.89408372319927	71.95320056376629	99.2663096356178	78.10904892529287	79.52053809979168	56.20356832157475	62.80209905221925	83.13824986312927	84.47198801679775	95.64972159830387	100.1415655061316	88.50432957998611	101.142192277912	69.68676402084064	60.15035840651883	46.36413843660061	96.18300780107198	77.92839317205922	63.32873318182429	81.91559494407502	110.1072631923499	37.88233948030966	97.3065256464171	91.97038161363898
53.22144078919945	76.70041724709795	89.28634928237756	80.83990643986533	95.95079924944929	95.6918867052953	51.62867628022377	56.89281446580021	91.20802581488961	101.2449735440817	88.6168415234731	96.1128197953294	101.3931211694452	99.7704274639926	55.74333453109811	68.96955395106151	47.02144271157792	86.06804720714879	75.69700697550535	67.17066708539954	69.06634956788533	100.3314385130332	40.16914963042537	111.5003974869226	84.17306612759286
70.09208759281152	83.54889900142159	80.00511758637438	95.34582881368723	107.2347996034663	98.50762584269431	49.18560191314016	60.76738842098187	86.05979509807226	88.22957070025814	107.3686924324393	91.98251177967472	83.68458117368958	98.24301619987101	59.31358464197173	68.98437985367779	57.80148773631083	95.50919182740644	57.2457619524382	69.38503326485585	78.18211668646987	97.64107138543433	41.98280688657486	98.20735628341781	78.39738578594262
87.97048069774732	98.044301884541	43.70048723605344	69.75850670802356	114.4086160922007	114.3635759100169	76.68026036913592	10.52740023579212	86.78465044975594	95.32286865648386	88.83503448297014	83.37230778214281	88.87197823964375	97.33652540137902	101.0954120631968	80.60316610795664	2.089296045205733	84.64253877633722	16.78636346973868	2.433940357546125	94.27009439361315	108.6432081879566	11.34454552645597	90.37106857918266	107.4111595410836
108.1628055825621	112.7179410275716	10.97873268735752	45.0540056713057	100.7709771333748	113.0023768306581	95.27277682595357	2.721837591559317	96.30330566061157	112.3171620448953	111.318359106171	46.70742946373098	63.08338189898362	77.85318531528733	107.3841637033912	90.15767706457021	1.106305855915616	85.36148150960777	0.1905905815596431	2.49870008983327	107.7604336346775	103.3591575959564	1.601250838009742	83.21231285042604	85.11721375320751
82.89591408298247	88.93391965522054	14.40004007291863	20.50686330527937	90.88240327704602	107.1654358482265	101.3458652734756	2.154307208882661	106.3692055919477	114.8461210246813	110.5985714320079	61.72619419766239	60.04789502688897	72.83672210176347	92.81537868291862	92.77572674501766	2.101186831976353	64.0442507459361	2.945397934831598	0.55220345450924	110.0920962582625	113.8770852183866	1.197083429022874	70.02373957434246	87.82666934917407
67.59648327091649	81.73652856763255	93.90372395082582	96.94677996870246	93.31731813441822	91.61538704650685	58.11718538525693	45.35825584999957	99.41642293356188	93.42918995793256	109.5239583073934	82.31342635977936	101.4986962971858	107.3122514919893	65.35362294381447	60.62303811173724	41.85603872659598	100.5598972862118	72.82831808315177	69.09152741188328	81.75113788791981	107.8009714177594	57.13117675428194	107.8783844021292	72.28797879086953
105.0413160403737	102.7327024154448	2.650899466690142	27.30126447535935	85.4972100344056	91.89456223525585	97.78384212114128	0.6105283186982442	86.04523767974369	101.5316917312953	80.87149620745205	48.50144512481209	34.52471480753837	72.36794987083618	91.66821985746576	91.02922866287953	0.9466185189370719	74.88232819433938	2.221213776068951	2.26936888796673	105.9964656296828	91.52276059548007	2.683014205936407	62.38658535202698	102.6544311578817
113.9494154145747	100.1515257025407	1.683137384544423	20.02490154475772	84.66527803530171	101.2505831305821	96.56813265805462	2.713847825280397	104.5806138225217	105.6275504198003	102.0641100084214	27.5616141356602	25.90829645927733	54.80221410596407	105.9090660977183	93.35198518668957	0.7784522543073862	68.43158513287679	0.8746920145019659	1.544889482727012	97.54771803182039	93.80317276080683	0.2366208167713164	81.72759335623817	107.3982995135102
71.10418658075716	61.64794216445908	83.53538566568901	75.04156850940947	105.3639968843377	86.64766578745481	43.83912933130111	57.24528733882616	103.7424145017446	80.71013141168382	92.58254748732858	107.364957006881	83.66612566170993	94.33785364237343	68.80200936964081	65.51481451164928	50.55125821729276	99.66829448560156	62.83720587557816	65.80929551406939	80.08811180153835	102.1712792480071	66.89557927759716	97.11712862692954	63.01981140867254
109.8046049074981	107.4459386030735	17.71836490692286	36.9759610361087	83.50566009660284	95.66770671271685	106.48552348504	2.581354638752957	100.4618175086417	90.68570433150117	97.51112978947127	60.9197287802169	50.47719655453855	76.44550481880303	89.92549005401352	105.5098921494946	2.269202304536101	69.67828235130082	1.209550806500678	0.8617093129283897	91.45372688034037	86.44714700018818	0.8805591730466664	79.73387334535261	90.68715909815279
68.434305192464	89.74025997981983	62.42453989905904	80.14920299276136	102.1723705995441	110.6111209395116	66.3054329957436	52.34642145815798	104.8179827108922	84.75495896104107	87.84554674546879	79.81916690292404	82.40314113000026	87.19133674665802	71.28658093784691	83.56796846323684	22.82555344060076	106.7907211411087	63.64010162178712	45.89753140580734	76.16303573389835	110.8801409680765	25.09426373790075	87.99898159464036	88.81250515943998
87.59233126998051	110.4472340344903	1.075181658109282	2.512903941014621	82.47059382180704	97.68530784704564	105.159084896459	2.102048955870565	106.2430713435717	102.4323614915916	85.51943954222159	36.7800244546556	56.27481811362797	64.08464286864648	87.11333404848699	104.2441004396316	1.120351798743389	56.57437297727691	1.108657301656244	2.8720210484261	102.0172204298236	101.6040190368391	2.517845688958508	86.6809498274621	86.56551765867611
96.51362922438783	104.4777857138069	5.156184194626263	3.79674555635097	103.9273737753311	82.53132010367572	104.4010431943846	1.217335136319602	94.28510126155517	112.9549228191448	97.99725586383998	38.98892020917562	55.17532533349406	52.99206572767157	92.90927886961795	107.4041411762334	1.91596419804675	46.38535683110793	0.8804477934696999	1.751295861812665	94.08470383743098	106.3394864774485	1.113987784585029	76.48545747095024	89.87484588314658
110.0311746472414	98.31191459092028	0.6299461535092339	1.013328689934072	92.82603017729855	92.27242912609329	106.5248488374121	2.383131316986759	87.79145514017031	79.25975646008148	84.41917658795083	0.6990062028053392	22.85604891731209	48.76579385446189	100.9959265229219	95.45235405093131	1.106674286993353	29.60407003812705	2.105049743155975	0.3858572960602323	104.4287804518775	99.55385140350036	2.990212422659766	59.36025186353956	107.8777774941192
107.2315273475971	98.44871089771806	1.63878444701478	1.519582917520998	91.54349303423506	92.92304135502984	93.36464135590107	1.957700167627479	83.15926225892349	82.80466333775831	91.81016288712834	4.913130735519772	8.424289161067911	62.3931472090776	101.705414917223	112.7998914930119	2.969263479821422	48.01336690074464	1.630688858550144	1.442009704881374	111.438294046264	81.73171210581603	2.054313945225881	45.56741278444924	109.5605577252009
104.2492537277427	110.4724110047578	1.930414182165095	2.573113900843961	92.19200774153809	82.62278592146045	85.57739687092071	2.294771587960629	102.430432773599	108.9511416926267	97.04203533651201	44.24487598189352	43.0853418543122	59.44141158088814	96.79055342768623	105.5760599080812	0.9742050496597905	63.75545918946541	2.238382903837363	0.3207214254089538	94.65956076465807	91.27585043073816	2.779092606580836	53.69405560450691	96.67530653594729
67.02293876049389	65.62400119244992	80.11271624490328	96.3869062380971	84.49236466103875	85.28059940132634	72.64339331137512	58.81131305782714	80.89133861652088	81.53541310326229	111.991558594476	83.68313100262195	88.41141898968863	104.9490112451446	73.48781801643082	58.84103973654128	54.68309737201946	113.5906310631326	65.00971213875472	50.55346723921716	83.57321397234838	91.79023947641679	46.34208188829437	92.48055734222216	88.48788205441635
94.03708060968857	94.07476754806781	1.138726909095222	1.700579445686376	90.98399935567943	92.20792102530332	85.96091607377316	0.2664310921578834	86.49332314968322	94.95392658229397	69.2744653918831	20.53213875339698	42.61126463647813	38.9232081330472	110.8606996302326	114.0924964091761	1.491946316363235	46.93952883737214	0.4187175101671456	0.6648920193040595	104.1364473605874	108.194603150915	0.2627031210115084	61.79612054178888	86.57434232168082
88.92463434746765	96.03482724256463	2.593771926033769	2.408794457461633	89.25892687506855	93.6466855086007	87.77952277798282	2.353657757655546	92.69956072312993	92.61992328858798	67.76045764701898	9.141005400355105	30.76970893029196	37.74561802144572	96.75916033531297	103.160770667079	2.306172781729633	60.32986595555427	0.6499295306279198	0.552431173438378	92.77876033939026	85.18717898866782	0.4991121239320791	47.4144559985476	97.38457154618878
111.4574011478249	101.134866067179	0.1215285021234941	0.8400082880576054	79.74843328466631	80.89453249585932	108.6526624710675	2.335054344665435	83.90496073530097	94.7421626569198	88.93821517416417	21.09840397417171	3.237995984558502	47.4654498838802	107.4333158303398	112.5223520404184	1.575985650601544	37.14436343461622	2.684559834364729	1.588987419819865	106.239804198814	105.6596720121498	1.019561211310602	48.67052033553954	113.2025740308678
82.20075167014291	86.85625435745564	43.3753429384109	54.79532195879014	87.76516096520454	88.95174882170893	86.49894068347324	0.5006784889383307	106.3289877438629	101.5731220881456	102.6231731224602	77.33820569559867	72.55062341250752	98.14208520420509	86.97813592200043	93.38628173894517	15.68589420191362	77.15729396384955	17.8593671068229	6.810281430623249	87.12016989855971	106.1973973219071	1.300519055028795	103.5869709111793	84.38438926903093
98.94811797152376	89.72746858299578	28.67992982850966	59.78719319933256	86.09167227990028	102.882842257534	102.7564341406556	8.380368734167867	91.86429886473738	86.08197759853049	86.93026841241161	66.51730036459415	78.45469455927427	85.94174504054178	78.49980502722791	89.42943690490017	0.5991905654678322	98.05395449152257	4.629041723755318	7.558601286616973	94.00058763954715	101.8939180657359	2.985427479050525	84.79615110209272	92.19485598820715
112.6354622689729	100.7375830830874	2.823132478847429	0.2493269322066198	70.49312780470866	82.61266600519932	93.56852445467011	2.029110721689406	72.44043623151143	102.1597627542755	74.84105853625213	7.371133093866518	0.01893872703409296	28.04380925067586	92.89141366688142	110.3991174994885	0.5306462318959855	32.77803871990474	1.313903518616053	0.6909193022729174	101.8771690418006	89.67353520868137	0.8329211546812314	32.06132474477094	112.7349288898419
95.39130645289224	76.85012396576384	60.50154073178554	74.26441609537036	92.13070263680972	103.3502523060983	94.56310255044852	32.36953740325376	92.93362788569213	105.932158064837	93.57181922072802	92.7143146031972	76.23566444411668	100.000012063914	90.58218700320457	97.70934118187586	4.938839973521503	83.20289937966228	21.6523977720619	11.68615642227303	99.39348042614881	96.47194159690346	6.722490930451762	91.86154640222223	83.90729761813677
87.61064982572992	107.1594014933228	2.776220591359451	9.812280711854068	101.4222099232983	109.7637333980547	84.84424505983073	1.520660262766306	86.26302492645101	95.65439112528396	92.49506997618536	49.81512950473032	65.67779577364429	77.36389418160741	103.7427042015192	94.77569451688349	2.485840032071939	78.88278691534624	0.3443399045395369	1.562710653219891	91.41039917907584	85.5820276497281	2.230445965224364	87.00823744762738	103.7913400105939
111.0423550926209	99.75826657019417	0.5196544909030703	1.745401803461711	93.58713530956577	91.28288512847311	92.96442292000543	0.4996831102621238	96.48292776478179	89.56306619195978	78.29800425215363	26.74636670971613	38.24761591130245	51.42509952987973	98.45669236342043	106.8115497073728	2.57093626216766	47.18555932676469	1.979288587595097	0.453875346197437	87.80877276457842	108.9514311175077	2.12520818489795	69.0207719862138	92.49247240320825
104.4316184780059	105.5194503370094	12.43634616961206	31.73306296917006	86.65654949310253	99.78478484884644	100.0553669738187	2.013212632664882	100.1169831349259	98.10186043332543	81.39313978916346	47.72395970173375	56.2077488289118	81.41328327698898	100.4658441509634	97.77064738776245	0.7822125841519594	57.62898807692278	1.948507156795621	2.686090856976208	111.9914729088969	85.5743626507487	0.7959081368109344	92.65387895034279	103.7087273266608
76.99721579079153	81.52016095559237	1.390734276482117	0.9240068152365257	24.28259426383547	38.8728081455701	71.7483963040612	1.176060926880709	28.0704983343004	41.67428774310956	35.56103681565977	0.2462684043906438	0.5679574977914865	1.195248698469119	89.61605789833527	67.70801130786917	1.1486251892284	0.3956012464612464	0.9760557136022183	1.756780041372838	56.65217010089543	59.85177328679855	1.924393495049757	1.492961477384508	90.17563667532418
75.95347250874046	82.81203500761534	0.9252930648541355	1.75594096350803	42.49159692553415	52.18514592535882	102.7403609881129	0.5794341035300525	65.29448037086948	78.71702884008036	33.54433334722125	2.158072467987143	2.896061664871705	12.03855295518281	85.01238829996095	106.400219698996	0.1636459845142358	2.945269128418186	0.1146236638226715	1.877759262591249	78.52533250536942	70.46646949535486	2.559536230158699	23.48793865856301	103.4730344744565
