2.804815088084542	0.9386442034698628	81.61489010251842	98.66834306077303	0.004973840429886489	20.84063237797042	1.147808847851379	90.32929163020557	1.193112595426901	2.672818026994554	79.16705462018803	91.26614965807599	96.170147231651	84.20292464918688	2.676781521841438	2.272668400385759	74.9092954887693	87.91306971874988	88.6703267769974	71.88128491653325	0.4332629375373062	42.41375891359573	63.88658490361533	50.32439455657743	0.3338038591059038
2.744581391141423	2.013045287044847	109.2934739302562	76.8408130952425	0.3525365789270453	1.155170862080836	2.632028641035617	92.14690979512081	2.412542010721028	0.6123971418266936	6.836504346306612	121.806185575263	86.08458413251104	57.21177600210372	0.6435061969058826	2.542437706593928	70.09768163623771	108.6850670141139	97.28384225029143	63.30236230980951	2.200311789210174	0.2230244424407413	57.31800282485877	18.26552291616185	0.9062415125368384
0.3858663356701542	26.10165620159005	39.17757722101948	43.70757787511168	89.69810302491528	94.82841625174615	1.607211247832796	0.6320095416955178	77.95607429833679	66.37151601208495	102.6182676190993	114.5249127056296	75.51399787564644	72.08755138415044	0.5525695491901459	28.29963523149662	1.9537126155623	79.64759790805938	33.32570267315454	0.9681273581623477	83.92356815360401	96.23580346129148	1.114848988725137	81.47493893531257	72.85626530439765
0.3622822315880161	2.768616732668079	87.99116139977242	61.20993490863223	42.74866041276007	64.31560772970593	2.210403034864588	11.96797964940842	77.4384779841493	57.47654008902572	108.9695505005841	83.42851551577735	108.7374159331804	117.5370352085519	2.118292972693248	0.2192247226036982	28.02416792072263	124.4674126238232	26.48454812043033	30.13530789236749	8.883874937475497	62.6239899187222	19.23810682372842	77.278472042576	13.11335885076009
1.433682191180357	0.6759478962809706	102.8360734792184	123.4299339230546	0.3820205325971759	1.861024572928172	2.754376279250125	87.58475900869745	2.711223354557413	0.3538551347467612	46.97692524050332	72.62415237880792	69.18235202670546	67.83215249798485	2.595546578385556	1.843204789569567	71.04136076396412	76.59307183457875	115.4027614101917	121.233286276799	1.08451495418603	1.738083687567631	115.2097959857448	61.43895817118332	1.228917525376516
1.244705174723272	0.6217759351641392	126.8576726831348	82.20248938820849	0.3239214315098435	8.300115824041605	2.407985582661064	93.12772057871734	0.5995798189037336	2.633286591260473	25.66064092360282	126.8762228944118	123.2006022422479	101.2013851668796	0.8917678557108215	1.616031765266974	88.66211080548956	97.38533493412353	90.16633556522432	97.36649699584225	0.8190969013898737	3.592468600488367	67.80555344375131	58.08823441639129	0.7481878500495915
1.606336580731067	39.08440665404667	64.59482303370859	31.63869871212137	106.0795382836647	70.86158215425755	21.36533833939858	1.981458332593694	103.5416930446375	112.799444108137	119.6763297872002	69.586617431566	97.32110347604485	120.1771551372559	0.1212342653107659	26.13220792241076	0.008722040719725509	110.4923302976447	4.433653609628195	2.367687623339048	82.71762999580484	97.10840792001321	0.5517422647880241	121.0802122588045	25.91442020516515
0.9644169414083841	2.644031457512436	97.64543126433716	127.1505298191899	0.7621796712688986	2.584762980576761	2.251294011851354	80.92153540876971	1.523685858015124	1.889962187310182	36.84127235518187	103.210133785822	87.30884752496567	29.96199081307194	0.7622827253810998	1.558998271361971	103.9150021612057	120.1794315467646	118.8241450227468	106.7851859089816	1.796685705721164	1.333642625240322	89.85893393433713	57.87186915836975	0.3488007268282213
2.828144818229849	1.748139048554453	63.44561178081561	105.3861974663222	20.20026692369265	78.76208762379021	1.667422968634451	59.64605760910322	38.66384927662772	56.15264853973254	102.9266021146337	88.11948449764404	116.5380567792542	99.2390255757762	0.3599040298065359	1.35445173818367	34.96483269431521	122.3955854072947	59.35898348238139	35.79844301729779	1.007699663870579	60.02416441952904	44.37290837527816	108.424041138114	1.343368050897519
1.532790195454007	47.5488747757003	74.19401556421414	48.99592019527006	80.98445705659552	66.27112111763779	5.042324538634723	16.94068124017674	55.27440771910918	99.07787178991396	110.5184387298008	107.5104666361486	80.4463014092577	71.68011225199417	0.1065121948658295	46.50866312263111	2.344566968910036	108.6751829015464	1.93504839287016	1.982309248910306	71.37743075252175	86.8231644853754	1.386507476040747	118.2086161559936	58.19768814204456
58.92678172055484	94.50049248803489	0.7205249791700046	2.359550487312753	105.9139339467274	117.7679238847576	119.3876348986454	1.104946183224049	100.3728195361262	110.9653330301637	92.69103597817137	1.457148827277975	25.91106780363605	81.69855150418475	68.36855388611649	66.86186960597684	0.640209925210981	54.79043245280597	2.543939208474026	2.511669412849549	75.19824490499117	121.9306817030606	1.702313674493742	93.42781296713542	101.9381302975882
2.663173463765915	8.747990545790032	105.4297074606765	74.83964538653369	75.38667099632659	76.69771651161858	1.063232855356667	11.66031856959966	46.24159489107009	25.96514011406407	104.7154833885912	99.04448774019721	71.12047341814436	75.06892823610973	2.138621111733098	1.527496799305674	1.032599099482795	69.52635743309597	25.53444089058123	37.82767026874873	31.39080921480806	69.4654884359575	26.96759185200254	77.26946168948182	19.80641110197494
80.75709742496934	97.05747022514169	0.5585067342137435	2.322539651061478	106.3641597001572	82.87969177188023	83.82213099549463	2.69829732085395	122.0360695431218	93.34177638414839	104.1074499226471	0.2598683098179819	21.298608867569	41.86683632699302	67.75112037563564	104.5535205312235	2.65096344453428	64.70687941024869	2.573480971294285	1.152301934594105	81.35802296911804	98.96942210460844	0.9477925785013348	38.59988259706836	107.5819444877902
9.756367303201607	79.61628930225866	25.90107369486183	49.13926259778179	94.59987671313951	89.98748278857512	33.84679314663401	1.871216846876661	93.17647120028732	98.38197955869396	76.90763838370569	78.54000389181252	86.56752025660249	101.4191582634613	18.09806567431393	52.00513973072879	2.974518465076142	82.3932249513103	1.756616876697619	1.680090514191338	101.9643443603686	79.37310457939698	1.774053668194545	91.16817550282828	81.85010273848982
78.5891855465452	115.7309652181013	1.741190433745155	2.207751653794386	69.0288653385023	98.49619423796716	102.5347459040474	0.4806425323206426	112.0275458711029	103.8216015060743	85.18957270140925	12.10032224813884	26.96868805609812	38.0179049556556	75.56473681980607	76.35996327036989	2.828711874101836	27.74691108233939	1.75125430597718	1.74079126858876	71.75238399353658	77.13045467119062	1.643966881993565	61.05553320619339	108.9170027869536
37.58177441960592	42.49737669051689	2.864848251914566	42.32941862132105	109.4576947266179	81.45645148031049	65.41180881622206	2.941766943070093	78.83903691589387	105.2261081768559	122.7083043663978	51.14739765847069	79.58669877869264	104.2017276459067	72.9223759230042	76.01946860441839	1.88731176061526	110.6486231551724	0.4931613493709285	1.526295571656144	105.7714677010324	117.5365638187693	0.79631110829124	80.09910603921108	95.94832855094819
71.49640744171096	79.44725216657172	1.014354720241351	0.8814775558228038	78.85432404596895	126.5804257024622	83.60627012602887	2.748512596338029	110.0351565261802	83.76198964094124	103.0239313583181	0.7445053506443897	24.72413866455506	62.87198427219738	103.9907089491942	74.33614336954709	0.6932198100753695	39.33121807217996	0.04156480472278493	1.901236261772512	97.96824474519831	95.71485037099779	0.03574799681721622	72.83639527843175	89.7336503446641
98.65362645929213	113.7426735060475	1.655383285698433	0.1636330668985707	81.33802759339807	114.0038555356045	102.2315581991634	1.329593622048693	111.8744403522645	114.7719905424321	102.8064415679741	14.43282612843909	15.68962484605437	64.1627540795985	61.54995068403539	90.34928896084905	2.742702303196961	89.587400633874	1.411839894892936	2.730592912591551	109.4576406093879	76.19841009917629	1.909071949541584	56.66438755497499	65.93243172955856
83.75682423520313	73.61828536145764	1.82202581934204	0.7678495124988904	85.66558883052346	99.61496890463141	84.66846259053253	1.55604073690667	104.5995791263101	113.9898489783741	127.2120499450338	32.2083916301936	46.81656417331587	85.02255968677056	67.80973876892827	81.4403571560174	2.669625342667464	42.94295599756973	1.047446041267014	2.361460425523486	96.29800195775761	79.69385679776325	0.2741525649179859	100.9607518054719	84.21147595490208
66.3997861463515	74.01054553949574	0.2457394936378611	1.867145461777226	83.3241220367958	111.2532735428685	65.09411892826881	2.294379501226897	104.2503928333779	101.0932615866005	102.2055522045694	33.47079746757016	37.31020211001254	91.96761487435866	54.6831733500608	107.0741310945536	1.218648484911776	76.88672153481494	1.65573874038909	1.242204300030936	126.3335766333877	94.51002727859449	1.834571392401187	58.64701621677511	65.63745816159903
2.075860912194537	1.054411106753543	103.2062812555808	95.6976169341107	35.27129524881377	31.22994770631177	2.399448689395564	29.67276183572673	70.68132378246415	26.4559112797091	77.56496935384607	99.54993572037449	72.85557462685451	76.86636407866723	0.4435212836738789	0.8571262818979786	31.653405586206	109.0044030574277	82.7184395191091	18.60374802059005	26.0585478183835	48.36065720603298	17.29818492389474	80.23451569709853	0.2367036681888943
0.6216247352565996	3.339225370496379	50.82636819910982	103.9483671824578	78.93207691148089	71.25194124027982	0.1458564481252348	0.3684575882658905	73.7121598200759	60.74605267350825	88.38133704993798	92.124990636277	111.1513933942343	73.06696881712475	0.9450314124351897	0.6320127137273324	12.3687367539987	120.7258113166038	70.09082561103236	21.73629999585867	2.317131824854773	68.13541738261561	47.04252219350408	93.93304885995076	1.681039866520415
86.28506862055677	127.7943524157844	2.16452377992734	2.853799474261055	100.136499323702	109.6489482802713	70.21812977413549	2.927328882793811	100.343831400707	99.75117817962837	113.2024305434367	4.279827042529831	8.273053514683816	42.89066313716648	68.20942104690722	109.4423215370319	2.845361888010327	48.09886018725274	0.4025820302881316	0.06192296434233138	78.77319677967519	93.70674366263322	1.376848470322412	48.7350137011591	111.1122540325981
1.75213099285294	0.7022987403614926	85.05411664388183	80.51783990250152	40.07422409400601	13.3089966715801	2.000559202002814	51.56832832847167	35.61189325095241	29.08505240808039	103.1179744224569	117.7052742606796	75.65914067698984	114.7648123406136	2.58113010369711	0.1685226955760867	24.18455387471855	87.91132689241226	91.55575468601565	34.18067625446676	1.155509452609927	48.7856875195387	42.87178710600841	76.38140499285325	1.795212569267908
45.19370900867092	101.5762304972042	0.03128004053431979	13.32107896268641	89.961984130904	84.79969771259293	83.21548763436003	0.4951458989517812	85.85285870744443	106.8412058378692	113.9910853015346	56.95520263371935	65.26879264944144	56.75566443193445	85.94173106750293	84.97697549216342	1.113066979511363	95.90050393296708	0.1339489910999072	2.492426053169838	83.15547105696369	103.0390259544944	2.898742669039925	72.20155057823391	100.7229404244286
114.1848644364044	83.6611966380719	0.03315538824428058	1.82845359919952	77.60965117599189	77.34864157559961	76.07736335878698	0.5904449077368872	80.54319423186492	69.66857888890777	91.16597972249974	2.536996487033444	2.79029371541084	2.950989775967897	97.21297839617176	104.2437871576373	0.5031734588556853	22.45512390681655	1.42698575345553	2.569780319952822	88.84757416817295	96.69686943908106	1.136491490426753	23.43838888269437	111.9629977000726
2.629385864487071	0.9993654366303346	63.53772297226351	93.80072197176771	52.17948671000522	34.53852924258665	0.8004855656091723	51.23835993086058	41.10017388087802	16.85577777732567	98.91623784094099	125.1919481240814	124.0983981468449	109.6046965244986	1.541928677352101	2.529422684083684	31.15059521710231	119.1497317881865	78.96482032632323	30.57837020999925	2.165385159818454	56.98170402833189	55.51372578159052	66.39639087121375	4.03248763153718
1.69266428852568	15.49301026861673	36.21301324505833	94.91568869004885	101.2978865044549	67.6914453947698	10.18710921601009	21.56465583832126	65.28741764199464	81.0657677900619	119.4174012094228	97.61753980278421	75.89050218571813	122.1211694091072	2.680966823142441	5.026476283682705	2.584922720661475	88.19708879059223	57.50416964125415	3.634813693371491	23.12385517642623	87.16327977960773	26.08883543857146	123.7178465800985	12.01483532220522
58.5312771357595	70.06015184773227	1.773886202370406	25.17468675074129	105.2051093565508	100.2953537530474	99.10286030417512	1.166180378306257	89.84869843400364	77.51427491190405	107.3320325754233	66.36723721457167	60.7339651309655	75.17229510789518	67.2922384915459	80.58362683151505	0.1426930122472433	76.15727586161421	0.6324717997391149	2.541275990903815	73.77629256830406	117.0316209239023	2.958973748026566	63.43316739152289	110.1775407108981
10.58240506352844	33.8260937442148	49.02592701126804	64.3919631573591	103.1524534335069	102.0724536274115	43.11040170154963	1.877486595109447	111.0312637850768	100.8459683778749	70.31147029653127	98.3574814722113	64.18687934954167	94.15140246523202	52.98424488379614	62.41230715521296	2.480521084469222	78.41644171693522	1.922901009796306	0.4054537391586395	105.2718405255017	68.80701440924291	0.5925162690344106	73.28467956566291	56.12404753773041
40.03383023205932	51.04232355322765	3.485825045883331	25.90631976314234	109.429700441834	69.66442214220667	56.00678285245255	1.175886283749372	111.1375634405019	68.76430479084041	73.81261079821935	96.52933924545653	66.67266194123576	84.13648574933751	25.69741448826184	63.9179683380422	2.527558462185151	82.91857908384183	1.106240779103484	0.8098731562977834	96.83324428892118	125.2853182112343	0.6997218637783071	79.9873773315875	79.65336952160969
73.80024451090722	80.86795851135896	10.05418082068516	1.63997160618537	97.39072021670908	71.94609098500607	64.97308057497364	0.04779846671262647	112.6248740818899	87.42222868440776	101.4782852235937	61.08903964529097	53.76091666815319	95.09759804487499	59.05046981441168	54.16241801464946	0.10450927042196	95.86595975936589	2.308592164314958	0.5828698586743226	78.68060640071896	70.73209236843695	0.9697071434564646	83.21189112398208	103.2318353221393
60.50313262338473	104.5426296468653	0.9561165422036704	2.272766715931106	105.7727580361675	127.3334995858733	68.34368722149051	2.376922304399681	108.2363417566382	105.2168785924489	94.89061601651564	11.87047031288307	62.40141298667575	91.72497295384822	71.43657078424205	117.3622724965062	0.5648292684266705	81.19198997987633	1.147452598382168	1.69761763706139	118.2903017246577	75.31401101199531	0.2606093027415971	78.41227155205374	91.53471673886148
55.92163686229028	88.37052991595675	1.054896610016375	1.249943794736947	103.4853766858779	89.22225015647821	79.37425140834355	0.5872905797187171	105.2451719156321	103.7472006923237	114.8222722198678	1.819874549025874	0.1686686920326395	62.26703734384958	80.99278868578696	99.17776592691206	1.200431676220429	80.24660054508367	0.05148678298744172	0.5828945582077734	98.05329392622508	113.377819201253	2.619459132232634	46.5249531936016	111.8394938515231
24.53584655322592	83.97825748884051	8.376919476248531	55.43036458588963	80.6956944955013	117.2001171097243	35.22746890376138	1.402141269619215	118.2161342261047	85.25184143426708	86.53814171578834	83.40808567015387	69.70096327217125	97.72147999065675	58.22176401454065	31.504577130694	0.9915872864015072	66.20890896943662	0.3581400102477642	0.794622182272618	100.9081548630313	91.68822124316327	1.025027967655477	101.7195905694331	90.62658390190438
81.22787898511535	92.30140192525313	2.243240726322703	14.32827311500117	92.54265576699891	113.2352117591848	56.21926432767955	0.2520143008308569	125.2844727316499	103.4041312778689	71.63533384127739	41.18053311609935	71.08394200138537	61.41115474229504	53.0875193883371	69.81990387299292	0.1604166627544646	106.3894581570791	0.4306666409186937	1.281157692471484	99.51907888678559	72.47480927370687	1.555335768339374	104.9801628157472	60.04823987495335
57.21663865349595	88.05665434581564	0.5381579154630802	4.240526466985642	73.37848836666151	94.02320507245248	55.0915095025936	2.518905936790061	106.5875604748325	114.0386558161686	112.9764287527082	57.17500162353977	85.05005573573914	93.00049052954708	56.47965725354297	46.04387036031359	1.175438704887515	72.84908162701174	1.784593925948765	2.223813326571396	112.2944788259762	74.80340229043604	0.2671224540988173	112.6527090488376	104.0295614822577
82.49810535660056	129.0107055306812	0.5254059824026629	1.379196378308162	97.5578746138109	90.205400298006	87.31395721266504	0.05715647044887953	91.49493628518705	90.73039165325832	84.0781796591292	2.511844885449336	0.8099206564278867	40.10392512621846	124.9660079661222	78.01271231674541	1.180851414089362	14.7171273986808	1.509957669058296	2.5113227831826	104.2646897625763	85.48717218284398	2.587376859880383	29.66648938204337	112.2971182843771
0.06141976499249571	76.27737151084315	39.19973226246594	55.55275302387709	103.2879639766422	101.1692670135327	45.01829488376946	1.853787059118655	61.1616369776944	99.77418737465698	106.6182300384027	86.6390119581913	79.56490620514759	108.0785611603457	19.94726655975741	73.88891955954622	2.802677724392669	84.79709471295384	14.19870575864637	2.430303359695756	94.28734570336862	82.25180791271922	1.002399270011064	71.31991853983808	70.23059260828481
21.41657361308164	69.11910817684412	40.91621569904683	66.70851177156258	118.3301765731323	98.33040967716803	59.07441431932611	2.549119214639591	72.09660332145418	65.74604079836269	73.78724630262371	70.07099201382566	84.45117415465401	124.0201764013368	48.46241140338702	74.14257640685318	1.433602362714641	118.7907964262252	2.803285695963842	1.369090262878794	62.17608798012382	104.2495510893234	2.119032863658555	95.29905240791436	95.2990442442063
91.02426302015978	93.61002116631836	0.09183042963106194	2.238661966149404	79.73666240835266	126.5999752981768	113.8069178168512	2.490776887179369	97.98581192647931	112.0954815511879	98.30584146452733	0.04719654166370194	27.22410376889079	39.51563620633505	113.0974248023937	122.6083167391994	2.800888902082473	42.63596939481357	0.5102607648277331	1.644646992477506	91.97191621640383	98.54229680523736	1.799460703211436	45.97239655220378	90.27292597628337
64.41204290031681	59.50441231685878	0.2076478259119037	1.869373049380147	36.09583888916319	48.85823949668482	64.50035495456135	1.606722389156332	5.39054086892569	86.47361760020097	15.73910660930632	1.676041045126582	1.561172148487453	1.360710124585065	82.02988067930397	113.2236340388832	2.591762790900014	1.18262825885289	1.548456675688179	0.9501773607570712	57.24305361092601	44.214630125665	0.5543026388168728	0.6259180208269466	87.01144777734187
79.05847319028068	114.7193950872144	1.333267778790604	2.960851966749575	104.385725560117	104.8089478551034	56.6596314364148	2.76779933519683	90.38675827425499	106.961625663702	94.23553872417081	9.841129776827003	25.18664050339116	78.11422961747969	71.078238382373	100.6397405983506	0.5464613051915286	57.59921704136312	2.727671052277876	2.547803685854758	97.06526111350465	122.5737701465357	0.1404076180190469	48.54095968990771	78.61866459640567
78.34569132817575	70.32122278737103	2.823765894160517	0.7132601524284885	92.37411553760198	74.46969113534753	122.7792105859544	0.5714730922081113	107.7965182337435	71.70117882445322	86.18394572369048	1.25597683405179	0.3237501505259635	13.03919120278886	122.5108566670005	110.0142151724248	0.4481779591027191	2.398236672534797	1.184044033763071	2.976151253432515	121.6397832698597	80.01355314217273	2.858156785337092	9.259591502359129	97.97837637076567
98.4899464602901	96.44235027732121	0.3330400332390036	0.2265506341216643	107.6234400967562	118.8436687679871	118.2835527751789	0.08151226115492619	111.4817481236121	76.28144482529521	66.97286641127442	0.3064502849930045	0.9583854558622085	20.15181861440968	70.88060993687785	88.86802444369906	1.139848559712482	24.77349881427969	0.4374332912396007	1.333550013543762	119.9500935756717	111.3168408243135	1.078499474200328	17.60601627843124	105.5724650818562
109.4437589236614	94.06184311993452	0.4211661183916468	2.434422574153735	77.87440952325176	79.90987906759079	89.30147854008847	2.875532125008106	104.6705794804864	69.70313236921928	80.64742676253466	1.294236954627498	21.61182396326645	71.53342154770712	115.2159525403971	118.8417584280726	0.1207276296090218	22.60937888031381	1.037601265607731	2.68374528872206	90.575098237891	86.9926957357882	1.429016029496978	76.1618160743067	85.62386396248188
88.21966526169956	50.45035519150548	0.4122799204591234	0.4167342459686698	2.941171884168307	29.10500737188392	67.66675598891939	1.285219074571889	0.7282902514992453	12.03531789269364	2.687013009599746	0.9788876691852184	2.10874209089691	2.393813866949742	85.46451687830648	72.02346411225167	1.750949680805371	1.819159026817896	0.2539726106555197	2.070236100372087	63.11299350940813	31.00972544716652	2.426464175450894	0.6956755746970849	101.6056086040695
92.32118898354247	64.16932253263577	2.582685535090312	1.044910837118162	4.208245179459261	39.9177773289059	92.6050067349401	2.399173613779013	32.36914983272349	71.32409524125271	0.1830593141100965	2.117992217713806	2.150114678678824	0.4985880645753739	104.3045179581831	97.71298787265893	2.495655516058352	2.809141484488293	1.442004542485066	0.562839782946831	65.22758575578914	43.65910736167929	1.873711634884418	2.716246447515094	105.7028329372186
103.2499366255747	76.24085728694388	0.3929642549343058	0.2371558115984924	0.8370191235964397	2.054836954531758	94.19814300461613	1.504594303964445	1.404215882500868	19.5085059000042	2.027386987563776	2.435544384842998	2.56850904449117	2.448091760951233	66.28967595560293	48.24760468819986	1.831619209814237	1.125855077611462	2.322397044163165	0.1569936890941432	24.47978470540134	31.43202148920534	0.86654132381187	0.8938457708648035	81.79029127177027
71.04156409850314	119.7202851347984	0.4827174884144586	1.052592596904108	82.45150668597302	67.60230820301325	95.97622326489952	1.237459080718057	56.06620743046579	103.3014992666961	84.74520832285795	2.793593654733411	0.8135853305624232	0.06162259216908053	127.147291398264	92.16441923704727	2.475020421561032	1.560448304540508	0.9398224081250997	0.1110597375404375	126.397424428565	72.96651841819845	2.961524320315127	0.987142203080017	96.71532650008336
