96.11044417230083	97.2040605237209	99.44190226411749	99.71480593983195	98.93369057843849	99.04222608361283	96.33775609761094	98.26605521209235	98.85172383591546	98.71736913008786	99.68912946500154	99.96909109146121	99.99093973297956	99.91886914836388	96.491965113509	96.98639555440539	97.77192205807633	99.94903402752949	98.79738433027747	98.38473928222392	97.99301611127031	99.32302115833316	98.14229016417525	99.81493660518642	97.5484869856426
95.11733080618784	96.42050195478052	99.722674862411	99.89787619961726	98.38527474495092	98.5466764995379	95.3546206211162	98.84349817677217	98.30408300805595	98.18460791204583	99.38128449943548	99.98119101487418	99.96863351868743	99.7255933923196	95.63821688333663	96.19312336607231	98.40396841298001	99.95886612493371	99.26275090342129	98.8812625171518	97.28177504746442	98.85232531781419	98.66379757379559	99.57246894675792	96.82113308902923
91.30681288763456	93.03654910330388	99.99368118510668	99.98048681931807	95.97011819023778	96.1973271649582	91.69294034193929	99.87406567465682	95.88789065813059	95.60169012846647	97.71661418084962	99.8692747960564	99.79202019364499	98.41388756333338	91.96748137563138	92.74230851317759	99.72469454337387	99.66237984770785	99.9738250894504	99.88720492651012	94.30180301813968	96.74706877752595	99.81926889916892	98.08496490957303	93.57520591076701
90.75561154035144	92.50956614222784	99.9843918018646	99.93824736649394	95.55263513994919	95.80343635349894	91.15186632387828	99.94080716771859	95.41886910018079	95.19488141867024	97.41514364592075	99.78679623815	99.69881033468421	98.16495244853444	91.4081752398871	92.17630005683515	99.82232786504201	99.5173464313801	99.99352767703567	99.94722950347327	93.80802026029427	96.41080787429729	99.89801030008628	97.78085470316823	93.08837481891831
95.80680130192546	97.02307471436768	99.49793302534675	99.76036498427439	98.82262442702502	98.90308711466422	96.07123905140551	98.42609460962873	98.7594667483388	98.61135325475826	99.62225528783426	99.9844269192058	99.99367394437638	99.88437539982105	96.28718981449742	96.76743554780388	97.93928005031231	99.94662996237706	98.90601704353514	98.49263611259008	97.81088109565322	99.20362779762418	98.29761962128505	99.78352373891597	97.36231338794138
95.0248285559607	96.28174747598676	99.75530711490728	99.9132780200936	98.31817832277788	98.45987430582932	95.3022321506936	98.88250238568175	98.30321372818237	98.11157562594339	99.37211624015526	99.9776620748099	99.96745154562294	99.70019209169119	95.51134750990484	96.08384645629729	98.50846960309761	99.96288289973658	99.27570813658367	98.93202392530858	97.17469008072037	98.83156598024786	98.76151135832939	99.56025836501426	96.73771983772514
97.09923692254355	98.00748788728136	98.93581394912438	99.3535564959376	99.41147835888157	99.48549650424016	97.3001663640532	97.48465682864074	99.39184222717965	99.25538143528104	99.9239495161772	99.8014266821917	99.8749129751651	99.99331524981915	97.4259413122244	97.89606492207353	96.89824938633525	99.99308118393515	98.14018858916911	97.58954092222311	98.70233157834116	99.69368594686759	97.31049260553874	99.97612877408415	98.3619093376799
98.10493777387127	98.83102054192878	98.16159500018858	98.74913932229899	99.80750399411123	99.85504912460033	98.25569869817451	96.3383470069748	99.7828212510737	99.71278350611695	99.98316900390829	99.40629355490869	99.57532537223457	99.91828126542607	98.39887313822703	98.70040229090114	95.69595934352617	99.8554900420737	97.13199290065008	96.48534724593068	99.30688776584338	99.93609320065607	96.16013142552676	99.98280159488377	99.0573032052925
97.43248012092704	98.32153968259935	98.70055454584266	99.18035289953518	99.56126076876937	99.62638618381902	97.66147172409705	97.17639722286548	99.54129289748226	99.44141219154771	99.96433966888542	99.70779130083901	99.81255361109893	99.99120540464006	97.74816715340464	98.17355652562631	96.53901202609299	99.97449217809435	97.84007965389205	97.2297000737051	98.89061365293841	99.78886280242943	96.9077112151094	99.99192497511802	98.62009692100028
95.09217726214294	96.37724673374669	99.71957346867806	99.91382834501937	98.34657635480571	98.52214421948146	95.32878083820874	98.85243870952245	98.28972601390518	98.11703688675979	99.36783093258002	99.9798409772166	99.96814541415485	99.72592791650594	95.51500275691839	96.07555883278708	98.45061062684258	99.96032318377191	99.25571978671485	98.93290770112671	97.27880909481205	98.83365586465092	98.70398469374535	99.55974707194386	96.77646880031946
97.54960466964584	98.39389047569578	98.65210023910083	99.12064979781918	99.60975280378752	99.68643604432452	97.73978550342602	97.00016198430281	99.5945688555956	99.50265152689659	99.97490008320177	99.65203978878127	99.75874021329589	99.98461457637661	97.91691563730538	98.24079431468157	96.35952690385257	99.95953014905982	97.68485353719501	97.10114515651588	98.97146112794857	99.81411096636882	96.79319145165331	99.99344148988489	98.68274828955337
98.32131584311867	99.03083630983238	97.9521634028218	98.54582952308334	99.86784144100551	99.90435708749283	98.44057910420247	96.02687843669207	99.84638737100056	99.78829875082002	99.97149897635353	99.29642501336772	99.45378218154167	99.87549859571125	98.55761223095381	98.90312835588546	95.31827872432352	99.79829013630534	96.84930301219035	96.20697187119484	99.43732228473635	99.97119301178294	95.81416230280144	99.95960586442708	99.19324584513606
96.08525855121748	97.20915104113469	99.43791814407047	99.72397673422654	98.88207535645746	99.03367223347649	96.31490437026416	98.30703565103059	98.82663080224022	98.6943350812959	99.67216012199992	99.96958377098939	99.99162290883594	99.90514567256835	96.4991742164258	96.96324594063547	97.84085686406675	99.94843767574676	98.83664183412493	98.37328373162192	97.96461046426052	99.30915754085487	98.1142536338612	99.81817547690353	97.53722346989896
97.75610245467071	98.57419212369254	98.48793269917128	98.98969164885548	99.67346251749983	99.73958909892515	97.9494565555179	96.8709230791308	99.65629933644371	99.5581113316165	99.98762442291205	99.60164289553178	99.70429971616447	99.97613669359264	98.06382180344886	98.40908176276182	96.1638694183159	99.94331187542859	97.51145920593657	96.95768487925217	99.08965363648964	99.86934330006918	96.6038032564195	99.99283678525576	98.78698560876967
98.78696894242336	99.37226518145366	97.33079809910031	98.01886459692891	99.9660841040242	99.98321293861866	98.92156791981171	95.18779784037736	99.96014786467707	99.93738996454255	99.96962752392447	98.89921999812805	99.1319611044817	99.69761808625977	98.99453380445401	99.26915224630359	94.4677003906497	99.59609859673171	96.08564898960267	95.34009553633526	99.68554956132695	99.97748951000752	94.94383377219205	99.85332919536371	99.52061285939151
98.36565842083567	99.03824726337534	97.9201587201092	98.4760431765442	99.87877907820241	99.91509257892821	98.47403523514068	95.97011676894626	99.85448690697709	99.79726432455547	99.96990250537891	99.25916928292877	99.41076022278386	99.86041407245625	98.62760110704751	98.93455348512499	95.21131419254456	99.79091386479487	96.77439419014414	96.11217833794196	99.45872622675166	99.9765218639378	95.71228136697979	99.95819058203261	99.23042208862985
98.68713112271979	99.31060907961593	97.44930262211177	98.13837980775709	99.95812149390696	99.97192102218298	98.84492144920267	95.42598624223221	99.94376253613939	99.90271256819638	99.96669836716327	99.0097164308641	99.20955439513381	99.73558616912919	98.92881977911597	99.17104283092822	94.58368424403584	99.64394747106452	96.23682631892281	95.54136288229462	99.63638821677849	99.99155625312561	95.12512475439023	99.88520054713047	99.45838459289966
99.22096866033615	99.65679373190403	96.56361859731308	97.33823988246489	99.99207284148103	99.97618446352935	99.33386376701647	94.30174086420436	99.99189922605855	99.99310797862127	99.98849783896382	98.43464708097054	98.63469402946062	99.40861079718873	99.37725150036889	99.57398445451354	93.3666236155042	99.2548378291205	95.19683484100734	94.42441250124268	99.88711702080923	99.93390227215181	93.94741449989125	99.64040308224038	99.76992732934826
98.73286700794505	99.30058172793845	97.42362540348553	98.09144702485298	99.95877158996112	99.97549681670019	98.85436203223446	95.36707408805881	99.94545116936766	99.91441243182079	99.96765512916967	98.9529199282514	99.18433315577725	99.73027765427142	98.95041221810776	99.21365302090715	94.59207671049057	99.6222090146707	96.24308018643445	95.49903716483625	99.65800122544032	99.98583416468092	95.11792294288702	99.86954140251633	99.48273034096358
98.60602023800989	99.21304609079873	97.57919293385996	98.28150956263835	99.9390211791477	99.96032886800734	98.70090875900962	95.58051965523077	99.91652596791421	99.87425506752263	99.96557427898659	99.09882069253236	99.28476428056513	99.77741430890813	98.83332043056403	99.08786804283365	94.80492356776959	99.67923823747596	96.46018198587775	95.69843883614627	99.60761925907887	99.99303270552281	95.36749855767276	99.90496037225211	99.38083997176975
96.36361208104515	97.43779512811869	99.31766574612298	99.6187815205071	99.0560854367357	99.19192622248389	96.63390990735562	98.10769768242507	99.01231606406125	98.89112888912284	99.76954959112282	99.93888286423666	99.97870588115784	99.95342497451315	96.7690332726978	97.27895284314275	97.57628475535063	99.95699637713852	98.65405187493475	98.16042005022959	98.18978909934796	99.40927783024677	97.92570393802453	99.87512306689442	97.8069591165103
98.3701044146534	99.07351475801734	97.88429924358815	98.43895151360037	99.8900305647264	99.92431532824499	98.56927979532266	95.88173565289095	99.87606393415983	99.82971095728456	99.96818401333158	99.23864836371894	99.37962520012512	99.85811160423806	98.66095217229459	98.96479970195553	95.21791669600792	99.76827822536822	96.75387171467288	96.01026443014355	99.47807400511499	99.98177837847793	95.67455703193431	99.94877242163854	99.27919318577956
94.59427254537836	95.98591925919456	99.82595211122167	99.95945671096108	98.14142740306517	98.2880400077198	94.97436136841159	99.05827769970617	98.04147582091105	97.8809362314678	99.20285272216294	99.96960982804961	99.96755055814205	99.62303758640218	95.09459178242315	95.66825129343489	98.67449878598461	99.98165517759371	99.4305786522869	99.1169997929085	96.88181519680981	98.60930356962207	98.94221435922877	99.42588573954455	96.40980696215998
97.22831434583111	98.13285295827087	98.88509240897442	99.29325978041729	99.47192050002322	99.53388244509262	97.37568119068037	97.42185019890388	99.42248404728925	99.33174102778121	99.93814858931025	99.7647990525853	99.85023716554119	99.99342879656638	97.54351052037703	97.99765029134684	96.82829589382261	99.98843748111389	98.01316649083491	97.51633176233065	98.73880356385277	99.7106001181736	97.17004798316877	99.98022945916135	98.45322047795668
97.54316290915389	98.37287193218788	98.66243893813696	99.14261105227871	99.59273706570802	99.66771281260324	97.70429948727865	97.07564065225691	99.56067823341952	99.46914161202147	99.97395709996719	99.66191955432735	99.78942450736753	99.9877777272722	97.87362916145079	98.21049384118797	96.43391746978035	99.96647536027979	97.73344328766566	97.19269225897904	98.93687056567644	99.81011349490268	96.85181212112668	99.99365485144229	98.66868104183486
96.99047653361347	97.90252556821468	99.02620725653139	99.41863076225034	99.36078735253668	99.43839095088212	97.19198454302925	97.59324015571043	99.30958149062569	99.22460184126606	99.89780713118425	99.8417979764459	99.90136277412746	99.99074371006851	97.32399114434817	97.7325343549421	97.00558654186794	99.99363660612815	98.2587058677756	97.68156518671162	98.57874104438272	99.65802737533572	97.42095946867791	99.96624710228079	98.24498931579058
96.64121668875551	97.69799400273122	99.19613315106905	99.52759824053065	99.20879287520251	99.31499796139155	96.9176422554053	97.88729468475061	99.1864765711599	99.04492469968694	99.82591479743844	99.89914565421913	99.94704853335715	99.97283696349399	97.06350219667999	97.48126237335813	97.34494439752606	99.97096134360366	98.46099016372779	97.94887323007249	98.3602966287463	99.52171731791873	97.66148781074637	99.92808165942655	97.99561560885513
95.94792644596352	97.09961946286778	99.48836213223669	99.75345454164838	98.86414026320507	98.96316492851564	96.19097501682067	98.36665660434683	98.81340411875142	98.62947675665538	99.66649206744171	99.97591236307653	99.99244563386954	99.88860305019071	96.3633443573832	96.91769388589877	97.91549765440386	99.9471506605968	98.89095923475118	98.4493594846122	97.84663415679809	99.24793609999256	98.19922890164787	99.79291579165182	97.45156988441138
99.36062676800927	99.76047641797859	96.23399434148237	97.11994579559338	99.9932806991046	99.97190195089379	99.46283370240222	93.82069373919933	99.99251082027749	99.98442968364512	99.9734249693619	98.17797489942663	98.44987823035778	99.28750932163584	99.52898767794635	99.67478157887886	92.96445147756522	99.08493399146346	94.89202373325577	93.95949249680442	99.93695518475968	99.92980235174119	93.45322835678954	99.54755944215199	99.85265919805629
99.98680129197965	99.99027691475951	93.04511623753758	94.07998817374377	99.42934580540336	99.73538738667555	99.99272728147884	89.83162045153831	99.50818350494795	99.86033899870073	99.25372636800634	95.8083183743332	96.18290698095964	97.54512368719642	99.99276799401262	99.97506999324453	88.55973392772259	97.23727002344161	91.10038121116618	89.92550348010468	99.98820305377879	99.87370849305591	89.30927176099894	98.06531401973876	99.95109794503475
99.93967596073475	99.7908975970492	90.68919744988622	92.01796409868767	98.6402138067361	99.1713927920193	99.93554657174025	87.08863377941431	98.78058843415648	99.41322892229671	98.35529398510685	93.9130868255786	94.40775544709196	96.14430351601672	99.88779307716283	99.96625268877087	85.66131583674272	95.76917684648907	88.43675743820529	87.21478951124155	99.74668664821024	99.42365402403549	86.4862753693821	96.76811670911152	99.97422323667305
99.06662655802533	99.54624907415983	96.94255349111307	97.68481427715869	99.99282369063664	99.98896496101185	99.1486289293688	94.68497489315931	99.99158190774867	99.98016533221865	99.98911507366282	98.65721272950259	98.84581981325692	99.54809431214494	99.24673780728718	99.44615208544327	93.84165121814674	99.40123872116349	95.65081981424321	94.81612357835643	99.82775762769639	99.94627453217311	94.39791786878929	99.74247218524471	99.68588417369358
98.08923776998702	98.82312287418203	98.16735497474065	98.74261206255989	99.8127389915487	99.84676833868036	98.24170746738136	96.41653044218198	99.76896269177909	99.71135557936724	99.98313698572096	99.40150205119197	99.55406490949044	99.92464322257933	98.3669349428735	98.67851962314286	95.64642181873123	99.85906313741117	97.12172062579737	96.47670897034959	99.32795974688425	99.93715358532606	96.11120603969485	99.98666952991798	99.04946656683958
99.9847426585463	99.99315095807842	93.13033395093984	94.17195035149354	99.47404356442783	99.7614361441065	99.99188473422328	89.85016731845629	99.54266632399205	99.86245947943674	99.25803517662533	95.79566295781625	96.20573929033299	97.57777448804039	99.99334498900396	99.97586424963144	88.71955719656398	97.26392738519273	91.11505482561657	89.98420891336288	99.98982011396242	99.87654579680012	89.44127162650798	98.10891938199271	99.95063855254411
98.16800874714164	98.89891778036605	98.08257057559825	98.68750449871274	99.82290381732835	99.85680884365775	98.32331385209397	96.30417211558832	99.79041257089028	99.74892584747521	99.97898241381068	99.37861106896719	99.51579919340608	99.91638560851091	98.40953295815872	98.78358050800168	95.59778902750709	99.8442315373005	97.04243744168917	96.34936419254956	99.3349825848502	99.94834332858792	96.04898758064941	99.98134921461426	99.12640319500822
99.13300268710627	99.61876233595765	96.69216113224618	97.45735026166103	99.99285225128897	99.98095636581593	99.2308617093901	94.38283844449538	99.99370129852264	99.98913763676376	99.99318496839012	98.49995834113008	98.76029071832464	99.46162157395779	99.33214008625632	99.53253573246515	93.57110719006673	99.31259554395442	95.34171653141688	94.53345284433991	99.86176416948231	99.9385666453983	94.17283455315146	99.68152710760575	99.72765137415473
98.85092518096137	99.42604674601469	97.2320974233463	97.90505409250909	99.97802251895916	99.99026828101373	98.97820389386797	95.12263133352239	99.96960781495522	99.94309189725601	99.97320438819909	98.86806408800103	99.06949225936478	99.66315319620942	99.05804478291221	99.33249247695616	94.27843511369474	99.53857153910936	96.01519514626953	95.25686679380939	99.72124122143423	99.96785436045818	94.79774402259903	99.82084069832611	99.56820098215229
99.87336978373072	99.992848554619	94.28058547484119	95.33251094469267	99.75079586776683	99.93554861074597	99.90651387493735	91.35331668656583	99.80825275579183	99.98125489755796	99.63357818512773	96.74884215819394	97.1722371307327	98.27770011536487	99.93772284650862	99.9846756310401	90.27634741197559	98.04663996254013	92.57427981466481	91.50289080754771	99.9750449645183	99.9855346905766	90.93162237841524	98.69450724770175	99.97534551143319
99.56623295499449	99.8773007921972	95.6450373973104	96.59309985410141	99.96039746964497	99.98165771929352	99.65642016835814	93.00656313326826	99.97790742773078	99.97340675366544	99.90387962012757	97.76689274213003	98.05213048226447	99.01329262377847	99.70871369650052	99.83671620351807	92.08121972965331	98.78325936686659	94.18179680471594	93.19204175990527	99.9835772965974	99.93998242180535	92.68323916827066	99.31132004165795	99.93804319186358
99.99231287185964	99.9817010003637	92.78579682950495	93.84164378546642	99.35339365354868	99.7063729295844	99.99212623025645	89.51259490992599	99.4346799999811	99.82600811665235	99.1503941115086	95.54722579761982	95.94853397621841	97.43431066950963	99.99253992336752	99.9746378688467	88.22922661114599	97.09909469669191	90.76224376294849	89.63435415626434	99.97479666218332	99.82541476952785	88.98311874104175	97.93357623000129	99.95408144536817
99.64975149448064	99.91477025831125	95.43326442467198	96.33785067635189	99.93932595955877	99.99036135133925	99.70835163172097	92.77548520643212	99.95690799530372	99.97499594471978	99.86423671925377	97.63194728548747	97.93495467771733	98.91556288159666	99.74571396435769	99.87654503847543	91.77847770883716	98.71207752300283	93.83169616576333	92.92949990257898	99.99251888436052	99.94881428234579	92.44667681258025	99.22655570418442	99.9610453888337
99.50192140025003	99.10686822022132	87.62520599811177	89.15449764303131	97.31133816224855	98.108013387887	99.47083028949555	83.35828951578254	97.50423644528165	98.42222924831292	96.98255169283348	91.32001982772445	91.93514250708063	94.07597097214222	99.34932507424348	99.56912725994017	81.82080924656671	93.5362901269707	85.02725239170046	83.69399711120063	99.07998164352816	98.49049761549854	82.91542345436004	94.79772056782872	99.60602302442673
99.80755800827551	99.98070697413988	94.72115670430921	95.63863010268653	99.83424634969079	99.96931857358881	99.86543478762532	91.81072556560707	99.86758778273224	99.99217940713059	99.72296059837564	97.08795363349448	97.39124422034095	98.48085003935816	99.90053637189477	99.96113676185514	90.73662023265074	98.26208735679525	92.98788546574713	91.98463725680959	99.97669902557153	99.99332043371901	91.45628942595469	98.88483324249714	99.99361759365569
99.8545404830783	99.9907341500799	94.43277840869966	95.37732501475824	99.76901225691147	99.9530245442231	99.89296947102815	91.48555949782053	99.81561394734941	99.98746581122249	99.64922551284012	96.88304208926345	97.20324229148267	98.38137246938476	99.92810176307849	99.98080208164552	90.45664835619844	98.13136078733244	92.75606195193826	91.65920975692032	99.97493786655488	99.98987402349387	91.04496631597449	98.74030768816496	99.98033852749089
99.98791630606677	99.90124237250132	91.59331777216032	92.87831980290366	98.97305772827558	99.42836113180232	99.98454177410085	87.99603851554212	99.08975517678621	99.61648835465839	98.74945456566275	94.64789819177636	95.07444676925368	96.69882357470237	99.96346024835803	99.99281374727757	86.74402604064947	96.37691012026457	89.4343921703116	88.31518133825062	99.87603845054764	99.63026824271385	87.62684106325091	97.30451390547461	99.99362077722027
99.20045048568889	98.75744097730696	86.25805443852256	87.87529338935009	96.77846704541028	97.55525251903134	99.21028685779014	81.93509638285512	96.94164781088057	97.98544102381477	96.27176895938166	90.26252791803557	90.9545187101331	93.10081599258139	99.04328602576804	99.30386819162072	80.44079265691032	92.66560489013668	83.58740747431035	82.21756602301511	98.66908184235662	97.99952588766617	81.36532448868243	93.99229352858384	99.34870675958449
99.65298361823103	99.91283794443528	95.43631193931797	96.31165055744081	99.92957706001995	99.99184007789781	99.72127238100769	92.7079947696098	99.95978765867362	99.97546502804798	99.8575829719731	97.60072820557887	97.92210228014001	98.90452385683427	99.7550059651478	99.88253510980053	91.80309034858902	98.68692684128165	93.85176971856353	92.9024814139014	99.99257350767544	99.95035976466117	92.43136061987943	99.1871440993814	99.96635034958763
99.75590726175683	99.95808369006809	94.96171610254898	95.93512774150651	99.87256553915101	99.98575024188771	99.8162689509779	92.27401617767073	99.9123033136276	99.98650398764568	99.78715621787487	97.2376531773367	97.63522509949888	98.63873512537272	99.85474378386084	99.93509400952412	91.10073814972672	98.44025063124754	93.32543509407189	92.33875018851985	99.98314544258939	99.97521951242058	91.78661779945908	99.03916816729014	99.98804768747652
99.84546356741997	99.61925213597648	89.76618991911444	91.18271087247496	98.2972859059459	98.89289011029705	99.83522867495796	85.94450399999099	98.44874496172068	99.16253899750521	97.93182930305152	93.21863147743478	93.75573611238633	95.49111945707705	99.76048781557338	99.88982567730932	84.4462285263396	95.12535945336047	87.46633417314507	86.15681802986511	99.58432056306877	99.18473287686582	85.34449690911936	96.1835006211476	99.89925169895514
99.08485578981795	98.59598905923869	85.78280188715497	87.33904270001807	96.44667997850938	97.34466898286942	99.03720019561675	81.1406177807018	96.64793026136917	97.76646932484915	95.94108880371233	89.74318701595826	90.49488721807512	92.78581341466121	98.85874208340951	99.17017724591884	79.71633324555316	92.22748967182361	83.02880211055906	81.54265438365128	98.49211920827784	97.80380676092139	80.72936827549358	93.59122208160179	99.24032040497241
