113.5379163877928	93.27922581300552	116.9091287784485	126.0047043901565	115.7032850534818	80.77404227361396	124.5918867064364	108.9747303518913	82.43487760061413	113.7806941949384	71.57155534880276	86.29853463936814	99.29365768736807	110.440154985175	74.78020738083882	118.2453244908504	120.6507406854625	90.66138050236282	83.35199088691351	125.0610939462478	70.90409110038844	95.56532200418012	83.11629635696507	128.1888392525121	79.82208930573697
121.2949444906716	75.13745945900678	72.88327433431486	108.2766348347441	109.8293308259932	113.9520513767243	115.7269877068388	72.46501892826285	102.2585114012963	94.05660688615222	123.2754931962477	87.1325538057914	93.49833696017755	85.35218647260935	105.8218785016123	117.9011615854467	88.58156752751358	81.91958487757131	88.52754429997867	95.05831971279092	79.36634026396392	82.52679772452993	110.3641957764436	97.36819143812593	125.8984903331798
70.8760614316368	114.1413026384235	99.98845457159115	98.58828694150944	109.652436181383	93.94627868238359	124.3300978271836	104.0168753003962	74.03218897372177	112.8984229442368	100.6364246612485	122.4949817557051	100.7403724580783	83.2751460984405	92.89295554348402	114.9820677955043	80.72712188560575	73.97201372096569	105.0021149648724	75.04342212575318	73.22795126155476	101.324624820139	94.0753901677772	102.9791532673803	84.21348557675722
110.8993089411186	108.6001491310663	107.6492284848177	128.6477536985481	106.387117820436	98.98903482280619	89.21091550973574	111.7415353975067	80.16607258582465	85.0622359547159	84.47488419006972	98.10058638013805	84.82605260729815	98.15632735275778	85.70064335871081	98.24772537677137	117.0641958095089	84.18950466627044	112.3120689779712	128.6214373310141	116.0600000050816	97.45179783628058	75.34129571341359	109.0244269041378	81.73166564473473
106.9899502448352	77.12066375072925	109.895752393275	123.6139927014962	76.61323355975058	100.8870192522866	92.80120975154671	82.32149087633439	113.8065821557368	109.0475837261031	88.66931339491391	105.2517381945534	129.4201863138008	93.92341646695789	125.6890584043548	95.34786642559436	87.36805842916264	117.8929468681867	98.98551692582095	95.535716304685	91.64001935127678	119.8461937441272	121.6055084311492	93.38641620850964	114.5313400999586
82.2643617510337	86.80119619204476	103.8689576670551	83.60238948097488	87.24878909810806	90.4382710142668	80.67200480212021	83.38263828190669	98.41700986959879	82.61429242127939	108.1305500237363	105.475647710623	120.84536168796	94.65241927684387	96.37951066525929	117.6021569389564	91.54067745453213	81.49846871024981	116.0126573090847	116.8404322424316	113.006049471836	90.39154006840398	113.2219040082822	74.26271917303511	97.00278287222487
92.48682291490113	123.6576687837112	85.38835906928338	73.69241769371766	77.01848613532599	96.82629282528541	126.1167642514799	89.90805653309168	111.609378663474	82.90547178821336	106.5471228900737	86.41447565676368	116.4303012363746	79.54034360721168	84.90167125386755	83.73510989736261	96.20402895089187	73.6581337417239	80.26824597746916	107.4832754457983	91.11527399088078	83.53232547284333	108.2781649215592	114.0054105923667	97.66092000896074
84.19957542664729	113.9205002299288	92.47867896343246	99.02214250896373	96.57673267187272	76.54533728772978	125.8638915938499	107.1626608675439	92.19220123388604	99.63700828818213	81.78679230552579	100.1519100378317	126.0578372341608	113.3037871014494	70.6681073816315	113.7898626477772	115.8924881018233	91.96238917391395	120.6840281077471	71.0122066271234	107.6968214015156	117.5930017646043	102.0544922918244	70.70590361180921	73.04698441612001
116.2471017411571	111.2064702518504	82.42121887993629	104.4727461445943	90.85374098747332	93.16444993463995	105.4749109661729	70.41741804344433	75.033126314174	72.32990252022593	70.26707190877104	102.7250163839469	77.89561348828026	124.0121553153002	77.14325283459988	80.71996454021003	99.47185802788877	112.1835280199893	98.89311313732492	71.47129684091979	92.82735747765585	124.1491286593101	117.1662325415506	96.2198644546063	72.85757767741075
87.59170396614516	105.5727746653526	87.48420204046884	107.0314833496539	113.3121850653787	78.05178142448179	117.2636344167348	102.6714141416434	119.9673594509443	74.65670767068292	115.489821088077	123.6514067418913	71.85140044632635	87.58307005789669	95.96422572984642	78.66842785733566	70.30781724970973	74.51469703887253	91.89815476614439	84.36802301409696	116.9446686758284	94.38450993761532	70.57597310830566	92.59822593127019	118.551866484926
94.30940514380656	123.0349897429856	113.0739949346774	85.43724623403739	127.9952366365106	115.5294100938381	87.72132141519471	103.4771009656955	99.08787067621736	77.39467183400041	122.8520055112274	98.47476425448605	74.45023848876177	80.83904338974254	73.80596418214944	123.8639013205705	68.03445481401556	75.97902826790732	97.33273967149847	116.6611353155346	75.2824703017975	82.61083856103852	100.9019825062641	76.22330761908623	99.55720567619952
70.46779054288166	111.6105135661719	93.83947793461873	116.510338908683	94.78947720889333	114.5875774756914	105.1817002729412	100.5628746154023	93.22699356109993	125.9903531287985	101.8403946089803	83.20736186396428	98.40853726479776	117.0203098469978	79.72297562800426	88.81868039942627	96.87726532911159	71.80690823439177	98.50860307312254	93.21960111199959	105.7373113288023	87.8911916654243	76.0068591518511	100.509016074124	70.36594600114091
104.486842001309	127.4517037864678	104.4342629851395	102.8851761479496	89.18903182442453	78.60179951147632	98.45691197507259	113.4947922871902	92.54016701329533	89.66212209170413	111.0349365507523	90.43750207745946	72.55245590218308	124.2572947918914	124.9099096288614	84.77370183901891	112.796549244446	125.8176109178547	74.57381430573906	95.8301085955063	124.0668515289914	117.2942750769163	110.8437641953494	104.1018958259338	83.79740273337539
88.03446489489261	72.58279122384342	98.09876945346653	106.6659269633159	82.2817636233562	101.7248855987704	117.5376080361948	129.1915490468295	73.85490455613704	83.97857004735134	108.0534418466123	119.2569095416781	115.9133360382727	75.02667161266118	118.5347316704161	86.59212336307809	109.5289019868586	110.0385454978363	82.27660113228029	74.3649374272518	71.98141399124127	101.2161242080619	115.497097596168	92.58898484529998	80.64639240390414
128.9433525803922	81.05941825932891	87.76932810497375	73.16470668448422	72.15194009181735	110.2888332805354	92.54010109816954	115.5613788853169	74.22629974118053	88.04276560812811	114.8885184837791	107.7174938287083	109.244623298353	84.44923341015873	77.70250583386961	105.403970755449	87.64234785112416	88.85009012426059	103.0895816479564	82.32787979662596	85.7772525795459	73.72021806620342	105.4901122817855	126.1479936662772	76.29242300701881
74.52314226217617	116.5731324934237	75.76072302035837	68.00216750375458	95.90125145926729	116.7508653440375	88.67578851547853	81.31578535315711	102.3528359417324	115.0818271222579	121.1035684558638	105.588100055948	112.7703094848092	71.01503231831568	71.54480749857063	119.9366579745268	104.0053134077379	105.949318188122	96.75802468284014	111.4989988516954	77.46221260060938	113.1214720750796	106.3635105886326	90.7094913914202	126.6149370626356
122.1078118894819	117.5360353980587	125.0615220730853	70.22975294787453	121.0847850638029	124.4365179462926	123.0551435266071	121.0697682483181	124.2989202607319	123.0347739575536	79.41371128427664	86.88044938461144	72.51435516825229	81.54153841265367	110.1109707060767	75.7313069994416	126.6244936801891	100.0650987060588	116.1939049932583	103.1729659255273	82.38829927918982	129.8493449916904	70.07093358410403	115.9073337808286	79.21275276679737
112.5234456010805	86.20512673915675	89.13048608972495	116.3993247609565	87.21449431490177	70.35857455741136	86.9129971592051	80.42896825864482	99.52853605991638	105.0343863933507	105.0854790305636	126.2153056905078	92.50674551671815	105.0111593057693	73.23471969295528	127.3476907317552	90.00082099453863	125.9509688243617	104.6752267340532	81.91680923398896	72.2771254917062	92.29702359739839	107.2875656146077	91.9981765471849	125.9439585426623
72.38824701360724	119.5320248570584	122.4654740749273	91.08636616450704	88.63918064738949	76.73221423818299	111.5762892492775	98.22208186533729	91.57951707293527	124.7778297767624	96.17325291683092	76.84231656950321	87.38867811004825	91.93347776703504	121.4690085095645	71.66331589650598	104.3073372371925	71.33543873921404	71.52090021869739	105.0865393703505	93.9999925947911	71.08577861579619	120.6715845315973	103.2246524050406	117.4545420677345
101.7361142354512	106.37748515304	109.4168948557734	86.0392685648452	78.29588244631485	107.7009894651527	118.742414893322	88.08197166334422	104.4698753944679	87.41740162177825	121.8615244426457	101.836002313251	120.7883857069963	120.4599867031	83.52811552871404	122.9096750446269	121.8042163044346	96.18383120688118	67.92754613095273	71.10954971838298	101.9020777472246	129.6014937036506	75.54111847324224	75.95168877764213	83.26064143781082
92.59789450854728	104.989250608652	94.40347945724835	82.77469626324729	88.18904830173864	82.51462261709325	106.0406844019329	69.34050569998598	123.5522598454646	74.00786764995492	121.2750880479068	110.6882965449948	77.10179338773862	102.1524277834914	124.6943532806477	105.6947438743817	75.54831052545372	127.2397743619343	121.9385736117278	118.7469281510141	73.26613979413456	114.7346635814931	117.1148757438627	116.9692831680119	103.9171762574338
91.33354046520256	117.6696076243524	108.6143191208694	124.168809002927	92.78499285857886	80.93538134526241	121.438516867232	119.6648668436151	101.813724848514	123.2115592956602	101.4681470900892	74.97705309347785	76.03209534357609	123.0589765034248	105.5307589685485	80.84269256554583	69.84579311695384	72.38632251197855	94.58425928953507	76.51247860046448	88.01053751316161	127.5123203513104	108.7195379548136	91.56002598024671	76.63117336737101
73.02736944799975	94.47718184502538	82.69831077965972	118.3712524774288	73.92819126300728	93.6903310818595	83.74687605579784	121.8193505137917	83.16952455330659	76.86880643556195	102.5994129975572	128.1334224154211	121.9703381942075	121.1953351920886	122.6632743652853	84.04983527131277	86.66214312510007	70.23075999764136	80.9030310513993	109.6218330689285	89.53835160692591	116.1392758049634	80.54001726657235	113.3186492824868	81.37924505847657
71.94361087687277	118.9016505212469	126.2487435539198	108.0717633573512	98.36671982949849	105.2000127183939	90.61040971827616	89.32153726590923	89.84871720688031	92.85977985215634	85.91327625550548	114.3936706608126	120.3081421842342	83.6496300632723	90.25470959324318	73.26148421175819	115.5828314594026	98.67708384962199	71.66746127686677	115.6792376525076	85.13563859228046	83.86890257425028	72.50837454840759	126.3194085040081	97.64622680433834
93.78244742707022	96.29100305457068	83.41111750668168	100.1250735664419	92.58854203996768	102.4265489382756	116.4132287154203	118.487656595626	118.9623780583287	95.02650586526539	102.5191672630203	85.04458436634661	107.7457908590283	97.63143348920205	70.59014259453616	97.14903394676537	79.78187961422729	97.69218930343129	120.5776323682732	86.91908702717348	82.36946685941015	124.8171551583176	89.97561075735905	115.8054114035752	103.443719312769
74.33094373548302	89.94897868216086	104.0874470702755	76.30787789747782	115.068189712364	117.6645944890626	81.06675425889929	86.25861373645742	72.1581960789776	103.2614601621981	110.3132887682414	76.12066717161304	71.58325585705761	128.0143938097328	108.2696408949709	113.5957949573721	69.07710863085713	72.43196492588642	91.36669459676034	126.3607677450696	88.2148106831286	85.33939523922822	74.07579912401336	70.73274460528451	73.12461685240613
90.35150979394614	76.6798894207233	97.10756632298627	128.8296707633321	127.1784450102266	121.6091526709401	70.55397249955818	99.29548481334777	125.4417886644363	127.5317698840733	112.4654996133921	97.09440106510399	117.9720427513845	79.0926901341162	119.8242344863227	121.650379683179	116.4337831240395	126.5913438260337	116.4552642358998	120.4538305225334	86.0244062864071	76.62763582745117	80.70287202223726	117.4800520759462	110.7812390146026
111.8818889656795	103.4458247265156	77.28557352620449	95.51652615788265	79.24250204988834	74.54882894533014	119.8297066052196	82.49791173484789	122.733020112584	129.5034913786485	82.52463014326744	74.18508672591257	83.20793425497646	104.4784089653842	71.87986517083401	126.2300344858415	124.3731060280651	88.25854012158227	129.2950719568038	78.35596759798457	79.42547736973739	78.1362148312092	119.3882745199703	109.5941812742422	96.22339133585905
93.29930474914585	85.82001971481583	97.98306093221922	103.534072622881	93.99429310479482	82.99200813484019	116.5021024987803	69.81108002490433	126.4194182476445	109.4513306335432	86.88376400462991	95.76978451258435	77.64569831471934	88.47569789073941	119.1423820366873	82.7937532708977	104.6727759585937	110.4805672329968	119.5968423391915	79.90306579716197	75.0605078677257	109.6442297203907	110.6831831621593	100.8746165415502	95.84100032117584
123.3662133062452	97.66699676021292	83.01656994835015	114.0125214730664	110.4241947652429	114.9599437323488	122.266572021308	115.845816455039	93.58991366140992	91.99593390100021	74.75080267117676	121.7233435155384	101.3656048863119	80.67150667060291	112.4834739982375	73.85994683555147	108.3211393043555	123.4158449515502	117.8755174148596	86.68149389529705	115.6725859348956	88.46036956514867	110.727481310587	129.6355320893597	97.56268195108839
117.630674903316	95.33320961986416	123.5433941035592	105.1895958007554	87.46736257398778	81.89840428651273	115.1363461570486	106.2873273684489	95.00996591843075	117.0277296634689	116.3852915352091	101.4038172144136	76.03145690229627	79.66834986445079	120.0747385268962	121.8224966231059	113.6444656317562	94.34658456840216	86.32597756408381	111.6041431037653	116.9757628866431	81.97047322745701	82.50484702333708	98.25942930770273	123.3911279728833
98.6271702729523	118.0134143664081	67.49525505446884	106.2155792977808	83.20201807805601	74.69390343511286	75.7235115063186	118.1624724248913	101.0447987277064	114.3152616022013	103.5717867659358	72.90310479040764	69.03698873304188	110.5003127107862	92.35502034764572	71.35798875252662	93.52009546719727	75.44643087633924	78.50705112354694	89.85263624112829	92.20827002280312	76.15762363223956	88.22767493591043	127.3733418427137	128.0661210248527
74.32293906998031	113.6299115293363	90.32488774147609	102.4893038389857	101.3191464028948	95.32057640014182	122.6632918092825	119.7420071341764	97.95879150319448	84.83901286474378	107.1280653611855	75.24910944638984	116.6216623162564	80.57886023730991	108.8941908320412	102.4260522709764	105.3198382174598	129.0465144282896	103.0877412749975	102.8564512770197	111.4385259026126	116.2580914508466	105.4276883769569	93.71255913060217	97.20729369063172
95.0294513959221	78.22450804015364	79.08841734736453	120.0957117262118	82.07078246573025	90.73572773018357	99.32900812389764	117.2361548776468	95.40307819285829	98.69235822703098	109.6497463582054	116.7973159754877	126.2545356249389	90.34735399531218	74.05140457968579	109.8932958893949	109.2218663055472	121.5667705344661	117.7993706565216	124.3816269081744	71.21306372053721	96.88407492729084	66.84480363687494	109.1441046070433	127.9011416798925
104.1011113094031	110.1581720315022	111.9429027255828	95.67918941194938	102.66636742015	77.14752530359344	112.192835513949	103.0215264320144	126.6748062249127	87.62027497483395	98.46274060240719	116.6491279151701	114.4147441279063	85.45361013700931	109.2304297890127	95.58706214298687	82.73378931474363	79.45353696618359	115.4131983718476	105.2146791386677	120.5674399717778	113.2790153576581	95.89363306478698	96.76825638576555	106.2354661600743
98.61904768844482	122.7893303591964	95.53642923002859	114.293561027008	110.9435728231933	93.44337374272288	125.1207681368282	84.98624349562162	123.0299292941995	112.2365807127813	82.46160172004797	78.97851102211135	72.16702072703623	99.69604203410728	100.9249741857994	106.2862219099003	68.50064638994083	103.128382278512	110.8258532807769	96.04452715767184	112.117728161805	119.762728925899	125.5167334984747	80.13305327751692	111.3482259838217
98.4922030365301	74.3663658108369	87.57497632887154	70.64160913019843	91.46933365901543	114.6446558341067	117.0692204338139	114.769830516366	119.7613772858467	73.31125408887549	119.9886819671007	89.37872475432187	77.18829667442485	118.6730293482485	121.6557796043963	84.72073545663062	78.93884487255066	126.6403576099926	116.618435518063	99.87705679488269	97.88420789679357	91.72371143603625	71.35044662606676	81.16895143376925	119.4477779622639
122.9567045306095	108.8017794835394	77.41468511709991	70.09247917369395	104.4669912837049	105.7822351384736	105.9774241332206	101.6530947355473	103.0909717971659	110.9816010824537	119.9128278262765	109.8542981617703	115.2317018056437	93.24366975005852	122.771661889505	107.2378823419475	123.8533385409123	124.08184687256	124.7082166143636	99.58091487929983	105.6697258795168	127.5760526162084	127.2176772027694	86.26482485511207	118.8618476727481
105.6981963055668	100.1275255497836	100.6273078913858	121.0816988455311	81.78613316085344	86.75485694749609	72.2548377441089	92.6571951629017	78.85560456399523	77.20459639534187	97.93103593330237	75.01639222966952	122.9256610623351	78.99292672681392	71.265096519553	86.21986248716156	110.1349767314527	80.69436980315676	119.9812241472669	82.15505035068489	92.64285625222436	101.5399513905665	123.6558289442577	122.1721124184104	120.1580451733908
112.4056738955466	105.5282822229431	93.56654688030575	87.70273609734107	86.01213520058066	109.2434674591776	77.08570122098345	81.79192774331285	118.1639229994511	107.3251289337377	88.13983322510587	83.12914876631818	80.42111435239448	79.11379792178707	69.94779547330944	118.1017732311877	81.83608699799839	120.4606798864866	115.9867236646801	89.17588714261367	128.7055704734978	105.9754456569154	127.6427959547253	80.74876965721565	123.597355934948
84.03967426449039	90.32495404375524	120.7400335916333	111.5090302569199	93.99094692874272	88.71994896736501	84.76483657264689	91.48866050231577	107.2024829800378	81.88233484051409	78.16584009314664	104.7859323273907	71.54866175337411	112.532583919355	105.7709607369821	92.84952705103784	76.35004107454699	83.62603130224255	104.5701503832293	73.90707674721209	113.8125736241299	105.535825704915	100.7024409768072	104.6333002053836	74.61595375608943
114.1279445420252	119.2991907987951	90.95639541443826	115.9855738718793	115.2973435448706	101.9546220649564	96.1938795747126	102.6535876126039	129.8252778739937	122.179560673258	113.7656417443595	100.7595341957926	106.8059567941449	98.01037563357249	105.6762453983787	100.7361914656794	124.6364739531924	102.7552581502918	104.2966385639244	86.52493330426783	125.2415263746423	89.80515993334313	74.10481120289498	128.2791310004142	77.49681152061213
110.8927387387524	76.49958873851114	103.5202371533582	87.74063688320589	74.51192785631522	108.8080308732066	81.70479279625098	83.48491803206383	117.7777607063722	71.2541354452426	89.73980656916709	103.3019636431568	111.8461881245341	113.0338418511779	101.9510241490567	83.50852854962368	112.1227126292399	89.91437302886361	101.2102075635464	74.93479184448405	96.17809253814255	78.96264535317883	116.5149723578479	72.13713299947817	126.411381737742
75.7721538400076	93.76773406035556	105.7795243063428	115.3066596810103	126.6636255060379	72.62077316680821	96.58888779992952	66.54556867142587	75.04659802248072	70.21106868507616	99.37960855888355	94.90908915425318	109.9796273615501	78.49272217401311	117.1249929600105	101.9208167653001	100.7126424738338	74.17627478810077	90.07690877306175	75.82595082767084	99.15655110359046	116.4382078555782	106.2614840096007	88.2758773461301	73.33609210978624
128.2652890557892	101.4437076331812	83.19354821716412	128.0672679880877	127.8059773977279	95.55537156960202	79.66174466920681	87.39979602092279	70.60782655991572	94.58333191632988	81.09190686920907	92.32983589199873	123.4043824806938	121.7048097378521	87.30197808641051	90.92668950735209	83.03384226982079	112.6568907824278	123.7484880402892	72.94662119948285	88.91713794438257	70.63901649421682	90.79938957134313	119.4388140731604	109.81624583486
120.3517794784163	119.4897784699105	109.7083497795948	100.6275504856181	120.2539051376108	71.51515574783534	117.5997454112079	89.82097435332908	118.5489249188574	69.5978596842742	75.83468065241131	116.0355075650796	78.52452628616228	71.28610060331589	122.0261219179468	85.4707827092154	110.0157453928604	74.0361479075586	83.15675858071342	73.25628055274478	86.37042588276033	111.2583728962052	113.3051615638313	117.8786076263549	128.6956089483397
121.4831292602633	85.64768284947594	93.08413463645068	84.12594292692654	121.8362842386511	83.83145652077162	84.24764500730333	124.700917165176	93.85129101815156	122.4935670431762	80.94245537464637	120.4166924846234	106.7391230686514	124.3489363456056	112.4818559425116	126.7106049363563	73.96998420644771	107.6629951635235	92.03035509719082	97.60087763006607	70.22484170058345	79.51072911588096	70.96252648772496	104.6754796618496	118.7592500627323
123.4232632842777	112.8477817426001	121.5676478832443	112.9664275990948	71.87647223383344	119.7473687447599	72.60916904569491	113.8848772014593	78.52712631881462	94.74522722410042	74.3797749921585	100.8195234712876	84.22061747904155	92.26321130759229	89.90044818640163	82.58797010883231	116.7833526784405	103.6027486637566	111.5403774529548	80.84929270262766	78.66282351800049	111.3390685412243	87.69570059068312	99.88124459124197	119.9251693033042
123.3366661632959	87.18085587823435	121.5124735239801	96.34514961514014	116.788875836504	71.36476783722603	87.85594430212716	96.36931126472746	86.78646281558497	71.28885590773413	116.1415871684067	72.53911405100386	72.8027825911081	82.23466967876405	96.94868185095734	117.6292597119961	107.3057512468708	80.26136252410087	117.0099052096738	96.7895694752463	101.3485653354726	69.69140916728405	121.6482047760868	83.9150497442856	116.5011111000046
106.198942830285	117.7758027941978	111.4215378892271	119.5992590568731	79.67708291260763	81.63938946244275	70.11451748661402	78.33407335285494	115.6847340947605	79.12396116975158	75.0905822334008	78.74293311800338	92.61778860010338	109.3278767090571	112.0857928293505	83.31549882045562	66.0752939731249	113.2466270777001	73.37081564726222	92.46670225085032	101.4336048477768	122.3630655189297	112.9867202195763	74.0557290137852	128.2590095278075
