98.49465977623169	113.4489966977974	119.4812996271916	108.6321569605886	90.04469601503268	112.5582410202806	90.37030958447603	119.9740231583193	112.9718040997878	63.01051644637757	93.86424352178136	87.10843587838778	98.41389823924203	118.6868134635686	59.93901137300981	112.0927041274002	126.7831570144181	106.0860440937824	82.70509477753454	100.5348122291195	111.9984226030438	66.02965624784092	87.03263719152302	93.22321074884077	56.82434256780931
90.05673720905973	70.20021606278834	74.85251942753492	109.3902671701777	107.7580730394174	93.09083882982208	88.04861862603013	114.8652737365655	77.09987233324287	116.3637704001742	110.7326512077739	97.6045838393392	86.5938468420911	89.13484351289222	73.44528328088555	88.12079844759808	77.97001314464222	121.2293173852423	115.9772238884622	109.849154249685	97.2227204517078	103.0677195664633	81.11862392181149	110.1876887050991	74.23847125916411
97.98526923045952	79.28007685609013	122.3794888958997	84.15270291100997	77.95143081985761	99.92209175867495	123.5466186833692	113.1199543454416	82.62458341508122	119.163726575664	99.9391503648678	72.49501947036865	120.3459780338433	112.6401919322116	100.9147714612076	95.84833275009056	116.3838565026832	77.82557075782103	76.50726395237783	83.19870362148907	76.02499434382938	99.83295990421882	79.28820173870662	86.90453219420785	113.3667794128283
96.13102338808075	115.8610983194394	87.39516707496617	89.69014268729114	118.2857225354468	128.6836316490677	101.3239195835191	62.44788154272567	77.17830593312243	86.66200084425125	98.39179907902371	97.15684697953012	84.50974793761256	95.73844856939037	93.30883059460166	99.49108823181589	94.86559114008335	128.305403801011	107.1895664354553	65.08195971515791	98.93786606291297	129.2772221630734	95.83212929367662	79.64320669523862	93.43964775464403
100.1368893439706	102.2760853044003	121.2955198229733	75.80678615386675	75.31887714015565	99.05162132374846	111.1229766543217	120.6139205285509	96.14061388637789	78.91257747616358	123.8960675492013	89.55533110161306	70.13829966069785	92.73266796026095	60.79621611202765	67.5472788889238	114.2760864417441	74.32218083464934	78.19973753231909	91.98988093199338	98.04236015061477	115.5093857451179	109.3556789282192	90.25671389521123	112.7921729672801
93.99255321366218	114.0780350656595	115.0755753781774	110.0800565687874	74.56355736826636	110.7306087238854	105.1947496572414	112.4705572464964	93.3385172911194	88.82060298496384	120.6930740416298	121.4430341267125	92.31308525657471	113.38976385945	85.76687404969579	88.4716202496394	90.88615730705365	71.72755442995401	106.6011223618677	69.40834405601262	88.4519430692006	106.1668804762907	80.17847001146288	83.16567833366298	84.65839921714372
74.83704204450389	105.3390743922684	92.86298539369551	123.7807381089281	99.32201843915198	105.0495846934462	69.83671433167025	74.56777368333555	90.11219524506133	72.05486793719074	94.5547782239523	115.7728516549221	109.7347675520549	100.9111468154321	88.60199111705963	76.47395558208942	126.5016440584927	78.30353052598457	122.0359574011933	70.06566353569843	67.60813227301625	84.69496156856211	114.4649002752511	68.07775168668863	78.16186893736969
121.4805987843104	93.74929894779399	86.59668501585281	67.46528308413831	118.0319050911117	102.5244684871894	109.2639198778443	80.84010326380658	121.965945560249	111.7942034146216	116.9402555571609	82.22528943225316	126.7962085661335	81.14986698074331	93.76360633118306	79.15422111700863	106.7481726406258	126.7510183665062	76.67399113601971	106.5620788412957	115.0097580663773	97.44699448733722	64.4440483912263	107.3654091276801	111.3826047409347
117.7251700601932	106.3009453424565	125.5007831699828	90.06038716864575	122.1041951883312	102.0579190293676	105.1703436006612	119.2502461657388	113.7413343859848	104.5144951165877	95.72325960552872	128.3726626394588	99.58573666420065	102.8081483598257	77.75095763235106	94.66289424788309	70.9720076388973	77.80301266509568	84.64150380825882	99.20068887610145	119.038356230359	119.4252035487376	98.12920500370282	80.26174071963418	123.8281744889452
120.5969933451634	93.01489883726927	110.3944248936002	88.05637097558402	100.1108343352715	107.6170942957643	98.58046702025592	86.23402755882339	89.90004805922865	109.2750789159887	91.27555976036247	112.2918288083393	74.22407581402923	118.8859746044437	120.2615165558959	67.43352381038488	62.9961598452356	108.3720505162172	81.55405562968734	63.28353316277118	104.616415556737	127.4797365530986	100.8862590822344	83.52674371048192	87.96896323182074
114.7476712722946	84.80025679303941	76.50678358272154	112.5691412961951	108.8005050968471	113.2450769032313	94.55775893202693	83.62821500868203	119.0725594739425	87.92035247253945	91.11674355006429	88.28427605272643	126.402638992435	121.0391417645835	100.1767165902976	74.4732389932506	65.57910298562616	118.8432760510552	120.5823354893455	61.31192628916807	80.7098462520847	81.02011792723026	115.3433067994008	123.8035040540753	119.706864577464
107.2367749613151	74.20447629296063	110.5041708601451	68.08419752975306	101.6674504030525	107.1865056248944	125.6153134865835	59.35660823915997	84.71729165247086	75.56176776263906	78.40285545550684	82.43834939513047	106.0520857806462	98.00458273409407	86.93695984041611	89.03792237968425	102.4161781473755	84.93023127198435	101.0278842040481	59.91158611777041	117.9946573867924	128.3764399963539	109.8806580531124	76.27524692737916	90.50257304849376
67.74621342202235	101.5411604289573	98.49408418387648	92.759218459601	106.8883851213031	84.18271377296801	70.48276402226078	107.9609329582581	123.4430715149898	112.8724591811323	81.26361262239918	103.6666751910083	112.6348889262617	109.2075526273447	74.63980306334598	77.99960973353899	74.99643989394256	115.0930692271422	99.37718001712159	90.6643889234583	82.49642772226321	92.56721002956057	83.56408297499621	78.89252522192884	115.5477725476577
85.73258486314334	106.4184181854695	123.1643934286784	107.6054392982556	79.36696162959657	96.54655629793507	120.9027090917703	108.1738565535906	100.6486305760107	105.6498740453455	99.00256098894829	75.70531636418715	99.0294775857551	117.6238346064118	73.41746940043316	93.08146988436192	65.36516629268998	75.70211368123323	100.9645320998377	64.7354832359557	67.29225083229511	71.06763792189098	122.5977452284146	93.71408249729592	87.94129442014992
84.34498064745847	121.0929264256672	100.9744508970075	102.520397883147	91.92696882317451	124.3361230725835	96.49122946920217	68.45325753641821	117.4654989445271	86.77625672988624	97.99450421624886	109.1719612113687	119.1173786740291	127.2688085423721	93.38379022100078	113.6085344223531	69.53643057438646	103.168988651216	93.4009094735864	75.6399971818569	93.09996174433945	106.0277851374746	96.13378664381051	83.63818057944928	101.9933256403108
109.6806404168777	88.35475576524212	85.78482653305551	119.5019968743707	93.96015149245946	89.76771710413365	91.89215972808725	55.13122555057262	72.29828570124748	118.7252748667365	99.97560481422789	122.8799331516177	78.33060152030137	126.3212140153719	108.1065997933412	85.5091722096375	81.350036632441	72.92225877640068	55.43541584555197	98.57625481870338	74.09044557976615	102.2142057441928	52.69784867443695	121.9526568937408	127.0362275278429
103.9250292711368	122.3328820216778	106.7593004012174	88.89132337682662	103.6801020709821	84.3531489961473	111.7947424611389	66.96277589496661	94.74230502485847	101.288597174042	86.58170319883604	77.02898840004616	81.88844479148077	93.7051108397531	68.00858006575359	86.49328288278851	101.2400410746474	120.6551262810733	93.13066101766684	83.10976556585055	85.9110656815095	102.5008560310079	89.6257199808413	107.2289669475633	120.4366137018014
112.1407021468576	107.3669633104029	98.35905735078742	95.75791678938464	122.8175857291122	74.73311229170133	73.49419012007382	70.65269397206528	79.37729082937562	75.14434104282712	115.6585826576919	90.8632632235111	64.45176606289317	106.2588895536611	116.9237826248508	88.42947029399332	42.76025877838813	83.27304735656752	99.29825432348269	62.03772702959854	115.4554589806926	105.9970464124739	80.33945595145069	105.3914540563581	81.18398903822276
90.18864697454499	116.8825607414338	91.06342803636697	101.6921965162809	71.03970061542852	112.3632882137203	113.3201136336203	110.1233532415549	112.075686774185	69.93480108159052	76.95225190507976	121.6258497324833	67.48302658448351	127.7550105097637	73.70967167941077	75.73460158818274	77.48751088439032	90.40661756146467	108.3172078520995	95.27433282603748	75.58524219377556	71.41983945346648	57.28215180926804	71.52294986458685	127.3739627772642
79.56618736130112	77.37572506062411	70.92905097590518	63.76088531828258	120.6384188770546	87.43814402217477	106.4649344285131	75.12974460799072	116.2082294942903	84.35113270969718	70.33402551735476	120.0589224386177	107.9146431869421	125.8042201942631	102.2875729173099	117.8504524205784	69.94378012299961	118.2774563693191	105.8066366229898	86.56455609522892	105.8973340283937	114.8874246508632	84.22425741057663	89.54764006500932	80.97779384196964
122.8486695796861	66.79770120038462	86.47808493459962	124.7237896701916	83.99405432472639	113.7080300011078	67.52063039795918	65.52900063377335	113.2203866605317	114.7420130540397	72.4535397638095	96.16962964916308	106.2333560521967	104.1905008686162	80.06630131398603	88.11806744697796	113.6595100587307	108.3103868157349	86.65172091395688	79.53778567850911	115.5818565826029	106.0309797456877	118.0211543058346	127.5513584563285	101.547975634626
116.4715402208907	120.1801906057469	79.75426910814468	123.4761771521644	87.01063981884914	109.9254558097638	71.75140351751897	97.39926159149482	110.8591494731581	78.23370455231321	112.1461096008421	76.41219616437355	107.7698756656722	81.06885626644613	111.7672216535778	65.47626650929368	70.22707806525358	85.27697618507018	109.0793317306647	99.65734695211944	93.13942040902936	109.41800492616	78.70939347267739	108.9615568523997	119.7505020292193
84.86800177918413	96.7512745222959	78.32593532970928	68.40217492509983	99.9062331584548	115.8987344899315	120.9970878475434	119.780670944558	125.4145960160506	74.36878491518837	103.3561382673773	92.88886553135532	128.0450933261542	114.9700431477305	103.2314678914251	122.4698588467536	101.4122661566356	110.0890073478787	86.81390762820257	102.5927007086553	83.1465539773554	79.46393316648664	120.6651405215621	83.99759873953708	76.58051643123541
117.4705678945349	116.0307952193126	84.94581142222836	86.51906412263131	72.64258296910189	108.6423164914625	78.57991497817932	63.43829859004769	89.60400163233697	119.073610162393	117.208398759527	77.28966045263137	126.3338558458897	104.8599973890655	84.30459312368059	94.65950519002274	97.41472575579434	78.47116138246821	117.1166990373432	94.82105882730019	107.7790267986534	110.3085285774876	93.75935540037941	71.41130585128781	95.98584114529234
95.51959293933956	119.7668246428593	71.98576494771896	93.42842674678062	116.4963435583638	104.0058134104253	71.21338766749885	60.43730758038114	72.1922767866037	104.4838325305055	116.3102415975235	72.09405022397283	68.33278766100889	92.02453571778707	109.9290598459434	94.22905025745521	53.76261484764031	76.60306543294297	85.06069052435868	107.6369804915738	89.56817096081873	128.2198220126635	94.4618274004096	93.40299293959832	92.93068306294778
89.24710367330781	98.24702324697222	95.16817384471713	66.35831637458303	122.5632582407843	99.15306874726167	96.02934748098184	73.43357059682923	103.8060278062229	89.5321401828681	83.7010339629647	82.08007666406679	94.86781798311624	107.7088320004335	112.584693752687	85.99455679041387	49.53408821233344	79.96747525933526	107.1630116806626	55.28339165866467	105.456352622287	74.07123276801374	90.54503503454069	108.9447906356437	96.00673421654125
91.45385315151159	109.6643468465328	103.5041528212708	111.7129050622939	114.1714323186067	69.19828096342168	79.22156527133724	107.6219995429148	101.9577617450522	77.93940673389061	77.78109963025631	96.12768983868827	80.49631094341404	123.1213377478701	86.02278287478015	105.7691530856843	81.58826018556023	85.21348280754781	108.7877061961851	84.35512510163741	74.82234171778988	113.0700600681295	77.64772151434893	92.75072038890949	90.42313066028203
95.14043409894055	108.035139188049	54.81008332989182	86.24118543300557	92.33818897736998	85.78547641610803	124.6822940058081	102.9128509032575	126.248855370643	89.64607821264221	121.6008422897519	119.0461178367889	96.76049385753018	101.0928904762481	116.9508780994887	102.7953432669332	51.2193731833993	71.2481556912999	61.64877492786952	75.81710122812254	112.1131450735369	70.52649553436341	68.50368722526088	97.89451236780474	74.66879232974922
109.101927601452	117.1826920173235	95.00625792115878	100.875317229038	107.3152335398721	98.73318863441972	113.1667861585337	64.54165810862636	108.7536709474725	96.13905333578072	102.8422385573654	102.0793688745376	64.50292116178572	116.9633945041874	76.71909402937378	110.1181394516158	42.33245427556871	98.09224986728989	93.8994045065479	49.80825769873887	129.8610433112717	102.6699489573111	55.01679251410106	97.79001327242817	120.324546876834
114.4983629576391	84.79059724253969	114.8319633074114	111.8937252088119	99.36038976068031	113.6894690715052	78.87144694017927	73.59067339977986	104.5327995741402	118.4950208907867	109.809174161283	89.59612127019508	70.88520419354427	121.3323551173335	65.22221598715542	67.81417350002735	85.16811391211893	78.31543957103804	110.3208055478958	90.51292826461082	87.36279978401734	70.22489289793073	72.80127169286207	102.2773527791627	87.8400277978059
87.46812671464271	91.4149077362211	57.33982221344762	103.5671310371822	117.0133308189522	83.38770505377138	127.7632094338946	97.2146275872057	69.7035893023713	111.4014395575585	73.01503070814755	97.66504306170711	70.08081495098389	72.53346363248667	117.7326996803674	96.77062546782645	81.39538426944145	115.8862345632539	54.15845234698322	57.34207609110206	74.69190517969923	105.9152459531785	53.78225443709445	118.9871536371261	95.62429192399856
118.7297465862038	78.88910329245046	118.6246717071375	106.3911121077407	120.8646073550314	71.36185524876706	122.7176112558689	86.91650021575433	82.10818724925541	77.75116207882762	120.239850444392	101.3470078234753	81.68850912159607	84.59570732084339	97.16144015209791	115.5600207493859	98.61446640650661	72.50432399162929	106.6806318169751	105.0700768818149	85.99195307189376	106.623302680794	62.4396928463546	114.0548523823872	120.582396942168
108.8187593343883	80.54778613271526	102.1418992667494	80.18856946119007	101.5777940403304	74.8284608524848	122.0509218219993	52.83132729383125	121.0378004222478	114.4064175963033	96.77763498229227	98.93254891722887	114.4127748513707	94.52522663610203	104.8890216296936	97.18378985604585	86.19138218272747	101.8972932862789	99.77560669802733	60.1058409274481	102.8625611813135	96.59917442425782	77.35136818584107	81.68938370203391	99.24240018512597
74.96612454149995	100.8648942331451	95.29404412109676	59.98227675946457	85.82627306847947	92.33588649160008	115.0433797546197	76.02153646508432	104.5912363235204	73.99876061775407	96.1803980419662	94.22662994096621	109.496709940392	85.79958123997118	75.76206244764695	70.96188398116398	88.47432893345785	102.8563826357719	101.7526684211719	87.92418096531893	78.31796130406616	117.0233912355212	75.62756542310184	104.353883095553	125.1825329490996
116.2336022363884	120.7207003734398	76.1557558581341	51.87276645256985	116.1395730418066	119.1206464865803	71.10074549210192	47.62646683832074	118.4541855526805	69.87570990182353	88.79911352598052	96.92031496088465	56.45887753686719	89.46378159422282	97.24960938974067	89.61828432840686	75.17716539051135	64.46165608359115	47.41465133403437	58.0493918695868	96.48284484242836	74.32810364602315	74.12204427170104	105.4375757661707	112.7655674998286
94.34375821045133	74.83083729528359	83.02973333015794	88.94453716296118	73.30345026514617	113.413890433477	117.9569945210029	78.90851708820705	93.21731141327885	113.7437327800854	100.4715339038985	97.32403390824658	66.58398736042193	81.22712831985194	98.72243564696836	112.112426537938	66.93864693455802	64.88142071495376	81.56236638962213	65.30839893223674	128.2509999252908	71.91202542257869	79.11030598041948	98.12924168836943	128.9308970972273
75.29091389702445	79.72249924012277	53.16810488683984	110.7869687944318	83.88093493839764	104.5340550782444	128.7109892018992	92.38205825380973	120.2726639471469	75.10496946779794	118.4492743717957	95.11506198118038	65.82016684286134	104.3674380086862	78.50888132027281	71.28063472562764	43.33855074264949	90.2654336549361	49.97787849918814	62.55914690195345	128.04671696389	100.1211972075498	58.03216487899607	107.5643008311308	97.38924765420356
96.98792097001328	99.17594386373264	70.56959580566499	69.08311503600208	101.9915900530367	104.3692796295714	77.10049890332218	100.689865647562	111.3890741329286	90.94590482773265	118.4246923391764	105.2064299072745	94.13913587627628	88.78395213163431	72.96335302199178	73.53686798555798	84.4442787650782	92.0113547868478	102.0920337912137	94.72873028666244	123.8093755168737	94.1802985383291	85.39231543915946	101.1587478802348	68.38329500407787
72.66047811948177	85.80799170896448	52.90858634812773	110.6134882767527	72.6366215462096	100.5718751054155	113.6531214782444	96.21269518220251	125.2466721835302	77.4307662071452	125.166108708312	94.77615497502177	104.0146364313632	107.797396953554	91.29928654432669	122.7512962977026	76.74339307423628	111.325939667222	49.34821711706171	61.26378486732605	96.40098446178555	97.07377160683117	53.22787310536711	63.86111502848104	111.7040474381315
85.47769089101469	113.8220263406211	76.84950998779635	65.03024618254756	122.8181692616436	114.082244525391	80.20202896526408	51.47868655062672	89.51664602212783	72.4091307814688	87.84637146530956	62.28895984980979	72.04618100284634	77.39488124818202	79.70896956997792	106.1828994270725	88.60522491039799	106.9772352577093	73.71381157729653	62.56557652302997	115.5635408130399	106.6271261971749	55.57122187285424	94.28338397041625	70.64622485817779
100.6476130096017	85.71408768432163	102.7795266577958	59.85738923509568	96.86960007239048	75.07411587372927	94.07666011047502	66.81541416454965	92.86943129639205	112.3547773237595	70.33297334216392	83.61254780326354	96.59134336975511	116.7529993983679	77.14293691275697	75.44376223051462	69.62416825453694	111.5224209766331	96.11686651230701	58.94538892085527	103.7402157056356	90.91553373272353	55.58862375351505	86.18450136976324	78.94341150613587
115.3168636523259	70.30446488626465	87.41778151863031	64.22975381982071	71.82460602268418	118.8200098340075	93.22154338893435	72.89909589803503	122.8064053773057	72.57209468364225	93.2946578658472	91.80738370469172	67.79578621570053	97.72028414536507	98.44571701202676	90.67091931958228	60.30871004519916	126.8206313909867	61.86227548486615	72.84437824669214	92.20504926206326	71.70886992707538	85.0543491105346	83.76487883028324	98.5411332816669
98.31739257266494	75.68709804223109	119.5961724212873	95.00831980359617	127.1962761735329	112.8218228147455	87.55954409522539	100.6449574600621	77.35470663183909	115.5342466269662	69.95424536442408	74.5322672308526	122.8136237586191	88.605058294866	115.8529087855358	69.70387980910429	96.85536962672214	85.33771683661161	97.29044856041466	68.1322897944917	85.51089168920554	84.68353508150176	87.46675242956756	99.65318343119264	102.7497863521168
96.18468974840783	77.007641339741	53.31586411328672	64.16057425952322	75.15718503578617	92.59912132143484	82.3737007515617	41.56317621331689	117.1908792710784	74.13430479196099	76.70162825222441	98.53380772187793	71.82300321178734	106.6391642934654	97.72029237831264	102.1966781843806	47.50338490864992	79.37197680215553	78.712258264894	57.11959426873101	74.13884960729428	125.6900841994484	55.50117194677384	119.0886388113162	120.3466357040982
69.20963550762006	74.32381803775722	111.5104485602888	72.18373404918445	84.16932794548923	83.09842895184443	123.0351790955602	58.47093747951902	122.9109753177996	84.28411705740821	77.71467555611859	94.14518810045462	70.97145310688499	95.88443512729498	75.74805684150351	114.5663381560156	56.95498907809659	127.5639747605328	61.05736589133485	105.7766048474492	102.8156580926261	87.81423804317197	105.7500476074179	118.23501867059	73.05592220635492
81.13532942317337	95.7672522224895	91.54937510861549	88.07874418090839	107.2415232116806	126.6985980837039	99.20592839169959	100.3610845624808	106.8884355228582	128.0122276640286	120.8240969146255	84.95015305846931	107.7057969568081	86.51829195300908	88.82961887773946	94.88689804150621	94.01799767445212	108.7567321837847	66.62053889436849	93.05502810452236	75.67348101849819	76.81341121518348	79.9721724671257	75.0428877292001	74.16246492090795
101.6461694868375	70.97555972465777	90.66664520606454	102.3864711419387	112.9123143109976	71.38944717115083	103.6223207090181	45.80240194804978	103.0114977550633	76.3681950418742	85.68105935447018	82.49661693525181	104.7561032066207	123.0437692484902	104.1775351556971	121.6679586287584	45.21365438200961	65.50428317103159	100.0955396242009	62.95787634113228	111.780919010965	112.7257823161744	44.85799717336026	80.53539264519586	80.00690107421073
126.4916820822438	71.49975377264406	110.3465736187181	81.52465539767576	104.1169688391491	73.18037579055702	127.9305775334929	101.7807679992382	109.9076675958156	75.8037055044621	104.9405067084571	69.46412062283642	106.9090488538847	104.9193683108381	71.79293129390699	89.85796069539289	54.79846523837439	125.3158575019962	94.87841088400796	49.9297727442039	91.4120969035361	82.58683146339959	103.372599562319	124.4184842634001	127.6432909753751
98.42915873375489	91.69077204826041	75.10520838870929	91.97041070654231	87.55929342820224	63.8133849222225	108.5041582026079	71.85651817188872	108.2504694600059	83.61237064670597	58.5776440591322	41.87855261132512	68.63799769520358	58.93569461122965	108.9274883414403	122.926451717968	51.20678957358342	89.39413907826109	80.96442107632723	77.68344924431645	107.1924863997277	89.58061250611604	64.98720009960724	107.6424054996365	83.32333723534113
111.2198069639828	90.81913530572331	56.6079827461281	51.70803049929228	82.84408108825524	76.1292887497918	85.70147135556115	32.73016018064232	74.22124887358297	70.72664294124503	97.20036488264785	60.66702777594264	87.97231496175334	109.2981720042484	99.05355596547383	100.1049542925936	66.67715766607752	58.51801232116142	34.8390233982243	52.37631025105391	126.7740426697132	85.83203792797943	47.19929068086819	101.8734323599921	125.6299306937271
