98.23811002358991	105.0940240700868	109.6627735211741	85.13387094411281	112.9616565352027	69.38859303778004	97.50390794878368	113.6093665985956	103.9494736617601	126.0676972068812	117.2707491083252	70.13696144852977	129.7623907783123	93.44891188291155	85.86489858554106	108.1803210108033	125.7356254654864	121.7616075166781	88.6706063923853	115.2932514417999	89.63365156754848	104.8163386038571	120.157090764555	80.87410287825861	116.5172400006718
75.27974636115169	79.44470402344359	77.69126800096417	122.3903320289343	101.7900056553272	93.83546983800376	84.32761247014346	115.159069729984	102.5817801039527	99.22298160256179	92.37024900654279	127.9975569031729	89.69873150944986	118.4927413886535	73.80642523248417	74.4218228817216	94.79671737031603	110.5599266748288	112.8965216509322	105.2906664060071	95.04914493387199	87.4490639462836	102.8344688606547	125.5314650357507	119.2523167532645
86.45027002495354	107.3695165067783	100.2723800185275	111.3575855350774	122.6546768727721	73.30221272882186	88.03740181825833	88.50017048794302	113.5079960314392	105.7644594024575	87.00304387129425	109.6218335290145	111.3673756826558	72.89944108129978	78.33866572786401	105.0436265365144	106.6544293529586	109.9501179075719	105.273397220764	125.0217523458977	114.7228439198132	83.25581031083654	100.7841235746651	87.30667641321745	85.97465523556431
99.32768444937471	105.3354718955726	111.9740873146397	84.60292764285352	95.28158713671627	70.5233751759545	125.8923183516436	123.9647205429392	70.37186919517943	72.14467330159238	105.1915589955228	110.9806479243765	80.41896067219056	125.2468100508123	77.75253861690931	118.8425807243623	91.83959700581445	87.64293067614045	70.95985853694705	119.265991836002	124.6977141371993	128.871755265582	99.51384172375151	72.9183051505896	74.57559631035296
114.7475466088366	86.36768242798408	121.2970225662618	76.53918459888514	108.9455403877864	113.736835090701	116.9521978705382	87.70265859026337	73.85434939172531	100.8515407509937	82.16984908408702	103.9154729706772	95.18553788555144	81.9282336159456	94.47141716696112	99.8286971364461	129.1522925426123	75.70054873588396	73.7716055219724	109.6902003442352	87.92232066438861	112.1264539633579	90.1479718710345	88.90094128962329	116.5010896522363
127.776270588215	115.3554123668837	90.0395349447892	86.62209132012508	112.4225159163045	102.0832297598246	72.41109851864623	76.95219822012135	71.64635116749183	108.3924154858935	93.35303568691148	84.21851160271575	103.9120050218995	95.02967465501537	98.27263310661496	101.1488864356845	79.22931873834648	124.188255422686	111.4166615986535	108.670508488038	102.0945856442615	126.5613050600402	114.8984739559717	85.43053222837017	89.816960682161
108.227900198457	103.0983836241753	79.44647096915492	128.0812491309028	107.5682959823828	79.68804864823055	119.5397504956453	105.0314014648255	114.8732846486889	80.28150781795348	121.7147216242363	101.3715493649346	77.71083334397663	74.75755727740277	125.7986438843969	111.5067921008753	95.06446193470889	111.1685327765301	79.73406552640806	69.03802851957202	124.0452208484687	78.2207499453816	95.96469810440368	101.8385372713247	97.73932238671382
106.4692271916763	112.6433501931268	94.14951094901133	95.77962748316854	129.0370851989691	124.671594043157	71.55967745296118	75.97953825617091	112.7557518919401	124.0612957070543	88.94881552429248	100.5375071427164	125.2071166207531	93.73560105907652	114.1416826507767	71.03951832967735	117.7165993319395	110.0992334155219	119.7562145875508	73.12843208053879	107.7976907915106	105.3940752253962	78.80787233814949	109.1538323699608	69.11142946634627
75.80310286459782	121.7355191374766	79.6552646572066	90.59012482057794	79.26010591241268	100.0874496985288	123.3630377920394	74.38018715162592	105.1395705251317	116.5317691228349	96.39927168833452	115.1040583276063	125.2242187604826	75.30489104837513	114.2458925439341	96.48989644864845	127.7363893287494	118.3614924662968	110.5184667449929	102.2511578574318	109.2056872814182	114.8704275647289	109.9993740345151	95.04108716338725	120.5117152604714
126.5872782515871	119.8537542811208	107.5802328900438	89.17424562696252	83.1407515564626	100.1926667074065	78.51074914159385	98.16445063467285	124.3634702957939	107.9281345662366	126.6633546969038	97.65674579797485	117.0524167654584	103.4520245999532	94.67413696217901	71.00990039996368	103.5909845456508	107.1268208248381	86.94522910090657	69.65941689519927	85.05219683905368	113.9736551437306	107.9316708456172	71.85430282185214	82.02864606699063
80.8993713528326	121.044021216755	82.09296726778986	103.6732309838735	71.74817796578745	100.0682228619544	123.8779654719013	82.34900407888689	109.959191993078	117.404972740911	88.78963574906807	80.89612231652468	78.3229826017912	126.4339198680495	127.1974807376105	107.44940899204	79.90285766175053	114.3436945268513	96.92209307116269	114.5202388204043	88.63374344619915	76.72588985037767	79.55529246688222	95.58126058057155	97.62741779853248
81.59148003746137	111.3319199847645	100.6906841673535	117.0672076259994	96.99365861768479	74.26469418430547	69.63727433617916	80.79257591924758	90.04681925062572	90.75408907752711	84.999204156639	103.5169500093063	115.5570089664197	124.5642466504929	110.5272996866221	122.306477522161	97.18140153498013	106.865860843616	127.2518885695948	123.4958138757834	110.9234466407416	84.64073615807091	83.14339688829604	99.61358872092293	98.11564011724317
83.54409369114327	108.1586291655046	78.67343515199322	75.93302497569229	96.87450058944842	117.8747959370983	110.0733112661205	82.02721222768959	74.27287879701754	103.1616477413701	94.79421287280553	106.8275790779786	126.5780656148422	85.20740576079524	117.5010255782846	74.35912980678596	124.7560224705209	99.84238821280505	112.3191095677766	70.93733548534013	92.70954606247476	87.72692316602956	89.324495173621	101.3565997636908	73.76697931996132
127.8468194021317	88.04173898853394	80.15635568759087	79.73226386656236	115.7733613917248	83.54765821612118	80.79079611878582	104.3071979835815	94.46110617032798	87.29515452755759	123.2352472652388	86.31015371859176	84.1322635336678	126.291841821803	126.5647921960046	100.222946362678	111.1066193559668	126.2049741803989	103.2056151300766	68.01488698532212	105.6585744186509	81.66987359658222	85.35526581538404	123.1665351718017	110.9557933102346
109.0019226060277	86.69763331376086	73.16730855631843	88.43467069189171	100.6343518234591	99.37684349473835	73.11824521426561	125.0565216162463	95.7134411252096	73.07963936124392	124.4146165681716	74.33144010091769	126.4461776223833	115.692378259401	79.7369199252736	68.89285833307066	128.3288310890812	89.56997475419959	107.2869952202763	110.6028578401335	87.9339425021452	108.3008143346934	127.0115018065472	76.27258304074788	88.06539898259066
96.62747819901071	70.27129174839183	125.4431461554643	90.08137832555549	78.30243901271221	96.19910685994802	79.79709247526307	77.83514704809646	99.37470543601597	71.62112049473403	125.3830858905772	77.62093466779059	98.55856857896927	118.2707419471191	94.66930769857471	103.6027909901967	101.2755691596614	90.56563670614072	73.02216542473253	102.3441107231023	105.2288612903409	87.50279679362393	102.4804655080424	82.09251718625508	124.6687095866501
117.0507479346539	81.82479460651932	105.1470909223364	96.63845561480493	121.1104132652811	114.3068877168319	117.3318278207098	88.24083628860046	94.98837473523935	98.90624342440191	86.80740103261236	69.74441511176067	78.45952702050417	85.03157668752948	84.22216811593378	88.48690497494731	85.71713275243599	72.44767119209118	83.47125629840451	117.0891293303535	109.962043824846	106.2141123541326	83.86935834451984	121.0680973183612	107.513543457094
104.3491946707418	121.144567772184	75.64673370636876	107.2073622902568	126.9770123004358	121.7205686846315	128.7199176497854	83.85251300857112	93.03536973422607	123.4258223631567	73.39563403947643	109.707774134402	94.56760379731604	116.867789986425	116.1056068927324	83.26885869703042	94.90381448336021	97.7255251315529	73.76207891302916	83.69730508522019	81.35423824935475	76.132044039215	79.1943446451893	94.33705834191215	102.097583449385
87.70194242376701	112.9720423552376	121.0579144191017	92.4278158845681	124.4818333033009	105.5519679452361	69.77356599836118	99.59538123501792	128.0257032890958	78.54211848659617	127.870227936804	102.1010342954663	107.623055039185	77.67632814689112	113.7902011700608	127.8456286562158	71.43985810593384	119.3912662326825	103.340298318496	96.64333067479174	109.8315264686548	71.71009451864339	108.0744305982145	73.36122538041643	110.1930413221329
78.31301342169259	113.1312925926345	105.2146118872818	87.36335498302347	101.4296166855386	104.5586264772858	119.7530728371345	67.29752230623581	73.56734667565114	97.26490958284566	116.9149020541419	83.70776533054655	92.58837923001491	90.54454891565635	91.84804051549676	128.2437789344543	91.26715433821198	72.54530999387373	100.6986955586144	91.74691158622142	112.7613874095555	82.17896120405355	90.42144461197883	121.2540036239715	121.3926288962647
88.21111530679997	120.0745911118218	73.57717079411404	114.4811190707764	122.3111551785011	90.10103526973012	81.91326462497955	87.0767433257794	88.27365164377089	112.0475334243057	122.3258629225151	122.26087933215	123.922792199547	85.59623984798378	77.14113209082359	115.1530385145732	99.37607542318284	78.05802380622897	87.3986211754856	74.56741321155194	102.2791018654696	112.0177978613858	118.6509756734685	114.5737876986381	100.6103545498717
75.25705420727834	114.1732988396495	73.22071936036184	110.2706821259724	73.56785181910541	107.5616131155957	122.0696214943254	67.39523643354849	70.89176070263471	75.61798614811985	108.0443054959387	76.38088067745491	128.1858310254362	123.6625792785884	120.9686413595763	118.2685122928498	108.9936926586776	98.63543941503505	76.65928657805624	78.60901859078534	107.8703139652402	74.55217521436515	122.3984565762155	122.3524147928892	114.3545681147794
88.05405977085562	105.6244651128079	96.81028488283204	70.85790904216638	87.77280463488228	74.09779119302939	105.2725786663075	101.4281167396986	100.7201971171042	103.794958131863	117.0668734624385	74.21288718283265	127.0319441391797	112.6360470400147	114.9678658053401	84.89738334829033	68.98755561139831	71.9760226241024	98.31866363347257	77.85268260476451	79.43430954371426	75.74642149041054	96.65519469838779	109.6650107362789	86.20583171526825
107.2911170024011	80.84291724355322	100.6628796692454	104.9643700582248	107.9310701903242	75.91610416275731	113.2180531050855	86.13756454722196	88.19396543033193	74.94493262821037	111.9055111017325	73.03830164060149	99.72583106394649	80.39322916406655	88.48982972647958	108.8959543220791	120.0784993028311	117.1395907397829	97.15204645224415	79.66767005524758	104.1198375092688	97.18403322946531	91.93230191040826	127.7209356433854	87.15601023894685
126.3459749332681	82.95798150970582	108.0492353982343	78.34497471336415	112.4175957719199	124.6786789944319	74.10794597242928	93.29829331086782	78.23365009203661	118.5874853167551	88.26121685388044	116.6765851400396	112.7250889781137	116.1753018826181	106.533186345451	91.38141923089842	82.67564659056845	129.3096737053204	73.98082363537368	108.6398841331721	116.6152686618258	90.41443440123929	89.39854111378943	78.8771571858652	124.7445597891198
106.7464896140651	115.5045083823841	116.4438136620207	69.11339807923061	108.481379015283	83.40483891294703	120.1278805731994	122.4180846667099	76.36098125937923	97.20771260676833	118.318603309106	84.81297673678591	83.89622246506167	111.5836631728724	118.8568714691763	118.0452841772671	82.52414478950709	95.1154036800107	102.8369756159016	110.79159786896	82.74497031897928	99.36952011437103	113.4233681230953	127.5908615455577	102.7672221360718
102.2229548080904	117.9218165332207	115.3059813863378	94.14584148238842	129.7709351805409	106.7343261341985	93.04790374183835	71.94463491538552	89.89064487951275	89.20285620004364	119.0903065713761	71.80116044706281	72.6035884164291	106.8154573847978	119.0546097194561	113.533317445167	119.879748707352	119.7751455660028	114.6213774085625	73.42358914846234	95.35252296055083	106.2348273350116	91.80550152241688	118.2639043009952	103.0228159018806
71.44051345753363	106.8934400266724	123.3423853323358	70.46421689323611	79.53679098105044	120.6274210925389	72.43398840750091	106.7442019498366	72.15793516621748	115.8805511422145	122.7842483148005	79.22274592400453	120.8490555021991	96.40821363455827	111.5760056717701	114.8350798174227	102.9984810976878	128.108698107993	111.2493435938896	103.1794827118227	93.88027875454598	118.8524900374212	124.1621714644177	93.26827652864159	98.65354400976452
86.71366735615817	82.86194142753307	126.7096285508517	89.92110977963424	99.5087814631587	91.96035875903858	127.4662493436314	112.7388802806257	101.6365329476012	85.20176484560538	86.35704136569102	75.87878928882235	99.1957430148027	125.4700126079738	108.4357015377886	113.290508662294	76.00794740024489	121.4844340695982	69.11494697189289	94.70511099530162	102.6486684276497	89.19736409154856	87.2408289152617	95.62336567608196	93.02566767102141
83.74902267747466	118.3665381834003	117.9895686483488	85.04325982309261	105.6480278587325	129.0574245287031	88.64031794888029	89.53569688765064	101.5053857361451	71.73561942699813	80.01748927786439	84.34792978242726	75.53525845298542	99.93586122155392	107.1932991045588	85.41679084733663	103.8702411616719	106.24491519631	94.59436189907396	105.9072964949256	108.1900719681594	73.03729210952949	126.038141832554	99.41497677646953	129.3593972171481
120.959386999491	114.6704139602138	115.2634811152204	101.201507604224	76.53201758070315	79.47682953643219	85.12876395226975	77.60230129177285	118.4899813065894	77.93733134191055	93.0812417923014	100.5205193122881	84.5895572351549	122.1324421540204	89.34395025232405	123.6880436138783	114.8514654913516	81.53216411407024	126.1771467206089	67.58746692830442	82.7548017428081	90.02213254855369	119.0140796519124	107.8688333368193	96.83710388199883
96.90723585034812	93.31947115624439	125.8620579754679	77.87650915945937	103.8556991490774	128.403638612058	80.99911667919689	74.13316308266316	99.71702132167752	87.14453623773571	118.516479518391	113.312310673195	82.03338380905788	72.74319643638873	127.0801095237234	100.8750911745666	86.04257481722007	120.0375764503752	108.8945562971121	98.75120563679218	96.27355942463382	115.7756871456806	76.32988829605479	93.89569634681648	99.2909417003776
102.2783004810924	78.19482990705713	75.08393177203897	98.65263637809872	117.8570473750312	82.44799149632394	90.45875016770671	108.9353561068023	115.3438571355768	100.4569037128502	121.3632272373982	85.58258399629642	128.1393776758001	108.3077947482159	82.66025198287245	121.7786590114892	127.3491383839536	109.7823504718616	90.61256544967235	77.16167006377421	90.85340909214669	104.7074664540862	75.45721887408656	118.0478006755835	86.20144370271618
87.34092663726753	84.77238497590899	97.48478141873352	114.4845167379065	86.18801496407193	76.52309948407398	79.57200988749921	110.5867375764017	123.4748085717381	114.448189494865	114.0452531576606	80.62340163150108	87.63887524448734	120.2814398383342	85.66634856184947	124.4039084469458	125.5002747028351	106.6227439060577	99.46322581663742	117.7132045740265	105.6582149596923	90.15842312999936	99.61157382007457	78.45039370982788	89.29668279880168
75.61942695877207	70.34420561816866	79.87033517715687	72.63383366449185	72.41562483899804	95.56905823135639	107.3311634218968	73.2202629847089	104.1083129168829	82.61958110635585	80.05120230254133	87.43329609725905	69.12277595116524	116.1156800622053	119.8286553921992	85.78105175648678	79.15443624715856	94.33529057495326	119.236545161008	93.71477925868659	120.1424147661552	80.88120875799152	96.12275738516377	85.15095678418693	75.85461202136081
123.9108648916617	125.9488327316837	88.60844299378324	115.2794750488229	85.01908169954855	93.49516349775176	84.12012633450759	120.0415233485467	74.67484907816757	128.9084789052069	125.1120101288755	82.31641273657068	124.9288718251806	109.9084527187663	110.50296738851	95.71133617024616	74.71005726927201	114.9592921576872	120.5437001836595	91.62663065950792	122.9804930522771	112.455347534572	103.7526533714455	108.7290025248202	116.7668982328746
85.19243238196516	74.76467866573996	114.8118394185872	94.80270241935348	92.65725673559879	113.5791446933871	109.2734173628162	69.73798425636669	117.2895794040128	80.09349319426461	119.6676626894197	93.49708403655768	117.8500294028226	86.71082457379084	94.46034540141406	113.0078399111548	107.5910546231477	91.77311523806821	72.00352529459376	97.6653771530403	80.45504767992435	72.51943821932321	120.7233953021938	88.75699404604111	114.3230236619939
125.6496698060637	92.98879613504474	110.7136635015072	75.84472298224264	112.9122083737838	72.15283267159829	78.1445880027146	102.4281643611648	103.0951187429485	95.48049359734156	70.92722047715068	88.33946522766679	111.7927826225759	70.20055610596684	85.51437715598225	86.5193580936899	67.19898847872663	102.6962694558931	105.0566173239868	75.22680297519453	90.39171115323414	115.0174239297523	82.19137035871429	73.62510524363576	77.80403313473019
82.74292549812867	83.32906491280221	97.63612420484424	124.7127153540253	87.38692980314089	74.07039114781156	86.8083556377964	67.74702666536841	122.2358393584548	95.98241996443745	102.9621212255337	124.6480921718383	105.0740263655381	113.8028463069008	105.9948402844083	79.65061018040733	90.01263445802833	73.54925618135645	126.9548585956134	126.2094710942679	100.7304851734431	128.4434657741311	85.28002906695096	94.75967607695868	103.424868285364
80.52166238424113	128.8526589839119	80.97070052100038	74.04769873794262	127.1597832067095	86.53378865124702	94.20337873219762	82.5358591673985	127.1199110819761	98.62918666356109	93.26911537074211	78.38619649500231	103.8656370426837	74.1183765006498	114.4320624291547	113.4539044963437	77.82304337498958	124.5175908328511	114.8045719193543	86.99378172260984	88.37735309097555	111.2327771153337	90.47430410936391	119.4217652491182	92.751445132046
125.7581214459812	93.65763584676151	87.29417294848773	102.1400874331656	80.37876086612353	77.68089212734361	85.82335532242502	93.05593376549163	83.72175630515849	104.0540801769782	113.1395224700914	89.03448643812104	78.31898155739694	106.4693633541915	113.6356084141231	95.54093905731639	69.53283655231724	103.2348240490058	84.40809927100463	121.660994428766	70.8549451189796	70.36378199008109	110.5399175604274	86.02002611137594	125.4245572477694
97.91861322486572	95.95616346562957	74.49368327501455	78.55897225300774	101.7579762686496	87.29389659340352	108.3939399599192	81.96032814385413	124.347480386135	72.93876677527592	100.4618239739967	113.9159781536098	93.42994557633382	122.91319775478	127.5485632609198	81.77361157878121	100.4925977592185	102.3775124969127	113.7918992019664	100.6546943359812	128.7767074889861	101.1453660963201	72.21046640360888	95.19101721406564	129.0666755028111
123.2284258729358	102.2533427581572	88.36994251078087	115.4787382375783	91.15400189573323	94.82645509693563	75.05048210370813	83.23594260447912	97.06421087728289	88.00453300070104	81.09856691375933	110.2763528981186	124.5051872405875	72.9093490200718	99.9527312699698	99.53523284873256	94.06859612435693	104.594873901356	91.35901115280843	85.64368460537349	92.51765558316626	112.7437353046466	122.5490809493612	70.31862850760126	77.61676882278719
82.50977058191393	77.55828754393517	102.4989125227495	70.13881644559385	80.22489151359947	91.08022327093987	113.2108906788659	70.12109747296159	93.20984627103753	90.80645310507232	113.243683316463	83.65828474797641	86.4869496940747	81.86584351275683	105.3941883868066	103.5663653033187	122.6310184070916	121.977573229218	111.9215389519599	106.4185009000903	106.8386965392866	97.34827773756119	92.16739738567838	94.61796114932984	101.3288343916722
114.0428163253441	95.43622267449651	121.9270763975551	73.63786140139712	120.0081232249324	82.23564865001562	81.80234921111763	99.0511924600454	113.0304370944671	117.1811464103382	96.16720264736608	69.58464536311027	73.55762459258416	79.38475662423794	85.35540172887656	77.75846308181794	74.46285633490251	125.0332629239197	117.6708578838724	80.46531150648006	92.52177943354471	107.5110931704331	112.3384618131172	112.5052839884132	78.04510485671307
85.0202019080444	128.539112546006	116.118080175659	117.0932619038884	77.02013767939657	107.5397861633164	126.5593805228673	107.9064343960746	116.075505301688	88.46071772293195	115.0287478643071	114.3565158773982	122.8805182725779	106.3795282631417	100.1449907387351	105.103112597145	79.51339729293775	72.28707859259099	105.3520775763815	101.7990225235177	109.7049246671159	119.4925800365795	116.7365767909287	120.7974160313061	79.06639090428888
118.9987040541054	89.94755960462932	120.8541644395334	79.67794769566528	98.27623599168194	68.76324047232616	120.5203535399936	78.29075969303682	98.25997201539113	91.36592782868601	70.75315519532273	81.97895149667389	72.80490044354156	122.469665488894	95.11947337086735	111.9263295351529	111.2437685247548	124.3268943115576	114.8800619769754	113.4784474790483	112.3461911062704	74.54375394901786	90.24784502742656	89.1453656369281	92.02960472944795
71.55935576821378	108.246831220873	68.50043243041773	112.0131076766289	125.0031628418693	75.68337142254286	88.16633143876189	122.8058738613447	83.27644667382854	94.9498521298535	127.8087492136737	86.41456489913318	113.4279618256999	79.00296280692869	84.71313794032413	76.5846604339453	94.10661889057693	121.1722344734664	124.7108155507316	102.5297360568626	114.1155763487629	70.5618160113588	123.3515065108519	100.9035332100848	123.3392464979779
105.2284936254717	126.902984363123	116.6696350217551	83.09476394989794	121.5498613906067	72.31617816888992	122.9185509669645	78.89896428032593	85.54393811407535	103.7490329832872	102.6925266038151	89.67806701423467	96.06404716130449	104.4816854254587	97.61983756080841	86.39601022866876	63.11844840196548	124.3952295959973	92.30854741473964	86.42673524916754	78.24552822714428	94.15695366301364	120.432685382688	102.0727060586816	115.8601215896376
95.82448694378003	126.8554222431866	99.3436840155419	91.27612544900967	87.08454373764332	129.2980953886009	97.69342702013331	101.6438785210862	96.66922043177385	91.87982800656015	111.0328931636771	67.65864304142652	88.20277824107821	69.02031761323761	100.5421914636349	104.4964418236892	90.20281194812364	93.58196028629268	118.2281260214284	87.79942278385103	108.3092859759861	106.9198708467503	113.3881152006638	85.77863329453825	122.3031049055754
