62.43791569295033	51.55965540358818	104.7175791169838	87.18101715316699	81.25513123987861	52.90354033841849	19.64400396351311	77.63748699874445	54.96318881487143	51.05375858042673	71.97399519245663	124.5011954383792	114.4951613146964	107.8524197197965	51.77175394860521	46.86518775069543	79.53923656011578	94.986320268493	80.31881235912302	77.8414714745802	35.21141849639329	64.25161142733346	123.4016086669767	62.69908185812496	57.02535470626758
45.06240779793858	82.82989615213455	70.98348869811632	82.27197439897998	71.53245886881723	81.49406981849481	75.71035156270699	118.9207896390833	90.7247543716442	102.8672521106256	114.3425585915853	79.46413764486491	125.7447506855597	101.185011048087	57.03085979843443	63.63247231336766	94.95432009619479	91.65812613799298	110.9675648259482	96.73193759490167	54.6323437267832	69.1726869721475	73.34570366434423	85.62758336461812	78.06889753048421
88.57515009360051	74.08518090067597	116.7819613288953	87.99361960512084	108.4800159382152	109.3474124670155	86.43413939239818	91.06101535399571	78.70538872953618	107.5952930364058	125.0037410041437	105.6219412143168	90.27007654588301	80.02678746620055	70.09404653763704	110.7835990659126	88.46981380746612	94.58684525732144	76.96158179414471	62.99548934681241	91.2719890208308	100.2004878763114	63.1492366293093	129.8955817868652	110.178905149805
47.73105672458459	55.28314263571599	127.6558677414264	91.25203371375608	99.72560535546029	85.33534529512983	97.21219486239417	107.0763902839226	82.84667882062895	69.14104351526019	73.71826871704269	105.3353006885192	117.5602951621321	86.2681158247737	48.86828240070498	86.07061454058518	110.0618666064728	70.16695394187946	121.0529791738876	103.0818877744691	109.9277355229744	82.67185097771655	107.6671110513293	75.56175150130473	79.26912534151009
65.84123247129531	70.96198414697477	69.63971949840919	110.5592305312418	83.18039603780161	123.1242005747618	82.22851732296458	103.4359384854741	114.9159931143489	86.9762680607723	109.6814655883286	87.51437442251073	121.9547036883914	76.83230445112518	73.37612685004018	91.32226949963102	66.93565545650578	81.3651072682901	90.55529720496489	65.90359012394401	78.65236001550481	106.3272411177379	103.4533503354414	92.9733817984709	108.0846473525042
97.52488196371304	106.1507566648557	86.84063652963759	106.5060088739644	102.6386714189358	94.33610878614935	98.40116136180836	51.83186763533998	77.86932329882302	127.5480394871583	97.43835061924709	65.99788133525036	114.4485279629336	76.63862823681076	82.95614511271808	117.8134673148531	33.86148636121996	81.78342733148965	43.37033862580095	58.94399286798745	94.02577878847659	92.14864036399958	86.27289107479754	70.02468109086514	80.12529675555166
55.88004298045401	110.1752672505915	73.37551192043098	102.8479484940355	102.1831077248824	105.9167200987537	57.36237679433702	75.34371953227694	108.3412148029103	101.489664531006	91.84729485488603	85.84235018231487	78.73867949998247	96.11174386857908	61.13826001756793	87.84495422487375	70.84499914013756	93.6605634577938	65.33032874708459	112.0568751981244	78.0270664009725	120.4471331419103	70.12245772082321	110.0164593071872	106.2665796329761
51.07441416544674	97.9828700792916	86.66937420131974	93.58482980122542	96.26376888968363	114.5840304405602	98.21244035623965	99.10053357839595	113.3742275034967	60.31615741407917	94.85388561752596	96.33608915371613	112.966023337412	104.5979193134431	53.68317762322847	76.59085548260488	110.1602995752261	125.2556361020906	82.91409622603334	80.79710487721999	99.42462342309341	106.0893954813082	102.010755484359	82.18301732753976	71.43472006880394
76.44269586675473	51.30959765091254	107.1893835138665	83.72056535403145	110.1913862353015	99.12850926418739	84.33932528849762	71.76548487377553	113.523451596878	113.959319825188	68.43275992195058	118.2414297210187	98.13904108667521	112.7161667319991	92.22301589545741	95.8794508864691	87.87303869305765	92.26925801380993	86.73478635066699	83.30902888720392	84.02780637114219	116.3137701070847	71.18507993806317	74.2869305524848	106.5132815418477
106.0896845828246	118.49364198176	64.98082362776412	65.96045779667675	82.21402071837552	85.97237984493957	95.9981052282383	99.29042345942355	92.24401897891292	96.27576439931873	78.91136095411656	126.5838581992318	127.6265026268068	115.509960345893	84.40629000059909	115.8769181586675	65.52577861575941	78.27207233328643	83.69601301534802	59.8722622683369	119.7709289081449	98.52008807279367	87.966877733215	82.25416179179456	94.49912426293638
81.31329406324515	70.70391688115134	69.20270309432794	108.6538627272968	97.44376984643505	69.64090141710247	81.24421751793849	52.76632185345575	105.2027665246723	98.70424251382607	92.13469607076291	98.94876248833438	94.8250800102801	112.3329836055951	65.12322464065262	118.7955852129874	63.46845984554614	126.0178772011975	104.9342224594678	50.20152340130973	71.39425100668275	88.45936208728412	89.40593235901736	103.3471192776326	108.5804529239996
68.30001965284906	81.53031731741052	94.4444056316442	108.2403574289215	125.6972819990679	108.2570610871357	81.75984511716189	93.19426575736509	77.88417937223079	125.628800707247	96.49080005447047	63.02976434222275	75.21544245039426	97.21523016379169	111.4630658882476	80.82974183691908	61.95702929616792	72.35597840102335	78.08698556946105	53.43185723834083	123.4676492676842	75.66401152715952	64.45905830338009	72.21063239460433	73.54283494568836
66.33220890771368	116.2517596949046	103.5194012086802	75.346829533757	126.8323921453398	75.55195222557131	86.09616194990058	91.01945374760626	83.59268995478033	125.1445446721863	110.7804731842032	109.8856611564276	116.0265089280195	83.64278160222808	114.5026687812143	64.09888637683235	93.78404145211519	124.5750568809938	81.25168705009735	107.6191460338167	83.44787423951369	128.0875606322136	90.20050832044907	101.2012303029847	90.53805289285381
115.3486866128641	127.2370531927002	68.43152517072389	69.48786585448021	115.3912072993524	74.37399295184441	85.23992915558378	73.11843630148505	112.7681371758885	101.3044350973986	106.1015156639266	112.0160276579715	92.42814713853687	80.15320545553863	90.96361857636506	103.8242715665047	27.82417848931414	67.33257295773853	93.69956595991798	34.89979440318346	100.9579326953497	86.38126489803852	56.10114663138853	116.6751210459605	97.41775521666199
81.3962926108935	69.51559236084229	129.0795482029895	94.98225263774863	111.3926309579468	111.5239475993419	80.72824500103067	77.67646630643449	97.35924325407068	65.90761214733989	120.2217340120671	111.2828903607383	74.14438962924187	111.357533463283	44.48751074358472	93.53542878186258	73.85697665551871	124.1548341838556	91.13231806341628	104.2312560050612	71.73498639211051	115.1174580094165	90.78843922690803	95.59131892351411	74.85327296611992
91.18868887351259	96.3651848522041	66.61393474344203	87.78230937428194	99.56494751928042	123.6660260530076	85.82672315840082	71.24743652022892	105.6339013173457	89.62567177209293	74.69609068585137	79.56542167944947	125.1927701678704	112.0254451062701	121.0158403319068	109.4251713479337	74.80569026809806	70.52402781295113	96.03086401693542	71.8009132126728	74.91619891483202	120.8942746549117	75.16288612538413	129.1029403244073	71.32789317999791
86.6968604435683	101.2524341683419	61.31625341529569	68.06210567083113	91.98330805123024	71.92652328014903	73.68344966140569	64.39027661580064	85.94206103404842	94.36810316070421	105.4649788727011	106.0071960417925	104.7908268878727	123.7732605881748	91.97852664447532	89.63643945962374	63.81394252601744	93.09011490040069	111.0101957290831	86.32711695668722	90.95857949410964	112.0559992796338	71.22723558262086	98.25382881826053	84.88170244063228
99.87438473606676	97.51057150624725	86.13864978061139	87.9801209587271	93.87688186717342	100.4532826905487	82.79544414486067	58.79926116809089	109.8227002802987	105.9497839335642	121.7819725680784	65.13970775995054	62.85158327933729	82.76126209606653	71.14078771269676	90.34583827010587	31.09188740874467	75.04358695566783	91.25755465822334	32.76831713252821	114.4914271079229	74.50256249618172	58.84038286507484	76.10771793832737	127.8646785705806
76.44201085883103	121.0664028792873	42.36023332872418	45.33456626606701	103.5205088835322	126.5184696187793	92.99400582124257	34.84478862651085	104.8757293857709	126.6002851132768	69.1691731426437	67.05531477912322	62.31498894440203	68.88079675613565	126.36865596183	98.63825671118997	18.62843831101249	64.45559684847849	76.92976145748915	69.99798843766496	103.5849820842312	83.6820950585887	59.49620549386	72.59163234136722	129.7473088470177
54.95003998373456	103.4653029450502	108.6983820298922	69.2560713774987	119.3505535287887	80.87173193015792	101.5800023759967	86.91245771142545	88.14851532581262	81.67737673959275	110.9694289255839	126.5254294274749	80.72755044447941	125.5004332140119	73.68893404374714	81.25843081698544	72.58052951987867	128.4695263769728	102.5029065402881	87.59447049866959	105.2237243678744	109.4791315122217	83.07298012507347	74.23999432966336	103.2477799007703
65.11968733582475	94.55478880610258	73.78809456745812	73.53530650429266	123.1497339773923	77.74565824100118	110.8199555527235	68.57153468676097	70.82662705891751	118.3610735519391	93.45200218474196	100.5682595064147	102.7604433264451	92.22329007163796	94.27818492064594	84.62068057738958	86.44071458068458	78.73778677880973	81.40804699220672	52.88934774641412	69.39981350737388	82.36240677744621	71.19768377345012	127.8030066475892	98.1731176413451
116.3217712397563	104.6670637044466	95.36382582126362	110.7602764935199	83.78528114899734	113.0699473279859	85.17256279930562	75.98063258606491	104.4102685309761	123.7390953887767	113.3964411366618	70.93965830340545	89.19334288412563	89.07454395043811	89.03263152774527	85.32822584435749	44.84140092095448	72.38885838821972	54.83243608764792	90.67203125397975	124.2964796529172	77.72816933417536	85.70837862088361	91.23395788740567	96.44316600406664
94.53921038902379	110.4139107790972	57.98061107213286	105.9131604953312	110.7278154339169	111.5009366749035	76.58639404579358	61.37630671741843	84.91748765866711	87.51030027394144	81.38986811122994	75.37617394750413	98.5895875806323	90.85942319577363	94.01751200390648	70.6632206480959	62.68669881913473	120.8033957467707	92.03452668424805	58.97140800196885	114.351756430381	112.2508539895218	87.9275319297403	127.9586847651276	76.79503605407417
63.06287675248967	80.28976136233793	65.96993440777098	114.5267391000798	90.95507874227829	75.94395611379636	102.0027119753714	75.2373564819101	76.32473533348896	119.2827447493496	121.4657556419842	101.9703657930969	91.43201926628649	84.8020034495686	86.90951710783703	81.76730261566155	53.29109764638611	81.05751080859847	76.93922636901148	63.31866192530113	102.643907382282	83.08846405092892	70.59240216883731	127.4796291790784	116.8587710436089
107.7816501597813	103.2983787741917	91.44894963511314	99.70125226717317	82.91917945376409	86.1725521449938	88.6911470271608	61.18300215394328	85.13819653422182	69.62133802377095	70.99049301341219	80.33573531677952	70.56820583094643	80.51509801882659	94.3114220922718	108.7400971477971	95.86230624773317	99.12154518694575	60.21958388649985	86.11437601654362	114.2117983446878	76.20409945082102	42.23524447687115	116.5918501522613	96.18513046272929
49.8793570257703	93.24743841820899	75.16675900248811	78.46580585008128	114.4341790794286	78.08616386658356	66.66457922748555	71.044938213714	118.1669535339972	116.9433608102856	110.6300244176875	97.49589926826135	71.40780761140559	108.4232800738605	103.5213526217936	55.83676416632565	105.2732599013302	93.56775348676283	110.4553952221427	83.40316820233423	100.754609340874	76.62383128991503	70.74186493292913	112.9233114338529	86.49024495560477
111.5773731230989	100.7758503972161	85.02947583290094	66.54883740202465	80.71981065825899	72.78454436887876	78.1789308929028	9.593012279220325	90.73555841731439	111.6612575721686	93.21451468395308	50.18454760595046	105.1029970800938	85.63289712656427	122.4439255985041	104.7782078086579	36.78598571698699	101.1705939004026	54.25621512025984	30.94791634314058	110.4241359964342	126.0366230651632	22.58882732877229	88.69499723140714	126.9579853543558
68.84583641016691	87.75795219687936	107.1041517382214	96.84480238339826	114.2336243997101	120.5704612740374	77.84891748593401	64.24631490886593	89.84757509921023	117.9336503341768	96.92330965353143	86.85371731670732	127.3163528632705	114.9439697075472	91.54560474609754	58.50587611535471	59.02552869695586	99.80165451394521	93.97625443513084	75.10710172477138	104.826321827085	111.8827774391268	113.6737699375689	81.27100708365333	72.71952070096756
87.740055292523	125.9841162498784	68.58649832482473	92.81048973790064	95.37119216503271	118.1214060658832	102.1538285883621	68.0104700952667	97.47163878778179	113.0864288202837	104.0399588070081	57.88673307003175	77.36044068749999	99.97241407198393	114.8303480088961	114.1444314941799	46.76315175969951	111.0381502956818	52.92196663324273	66.87756939315818	88.89010537091748	105.7161636921169	62.34845154370494	78.03023431695502	69.82271640418087
106.8758833076373	120.3106636399772	94.26080461513138	100.086820146865	123.6561191634614	99.96406348368814	89.65007910935837	43.94501595306416	103.7369058377295	91.90614143889204	73.05640668877327	83.90897538905278	104.2418991310129	108.9871979505902	123.435661934482	91.02120455538952	70.23675797923423	102.56146024297	47.75007605675087	90.12844010474588	95.53462729461906	103.0762367041794	46.49202427314708	86.48430178423813	69.63516477881656
123.1040709370882	103.8664118333813	64.39405264701445	94.45172934497863	107.2336358276721	104.7412636966886	76.64623788240633	35.21841156261726	92.07429648361992	108.0284791846084	105.1032594296851	75.45278256839589	107.2496868608192	119.0081922614675	72.89187108407016	72.38868238082379	80.1445603333793	65.74852864493207	71.0116426584091	75.653946679531	80.85113981951355	70.21761103009636	56.04629735509282	108.1115265761521	76.46799277704517
110.1411764288085	106.1351994917046	70.05794123968612	103.5523039916155	96.23614337509579	76.36991842747688	98.94751080364492	38.7004383480359	108.0896270681057	108.1112601026333	101.597442156502	88.30890523822926	62.48426127029661	63.80314751133453	123.3508470273256	74.65756541057512	14.20419084289395	96.99422177938578	41.93472797695648	52.74519239758024	80.36431899371877	124.7486164269932	37.03262674569611	73.24702686667743	121.729567559787
81.83651724472186	71.69892620206383	44.3597744429953	44.80959159041308	108.4070713576499	98.84705510513785	126.6310090861491	14.34617248701034	62.21861314152214	109.4808310790321	98.50875773913771	47.43358784674618	52.35126282899171	47.00836460337374	104.3386269288856	104.5915000689522	2.675666722952608	93.26287240649478	9.127437646710419	7.081353255803435	113.9585431724832	68.01309662015673	0.4202813891589206	88.76943670137462	110.0452139282654
105.2832260056307	116.5461984013923	64.46801590014634	30.51284388590467	96.3896689940305	121.279341904627	78.29130079211259	40.4009436494037	75.26862297205082	127.7483393736378	99.71392768252417	77.92970224407134	42.70674861944447	70.27387103616985	93.05833018417502	116.6991657402234	6.015804089669935	61.09256607049151	53.51650419348235	34.47820553882048	112.0663835761851	72.24858258584884	54.54290223826689	108.9110002848843	102.3312697870255
100.2981166571579	119.2177580731704	83.13741597888253	52.90580153371428	115.0661948981496	101.4953765207477	74.0028561854416	40.73730791119982	112.3450348016798	112.6526279744789	96.44318556293649	77.92857696751165	103.8860090621882	123.2621941239222	102.7620260273904	99.72429808067747	41.93422119637957	104.288050835645	38.90025518728434	87.36845832521226	124.4451130716562	71.78997817291642	51.8796117186445	100.38392648642	87.17407908159512
74.32530101655155	82.37514667836147	102.1524251893867	122.763965718486	119.8059628643332	99.35988378750289	79.37157228947561	97.16005311358478	79.55355354437646	121.1158232030287	88.3755412011641	88.95670304150326	78.78932089890947	73.7153008182684	94.26108255251987	118.2383687066496	80.79580727779872	73.40748792790647	109.7932195301295	87.56233995100106	94.79920284900956	92.08259882660604	54.21610039336134	91.46866290565897	114.3904429726293
88.70103497306272	115.0481929620296	63.52147556971426	92.35668090259907	108.5382794996753	109.3607816439654	101.4807187417463	58.56010823485273	72.2601205785612	105.9739120944988	123.3702986823354	106.0284229893873	94.82544617506794	80.82695718684049	89.04215728662703	98.69487717677248	38.97776107884303	70.8235595830283	70.19099034901735	50.60377581338813	101.933609608098	76.80806557648667	41.71868402402339	109.0826585631545	90.84633094610243
71.77502761515846	116.6622906271487	57.11542650784688	113.310322089341	87.41422305274959	99.73788820411767	101.6855190451469	52.02056009764593	117.1558284900171	115.110838389658	108.2472693593155	91.70259827531547	106.7100034112115	113.4334226153455	70.4520269497946	96.853520585711	82.57176982315909	91.23708537598577	57.83261143131377	48.14516065039828	124.6863485955967	110.3294517477296	75.86400093845637	84.24310851980721	69.93730380242637
128.3096545333186	122.7162987672629	63.63787595559188	84.26362090814072	91.51139679614494	97.68460016914351	86.17774551376326	61.70874678334451	98.96057861473363	115.6178564420297	73.69544794005424	94.85972467106953	75.9496251504342	99.69641697840879	87.4462856688901	125.2729307621039	56.52068183801512	103.2570785015203	50.48652114065017	62.41501570266897	111.9009877737062	79.43978378088042	40.63300030268159	90.64860230665982	114.2050915573281
113.6371458681144	105.6672845359736	101.4706461638833	87.04566845947279	108.3293331064243	129.6242183040789	89.91413859477589	38.60758886033949	128.5547121573507	88.37418963354719	95.87984891151902	88.3723334502764	78.5584727395855	108.4207357147498	112.9138236829937	120.2199796400349	43.04741332318244	105.7088471852177	80.34576134838011	31.80086214863381	87.32215033267083	78.87903729083942	69.1903883559867	122.0912695752727	128.62665947932
125.6318102091101	84.0806130892185	61.65512414447889	16.04105300087362	110.9026040962534	67.12455863530187	78.16758156540727	24.48835175131996	75.85256610621589	66.18107865189708	91.28250233909607	53.70047519034699	61.83374843010688	47.58256945094101	79.38125291006679	108.7196726719664	14.91329202909495	44.39407883886511	1.857030784108542	10.3448414099898	67.76269424672482	110.1444808849275	30.62588930955799	105.2939046561623	114.1415853636154
96.32801999521757	100.2733602056905	59.04857505523438	71.95025472835724	102.0801820694461	112.4055482280231	96.93362730417067	42.37886040738418	119.323041812552	92.59910230771719	98.67910855034131	94.48708472877807	112.5404912317466	98.19833624034769	80.05373785269234	65.99324815333591	48.03065684372072	93.32745291835793	61.64356100208016	76.33409406638427	77.8164728394333	89.03668712994258	86.06965436329642	79.70093425870235	125.7555228775861
129.1625170050239	81.0746711641831	55.87739729692392	66.01811358727696	81.10696265425666	115.9366057089538	87.25794289446385	11.39001627839181	103.6741323264831	105.4439723415869	95.54809120074023	82.94531878253653	65.19822448539082	102.9725975832314	103.6713466202443	115.6892230723963	15.94751916878612	92.57746775178893	36.70184328078162	31.42444137110764	91.59873144566966	92.45886811770107	2.549594354042336	63.55301450303205	109.5224724027466
96.79640376036177	72.47925250645243	11.30157824770611	60.26197027779692	74.94402482457824	88.10061033434657	119.455889366676	28.87066826686325	109.771932019285	77.33546547105939	77.66727748592731	79.21729077530156	86.30114962000967	88.88537187935607	70.53732343739102	82.48974793208336	37.58266656366555	73.60790021874135	14.2286958923705	0.6936502013177914	77.06349516332074	121.9917065371491	23.39749026940706	107.2683042051735	112.2275516171152
93.27639058645579	84.64410567217634	100.5906709395707	83.52651417653206	83.62419733703467	120.6701700164565	83.35838894850519	29.50296813613133	100.8646291294874	101.7383498681326	93.41522880778263	97.18980399952679	93.0976571830801	82.15386377908537	88.98314439785116	71.97107325823218	58.66344424470884	81.85105535474798	49.05471339188401	86.43908774316668	106.1396676756345	85.84523040116058	25.90720960815099	81.51966094788017	113.611640696039
119.2282971001021	96.72994770591777	6.979421550636133	1.699419476647487	79.92279010235237	87.40662989940243	100.4314835234349	0.2933546129841714	100.6164061692775	86.14913658241781	47.26063204066203	8.717595550421223	45.12949033125885	35.13926918799005	77.6346497040181	93.25522440526285	2.990112867323929	32.19550179877245	1.623247984143131	0.06775722970142953	111.7360463853214	60.7921848457088	1.442555754608611	76.89902551322966	93.55328330037013
111.7456708164719	129.319008375273	57.54216910920394	54.96633556616815	94.91276923251571	116.1629174691803	125.2626176621345	32.54001112915165	114.7886556982219	123.8361529874421	78.74112912377957	59.88479506371024	63.08276559896022	78.29221169186989	85.31117614242032	74.93168377555115	1.776543003166871	81.37763054892508	37.96007922090929	28.18153467917063	78.49661827840974	80.73542724041137	38.60542062149695	85.91375810209732	104.5278729225192
96.25121353158207	102.6084312093793	0.911546285936049	31.62517128667561	92.12154976047334	104.0387996233397	101.1866064253302	1.65344159279363	69.63651320457262	110.8150070995366	66.69490774878092	46.76482089203776	11.27907039298974	44.08548564909465	67.25685867024757	93.30208123992641	0.9850376323624881	29.5528823775027	1.559739156526166	2.611376729790848	102.9859604467813	70.54805691639319	1.400425678567055	49.53843996440412	96.03862623896359
119.7325666338975	121.0290155938784	67.62044372235579	74.00932106382709	95.21726118748813	101.8944344871989	115.8966105006753	34.90442035537799	79.98776358354834	83.32336740500739	94.44294417635417	70.4624933491735	66.49504274229839	96.17110797529899	88.66772863786397	126.1895983511736	63.43503305408765	100.9723954394695	78.09696561743471	75.08181889557763	117.3972119141636	113.7119170416374	22.38257647015804	111.8300750193461	124.5761242098235
108.4362803342923	98.72773221972602	58.44515961591398	50.94583795363276	82.97466297480976	84.39877176455694	99.04862547905239	50.80261510047997	74.581646013662	107.9523770789906	62.12875361448654	41.74089799223901	61.61299734749932	102.5903749606235	84.36274384416571	85.56730039361905	1.771819885228696	66.36224350758533	61.89201940756124	2.349091490844607	122.7709916233621	98.99119655003963	5.245155574299993	86.36962568189753	92.0330808964397
