87.88588188860649	81.29959654985271	120.1030988846392	109.0241137244583	87.51447748528496	112.7972753695279	68.55923626970882	100.5981043716523	86.27168808682852	111.5327289594268	94.36913455800352	93.27404826110052	80.79901035848013	73.61425897035781	61.79083889224422	88.21069076318953	92.80528045080717	87.79565888431053	117.0026378388987	73.69967525679299	73.61589462516072	107.3975963986359	73.30442819326349	105.9497639420034	53.95048454974018
68.07963078957073	64.88867783109131	101.7295451704132	122.0996111370685	115.8719662913113	88.48596782299977	96.86614309658958	56.7035195907508	120.7020721597259	74.6899862402969	96.54762274748104	116.5725227361067	104.2841487806153	113.3216670432631	86.40059939524565	62.42901940197771	93.23047824218169	87.09903530010078	78.73808882482714	63.91371298551836	75.57397509063256	91.18551833482927	48.92770926540685	120.0509294403322	111.778846899851
57.24059312362857	76.51393545770205	70.46650264301297	122.442840763992	113.8509578149008	116.5641725806923	98.3615419391694	75.78331044157852	94.25482787004839	103.9958478036456	103.9100396292014	123.9828589290778	101.8440705607869	127.3185331416456	72.21126375997211	97.93569762579088	50.57192233656271	74.81924562539832	77.6962809170343	75.77601103404098	98.40594791392695	99.43839304209419	69.85525743005778	75.8888288181392	66.41399678107371
66.69036211254931	30.14022545507689	74.07882799187792	87.52293522078507	87.38960893885275	103.4410978424948	57.31688346532158	128.1220459217166	72.77721090141404	96.00771416741085	116.358660222058	124.8984717559634	126.3493064188387	77.97976329836831	29.31061975682991	27.66138209203955	87.41194482134291	94.11126957709132	97.8839884413682	72.73247481607726	51.5383677675532	58.21159272968731	105.9026231365347	106.8644065925093	82.04244456811627
89.51098416962765	104.5477509360635	83.25517314628752	87.00168693087053	83.51389710779898	121.3129223560934	103.4524562064639	87.18211758677589	67.47100623239194	91.437528105513	109.9002759968153	95.82406435638333	97.12304728421854	121.2826457055226	82.00094459785103	89.00987198611038	103.8306918913732	88.48574704587968	78.44712724445142	68.87395773328169	97.11640269684571	70.82597908747384	77.89150597241648	74.75766655594313	111.7646539369696
124.4628083402451	96.19179142786747	66.57726031061719	80.70577257767066	123.8072008929296	101.5743802057137	77.75431977718725	37.6388418021686	110.7242751571132	120.7603396690665	119.2330511169383	113.9769619464853	105.3211509027561	66.68173979937917	109.9113701647131	79.1906925436153	51.46178787383167	95.5496450521957	53.48342396588829	79.33303296417161	91.88398441697828	71.30868613715685	35.73245663287531	116.5459430574322	115.1905550429054
48.80396422460916	51.67380611234185	74.69811703842359	108.9510699774825	62.22016553854806	118.0254314353251	49.08062916708487	105.1063840651236	113.7835015162568	60.8540860440294	91.90080896444722	76.59224436936034	105.1326578820628	77.35759635036726	57.56295472093774	72.60319350335756	93.36472633349672	111.6141336383592	124.8931702567179	79.53832331784324	89.26433870080579	89.92118177362097	118.8910596354972	116.8762357357308	97.08142995950344
80.3439972552469	91.25117985093415	112.1117399680816	80.20465454749693	65.32706473926524	73.61104711669824	58.2603451130756	69.10584690393743	58.9750781402319	90.86407938519309	108.8295324048157	123.0640699775536	106.6161820018037	104.5665069302852	84.59643269479983	39.68637625146869	90.16078818313865	116.6510073060745	92.44400844938983	104.7944690835802	64.4958257846499	109.6829431406717	67.42566044889747	70.52060056010897	95.05158740931479
74.77064720461726	86.79980907278717	100.4459514398145	100.089417440756	109.2679727141924	106.0760545528234	67.72709084809304	87.34875735149875	121.0739305150756	83.50657338973696	89.71961174493873	97.7828914855354	92.92987779061949	77.98292483785877	124.625827812286	113.7023713746181	79.20961239428937	72.19735986253565	42.314302608139	46.84549421775264	71.82195800057225	107.2441408781753	29.7018613661474	74.53038019298539	95.45452526278018
59.87850078308419	65.0400623731888	88.39482552033782	67.77903812531892	76.55866541042413	69.35228335261768	85.41307881134995	83.88563863523731	119.3140578557571	66.63551945873382	73.41467057191051	86.65529498888471	115.877587175716	103.7290102736907	77.88682481817276	109.7123809675371	108.5679375901389	88.77619165453376	72.9001908221116	69.55916774334327	75.19472428161833	72.99097313924128	91.05605643542904	94.83710336345673	75.03958453709105
66.97523119017754	118.7193887478464	60.1292615815923	92.78138193913614	103.4369250077595	76.80077814166465	66.55309596466563	52.47459956808746	101.3211284752095	72.73576731067928	106.4827761435879	82.25900326474435	87.52641505945235	90.18838349565297	70.65267655100664	109.256934833318	58.46193635729612	121.6327324336863	98.9619357566504	53.7875899504142	116.9770747334906	107.6316688001089	83.13833923297429	104.4900658621769	105.9943771800459
59.05131429988313	77.67337114416267	92.00963532104632	63.44996956926461	109.0216713126376	128.6631466792728	77.10009658762587	67.36808111153792	97.96242449409829	107.4176317943936	88.5606427560559	69.35254104160356	86.97332386902373	77.19142787572683	73.50474381190961	88.55965279393938	66.74890047754813	113.8922935980819	67.62575628102528	80.99208810452664	94.3861884933126	90.08100914856664	75.63929741233842	108.8412430890307	68.95748812366601
71.79646889714482	112.6202021960544	72.84441271619013	82.15900804724144	123.8902440187054	68.85135837137707	94.05532615172763	90.97305202311281	105.8327904663757	70.06143073269988	75.93778603380417	76.06906340744506	90.85120392963786	129.5605141450937	58.81284605189721	87.54932168333855	90.49402486850391	128.2368454951201	101.35312153897	72.20393175952046	74.08153815414869	99.66983670716385	95.04551228943959	120.8315645364539	82.24689782413573
64.16749420437452	117.7629978031044	91.69838697715593	84.00003314348453	116.4599786436807	82.3946668551888	67.22296294763292	81.26518237767927	95.26021599924107	122.336579411068	126.8786899303399	107.7303600318849	102.9713459581132	115.9389605918392	67.92355280533916	73.62714753242693	93.34481780074562	98.99670968730462	60.7282984789847	100.225286324521	108.4547530089549	87.39103767529365	59.85281540287259	129.8538914532026	123.8922292741724
66.33151469406471	59.29559591958292	128.2349044274475	74.80772799116417	106.9166957000385	100.4918883755786	66.68421592562277	107.5148332479772	69.93006794619481	66.73338137278054	101.8710258735238	128.880055451377	92.40749924197571	117.2577189661965	90.44976269843234	104.2209206088742	70.11922051942116	77.09109076073413	91.26540412243018	92.45200288989508	74.34688821766041	97.32460145407283	63.41131928208515	118.7035300933511	71.82786941205022
119.9716025164137	99.63671988017927	103.6288032277186	105.0515890124296	116.071683730261	110.3261870776767	96.77011376397752	93.16137964776141	78.50803744501155	109.232880288145	95.70340365056111	96.90556160926987	83.58499140394723	80.98150805225154	70.97792106278398	98.76605498111655	45.56332533446796	66.09858832396728	63.25218637301759	93.36698677320925	104.3857226840719	88.30667619020531	49.43809169882222	111.7722437406361	119.4691508578061
58.62604441438506	106.4188476533154	115.3025006579262	92.02512562921778	95.35251643153863	71.27185740956476	83.06987997045266	103.7010754726508	87.12663688154828	102.4433645948782	105.0080034884086	75.47827604854368	77.3761450330811	77.57736133238237	111.0147657831705	75.79160874732273	64.24918178083352	82.21862571449762	110.6994443151918	94.32364866115708	100.7500586683474	73.45749825819549	99.22851838064281	90.49481200216687	95.44704617774454
61.44008868817139	69.97903416948837	87.86042582079561	103.7845807414634	78.05141786715862	72.51664814562763	93.05860049238308	72.45989030551969	76.66171251730171	102.7961410495892	129.6042707493201	89.02776874743293	85.07612718758043	105.1627708975252	118.7480443138805	93.42687829629331	63.55416163786208	125.1991799798492	52.31809546500307	77.19735741757212	89.35154393949367	74.16798577002584	45.50164884502614	113.5887844108495	116.1248407834588
125.1962985600322	90.26290165802938	59.71560398333497	45.16248138091215	113.4091342396302	108.0019001589206	73.78031016208745	50.79067075592526	80.52321836144884	102.4860441954468	75.22428163600907	66.71007706875025	77.45232523130767	98.96937178955903	70.5139399796827	108.3640454378939	48.97715220912292	106.8350787313018	49.68905463730133	36.45536257434863	122.0968791590833	93.26510330074252	33.0658989899102	102.2293770975089	102.2127723025369
71.4572900199841	90.28901251448409	52.25772392647049	49.48485021267521	119.4121140824799	124.7592620730184	109.6587794884498	45.61876781028954	106.6293090809797	120.3000236512327	119.9611105383134	108.9515917972247	60.32981363944251	98.04939307169582	78.59840227776641	70.2092606489486	58.98971555500074	121.2549285098312	86.29063821299042	83.93965098269049	88.96853240704944	84.04982684574428	66.14595579708146	104.0029873959046	80.64122284183021
93.94906728046266	75.03279127926199	89.4828839526019	64.64044222227687	109.8458084155461	126.6542483022628	112.6408764718907	77.55311488487348	104.3831323848019	103.616433447362	102.334281831231	89.66499941696935	69.2225312606415	98.81695501899895	109.0773852037813	65.54599751610721	87.9462085571933	112.3822741044674	63.17487910411346	48.21012709819139	72.59709558400029	91.73618969276907	77.37682079617794	70.91495496411738	88.96907977185309
81.34825635765304	46.54924045125638	109.9728696175217	85.59134358064632	110.9186142081822	60.17285134713659	72.28230387682036	104.6487201126623	111.8365140283897	69.28419983992644	72.05501156344444	73.18679491983185	79.99446723410389	116.7592255231256	89.33627327777619	48.88092796931237	105.515929697141	104.7438168037399	94.16211213722421	101.7598428027466	70.59855081798312	73.25003700736886	85.93440473030189	71.53589667990452	90.46289274864091
85.45277609840673	93.18732274414188	81.49939397768381	67.57423791473651	126.4275392621551	111.1812759969871	112.8840126630207	82.74996235263683	72.93337768686314	123.0028010682083	112.9771914553261	83.84307679542651	118.7377337604012	92.53751339902961	83.39584251141237	81.71335864614923	103.8638231401525	104.8109862518939	64.73683899646083	63.75550241000671	102.0028417052519	117.484211349157	109.3380021468896	85.88494003296303	81.94505936453604
96.5930683134853	123.756929953177	105.5965242223193	73.97159082117182	90.50654967631591	97.04530655479077	110.0636831684773	74.23225284567278	129.0977798058659	98.63965619937818	94.2406788186637	72.83850647844974	105.1570225023187	69.64489174326978	115.2370744577142	123.8640486646822	76.18632739217223	71.30299643038506	47.73036224192427	74.39828144990591	112.9556284146594	124.3554667512106	82.09272423343313	111.460612621187	96.14084662502816
102.5545486397102	107.8111080507163	96.97446478451971	113.4134835079113	77.85044689662772	90.18840679447217	100.5154423443182	95.60281775421498	113.9426072623753	93.54828639279047	103.5637164216389	84.06294760043636	93.44067191590969	71.75209568490185	115.7441533326386	118.165462938944	72.72609020293945	109.887849645244	84.30907175414265	41.28164985192456	79.62272206771905	81.58803907185371	70.38555528730939	125.7722214339534	103.5563352430109
90.18679450948395	83.94957943155447	105.7887128291957	86.80514603435665	72.71517837055693	123.1524049380452	61.00253576886283	101.5105925657554	108.2138818472056	104.2151652232443	92.23005998262543	101.7010631775784	74.20581598315221	86.81168947166987	66.88399348356977	81.55568444990585	63.56316579769303	94.88745789704981	107.683177010868	64.12079686690356	66.34532608279906	123.3448146516268	93.33200560264179	92.89751975324464	81.05896046234109
111.2712279474667	75.99214900909155	62.17584310965673	113.5157115136205	121.0354519583213	126.7700007115865	76.26816337854521	50.33121877101188	81.48373350058031	124.2481061516059	86.6129099064168	116.7299301687786	119.1991635815683	84.61320552241732	65.42744203452786	101.0742918455285	42.87930264651047	89.04685666970299	108.1473010509675	82.64357115028774	116.3526647523659	73.83632884534907	56.03416420588657	91.41632738320428	90.91883015312035
111.8603172434349	129.9248199627325	67.11785265330091	85.57955188266016	74.16084813338053	80.92880295542511	100.8754116101534	63.57023035074147	90.09991605255561	117.6813536924828	104.473214373468	83.12033551143473	88.68206192956669	60.40012129913659	74.9478826780847	112.9108656812665	58.58791766631826	74.70073275818964	71.0983924744459	17.59924778366884	80.27505488004773	76.36457872396616	44.78114090234234	98.32284107758005	74.69632426505115
72.76770622677589	118.003769066609	79.02763256346509	67.97253336311034	82.63807233949018	105.4529495405736	106.9327603088827	65.68252599331768	115.1729597232629	78.09653350282007	95.33261251085334	103.3186889008001	123.6233236193249	75.8862841491335	77.03372681307381	74.74128385881062	45.50799133267222	77.03378519356872	98.93042096566856	60.25726568372724	65.36828200493886	83.99214303390899	73.99363075011374	103.8959102368371	98.87287478847884
64.30251631572406	106.0866609773716	93.9216415333826	57.38750716036503	98.47810579082812	84.68115184157297	97.39785944558668	85.21848383540383	105.495688823746	103.8277878573419	128.8952928450075	100.9244248810889	113.1908633689105	89.40383011197021	118.7285538438219	85.75970215389748	90.98480818267041	121.7159592474486	55.51662213453061	52.3567542874723	110.2979901027581	95.56097452704044	59.15455359168851	115.1599286956562	119.1335920912192
86.81617104066871	78.63984716494839	82.6245435018248	101.3771311746353	89.3355103995716	122.0968671283912	73.19279128398682	42.9689510471745	69.62772151254347	74.23170328090683	79.43991720968666	78.30810201569909	62.94384981095322	107.648323419085	69.59959845425706	129.3992624425172	32.44356102543564	80.56318951249428	57.8450026981088	75.55100742347182	97.24069531101716	78.01983782282555	58.88880460628866	70.70054476565784	82.17866648253317
101.2648569438437	117.9496421321628	65.75955045408639	49.73229879149301	116.7293904511945	66.28910216858893	92.13222285519274	32.51443583251238	81.76612602186212	117.3500750616321	104.634623367109	83.55619272191383	76.99200988259813	92.06395205092906	103.7426393557417	125.5417499000752	2.797704313889945	80.72640103459239	42.75456041824282	16.461025452797	86.247241506698	126.1290946112247	12.89901784648373	103.1313412218089	75.01851209913193
117.8557326939456	124.4487171508666	13.54805461287853	25.72014110185309	84.52735466835946	112.2360150252321	89.76566438994982	24.32379919238367	101.1962908616306	106.8820856150107	112.1274884001107	65.33992256891128	44.61917940397456	80.60624103997661	86.07083500900059	110.128682522597	0.5253123523481815	47.36335411650974	1.991050370120385	11.53602963013044	88.91765090790201	90.81418152843034	12.71749546961041	83.68504956185882	126.1272536050821
101.052027088597	129.0477730142661	66.82893270895656	81.74423971675263	99.8658578128219	118.5540937563042	99.77523963575169	16.76954730125135	120.5962907767776	74.95130952625961	125.5250038303844	48.32824952461048	96.52601738621618	68.95596317521118	85.54079383840826	98.08132185707146	11.98824774286175	81.27135054693292	77.21085284795288	40.96337951056698	112.7227345013269	81.4927138235271	40.43317040855695	88.37809744932012	73.11902817328837
117.14708733332	111.8381746844464	76.19323992641537	31.92875433351444	88.48439856076651	94.93344010354149	111.4710501565897	26.39938794999523	100.4672475762163	116.0079051516562	82.06768831723114	49.40376501000546	60.51940641511158	64.87743460694777	126.3788116017503	92.37361916433326	27.46406704866806	60.13501812746955	27.10445550539869	53.92611841176202	118.7958117657219	99.12094233883059	19.98288856062032	96.34173561112115	79.95191870574055
117.2153999497078	129.6246248909945	69.3374052455698	46.38607313833245	89.31923800581711	92.95278777921638	111.5193855729796	40.65920810039748	93.20280864183837	74.74100497526122	67.04979841397287	68.09229148552734	86.80944835170015	84.12967895050151	129.3111897097726	95.09958938726268	43.73579793246158	75.2981078497213	67.84669677057401	57.02642301288836	81.61907872862932	70.43907940478242	31.72179512980775	103.9097385928477	86.76618848232228
111.717589204712	83.65035113835171	103.5374162023158	87.32176402410306	100.9740147100597	101.8864783441977	79.61817867434533	98.89813672983112	100.3633299618346	100.1107243408856	125.4375367168487	113.3747549585129	90.11022610098021	95.74337929621848	78.59663879530191	57.95353178316664	55.42760595718318	96.0079726863169	112.7753098566513	100.1354157729637	103.075935743795	72.71480839593261	56.72841257374075	122.7105618458953	72.96991831632839
85.934993351096	122.0184700785557	86.10789505238051	70.10186085097902	88.78932592577374	110.4366112658252	93.42951494320363	58.52868251402302	73.66395803833561	120.2894884506835	87.63218293857508	54.93571645007806	109.8146346360384	84.97279157685982	121.4315588096282	70.11955824206814	55.96949862811823	112.0003901904412	64.36584428475854	34.12860025616578	83.41491299805584	99.67016507224344	62.15471963467623	93.42160116585708	107.6746448690441
67.13348923818019	101.0389315021868	80.340588363774	120.3002825756121	125.5469994281719	91.12038618272567	105.0935034043832	51.24452242572897	110.3192621518491	126.0545367995017	116.1493837709803	108.9720651030445	78.91752249712211	78.00127346712044	91.03955693283575	69.91392318679681	103.5316674041969	117.5793543681064	75.88441120800937	79.11762615991633	96.58186147488902	74.73235636602354	97.72007093222966	122.8530135602923	93.37808461716109
72.78027634459474	121.3371074803509	88.50398179599586	86.68306149583526	84.05402203807684	115.5384889479319	118.4126868062539	58.61825833626634	116.2225127614307	113.3263855791109	111.0534156657099	105.0575194754871	107.8566485080871	83.58422826982806	97.54958656601978	117.5636671832959	49.92331423688337	103.7502315979476	84.84784217679569	44.05612498419495	112.6752408450912	70.16106165354783	81.71989904831608	79.24110159674973	124.7244930930073
96.8991633231777	89.87707914894318	70.95693830786291	85.47863348116283	97.6690728132115	75.03239986626043	112.0994157858581	30.33857717415315	120.8020398447939	105.5098491137385	75.04054408714104	103.9432238939551	49.85663335700498	104.393871551015	122.8510445753678	107.7722027409631	7.782447092957213	82.31356107856357	37.46029877086411	48.39375934746758	110.5524346596538	125.4705224956552	14.56621373876638	116.3945332370075	80.98584702184714
87.70454715698943	105.754367750257	52.181940819049	83.64517162987748	85.87737875612635	71.66626720251892	114.3742729758683	21.16429154097949	82.70837872218124	73.71011792699548	99.70931736854789	56.13596259519932	87.48654965078266	94.57554443910212	99.86797857055544	92.85350556269015	45.34125181221168	103.0472190990121	83.30666647303511	19.5185092542632	85.91757303754918	106.7090838373077	54.06949724415256	104.5609848372311	71.84268263937317
67.76731013376761	71.80206368317617	58.11087104201958	111.8499176218685	78.84229301138959	121.0973458716585	125.0667560604821	59.13922306915437	88.89346659041567	83.55335364121413	115.6878611815968	107.5553248467149	116.3741784954147	67.87186867192727	76.99282635267099	123.535871474053	82.69323610091215	84.65989224408264	57.7071236637417	55.00747254249917	124.4771092833698	126.2386944037826	36.57894661397761	73.28206566839687	118.8664280878685
72.27819853315258	122.2413577915746	68.22631896537763	95.61194770374551	86.63729565303728	108.1140324605312	76.74045413527257	80.42112280572074	72.96674876539872	78.42535437417065	108.4134997827334	114.315611165812	115.9629706198342	113.8417755755839	99.13075082366947	119.1731825689004	84.70508820210588	109.1225698391382	83.07018976093036	44.19788118387147	104.2326685827881	128.842682022525	72.05835443708952	126.3076994385382	103.929235567214
116.0985200503423	82.80659190149549	99.86370906370297	91.15182177583893	94.51480693354728	97.91093054974587	115.6985698643695	78.29502630208233	94.00110787151576	87.98723223769683	120.258455742647	114.3469864294016	67.4206885206311	80.04765302629224	102.5959612445173	108.6485277625694	24.2255277478926	68.65199446672499	40.4471992357828	53.0495810676815	105.3723871462399	121.0377974464008	61.28934792771783	106.0149806701321	107.6519775967318
87.91731004496337	70.15348806940338	81.82652673678831	63.97491582953811	94.10014087612761	95.18441912789378	96.02564891383948	50.24900344550757	69.12401662910503	108.9557462544103	105.4571259183838	42.20407807635638	90.29992753071278	100.0212030321246	80.56581837819475	103.201760938542	22.20267935599169	63.85958634870076	64.08305047121573	52.29630603114806	110.5901924519529	93.19779002428	56.53900010634362	113.4087527400029	122.4104341644586
101.3675163739492	118.0340954079292	36.87379580523421	84.14102070395992	96.85718466198091	110.5554914604303	98.66559662725135	17.33155528045135	101.5420744543809	100.5221115043249	111.3392788542593	66.51283491285352	79.21585109804104	72.51316193068391	127.886119586667	98.06863282282137	61.54154967768012	67.48911080034202	39.37749022097259	46.52724649322772	75.65326162855973	120.607288162884	38.75396626845489	98.33014319474412	93.62803695578964
82.7803986081616	85.08001986191857	59.11250097034737	50.19481274399803	128.9901056845503	114.458517686111	82.54393759680886	47.77182414016747	106.6536135116393	129.1641801095316	120.3866786076586	88.17403085549861	103.3317529861608	70.25239311278212	69.51839014166617	76.45769308806818	35.39748931038153	109.067684924495	42.09855675643736	37.8923520544614	77.9673092733031	78.31115925342486	46.72858009263346	87.53430309216131	112.8678517804721
90.2295570799341	111.8551255019791	1.058618698586358	13.38234780788495	95.45310577287047	55.73008795711871	72.39688520811822	1.774106942561445	65.1615712063675	90.49316913623423	93.8715792575118	6.820051375314996	26.26748788786756	33.60361444926131	82.35764514665146	61.45654557964747	2.094388063452864	57.29533608464428	0.5051263018361638	0.8946004057155708	81.55398094795963	71.39943366074016	0.7835576793253438	71.38109149432799	79.98334606342593
76.82749145142731	77.71405770286675	0.7846415231625203	50.62854241009165	74.59034453569484	111.8637632237525	81.18285510262082	16.57949541012136	108.0060570461634	102.4849613450276	80.69374669173463	49.12989572320214	52.6731411682544	57.58842308405102	115.9170816828123	116.5665526370013	0.7363634874419966	32.41984411611786	0.09153455152226334	0.2540934634108302	90.81318702904012	81.99645227399972	14.74978083451848	66.71440679757184	73.03420789934505
