73.68453293636001	97.41988649555157	99.48438035630805	103.0057630185157	68.02034821593355	105.6243729945445	63.86946787926641	84.04119570422583	105.2429246273337	72.68749331617155	79.37813476638868	106.3280639885015	79.15053534611135	111.3064689487618	54.52222072444982	92.05235745514499	85.80618172799618	85.51874737766734	113.1934578513202	89.441100534719	93.93002908251457	103.04070379121	99.79206810324895	75.14217681608737	87.02350887860857
95.05571951943904	69.40688343690958	105.1673832701901	104.4050231342365	107.5602665076463	90.13522388920286	77.0491426865068	97.45964993259082	82.18676958115307	69.99132601007605	99.48330622351294	87.55691905014677	109.5140037605001	118.1019691701386	69.34027197269955	91.18441649531118	72.11697256965525	101.9083157804972	102.8237113234008	78.73948904327909	78.86080987087925	99.8394694224616	74.80835947351348	101.7730570348781	64.05332551712499
73.44207763399864	60.15362803595741	108.2463893057853	96.3407754782319	107.6836730414894	86.03863638237155	60.41702079996924	107.80527236409	84.39509487704913	72.65066537111507	109.6153433068236	80.3770475943642	101.9690689554327	120.1992765155974	89.08069762343601	71.55728266003779	74.90024167325922	87.37291859772671	114.3674147479749	89.55002338885512	87.96879022399537	111.8054550144879	105.2886717047934	100.6084733787316	62.98265150256115
66.15382232381624	100.4077346039728	112.7043361582427	97.79341396744323	97.80482690324784	88.75168649532685	96.14517392661323	66.05830730201254	118.7543412542267	116.3863135818901	97.10024219997247	85.41629963771059	86.61750546842572	90.70780256617977	88.31048503569174	75.98369149980667	91.24618999348425	114.7659676031333	73.53180447873217	101.4382759354468	84.7214332125353	92.60285865173736	71.95844305626591	102.2361416300769	94.53644068381833
98.84994517673172	109.2195099187742	93.08265456696151	99.59668284295711	75.97024264974249	95.83969752861302	66.58667364468991	97.88401336199269	100.0308150917987	116.349442658731	80.82642567332105	78.77291512083812	94.25319438199449	115.5025652641825	84.1711556770133	94.88012395804246	87.02400542595566	110.0567970987401	84.68534990293392	68.57040778176372	83.83061114485881	103.6742268281312	76.7479385367409	92.66889228750489	100.0488120884773
72.81374855675634	113.0138469844057	68.81242369299976	104.1451854543615	113.0435616431809	77.48536494240895	76.97829174236405	86.71092242587039	113.6017518359353	103.0365256617172	81.13121117203519	97.73330055479708	94.43839956661181	95.09782126402123	91.95122363808053	109.367958478062	61.16565207724466	91.65734812048568	56.37704166472754	73.73669260870373	104.5118151618915	81.43777478414528	67.50670939053803	98.77722374253615	111.8871692955912
67.25244771592286	64.55801591108462	72.50828094587087	76.74244332803347	78.33533520771151	116.9434631374734	61.46448672965533	88.93005702984502	92.33456776188208	109.6427387290317	77.75983919833705	77.92907960867959	79.4744531817647	113.516730626721	89.18440434520366	95.20514170884896	86.01983337993799	81.55195207315167	95.40623633959092	80.9666316327905	85.09220911736958	98.01283894680725	90.36115191067324	104.1203776981021	94.36962972430089
85.98594381654539	106.151545130831	78.8394265618989	110.6872164914396	85.09204118882475	86.14033179209841	81.58080768838728	74.92810819928005	94.82988297591075	103.3112780783408	120.1079665837784	84.03653880512132	114.7934099537346	94.67447919886156	100.2215295138762	81.40888098638854	77.07439720395058	99.55502734068344	91.20967852215074	75.18291715815222	100.0249832469261	89.18441982518796	72.3366113555864	80.64041651419514	111.0438158018112
53.55467356782302	81.79320640220847	115.0580897937282	80.48085957778576	81.02571562562747	85.85405072482556	57.66054744052809	89.82053817755444	73.87931291629961	80.65228968803987	77.02934989709046	117.6063802535917	89.53603324643277	115.4489395156061	56.58670501766049	63.90244007883629	79.23817071376557	108.9525356428337	114.608757299996	87.37505622410166	52.16534307673277	94.33081300971503	84.87101431997368	97.51740551411784	46.31668321776728
103.4963364016323	68.82503787283837	72.06079235864848	74.80633472520978	106.6100684109093	77.30073453522301	63.76657525727036	74.29465761072042	96.73127694143557	105.0900008256718	111.6506847115382	92.86872621173407	118.5028353995176	119.3924474280141	87.27197674042914	84.26697233286704	95.39029720956952	77.3002873745527	104.7397027415742	63.28598029711893	75.93254910985358	114.5679927739336	95.31192640686527	109.2772596611957	95.08524816097787
97.71875085135915	91.3233203745054	95.84869451246358	100.2322970444731	78.09259410579743	105.3537875057373	115.9225703824318	43.18300817026318	109.3306710842986	108.9458770772782	100.3635515503574	69.28255523294297	94.07122572342561	85.09370691268252	85.21352501577965	116.7240195276331	63.45484556516072	86.56623848983847	58.22823990860559	48.26941382406633	114.6573351538546	78.94122428487692	78.03383489954128	107.4240999290673	120.8691558529642
103.2098678887632	77.64251182544361	109.2275303337602	76.42894064395904	100.5984383795731	115.4288387479854	86.53270218370349	97.1070460517725	79.57607933128114	81.01536469255467	122.1212635982342	75.91265302581471	105.8953551004561	116.7110208416149	78.6924856280517	70.4111971940486	82.61446135543771	105.5145659513834	92.33651357399697	96.96886449276079	90.38776649032863	115.2569434018179	54.53360184943193	111.2094440839012	87.20541762924002
80.31194563564192	112.771312848765	71.16307888756782	74.41002151395563	107.153008114517	93.3143389288321	111.7848577208925	96.71936187909677	110.8840639584445	105.0397341962725	108.1563952433291	82.73354421748238	112.9442327223083	118.4774020350363	69.85006170915509	73.56508307591001	66.8151233679931	81.63976184581827	89.54600449340899	99.03094371263715	104.5304039111445	99.79874746854138	91.86199975186882	106.2610268591237	80.11137192853489
101.6567232191767	80.75935963104939	83.65307270273007	107.7779192428592	100.1217572360908	94.95905873395304	109.0412898371953	80.6356895082703	105.4817945123303	116.4764028662282	90.69357983837786	93.82453943977022	74.47399879785087	76.53988539843434	74.72790908877549	112.6204688542348	77.6023753332247	105.2065856999659	53.71190013497186	49.43820338502199	117.955779710145	93.14826687699768	79.38466272767639	121.1875507804273	99.31027947739194
109.906947433533	114.9866433418363	71.15784912657828	70.57546925080814	81.54944245466953	77.99340755097913	114.7997802755591	83.70784869867174	115.8197119288889	83.78353307583551	88.38534529276312	89.33277034444569	89.02815585805246	103.8984089052113	90.23847470313166	97.63251237532879	80.9634528544817	100.8466213664734	70.50236640690245	80.12390021292505	77.57282360991901	88.06130540073438	53.19877037912305	106.3437019480711	119.4073369698897
66.8188413703437	68.28859951822886	90.42609240873568	88.54441611827336	111.3311780707669	114.0773134745828	76.44964763811436	77.03878068362292	92.20731503189307	116.3825647961789	113.0288432773704	83.99793115776322	78.02175997369559	78.41753587553656	101.7459854230736	89.64017650717324	100.2178308955	109.3071780918275	109.5781954958136	62.10732680806505	71.86865743220028	84.49858502826397	96.60986285791607	78.95883987315925	88.04128065489019
89.80298596391933	115.3060008691521	62.40585221884074	75.76926337826634	90.79511263906971	89.08752862041649	98.64465959661621	44.46945512479201	80.71211366665243	103.1790553794396	118.5843470975869	57.61699180069557	82.39126093178609	101.5690560985789	83.45552224020003	113.8345144083085	55.97885206927668	103.4581346141897	44.52522063879836	36.32085555251127	87.91114456797753	117.5197210897752	50.01135798632664	80.13811736764262	95.02148001018378
66.950899844849	93.2180925423929	104.4591563682771	86.62408138011324	90.32096413158042	79.91471910856278	101.4579085232925	69.60173296320967	75.76874407385529	84.32315479784594	116.8273324229012	90.36054948591617	121.8966431001308	99.29812100059659	87.77198496605894	104.6491469644872	93.56361932295925	89.05036283438076	72.42270926338227	102.2099618505993	74.77970253357927	79.02035899495179	86.08115809851586	118.5027019826425	81.52274371719432
97.42464469907107	91.60063252664699	85.97148815402733	102.0114150652223	76.89278784161586	84.50647690385803	70.02466481498318	77.30837999473606	79.14478402352938	115.1801092690926	98.09414270628147	84.98567739731891	83.85282676244935	78.00890395249728	83.92626725258708	70.19461008045309	80.55021730611983	119.0365304481426	88.76417658991441	62.04060959323805	111.3049102796434	96.05724306670932	55.84461293506149	117.100781117299	108.909874531994
101.6343896042742	84.5681320403575	81.97891123544582	72.20357727573941	118.3584784100239	80.38727841921906	69.32660119606346	63.42900253007132	83.15574258429993	119.7908215778308	95.67568532029131	87.82571768585744	104.4853998277081	98.06217625542268	110.2876245747246	82.09690761988148	83.31232734064648	95.56055809094323	101.9744593607114	92.77279903501937	114.8106681145214	84.82762175921118	71.72194124687904	83.72120006438541	111.2669898590483
70.06383106795174	99.12937976239321	109.8069607481829	96.82564154745025	107.9225710941093	87.57459501568931	73.12958639905759	100.4535982067117	90.35099140484202	74.54516244058597	100.0273836062949	90.52604584793323	103.2607342486267	90.99941543466743	73.11758354100611	72.43799169186317	80.77065050100893	107.2899856205006	97.82518109860609	93.9922098767387	88.00912153754285	88.5164759854581	64.07553463045024	94.5237501352016	105.7627982324757
89.00352393670198	76.9648498131083	71.05493881078283	73.73492095831467	83.54784098956	92.61935909873677	80.79249578008043	76.29988251010715	89.99995387620442	108.5561412771488	105.3805319849219	96.52080547134506	90.67224426023648	99.67650247497147	100.9173154522143	76.2717485203856	66.14421585877695	102.4985908976718	83.51373270913034	97.32986888356766	116.2697112585989	85.91418600578996	97.84007809822579	87.9143185068944	98.5444072186792
63.26897378869356	93.49161755057419	93.25410590504933	92.01378776307473	71.19967476077412	100.3542982150393	70.16806434316456	75.8185153692433	106.1549607263266	83.08152942065087	101.2239045385843	96.80948905774521	94.41724878096589	78.66214602832876	55.2499899528496	64.17560600704716	100.6315340565689	77.25314351944949	75.67721519531464	109.327034485085	70.11049259200077	85.70972445772477	97.80480076301581	84.20418360101981	87.26704671214372
99.93307239616843	104.9085864248855	65.99428244704021	74.55130620726608	83.29266065165881	119.6170629494751	74.86613969321418	83.13345103003685	99.33200094782657	111.2543955735627	110.9598825692512	74.20630082060039	102.6677886126395	80.16869516992958	81.8477075518766	72.50531971322827	76.95003867723608	100.1782975334616	69.01510525463171	61.91951045897935	86.45474566890158	83.44717461565375	89.64828741936549	88.42618836083034	75.24431276428101
98.30733665509516	77.52961469444647	80.00781855224527	82.30007589278107	85.40577394547057	88.5641858979707	106.8428066827986	40.98307036518228	82.73778012940107	100.8802883767037	118.49522730687	71.90948348201019	106.073275754133	100.7201295206589	114.6023707713518	83.95614261493922	37.14090247478725	75.88718186146049	59.93955920622149	52.76406126148032	80.28634991377946	103.2780841479071	65.81654704191401	87.49656469595014	106.3535909552451
77.74826891648087	85.93305276710191	80.63689249425164	117.6441767836602	95.50434986180439	80.44020518640731	80.27500276411317	70.50951241227924	110.2486003813608	82.01544199144948	109.9387768238859	96.37090277306564	91.27279945720997	110.7179995061746	88.22063213691112	80.45922361070043	68.82129736850491	100.4713604342162	94.69892889930841	74.38667038539164	102.0958732903582	98.89066720377137	88.99211431449417	107.3882101379313	75.64067047347915
79.01999717141797	73.17555805061924	74.27762683534927	112.0352995045687	95.7186023384578	117.7079275063125	66.81515149545439	82.09740583267823	97.3346978421788	95.35700875507985	77.62540206390617	87.15142317645063	91.14213693832802	81.40451730828916	101.3618899182579	101.9782692108223	64.43445251727398	110.0376448994647	90.28310814820335	78.82672411757089	88.34108506733072	103.3181486031427	105.0293199644516	103.1777306713607	93.30004285383907
91.17576161231742	75.14402843588516	78.36309793174067	101.7919466799861	77.19212454668255	114.4627121393119	57.97732877219639	79.72496339278987	82.15021602971926	104.8719685274111	88.40100847017537	108.7266468721258	92.95671218337714	115.4974879797966	71.24023812793962	80.48758580189906	71.55581683665645	112.4071397386684	71.84368853016814	73.53724697183185	103.2317083342113	85.81729583957427	66.99134594038259	116.2537786034965	104.6140024164047
65.05867276499191	105.2048456111643	108.7082789185141	109.3279230417651	97.28496183672829	109.2832103755531	71.57837163847024	69.007637720598	103.150166914138	93.99331471379361	105.1389637082336	89.65790023908103	107.9539002637272	90.29339214003257	68.89467815470501	60.04516163416396	71.68708797844384	78.49120157619066	81.80353097634494	104.2876812483112	77.46053658576992	115.8210729086357	95.54308273671438	104.8706108422971	84.69608594804259
115.8566929015739	110.2277659709695	74.78881156872954	95.04568875185083	99.78205834116822	102.493027270191	104.9694513497884	37.82271986006546	96.11440893122547	118.8257014103095	108.4864979438328	87.08061990735266	68.12418930013953	93.8013845606886	116.5344012302129	97.71716981460949	49.31114476763506	96.5183135958552	68.848454887641	43.73797980802651	82.72769801991981	118.5948369182863	69.35881483792434	98.09202443278392	81.09835862966609
109.7458928815873	91.75257290553199	64.68949895170115	80.66297793102258	77.30337781092811	108.3007705447957	81.86703654187752	31.98168439875896	104.7047164490723	116.037122270142	83.01330527393692	97.66916159293875	97.49552314199788	88.33496754173555	113.6446331274029	80.75187048742305	58.05954220204298	82.67480664463244	43.75808825012376	52.59440594468253	78.79812506158838	108.1801188179092	47.18294834338526	112.8852650559635	103.540642455029
82.74808309676085	91.73517154037242	50.80342915201987	71.94245824886551	72.36398292693396	95.24300111628466	89.28642651369883	46.65839899109626	113.4073869942742	111.1678106879469	106.7477666726375	82.25052597751758	72.70144467828933	75.94796229223296	106.8728530192013	89.86488348985357	16.00275894560575	62.12014678157055	54.77019220775284	41.14720228809082	106.0937839324399	113.5074611216769	12.88703161997421	86.24752403031334	92.33397523813133
100.4627094909004	93.95256190335505	63.05652808742266	39.50962372132379	103.6958912385665	105.7799161180646	105.7411543456091	1.856304272903661	82.23145907699053	116.3246326382572	108.4342464921064	85.45041743469019	86.21508655452588	56.49272555793861	86.40050125858873	112.9151925857256	19.77040492389878	56.93565547874893	23.92407083077741	2.717854156099978	109.4060409875283	88.73330038268834	15.85197951999833	69.78747279243177	122.3518748282357
96.38250512573876	92.16645267296964	92.38086411659765	88.41367282132533	94.35124924778454	113.5906417345837	83.60989826719768	53.60189513733205	97.4213169928762	118.6721643147532	114.0775368527004	92.6476782974665	113.342043706639	110.4449781308091	91.99713839448846	102.404755205144	53.73849786420988	113.354577403781	69.30494526813119	46.23835923476855	108.8162519241251	109.778805780798	48.5111321747822	82.75072040692582	117.8779094321096
107.8089555870453	102.9257449386384	83.546887973906	107.1749712322127	100.1293381155849	94.81446080286756	85.78438735699291	89.71603463423946	78.00679735189061	120.4635710269721	103.4559313628162	100.3363400186613	77.90348787339376	106.6851762997006	82.16732167769437	86.76573600149402	90.71060901299127	88.15479364122835	87.20566323644221	61.88529774427261	85.65438789915352	115.386036215996	56.8844721714464	91.80171997253385	117.7391326661262
101.1224407223592	75.38673760855123	96.98392519716286	100.4666670618557	117.1907174255582	112.1426077917556	93.82861900785208	97.17822042767536	73.60045165471557	76.96645156236956	100.4896058405012	83.04513554780767	76.95685278197084	110.7501120009044	92.02724000286844	86.32054035962922	80.40831082402927	85.18374724477773	88.44484942425903	84.92895389451499	92.8501672285207	113.4869830430434	78.86473424512951	92.19539851558947	101.3195689943491
84.58020700846102	78.31375265603815	50.27896783815517	40.24585722025368	93.34572050088842	104.345113771732	108.1389872873124	25.84655533284291	98.47042527754486	93.84820142343906	86.51900494898078	80.37586823650744	71.10020123564884	89.22866006868972	115.7107616061048	98.19049864812413	35.61699246324143	57.31158197526958	34.57408749312189	8.002182087907958	103.03928444099	117.9800858566769	11.67936238298243	76.86852150144448	111.0324911996181
89.22012094260359	92.91713811979332	77.73610418392295	90.28287986174091	107.6445604934866	117.4372773453357	75.42767800084448	61.98767196622542	109.1373238814472	113.2189439593532	86.68791771085081	91.70589282229167	99.88105869012428	92.7338507396868	114.0656193293862	109.2194262138681	39.78626042356659	85.7740622431033	49.99695834260625	82.31899385382425	119.8902672813711	110.5690411648033	54.12835135461744	80.81868559724602	77.68210357511076
77.3857980842033	100.8494435339801	75.74889659916856	71.07921405860129	121.0131622255217	81.96345266070536	91.33080619844442	90.07645959237217	89.12884904525852	111.6377185032824	99.38152427673225	73.79342079039104	83.40811929020325	85.79405267239784	80.46941774873784	100.3249979878994	58.8909519945246	98.40896355286489	89.57826130438252	89.23093812441832	77.57684820600406	103.7363792816466	77.47625393594737	88.38591982769582	88.11083871333287
91.49418304887882	101.1067476791298	64.38237630951409	56.41060107642335	95.15944552777326	96.83725412237936	96.30467821613215	42.17215760667423	100.6129880204679	95.25302207724485	86.41046956530232	60.29532411802911	83.1736252951837	73.95118579565052	109.5603281707323	83.67427506729828	5.129141967128913	89.09786747974934	14.82740850754032	50.21429001425862	80.78614346345924	106.2746025654381	30.34861879556075	102.0792999168651	91.33667266888821
109.0952571772536	94.47018818939056	52.15403876319945	70.33644260265584	106.1128907435112	87.00877104840171	117.59131766024	45.32972471397382	95.9607785321738	107.9909674215354	113.7304356328495	76.66817554393711	63.28109952109992	84.55327173316175	89.58000823586899	107.8745384013768	44.53933189735666	109.3746592471604	63.45819954440681	69.88434528912043	111.9911154842125	122.1579952962726	24.76841797692408	76.30969410050032	80.08899585432344
83.43410313763162	94.26898393379277	80.8918498617805	107.0012766248447	122.0129606782091	82.42365248276847	92.80381572508675	65.35631497653836	97.49174520736396	83.89168642677801	106.3752558585614	86.98756841133152	101.4977620518825	86.48329515938065	73.2579401611974	96.68724792504976	71.96890192678234	113.3313752231478	57.14573930649172	80.23671327457483	76.10182763990596	90.37971920581319	63.04786422279497	100.36485091514	85.43056495611792
114.9194775869395	85.57625396114577	94.59438718833279	97.6688556299263	85.75329263280041	107.851997644795	97.91838444839969	44.99399967359304	111.449987820066	83.21340842463553	98.74660786815664	104.6718366411892	108.6973405829845	80.34765343633073	94.89192907073465	116.8259978324176	46.52884038235958	96.69352929436343	83.45891635795529	62.27379465750971	99.07914662976285	93.57951921186826	47.97618557501654	89.84415952069817	120.350580274253
120.5218042883531	85.86694863056988	65.40915216682924	51.22839456609798	100.6845241872194	100.5122594843017	118.6917753632045	60.72212433895297	78.20308688602758	98.84032168515765	77.76553119838682	91.29638998493806	73.55318443396013	103.8755087655397	89.99404666035542	121.1551577929283	16.69084949136938	82.41621827487876	42.16904070357693	32.88911192054908	113.9966545978563	111.3339217436852	41.92790646905858	78.69519938340856	120.2600081841833
95.8927269299602	103.3244780221429	100.2129218634365	87.11502190289576	98.67717215257382	109.9214714279568	107.9378961824233	61.40445967483181	105.9210353566781	104.3352990109479	80.60680756027102	72.23177891072523	116.4889554761897	108.1605658314917	115.5670917640126	110.0066912452714	59.58211435823569	107.4402257426009	79.12445687757081	72.79768035891166	107.915599910523	95.11175177322525	48.84520796890239	102.0546954248959	96.66575185547524
92.03606202182493	94.03565074594528	12.78270304699991	29.30391887734906	73.54610588374707	69.61443366430245	107.5693512856198	1.467390079460527	67.68638696040509	88.78093747428153	60.51855720502897	55.42003591579135	24.43326759311731	63.44064305631396	72.75780974552833	84.55716833956961	2.752026428981796	44.76496820878556	12.37549453932268	0.5656881299981811	114.4570205211203	104.9816594558244	2.741398078584757	67.77370664608563	101.5320400883275
112.2724030013686	99.71268555431752	57.80721887944838	72.46485343225731	79.09712534711704	110.3663126523573	79.89916449996197	68.82635966663193	100.0305821501102	122.1714758418626	105.7586264532889	60.10263904777123	98.90830480511661	74.39826959624827	102.2302044611158	87.90512468230202	58.71693479734525	66.86613559042075	39.02487632823443	59.24452054121672	118.8872236293714	87.3530506481482	39.60756348831984	77.85311318457971	113.8855585524257
100.5241354326772	97.25133253382229	37.59772022033688	18.25368184338505	75.07257758879362	74.71202409462731	74.02770238211619	0.5300872606704312	87.45911099164141	109.330381706436	75.86957785033334	24.11116371117627	36.97218503171313	80.05702645798627	116.7795807939529	100.7482306639986	0.2455999895358405	45.64073471831537	16.46980816657096	0.01057972464901315	95.30619944646678	101.2208146121942	0.1580064116451378	59.73729424390537	103.5291825497851
113.0785631534726	98.49916027559368	18.49877736131592	2.615978793051063	64.78431808445093	67.39006381394594	105.6547753057351	1.485543631363376	98.94162815111446	82.13457741532626	84.0526488103969	41.31728478823537	50.42833353263366	41.44112822931034	90.15902824468273	83.60923947463651	2.116527838205012	71.28762325798608	1.389908329396402	2.224647915006628	78.22203978955311	101.9958199449183	1.080758027229028	66.23463735867759	111.4381123156414
114.8692063528958	91.77969179941198	63.73206776990594	61.29313914930934	115.2637590479585	107.4582928477701	92.25877541746534	59.08055976842799	103.0448922389209	119.9075040229241	103.9636869124827	71.9336423696117	91.52787616532757	90.77231333598256	101.6944852791805	89.75217940600753	44.67377359880658	81.63128065735594	60.77899320271581	47.42270718027933	102.3994924604264	104.5323952931981	56.22335823855015	93.3854389759565	82.19429231356963
