76.80953433343666	97.48438010751744	109.6835812242223	84.39998169003944	67.66545714793109	123.5909735132883	109.304017246825	88.02586747893464	107.636491135321	98.44119724952714	77.80943145052996	92.98172068474902	94.61820129417106	75.36633841691776	71.73469249523023	100.3354177341166	118.665463872662	113.2141977321237	122.9819698824977	78.75412412941219	97.60788397439376	80.43684533208733	126.4664581004869	123.1885119444528	86.46046389942262
99.61773808825669	107.4261023305984	114.9263130000303	113.1343551406257	72.76563621456121	125.8556678828984	104.2032297013978	69.90649817786375	110.1822802353453	110.7155370565665	84.63421609828967	71.34758921837501	86.23617762596754	77.92636203555855	95.91646818954202	68.87498274806238	84.91940475494721	128.4244125766137	77.24135075613853	73.0026403695302	92.16398109308507	112.8278951965736	108.9860805868911	110.1358602296982	109.0202617627127
75.91691460555174	99.67103593230627	124.0010192639435	81.35983296203538	125.4108843930992	122.5704428352685	94.34466885966626	125.5628968861996	98.61739757471997	71.97653723476606	94.27733079485998	103.9083470589557	79.74078893035775	83.27334249945891	108.1360852878236	86.78697448732196	72.95741304784693	84.51779554073444	73.90175605360423	128.1536094785799	110.4011722892479	99.77574742563323	69.92309732706417	83.25350226625275	92.09557989455601
86.22308605090959	84.34714947262084	81.0608273932454	122.7164594532724	92.82709294905241	75.95118270154937	121.025533251273	87.88205418478594	81.5131493891824	98.64641112985632	124.1956064987886	107.1159220105681	88.09212497450278	125.821449710583	113.1206749946306	99.4936032466191	72.54364823332655	104.2511290036003	70.72081511714615	76.22640235606515	114.6013227578983	97.65730642453703	128.6981048539056	99.60148342234146	112.2139329848089
72.43550902295983	90.60056838683624	112.0495287549473	98.15296073777614	110.0704053086897	95.20988699723632	89.04956402879722	123.5670055264319	110.2691610109663	76.73457950038375	95.21732130858221	89.82930117448089	88.54488444667643	69.52930823178048	104.2535853706628	106.7935329547909	129.6400348938801	129.2862742922223	126.0032422214279	80.76719358900709	66.96983073698443	105.6175247113512	118.2104083097526	114.3112445134562	117.1948392726915
75.15841651056539	111.3488839596461	84.78128847199487	77.24398624922651	101.7804241961913	98.22365586850799	124.5385557545098	121.1035403462432	81.05191189662318	108.7663800274935	125.7301501541566	98.86556312996905	105.5408142635823	127.9782587134986	111.9805523532052	66.57266391717356	124.6587519632919	120.5271847226283	117.2199243842747	121.9142974910647	92.25283514752861	97.58796413935968	103.5395070925293	124.7745628512732	93.27177513748133
93.73568047394271	69.92556509207695	78.63799705141065	75.98446365653959	106.6683421655916	89.47326319541503	117.869033525815	114.5676462172945	100.8248677469472	118.1664245432183	95.59846042057245	119.4068675269935	107.1884067800069	95.42838542910852	100.6778031839398	100.5904119385807	76.87994905646735	128.6956503567625	101.5811785530269	119.0795852519625	93.15839274502152	109.1349907489602	111.0906712113581	88.64260900152605	127.8116195189146
68.14762328720343	119.4518626431299	95.44252249843315	98.72732935912509	112.6251488841258	75.37320775886815	107.0476012482432	89.11636133501167	103.8603035312647	124.9387785800322	103.7925883947238	127.2104685406609	125.7588961609261	127.4855453225194	91.43513471102585	117.9097424198254	108.6828898004804	123.1504636127611	117.5628067729578	112.140565240948	72.23004429064672	85.87154731584141	113.7699370695791	114.095992292205	86.02676390343358
86.58206632069307	112.6463185703414	92.94430956289754	114.7659420054853	68.1772812511043	86.56589304823953	109.7227761865558	121.8128164350376	91.73956329323636	80.40312134523514	126.0000966775307	97.45441783577891	83.18177878628708	118.6672253275449	87.55336280768384	123.3027795088713	99.5507055863151	78.8523692576736	81.30434972571916	112.4747431381186	76.11020228970543	118.6087674150311	128.3838743983862	80.84872069848991	111.4875660489285
111.7822313179753	78.4676232410218	106.9930005834813	86.60252597131529	109.4716222917256	127.1232644285184	96.41267352900047	122.9997146143277	120.4679275730001	106.9675404915104	106.644050591619	125.4540490094005	92.28544019198759	111.5092646241977	75.37142205047353	128.9442449887342	75.40693297023334	108.6963846370248	72.63404185242757	100.2396742368397	87.68875117005693	98.03258021871702	95.93899086563627	109.023760780819	74.4611550334604
87.7639218628819	113.8709470823515	67.6761519437906	83.47634740134487	84.2409893745869	76.31319959179788	76.12861192597251	65.56222100430917	102.6001881999238	74.86353930882501	99.10752055535045	73.23475135193041	122.0049874407008	74.33476085598771	112.2590469133748	110.3885858331556	103.0845366249473	109.5175197703034	113.0597312010364	109.2348490899128	123.9166858131138	91.61284924835147	112.0685299366614	124.1825800013883	89.18607258272776
69.9538317977032	99.87265444568723	106.016622509422	118.5538217770346	122.1363686560807	82.6301147666935	77.52842811042851	86.77101461896903	99.52453068604254	89.34888663063384	123.7427652810003	99.34306014268131	85.27152624957111	112.8189917059581	111.7419647334452	72.3617045507215	104.9799410425204	122.1243323157461	74.9942862278033	125.0936230871177	120.2929647663315	95.00505704041188	127.0011901721971	101.0496577554507	66.50767079957782
71.29157003727671	78.99232634691214	79.79504004012196	124.9676986432992	78.3160672903299	85.56960976067398	123.5529202096714	90.49714014097985	116.4571590058581	125.5835211875707	127.3600765018659	87.36291705894769	80.54584320230202	103.182143114793	99.53811656971453	91.10443502267076	84.55281050191039	105.1395925444744	94.57518346886644	108.9661726575309	117.5658336362916	93.9865581661259	106.7139475518634	72.88478330063691	88.27770290680807
105.4258251757805	109.1182273583391	86.84252687816024	84.46780266161132	128.5275863614768	73.86673762243746	125.4633614220539	85.91806697735828	119.5535330427255	127.48001238578	81.96512845909868	113.7309393751445	108.9896324566346	75.60989167606732	92.0795249555713	83.02782325700215	111.6568345816837	89.58517660349759	75.62878891415595	96.42991065678208	90.63686355026809	121.5451043263537	81.36746803672774	120.7305427283599	92.87838075400597
110.3240902540427	100.4767849441452	112.272397087793	115.5717589214149	82.10403507734709	87.59521919154719	114.6843148134785	123.4918684241313	71.27801296977677	98.92927632652967	83.42861547924403	75.53438991171895	107.9001557857138	122.2884168096123	119.4320329314752	105.8693107678372	98.02744691592665	116.503749009315	69.39862366882444	127.9093252446137	123.3887446020283	73.65353114786861	112.5755272663744	82.62386500255707	112.0448334601789
88.69331513723191	117.7209312121336	87.01031224550819	88.68637575206128	82.66408248498129	87.89890971664447	122.2099709768912	71.95068550433975	124.8395156774332	111.5715664434553	97.89358389889212	122.4236394524497	100.6463278441636	82.49696846743247	70.23851745101615	123.1762274095461	113.8547866036498	73.61031446325991	94.53261895988813	96.15831374188065	92.45469328335379	80.08692177635805	85.04416244191074	102.9899213321962	93.10648643453683
78.90208930962454	105.4693887453645	100.0442995397601	121.3187411228334	95.93517988972528	98.20397549751112	95.11722579976427	103.0373879939354	88.38846276349297	103.1093224680775	120.7718371864048	95.38499224022577	110.8460994864344	80.05667692990093	128.8949402267041	97.21365209760059	85.66415143765049	104.8841444522155	81.5609613790505	64.54774317913596	126.9713338705928	72.72940644885141	63.16345468304388	85.24064241899354	78.93197477346897
114.0595609317408	100.2008328181991	83.95945298551375	96.3792674206374	81.22782119943039	106.2606583680477	91.5903054111008	106.5896033115566	91.85426998874934	124.7943300994496	125.3101111291091	104.5735873536343	70.81652189408413	82.2353316294779	94.78188358412525	121.1463166738354	94.12597338410589	116.4245780061447	86.16330109059875	102.3690145217693	99.36208879877756	112.112484976782	79.25731633207862	93.53157426557217	91.91797227171298
121.3266324958221	123.1071964362266	123.5835560386714	69.54712678745702	114.0714520677836	107.4639489995449	93.93356073181259	84.5840652542782	128.8885630126578	86.95618669326609	97.51911570076057	124.3266789894617	120.4467425864606	102.9758278038658	98.89862289526462	101.4823015555551	117.2425145457595	122.9291990972428	105.0392312821102	117.6815785796361	114.1267927556227	104.377606137706	126.7074594811583	111.2082262068402	70.30659932540031
129.8169630311533	107.8012810252904	78.59811579705293	112.7250137426744	113.1821720366117	123.942217728583	113.8774598677265	97.42161137987337	96.30659597484843	101.5412819455586	113.9852692178642	108.8169940045083	67.50803017830339	80.83623396430788	118.3816753618137	125.0347784025041	111.9445476466548	78.72581089312466	82.62604333882378	111.2755402325596	84.94399384569974	91.95162509575806	99.02902011811298	88.41234433466416	111.9256850644879
96.00997537699926	109.0017956927479	127.8599205050875	81.22920384937065	98.29838587984008	78.82104362538368	104.4971277957245	91.87350230057686	79.02127050868792	120.5814063054436	112.9004340917531	109.3920656054841	118.0557520417694	127.6676539608563	74.64088367706701	119.3691112780957	88.43337967885623	105.7080833418592	120.7422702668725	81.87914350399537	118.0737004791771	122.6346448018719	68.63109316297253	106.2530025826647	102.3422855765108
95.97228096543991	122.3793516391524	105.9400030967125	120.6412301489418	98.65410240419018	89.2035147226033	85.60892165971642	95.22498056737436	114.7169996666274	77.05515393239484	127.3304196986863	69.57882580564687	101.6686218456251	89.9802838077679	123.999849679621	81.50716869443012	90.84553424035303	105.1882016752042	123.6835907272297	99.06373791047969	83.55188872364475	109.8453109293116	66.26836830612609	104.4511486365137	124.3813961619981
107.6155357570469	113.4894206752632	113.7209621540462	79.76586540059998	71.45424380462653	118.8473872868205	92.56716750927943	99.83158909024013	75.70073829231875	92.41901775664736	126.6374700345046	106.8361441469307	80.66721636814006	125.9210129444344	111.2502647553218	77.78441047482882	123.117542696081	106.3954344039807	95.05909644428591	75.47911448075969	121.1070881991145	111.3458824289073	73.12110807945908	124.0860809004736	84.26286021955335
96.51967152553391	128.0462952401151	75.34638699915362	67.07775333931625	103.4609082889694	73.71189923846212	101.2324352012455	69.15441746353761	127.518678491874	119.643092622276	71.16877693340054	79.72297196813093	77.1766472300483	78.70971136482042	107.6857848167293	73.12603745411619	68.23069828867338	98.82065555768563	115.8737153935035	62.86105683345635	87.59253477540398	122.867535076417	68.59889190171708	104.6620372599176	101.1382696155125
88.25960934734798	103.614644700988	68.32725311453959	86.65819625092887	116.8816835151277	120.0946783122085	85.25221115192024	78.74989225990724	98.27569828951465	124.4326584869535	116.1817423521393	127.7023499295107	121.2608056100569	87.25521209735969	114.0811631142314	123.2818690017459	95.21480127866465	88.7305414363865	73.03972500490583	95.93035178733193	102.8970695421523	100.2599052031414	71.51250272304799	79.67820612004222	116.6661233759143
123.1512181232567	70.41048277265548	106.3894854777265	103.011634054339	87.58008526722071	109.1846703691643	102.926129275322	115.9016332616541	113.8465636410639	90.16082286060092	104.7499869984342	71.57446776374853	116.9138977969614	125.2613481459748	114.1153543407231	105.0743776360196	89.09345858515744	123.1314306642824	122.6116573021459	77.0270593929536	104.2184041120267	129.0561823417366	75.96338675158509	109.3911872697369	87.52680007529001
124.1357663975894	79.9926677001214	87.19726677570813	78.57766229101964	107.6345770148156	103.0814936529198	124.9512219920993	72.60329351718612	101.369721218035	100.3889986911292	82.68280361683397	116.4913495380963	117.9734522725828	110.679830017961	127.2592446801092	108.0303758600065	85.3323202675879	76.35665439280611	84.17668159205162	107.939944458602	73.71938916044782	85.62321193462869	87.09109102776974	69.59038604841032	93.394004944218
95.04487257792637	78.04987712762615	119.6691301863681	86.22581854577636	123.8232795709674	70.72023744723137	76.26306191018894	66.80310333692678	92.83451993178554	118.339273480647	80.63210544091234	120.6019132104652	125.1390612511973	126.470781264356	103.8768174121745	93.77622625209329	115.5228764723135	79.9363947059831	68.5083049241029	77.42730206982462	72.31363920317349	82.57280110664419	96.91570092851539	101.7714184844719	102.1536363941872
86.98334635929132	111.2796345951687	120.4792399510263	127.4802340021843	86.72682319128062	75.16014637630033	92.44445298602901	122.9647245857207	76.15794389445563	105.0345853507995	72.51707352228938	69.06511809947922	83.71291094821838	129.1635535126225	127.9164317128379	93.16098531495537	118.6038419831477	128.0913278106823	74.35307474882052	66.60695285423604	107.0920707436753	92.41078429072783	80.21993436537993	116.1053655021329	118.2894485176507
74.67297003556698	97.09076041513137	116.0764334573169	95.4703245600805	70.1849395812654	114.3069210977978	94.15026316063984	91.4349690432247	116.5207676425352	125.2750540541253	112.9137044184649	75.06720476786276	99.7201593297267	92.25432907000669	83.40749246778834	110.5121194266351	79.63116485234117	74.52422975819007	111.3287568112179	83.18379744810372	92.77928701518928	111.6300354645506	70.19643742126338	94.59181570989961	112.6962860011983
116.0969572912059	98.27520225490045	82.24898354008313	84.33870199666848	117.2855277558544	84.47380995887157	93.4266764312402	79.54272767829288	84.8864474951756	72.73532033627798	85.38109102565309	102.8940042416781	111.7779985927709	82.27973732946516	128.3131027369668	114.7648169513189	78.30988775976378	103.3271186403804	87.18539215602968	67.85987583575478	106.0747975149342	85.38766059356654	87.1350513733156	92.8221026534887	82.0903017348062
125.3459805559695	72.55000247148632	68.09290939455232	91.43704862194087	106.213308646211	79.53355496037858	78.85394049618768	64.37000536274692	83.98619758568172	105.3411162173143	74.37066048130332	110.3237097740978	115.7322307199327	103.7630514334714	80.83688014879127	71.31142504837858	65.10596096383281	100.6323915336113	88.8827826254699	79.38673593335901	72.28440220208525	111.0931664803633	83.76383389583263	101.9033108504885	83.30288700717365
111.8667763522413	115.0916133335213	100.5923174378709	112.1108540135282	72.49914273317719	74.6090069580122	100.7435633699105	86.99378975846093	82.47861200907742	78.80377670263155	84.81667763537084	111.0052955227314	93.15228469944316	105.6818447963811	69.47185180305598	97.07137870931983	87.24238578784509	92.27024725093551	108.7267163871262	79.13415054406337	74.20830962532062	116.7127701945928	111.0479920515981	99.17698916834581	102.4035904117673
117.8458802998134	80.76996623885195	82.88809628376482	102.4549557697729	107.0702710674507	115.0150628056763	91.21497165468023	89.73818675049635	111.6512070478919	127.7301064444455	123.1376812207842	114.6162402415889	95.44068184640102	74.66272240656284	117.3676905870445	80.22515298995125	112.0143381481851	81.70152377993806	119.7696526869798	86.9845548100669	77.58879105232884	125.650986022047	110.7467271520578	92.53301221727938	81.35317476780554
96.09049421191125	120.1444981822665	75.90404437772777	76.44509585371864	82.20285851803763	103.1594011982486	99.95037654693056	67.8581320459345	84.04533432573834	85.50868217856555	114.3860990196836	76.86614256104556	84.38982255763213	115.2838076129141	75.32948913226403	113.6778599246531	109.0571191404945	104.6959895492915	75.17204611519503	99.5879679288	125.2548111335898	101.7983105339521	116.3264021112008	125.6332541811746	90.00811178002711
92.95095213214898	89.74683556594417	101.1817319766672	119.526162576142	115.2632488987522	101.8103465292826	123.4830443263011	108.6003149598163	75.29663616030675	97.35117763928525	129.8621049863869	85.7856576568892	104.6077183972085	82.43207592554923	79.87223882083903	113.7343200537782	89.8574864078002	94.98511848548233	88.19941976789781	108.9861192005908	87.0553197571214	114.1943974170964	80.91216129080695	113.3474973415696	73.72293857260392
91.32068398972184	121.2012328029405	101.862221356671	104.7429194471965	112.5272651432667	126.5118448412499	114.9726242562734	98.81994516697335	122.5926077295532	108.2521630745919	121.7589364024956	81.98763545046911	86.97958575150585	115.4867900840658	126.1365434469157	102.4313397150077	81.18639505247481	71.40738454914742	119.7308796415849	98.34283539780279	106.8988370470666	98.58379509786008	71.47726378464472	104.2197986192076	108.3902710932428
72.81060231127594	123.4890869821568	113.0549476121932	117.7925323463482	83.49402068352211	113.2528810462456	79.26491274618611	109.3474104303247	72.84263288151604	102.8624456574595	118.8768138736264	71.0206109826736	114.6126992435583	81.99069793738944	107.2064797544059	93.49979065868655	84.678777568198	79.09576890002198	85.96602926828069	76.31592628328735	125.420985994623	114.8566205221557	75.27688067384327	97.75149077281009	106.4357830778393
106.6468660190718	116.4434200288226	125.2793264652683	73.91924855131312	112.3213329541347	88.33299687100343	104.6407214981911	66.66829344829985	71.86891900115018	85.58065748221225	129.7169339433449	99.61080659875805	115.559525182979	116.9842573916924	104.679129019369	87.59201702232643	65.07417130445877	85.36995672601262	122.7452808082719	86.5978283809397	127.9315542748723	119.5710725075315	68.10787202353802	86.81792613701339	122.5711820468029
73.04524558446222	104.8056735348106	82.15312056062402	91.20444064684735	104.5788795576465	71.34949870038339	96.86737175505716	118.4007384109399	117.3237285546699	87.2125971944097	73.45348534901821	78.98950785141558	106.9507756594649	82.22112697584777	124.4273913884954	69.23629932530379	92.17024297102915	77.41027191506917	91.43731345167858	92.84612904216435	97.03751455003109	117.3336121414189	70.06163780143426	98.27950502978473	118.4387610843623
77.96176098243659	76.19811464153351	58.67023677194487	93.03140141973589	110.4389456210243	122.8429141189393	80.2728864958025	82.46878535468127	106.6398987978943	95.15265967344492	125.7859241930823	109.9468242065909	84.71279348762107	75.65869183652218	92.48740905617061	115.3471197143675	95.64153500153884	83.59084541643485	113.5229474569046	55.34097957550071	81.57098158678139	79.06540467727822	92.25771657913737	112.7539442705813	97.80576847117541
72.94694259669164	112.7249683375375	89.77968897163424	77.86455574963099	117.7649645674957	105.8086165070601	122.6198709947635	121.7643274581127	108.9118050690484	112.9659272941126	82.12143551699822	75.20824153959526	117.3467830825857	73.89326455806857	87.95247694373623	91.66078735400588	111.1275354747051	119.712740170977	76.61617952491619	121.299849382177	113.7067871748807	107.0290881972821	94.11826748696055	78.54587549547315	84.09176613713063
79.53167711563228	78.23651804333952	64.10546638811182	115.1696066731985	86.95627585015048	110.1811705022005	93.09250231066494	83.63015666379414	93.97113035395616	103.4862375973871	97.55706853230333	91.53893187633204	72.16955907930134	89.38693040095789	125.1705194559436	110.5792446724149	56.45270540419213	124.4379217960138	85.90967854519718	107.0846837189541	91.68712294959931	72.63582416656415	62.2485388308977	95.29325021127283	78.33649696948942
90.04544747465414	127.6347945028062	98.10629520528664	99.23661581512255	92.10856150604459	94.05941309319857	100.0439201279729	94.31100128497276	100.9542937511567	81.55455981446232	103.7879331350364	93.30305710513903	121.2416484994828	104.9242645963976	104.731110113489	123.5961000365164	95.96345911089801	71.54707850512673	101.4667829774162	78.25523150759687	77.45132417244677	77.91204567344529	63.69709146269687	89.35873911210275	106.0675266238187
101.9400566521528	117.4013767804425	100.9351776886521	118.9215191497489	87.40869988635038	83.01050786650679	112.1130000949002	66.16149387987721	85.97874735528657	75.92459091284293	84.39325899709655	77.32966384268722	65.15983158211604	101.8138342979005	120.6101050209413	111.4814289431049	54.76992354082628	123.4794914215514	61.67865862470529	107.2709977900169	84.75865295594508	83.60673191633316	62.54819613550445	72.01129393887229	91.01725154876448
107.0597559357757	93.30250276407747	66.50584855332166	82.33796791968213	85.09513527733998	96.26919356064299	101.8959517844899	104.8173780148005	117.0956754454468	103.1246057954087	121.0642486619503	80.4062392364564	114.1917233264347	84.18408175285634	125.8409072512258	97.06296935245477	89.16144642361809	72.71493129919774	115.2864736041727	100.3472830178277	98.42189759947297	79.37216640601567	94.80463756228545	97.81335759117205	77.06209176232268
118.3672858900298	72.01280410932442	101.4815572534697	98.52030091694445	118.787435101473	98.94168063501724	87.21491724581858	79.53426980376886	94.18288136153667	101.8384217207993	81.6926986542662	98.98290407994745	76.32608502391253	84.53270382987834	78.14841049004782	104.5950607770876	73.78301725026445	78.37751180387951	82.05144324031659	60.42201880207828	96.41200021274558	116.8028549377362	96.97384402902259	121.7195003638565	124.3347204413738
92.08393799886412	94.31513897242009	73.13238513003087	82.53633129490272	116.2529576802616	118.4022509167369	114.8015133420455	69.52961935714318	98.67061441128757	81.25699437892726	81.63262812893791	121.5254532672194	89.73267159345757	97.47403479248878	82.07395592211147	109.9199531354935	100.3275211040971	107.5964874251521	100.0334561448565	93.01837693781738	83.42610424478397	75.31189197298103	114.8236738723212	102.0966336095377	101.0711300532998
102.7403205519268	92.4848409223019	112.3228624357341	88.64492227418296	113.5538478797385	96.29989045792368	98.64914504107463	90.66310879611615	122.4416173459194	106.7827864593803	124.8273611355922	91.17667652885191	66.68779894826653	98.88475720509757	128.1173802163711	123.0555894312745	65.04089993874526	108.9084009710174	98.4159727410273	91.24663021800464	104.2704552854065	82.97595681327154	94.46738627953297	84.74259911282948	71.06286221038734
110.0009091276633	97.59205235008743	90.56043194184144	91.89648617806427	118.2131834119977	82.2959466617595	104.34707605584	86.93037838303894	121.9871653665589	72.35680499265831	95.15031894338308	100.1721337396625	100.8158814996065	107.4619939089648	117.0119552377685	75.86421855085469	110.8422807766225	65.36657222554948	72.8627531024288	79.18285959015641	77.15631969391504	112.8776913319709	80.67202602271315	114.7877900313499	94.4218001632031
