91.14414241626882	92.91570043430009	99.99265991612062	99.96894855688566	95.84437384280072	96.13542644240064	91.47158446541451	99.89730009943545	95.7854880639554	95.51143850512643	97.5743589663613	99.84090127039637	99.78205939608881	98.33654153766548	91.75167039716085	92.58794271908928	99.75687232313389	99.61013351757431	99.98387694459232	99.91596547718126	94.10907684037511	96.68079404490635	99.85000785790282	97.99843626711811	93.44747813028948
97.82676285180486	98.59065043059027	98.43170932919526	98.93241638534901	99.69956535659666	99.75426177771628	97.97783551276163	96.72493710927247	99.68207083687457	99.61296950266438	99.99137167457781	99.54903996054199	99.67175081982819	99.96267662236113	98.07756954429578	98.46439176656217	96.05476825804197	99.93104205114282	97.45718524573627	96.82931055762396	99.12726378191158	99.87936732623815	96.49355757776388	99.99349165930197	98.85994227123359
96.37659291345318	97.44858786305423	99.31905691647995	99.651364729771	99.07863444605266	99.14200575434926	96.6004778147643	98.13910831442053	98.98832349400813	98.85533446478082	99.76042732782619	99.94476749028377	99.97915341239519	99.94806168822159	96.76652974233997	97.20216062586101	97.56966585669875	99.9561041134525	98.65896261471914	98.19051373105231	98.14568127286707	99.4071613492721	97.90778553147634	99.86672538707826	97.73396858201463
94.37169724848856	95.75388552625689	99.84860316039733	99.96894807587491	97.98712806816145	98.13849706816592	94.76366663359157	99.13669578603827	97.94318885323938	97.73399930586467	99.11089106536105	99.96835903934061	99.97063809861338	99.53600019755801	94.92483118895741	95.57006913087572	98.78052591225793	99.99368347908921	99.48025904693301	99.198189088953	96.72299399942294	98.54195485994734	99.00211642246555	99.3773444729423	96.21281868359218
94.67743082286026	96.04751704084525	99.80243001457313	99.95563147793716	98.1294726961239	98.30970005686807	95.05174872206209	99.01233603795806	98.10670614587281	97.93275506840409	99.23201952966704	99.97058767011995	99.96705792429832	99.61451046807194	95.19334531316893	95.74912154581288	98.6191350991774	99.9776727240304	99.41738874760621	99.09928582794885	96.9837044161673	98.66823561740435	98.90364315810365	99.45519866869368	96.41913278761059
93.78272825434138	95.2618090814518	99.9387191286775	99.99354606272426	97.63971436643088	97.79465006488046	94.10119575037436	99.35706269645731	97.55448809704049	97.29389427812247	98.89340693161751	99.97594006702514	99.9907840025184	99.35526583908387	94.27653982923881	94.9067265135653	99.05072912500573	99.97791069244705	99.66424493906698	99.40389380450601	96.22492246116234	98.21310676068936	99.25027670381478	99.12415785800506	95.71558257748045
93.94844918535189	95.28679175226461	99.92107629542912	99.99291748393358	97.65022864145902	97.82735357971846	94.22759486574456	99.3127987584846	97.62421588010021	97.3878086844657	98.91728134034284	99.97334670712084	99.98576094300549	99.39954081591711	94.46346399831147	95.11056782354336	99.01269431602084	99.98309805124039	99.63778854562176	99.3741484476128	96.34841225151327	98.25917549058569	99.19888805015057	99.18097459806692	95.75724049196513
93.79602145146288	95.16123073333299	99.93353363998013	99.99314880813628	97.56528297307591	97.78764785924776	94.11158333621125	99.37751149745769	97.54012125287854	97.26548232315729	98.85928825389334	99.97645729013939	99.99151625634637	99.3563427237541	94.25138660713279	94.89787885129959	99.06349287494261	99.97400504623238	99.67031346944484	99.42042910745973	96.22686142970105	98.19033779057773	99.27373221682151	99.14030704938313	95.73056104402441
96.65029517542227	97.7151196519487	99.18450394170492	99.53110031698621	99.22680746411181	99.32881032175661	96.86585457706053	97.83822717948534	99.16635347230202	99.04193457304427	99.84603794572517	99.89978399344498	99.94625925559038	99.97504177412954	97.07233954368716	97.50357410600157	97.34051300953941	99.97150698692855	98.43355198190309	97.9234740179042	98.41525367382384	99.54198729784488	97.67502766379921	99.92513344907636	98.00784787921711
95.6949140032326	96.86653973209255	99.57478044510285	99.80313795750985	98.71668609215683	98.81038156533299	95.88584695104441	98.54300841512261	98.62826182118695	98.52228532462681	99.57541320466525	99.98833744660564	99.98498672364751	99.84944990733281	96.12392346630594	96.64923962883168	98.05641395884649	99.94696971584237	99.01261769109098	98.6089689429096	97.70524078543019	99.1233534682934	98.3726864501234	99.73964819787088	97.21148808496265
95.23732557955613	96.44576053728049	99.70443803562445	99.89933646665166	98.44176447324784	98.57071179231295	95.47689489898519	98.79721928865635	98.39295504273285	98.22664737997749	99.42974870304442	99.98390008277713	99.96988328877697	99.73971446685938	95.61510278275861	96.16360153693411	98.40706708319978	99.95651055617758	99.20323612876697	98.8365666835757	97.32677476264341	98.89001428751311	98.65655774610802	99.60422520458764	96.86809799868368
98.19265277523425	98.93802071342459	98.03939120325383	98.63563839321833	99.83752671146193	99.87272660430702	98.33401552531272	96.23022175419148	99.81420609766481	99.75603416664879	99.97672222229484	99.36900116171911	99.50651852676728	99.89866759329614	98.44259288157501	98.76972494815598	95.46251281489501	99.84189438262857	97.03550775836356	96.2957799537227	99.36784361418272	99.95936933810356	95.94362027287467	99.97253597395682	99.14112466771513
96.44383537346239	97.52548742063645	99.27457483401926	99.60400710144346	99.12518494405568	99.21207891980643	96.69691230914856	97.99187273878705	99.09583334907254	98.94928965023223	99.79840406325951	99.91845725104039	99.96894915108085	99.95946287995237	96.88033600463302	97.35824419501165	97.49873372377266	99.96160486480527	98.55767754291601	98.12138309148307	98.2661706348361	99.45574648857527	97.8034388222656	99.89743684767598	97.89987966497161
99.7358522608136	99.95372150574639	95.04262216366637	95.99789329335151	99.89357237731537	99.98683071530358	99.78600181624365	92.33087862258846	99.92261116319996	99.98405993577816	99.8015372709874	97.31740076531258	97.63346115451799	98.72306384655778	99.83306885286744	99.9295750531695	91.24467712163563	98.46314182975175	93.39481763831526	92.43112599162725	99.98531328025845	99.97026361736462	91.9476503465568	99.04864523424428	99.98478938749123
96.9121060907859	97.89997612060384	99.03719488991493	99.43234942465735	99.33154626439121	99.44243946147223	97.15082943129984	97.66561210905405	99.29271566571684	99.18307585983091	99.8974635272687	99.83392233832613	99.90667639202616	99.99057735012478	97.32528173444473	97.73841272874377	97.06490367713062	99.99079961634523	98.24657883195165	97.75783061357124	98.56093356886171	99.6184455047246	97.44108212425954	99.96196275780407	98.22514929721197
97.77770427271997	98.61399012176236	98.4367173825182	98.9336484124953	99.69508362631763	99.7503585201971	97.96276912553999	96.77237226619962	99.66481169923048	99.5969668250563	99.99173647536669	99.56737188571744	99.68880097550105	99.96547230544522	98.12719385874293	98.47556110996864	96.10169801850219	99.93080062132	97.50375300429663	96.8987322132411	99.13069004085209	99.87892356958066	96.52339264870466	99.99337445512803	98.83092875726508
96.93211600616888	97.91586443805828	99.01831293043783	99.40224403851903	99.35967830416166	99.44623607146148	97.15588746521021	97.62571229548273	99.29231430474698	99.18133654140266	99.8993927247507	99.84679556121051	99.90763913057894	99.99149054460737	97.33908263297843	97.70754951338179	97.08085788295332	99.99193707702408	98.2318897271154	97.70759127897678	98.57851757264019	99.64271108730506	97.39498646657485	99.95739382143084	98.21621022756256
98.86985563988236	99.41768176343027	97.18705812650123	97.9322617331818	99.98179460197058	99.98898220177928	99.01334502393608	95.10911718625496	99.97154923004391	99.95287938210406	99.97371991534784	98.85378807509453	99.05988050923867	99.67076450405139	99.07928905191329	99.33070696807124	94.24539571767629	99.53852955271199	95.92702857247684	95.21157803754417	99.73754578276549	99.96676371406639	94.78177901644838	99.81936186081775	99.58538129474537
97.17208575186679	98.0690426646962	98.89858455701547	99.30452613741879	99.44269343878878	99.50772108911303	97.39785676248742	97.44465507561661	99.4237339456234	99.29356034936794	99.92510435009291	99.77933901208907	99.86095682415944	99.99352193865009	97.51824097802114	97.90617907089396	96.87382417734256	99.99052145975244	98.08715808399181	97.53816149029902	98.71605080047964	99.7212450134262	97.20032549474109	99.98172236570704	98.41274600961088
98.68109982279509	99.29040958184197	97.40854678966731	98.14618466182516	99.9581515543117	99.9758329466421	98.86851426495457	95.40696247915469	99.94793291219382	99.90912369989204	99.96713298179775	99.00097082512285	99.2000148023714	99.72491901818607	98.94925923582785	99.18332185451179	94.60912844465979	99.61093082592895	96.23947677547022	95.4630046910284	99.66668738772051	99.98816382751276	95.08399342202154	99.87202376453344	99.46796563620771
95.11384468819037	96.33041933401336	99.72615755460606	99.91537515411738	98.38382404670763	98.5195494863725	95.39440065632792	98.87277049546176	98.31462149252019	98.15283805749459	99.35786898964425	99.97949012665219	99.96809749694224	99.70886243501464	95.59187575025339	96.13291257029063	98.44372061330311	99.96063974801763	99.27541358546829	98.90912999599651	97.27843863982243	98.84745815267208	98.7061553416341	99.57625354953751	96.76367423862516
97.19991258745519	98.17872054623825	98.83503892450643	99.28352328804644	99.46377627750248	99.5602796583343	97.42240488040498	97.35985013304486	99.43612526527646	99.34005060220753	99.9343938236117	99.76269294334983	99.85421185986065	99.99345110293801	97.59606162294332	97.99917279031379	96.73712580924361	99.98868133732188	97.98693887933145	97.47862738737759	98.75934692978868	99.73755073656244	97.17980427102223	99.98190397172554	98.42178541806847
97.56554374488243	98.4496115580627	98.60907909207252	99.10219034950512	99.60087926894585	99.67005089736774	97.79457330298735	96.9868200755169	99.5725052274056	99.48201738910861	99.97891331007729	99.65785261487004	99.76061030704419	99.98627802191311	97.91313491715124	98.26765665034041	96.35692097231667	99.95937167639856	97.69012155639308	97.10632924950792	98.99615894667136	99.82164846833473	96.77121685010036	99.99346283517276	98.69079359322133
99.05113963351097	99.5576619804271	96.86185536897828	97.61316573074176	99.99295528874525	99.9878220743354	99.15861016374235	94.70104750795457	99.9921708581292	99.97828014084784	99.99031939168559	98.61562602878037	98.84188542140745	99.52636461883586	99.26678431789192	99.48632915056143	93.79102640133071	99.39639579596761	95.60809754922047	94.76540049069951	99.81405126460351	99.94527301357495	94.37262458597834	99.73733209505951	99.70133313552205
96.7212992228541	97.78990930544251	99.12409974323346	99.48519207297434	99.26959046195542	99.34998477023144	96.97775632864143	97.78193018869895	99.22837645136582	99.07929746998363	99.86263574860101	99.86832183264673	99.93689357535737	99.98170633587114	97.17977456804385	97.55399516586768	97.242267260128	99.97789472262623	98.35712850161933	97.8525062132142	98.42368856614303	99.57700392077452	97.60877201497728	99.93730806955399	98.08749925302411
98.03037185020513	98.8057377720871	98.19589082026339	98.78081322317867	99.78529899817303	99.83855892358284	98.18045316811276	96.45561377130198	99.76946116477664	99.6854949817953	99.98730728855818	99.42745858654858	99.57360782729886	99.93521418163655	98.35000060873536	98.67145376477815	95.75608986561718	99.87921969725268	97.24335710349369	96.54257108329529	99.30115664514787	99.9364580204153	96.17172123693346	99.98929747640413	99.02845172732431
99.60542010564653	99.88639273756064	95.57364381384235	96.47301746239462	99.94838440209062	99.98422612803766	99.67890092047284	92.9198267531318	99.96824965628377	99.97361005394805	99.88617598960892	97.73037154442505	97.98637428676348	98.96569044544027	99.71492390764043	99.84161662049431	92.01950734990132	98.74736093086671	94.05010968242222	93.10525329247153	99.98616004777118	99.94248223341037	92.6594234171929	99.27776839207195	99.94983111169451
99.9397833716372	99.9901447677702	93.79271924641461	94.77444744080712	99.64348966065495	99.8771243232087	99.96393342349327	90.73614992058374	99.70197298860406	99.94128610747522	99.47553173219671	96.38519298273859	96.77338478915711	98.02269118579019	99.97966961453287	99.99125772134218	89.64081156727232	97.69788283923666	91.95445909667205	90.81225339226145	99.98341765884429	99.95605757171644	90.25725017916089	98.46150009878049	99.95619508764726
99.98437391687052	99.99182047030784	93.02144958525533	94.15742239748558	99.45814695661051	99.7444769735073	99.9934479747329	89.84960316531458	99.52879801812672	99.87022347063963	99.25654054645037	95.83631511095378	96.18549822846535	97.60568430150641	99.99296185705786	99.97542809580929	88.66500943645309	97.26013135539797	91.17183276393651	89.98550589424187	99.98669396879406	99.8795128571773	89.30604381617573	98.09556449140142	99.95097407045181
99.86496771045866	99.99062662110356	94.37212767066647	95.40852297133155	99.77717591570259	99.94698873793611	99.89605016899937	91.56675259460188	99.82233936073706	99.98658415754616	99.66582170694814	96.8826782640315	97.24934460519444	98.34511924307614	99.92602205765043	99.97814329695014	90.39269158349839	98.12842580088478	92.71177363868074	91.62052175503467	99.9749657979702	99.98890202353719	91.1699984621896	98.78539105708299	99.98106541912401
99.96197864617616	99.99074659257899	93.57484497777079	94.55523912316683	99.56542533380153	99.8380051356978	99.98016695516809	90.35653167914762	99.63093647714949	99.91942577109242	99.39243660595326	96.15338131477812	96.53005130641529	97.86447985477031	99.98877623943319	99.9837870645905	89.21134897367033	97.56227549015338	91.69987049561395	90.53804655967085	99.99056657038152	99.92702005494925	90.02839499928422	98.3589402107232	99.95236136069956
99.93146910167594	99.99078753278233	93.95632572761834	94.95636442910664	99.67299508070889	99.8921363694446	99.95171404667299	90.94740124251184	99.71852178382107	99.95709070902015	99.50540411357592	96.47390291055763	96.82449547077087	98.07740395934805	99.9675080867148	99.99332459734012	89.69837398383275	97.80417543894698	92.16189544934448	91.07862717152264	99.97995404840631	99.95969288017834	90.53577800525022	98.54397749634751	99.95982556197418
99.97063248016275	99.83800136982455	91.14210830316843	92.37383705275538	98.83977938654644	99.32553352210257	99.96131802129173	87.46143685086916	98.94155893040126	99.50361802983136	98.55218560930098	94.30465232507702	94.73600697470781	96.45199543801007	99.92578853401788	99.98381608382505	86.29913131882864	96.01816245224245	89.0043346557471	87.78852751548153	99.82279511171802	99.52443186133564	86.97596902020344	97.00869116336068	99.98607508985322
99.81479832631582	99.97552655349708	94.70937979392862	95.73323645125136	99.84341185318553	99.97192190857793	99.86055754783565	91.91213187018768	99.86798775434332	99.99316676151105	99.72662228487789	97.10412614448602	97.45358529723781	98.55074791081125	99.8909488288535	99.95863279330823	90.78606883609504	98.26640163596451	93.01448846074962	92.02001203249668	99.9775041499564	99.99365173148624	91.47836810289918	98.90984864137212	99.99317458793202
99.04307983132298	99.55741593930216	96.93260911802219	97.65718055289814	99.9933170187368	99.98876086576135	99.16919391317246	94.72172053833329	99.98926162637994	99.97790725541088	99.98937750950391	98.61358670926951	98.84761413698901	99.53427313972317	99.25196690085737	99.4565582335299	93.85501097559711	99.40403455050898	95.54864363134105	94.82160470953286	99.81417894321318	99.94617540874707	94.30950342088391	99.73961223805928	99.67185341488342
99.99350357652162	99.97415503238157	92.52905905527432	93.63862364965459	99.2708908232372	99.6421232520199	99.99127282414536	89.13632150944557	99.37430453301678	99.78826577727065	99.08669210021968	95.42519930127246	95.84463464128233	97.24132595477099	99.99367482832078	99.97603407708033	88.01667227419915	96.93842101209279	90.46909459688742	89.4054643417613	99.967233687117	99.80983872583835	88.69324258787904	97.7880531384405	99.95868741373755
96.92267961707894	97.88019450776025	99.04577778991394	99.4128628375508	99.33618174710112	99.41456432170385	97.14976917060802	97.6538557232779	99.29371392073119	99.20524414070644	99.89675137831514	99.83803499078986	99.9097115121922	99.99030811432003	97.29417110821808	97.71681840203225	97.05509014480654	99.99084330692956	98.27918593438892	97.76730588850644	98.56187551486802	99.61872692414315	97.40608110154126	99.96248335328495	98.20386000108374
99.99119075066557	99.98812111027277	92.92488283207861	93.9928345231947	99.38540021353676	99.72252076880925	99.99350332749212	89.56665790608331	99.46851976616654	99.84052161371267	99.19884279808527	95.6295418034988	96.09725298935484	97.46965531866577	99.99237074091833	99.97464751948465	88.39312119262436	97.16558259852313	90.98328491371397	89.76191067456975	99.97981789037546	99.84459899879491	89.13061332157709	98.02488253823385	99.95234820202799
97.82609132958555	98.61443557148679	98.43420468420955	98.91822873075223	99.71584340810958	99.76882249668444	98.02660207675214	96.75887091793298	99.68923449123473	99.61558362946842	99.99214108213039	99.5382713408525	99.66931523266437	99.96340952547527	98.13800374379107	98.46887407537209	96.01913001836668	99.92672486022632	97.42474129698228	96.79333373489854	99.14044959009351	99.88016931850177	96.45150099158585	99.99365857973991	98.86704059846318
99.3602171197916	99.74869890190145	96.2171066737121	97.0507397435446	99.99275215028494	99.97177974033677	99.45980807279409	93.73603221494477	99.99307557936899	99.98297576344766	99.96900339162224	98.19172750300869	98.40925115534863	99.25504321924993	99.51187217897107	99.68736823853862	92.8593079207309	99.07783614984079	94.75049347595959	93.97410384133184	99.93886329981071	99.92977869670233	93.39125304871284	99.53112210196258	99.84851466759606
99.64605182904781	99.91546849511505	95.44091404139476	96.37768076211832	99.94144371580258	99.99012757438747	99.71652005461881	92.79479360149546	99.96320478908846	99.97492427078035	99.85855405075651	97.64959577634666	97.9400313049177	98.90603898200042	99.74831759075296	99.87023012497518	91.82310457289552	98.68678215309011	93.84803753995129	92.9664344655945	99.99275971542551	99.94867877624318	92.49430704252259	99.2266627945927	99.9568322927918
99.87327404689343	99.66386475388029	89.94510661398982	91.25402605897067	98.34538194439804	98.94185235287802	99.86091262000734	86.04262379024658	98.5038852545692	99.188038205548	98.06635808707136	93.36184085844759	93.88420504238375	95.60174781996589	99.79081676030479	99.91001757924776	84.67507806861289	95.20494275631839	87.56597228314513	86.34297479718114	99.62732927404295	99.22166005141635	85.60588968771559	96.27486942616416	99.92443073780339
99.99350087184527	99.9438498267376	92.07364050281718	93.20050241637752	99.14465458853543	99.531482285053	99.99347802481508	88.53162606007245	99.22565377495437	99.68621355577091	98.91901892680579	95.0028485981066	95.42242680020111	97.0125386407031	99.98448185212159	99.98469777037234	87.43857212010505	96.63506198193713	90.05006783397165	88.74787229503688	99.92052930028856	99.70411469905368	88.23666071999517	97.54882302087132	99.97382335922777
99.71079551106834	99.94485508849802	95.19171445817615	96.14392867486038	99.9123241912519	99.99095929948119	99.77000301895481	92.46375601978137	99.92882011578972	99.98042083998465	99.8164393181568	97.44751692549299	97.7222622915551	98.79013391422977	99.80112574470854	99.91072506329817	91.49713932437423	98.53316439898026	93.5589871052843	92.59267099996096	99.98983146167339	99.96270264118155	92.0727188680064	99.12774819657089	99.97855226742243
99.85294956498102	99.63678870005629	89.78385688060006	91.19548271381585	98.32728590313788	98.93219290666238	99.85075288330479	86.03127282772314	98.47782495721964	99.15038098380772	97.99699589880822	93.23372542306544	93.8427090279763	95.58624331472477	99.78953323006915	99.89958356200663	84.58831645577585	95.13586591819893	87.53717607306803	86.1674584467396	99.59906989641408	99.20709933131899	85.6245289587614	96.28225782533487	99.90877068561022
99.32994301280441	98.94677790651596	86.93450338263519	88.44507147500408	97.05826025256549	97.79425681310281	99.33405050925636	82.52955848940448	97.18512480055568	98.18062494538569	96.57120161081841	90.73519737409985	91.48025926549786	93.61954770506773	99.1934391242244	99.42244935348768	81.02850991677902	92.99540303996552	84.33798188172548	82.88601437255407	98.85929795515291	98.21474862860337	81.95190161055559	94.33835063233248	99.45920166594536
99.99281068565568	99.95500342802237	92.17376284065412	93.37896280920391	99.21674593060388	99.60171084676787	99.99235099644714	88.92787424694487	99.29693890590471	99.7253875961772	98.97949933756327	95.15475119920782	95.57949061145462	97.12900894151826	99.98982562737609	99.98005050394654	87.58323436431155	96.75105458120545	90.25330333997522	89.03626577112801	99.94039552473774	99.74690742450262	88.4385491686007	97.67497062169447	99.96648367201234
99.95073484631163	99.99020356395255	93.64711838216657	94.70902401738809	99.61987328430796	99.86093200959772	99.97492782296176	90.58752834830568	99.66145565233204	99.94082653474332	99.43653462260374	96.27316801310135	96.61209804999297	97.93686560688633	99.9817660244379	99.98733988133334	89.4099359660986	97.68107575744676	91.84575291838127	90.76599422628738	99.9865405969897	99.93890251995656	90.19408193950346	98.37841681870239	99.95400621886678
98.9461025693752	98.40689778098705	85.21099514107519	86.88411478722671	96.23077304743767	97.10628050300279	98.90067352693023	80.7434259489462	96.3756188494751	97.50613567642348	95.64842128481838	89.38825686900583	90.11388866408571	92.34817511682175	98.71771128693437	99.05609927244802	79.04887669304476	91.87336118416366	82.53361462839376	80.79913750627192	98.31392421624217	97.59964292989295	79.94937697880512	93.31600884264812	99.09970684385752
99.46650544934008	99.07527860856621	87.27513393900362	88.83221677683657	97.24725469294783	98.04917368726097	99.4459632639398	83.11616577766816	97.41987885745196	98.39015476505078	96.82142207473589	91.24339480885348	91.75854212200827	93.8768972299205	99.29540252423095	99.52076190722028	81.64730587372449	93.46230321040784	84.90254090332535	83.28692504627305	98.9988849416023	98.37877678426744	82.60731235021464	94.72754771083044	99.56196978263664
