101.2171204348164	87.36895010330745	93.6737422044983	73.47582320661409	114.3597391753587	93.85310349707645	99.22142267738656	116.4022632781925	119.2456375267597	77.34294577961673	95.41825290868186	118.8099862029363	96.21868525080134	122.4262949046916	88.4734290181466	94.01744234880093	69.82315247267182	107.3655118601366	88.49826657974729	96.32789855143017	71.86502002803049	114.0085343670097	71.41544697318224	79.90483156384406	113.2794375704737
69.0718446908611	75.85344288802776	72.57634219804977	91.23177206427954	79.4471320708557	78.86166612565513	80.35834943607921	97.18431147152631	104.7703936098636	127.0729315663818	73.89288922544156	118.9897477443851	124.7600049376509	109.6758013341362	85.00620517854689	70.66080245779291	125.320867966649	106.9305783705662	121.9382811984536	94.87453512412725	112.5410529481481	72.32871270746574	124.9001628132606	83.37392624177788	74.07508845326848
91.89082206307438	100.2507690928941	86.31863887167435	84.66805756593743	77.40878468334155	106.6968250860943	92.67030850011687	102.2438494243109	71.81078453143549	95.06303121880565	81.12017729633394	82.73955496660632	122.415429735981	103.8463776619441	106.9227679609073	103.1105263153108	75.6427122921788	127.5575570626828	107.9686809625827	86.24948306325403	107.9968486376299	103.8110830300515	114.2832376388376	79.57420096182736	78.17960750516949
117.223570855053	76.9779745846607	123.9194201653588	79.29196646518947	105.7314368148083	73.64224549504817	128.5312202868038	97.87427240790886	81.47320675440919	116.3664359859351	125.0878429595863	88.07541279782336	110.4957586556313	126.2266021543309	116.9885229421984	123.513592833162	115.0734328686053	80.28469284564974	119.2906421540122	72.99633117112012	85.70964171245421	74.58909099213882	81.15645665802253	92.35369709119099	103.8079811741796
97.99275726454763	94.40041698023191	107.8366944862236	121.2034356122655	71.14939530355596	89.77096003151087	104.1662779840021	123.4196139335367	82.67963458360256	77.10363469878699	86.34450234421639	118.5836114077312	117.570046086286	96.21266682949476	119.9411007702744	115.9475069967872	98.76628197770646	128.7669420900692	93.86445782141234	81.66973141844204	75.45220785916148	95.52701650377919	81.48413769365196	119.3131599808359	113.3251008878073
104.0456829268082	77.14958812003773	95.46715234950905	114.6885935758066	107.5568727091733	73.65870053721625	78.60794575906888	97.25121042808588	95.33203776126062	97.01204916915989	79.9382191652053	111.0045877193082	101.7912791761161	110.8202943582543	86.91221598067963	95.0051262581018	107.6813890968743	107.2064099599262	78.8213547660983	107.6956400884861	99.15405903493416	88.5383648570096	118.584555210184	76.95651031997686	118.140452158625
110.3323191596651	122.0523098971191	91.90273329157826	121.9818233310629	74.3217171985717	123.9141141581827	124.3659044140473	90.37515704030891	108.9261029279067	70.39057690267585	128.9013334362735	89.66756623635911	78.12910857196137	105.9254989140752	116.9985213517208	71.71478107676943	107.4745882819271	76.79906658824063	90.53120566073673	120.2354328089139	89.56465470684755	69.58169827458798	117.4780286477996	75.64820805909625	89.29768631018425
100.3595713118994	88.85390334572699	121.6047935398462	87.84909166948668	108.0083933839346	100.3068025023974	73.10144395333599	79.25480195511034	99.44727363631853	104.2412564998446	128.3454645511425	73.70235872990335	84.0717880051056	118.9040056522241	117.9735591457631	115.0719725701643	122.2394139596059	122.4762583023299	79.12186216506872	109.6123003545629	95.49609685421164	70.64764222529342	116.5433569648502	98.54832920127558	86.12187957124304
106.8673609025961	75.04669835261001	70.89393757907479	93.75209720062249	89.91627217615061	94.94061987699662	95.23463018009235	88.84499140278297	105.5693614155527	119.8726270342485	129.4148897462049	92.33876771138264	109.7100492167048	93.91532584814654	98.58536621439913	106.2913417336062	74.18996477685157	76.56070579296448	97.94923484977254	92.25261290722756	98.65087143466695	105.3810212283099	98.00034206000686	104.9331638999384	128.6106608621712
121.2580890537447	91.11274259719647	128.770339313358	102.0757495226271	94.11225991175586	83.84678726332848	119.3555655740873	92.98962205734844	103.7242749570509	112.2721463506318	121.9175236647633	81.14467010401717	111.6923968104593	82.13211907436717	113.4141040739933	98.33899052181991	121.3185616819037	70.40191546985471	94.26998591332644	123.9495640047257	104.8588040199061	79.2040294767616	128.319344481519	84.16747568852151	85.74640789411012
99.28408645149187	94.69852968971517	77.16826956032993	86.53958275679207	81.16647730879612	102.1203471950645	81.99196010226767	126.2256157553534	124.0063368172824	73.7198248595634	122.7421237445142	74.75184281457582	83.36660770065856	96.58194820096099	101.7271049364419	85.52958463553595	110.4892653664375	102.6990872740135	81.75912140827643	93.86940822365025	90.29902165528466	127.4338673186447	73.40933622632016	107.3378177755389	128.7560385145137
91.22616348183259	80.33377456265256	119.703101504656	70.65500760600887	108.4409007038384	113.7239812157986	71.32978234861359	78.73670350461572	88.54544451302355	114.5810014032633	127.0800338287795	72.45636610649456	108.9633181812146	72.2526749791861	99.39651272867866	123.0619457772931	98.55787376062665	100.1445494717528	87.19270266040101	84.36297301134499	105.6610688074413	108.9498532079404	84.1694117704975	100.9332367891072	77.25431858968761
123.3508081451947	104.9309055865992	74.75263928090551	98.48429466374924	83.8219597711784	86.35272004897672	85.49795329555278	104.4808132076018	119.9482309642781	96.41762243903781	103.2150822708533	108.8256330722866	92.44872324415692	90.8573663529678	84.73837390703022	113.5181677707116	119.2486122758467	102.678923167178	108.2122326087461	93.85820696001066	83.29238079420404	91.95973751037815	96.7395062058004	97.6823267338018	108.274610163439
75.48684557094927	111.5999538993909	96.42355962958385	91.92471217834296	83.93930210542489	98.49126037740402	71.2380699971647	77.15062216840602	118.9183474350088	97.86175371841466	118.1607853963197	81.60323680432241	120.8651739248169	90.12078216048576	125.8306899238197	106.9241458148946	110.1059271789137	94.40725332654443	98.19162207835072	117.1385294236482	115.2366392840585	103.4420609252692	123.3827312208774	97.71847929869712	91.20836817502965
91.09332093932565	99.82259303379956	73.1557023473692	77.16231751993608	112.1533289833711	73.10034009163292	97.35611420145699	92.34217568442401	91.31818918578062	113.398895847493	97.7463976583814	94.87271180520919	99.58830545394386	119.5764314318769	92.33964756501734	108.8152717419363	99.02231185440598	107.0123647514835	82.4827880248138	106.1831003686697	107.8505527851174	107.2109802623691	83.49719979237693	124.0804749311674	91.83340409566065
112.6917171708686	103.3337670890051	94.31715879256819	99.0442943638792	77.63717858629045	110.3366862020757	94.05839966467035	122.5294280139138	87.61742723998189	91.5919493257465	126.3849795059135	125.2615152427276	96.58316955997613	73.9481698793748	100.5489222759694	86.29360607128625	76.26691270297414	104.5373787620217	104.0840238085099	83.98355459999367	110.4983283738067	101.2736184947462	103.3207868230271	73.32131607383442	89.91563892156198
91.0675232587959	113.5178133210175	121.879562552174	82.08959947618305	93.85872129617181	126.8729747089722	70.9162728002193	79.09402635725547	125.5374650152299	116.2584969147267	72.71609478375917	81.22824194978718	79.80998927840417	70.81356425507643	87.51725352273482	88.0114289250011	73.13861797530433	125.0042753598401	71.40681252792163	98.02014677995459	117.9623522977253	84.48169183373957	99.74782360985304	110.510789576242	105.9266646678151
96.71609676011624	95.00558265501735	110.4611125953871	80.42463587937124	116.8937303490715	103.8710247524209	116.7185192429442	86.71962962007069	114.4070160826993	82.31996229198991	93.6956229303339	102.8263356659507	86.60198928504575	90.60584058457997	86.94566140761843	129.7252666626695	87.34586840485902	116.7568557412682	74.24826421455755	84.65178946448779	102.2287894340808	112.9849598799049	100.2174861340033	79.85441479380827	107.6836831628973
83.77508668065524	127.9274584787204	113.7551077141744	97.97569149098587	95.98335324065455	95.86386027770214	102.5076099471744	94.17726283385014	72.2458089834757	97.67530395405075	129.7154039255753	108.1013342540882	122.3767184891007	116.447140782782	87.58973663043271	106.9679372827717	76.68407481906927	71.18058148686687	121.0102967236113	123.4773064657806	123.9870495293036	111.5145784878456	100.6202198477624	102.6982155239005	94.28130142747526
103.1956753484034	92.86842773936866	121.7340224559435	118.4126364617359	117.6639260902907	101.8198867175952	79.24976110748892	67.99092263098959	71.12665160490819	71.3676127627057	120.4815994414525	91.04245117962024	124.9208440549577	75.69507169531457	74.243965659175	89.57357585341434	106.9233210206632	91.68726180278811	86.94327309929531	107.0816653295789	128.7733407728894	77.4033875260058	107.1833861510988	96.969105683282	110.8050196189094
106.591699835354	95.45811242636144	89.94780417136074	92.12661859779718	109.040606208968	87.9801167298853	104.1391053132804	74.91402657650164	118.3598000212359	104.3335376239024	94.23269197474039	90.04122860450875	121.6104108436916	99.9201791511706	88.14830633268156	87.44691776610587	115.5975379542492	108.1138305082243	108.6610276102983	121.7615341562971	123.3942704699768	73.46380131078186	88.61316242473461	126.0460889502745	113.3921619334218
94.49701426516334	104.0520889449824	75.81226701816549	95.43594383330642	78.97516983947266	71.59464837315329	80.88762542187033	89.27602602606193	115.1163479554277	113.5297217524241	109.8103518321545	129.1087486651897	111.475533845443	111.5445316899896	100.7933723017013	127.5667095861555	118.7277519046853	99.145317119731	99.81329690434919	79.02630552291987	116.2932887616724	127.846716697233	83.21419848917196	123.7925683777807	90.06060938736357
118.2986430916148	95.69804981639845	119.0596434878863	110.7658691828393	97.56139794318506	105.4600999425692	79.7589336796942	86.54415119485027	119.249673014866	101.8175106059428	119.0042700937107	75.72965678568409	104.059105211413	76.87312822658596	109.6604958156323	100.8836727701278	78.2197618860089	87.23407923811074	114.7012740767428	128.6620024620181	77.30955863660913	117.6223027940336	111.408362176132	114.2951373548913	82.7205749628032
121.3486109441653	104.0754549881102	77.60501625816987	110.4732269530211	70.44608406557457	71.22790451068742	84.11188491261996	85.74287223925752	112.7742270357197	124.1635640010094	103.3772904717878	86.94924805616569	79.18639733916271	102.7382163326849	115.6473119131361	76.75926613538847	107.0358495957099	76.85565255379957	92.37804860342304	68.44038489452213	87.3399497402014	84.65144043029215	126.3833182018965	79.56327585446316	95.18276160088364
87.34702520872966	109.1106185305858	107.1969970566825	93.69507617264642	103.5695782613896	125.7822509597338	127.6331302422715	110.8907384986302	79.98950208206939	86.40108974137706	120.7990665904053	109.4594479221088	90.81024429786706	104.088394681378	100.6996529090551	106.8611041644461	92.85413470812142	92.49985935034266	91.34081482715058	100.8510064997902	70.07810664651502	110.7336206758159	102.4768761086672	107.9068763504009	124.3150154248649
109.4278916019313	99.74176112869682	98.23566469696271	92.73552882828116	100.478535415401	111.0821751327908	92.70748862797353	66.83196886833207	96.44767254586833	120.2896955773189	127.2470808748006	107.8618864097362	123.9596773223347	81.17093644340787	73.75542666162711	119.29161328575	114.5694157503727	109.4678151669534	72.9266427682648	101.4990194749782	81.9124382759489	105.3428903564207	93.69955334631163	74.87451306893696	90.93228487992269
98.25500198903222	70.40038669217655	107.2737511422438	112.3448073013302	121.3256454674683	86.1466859451503	107.7999768637492	121.2961890289602	100.815344087391	112.681996207599	107.5267556082269	82.30849026481634	79.20856831837216	99.51933598122915	70.83214638943377	128.743150831884	125.7586119158728	109.2329542070851	73.833236180884	75.27373503162617	116.5517006150106	97.5398149664595	83.74093068928499	119.2689249423669	128.9192044269736
101.0107354803554	115.9214549930207	111.9099330167634	73.06265331327728	92.41636433609322	96.04546627089016	74.70744343071043	123.6025942229903	96.78165735844598	129.1822836741292	94.76921079431898	125.3324909579195	84.29918769085741	102.6672444094006	117.3039569563627	126.6155087324302	96.62188766111092	121.1380877121237	92.29400997349637	106.3340253954067	87.31942841690146	124.8345291142986	125.0487589486295	92.44700310285714	119.266909219483
84.37811890583865	128.9925398720177	75.1690553301145	121.2635134008702	112.8652156265083	78.75994678686556	94.17264918034482	87.43648992683639	127.8754524104081	95.87312010982291	91.05101941795321	69.44671974785969	128.4462762120084	89.19297555125127	83.77314236559948	88.83961710181714	123.3301489236518	87.29844393121306	79.98914913749408	82.6711013071002	114.0026886580914	87.5614742065506	75.6397769535629	93.78058930507591	95.41543441983274
87.81282661296399	128.4202636603454	73.48526121270724	92.38640024786559	123.7877685858259	85.21740139505604	93.22509291622109	115.4909946703046	97.10308046094403	90.3119759810148	129.4267362105002	70.5038691688131	109.2702153844891	129.6872380463107	109.1114269885883	74.34476246061513	119.7731302106757	121.5141933263209	100.4562185017422	72.77853288273782	123.7551186136384	76.83721629475593	70.91450985998185	116.371328005648	127.0863742901683
101.8352461125006	115.5493634588923	112.8431016907642	87.79979325277174	105.2781083190008	117.4875981017957	110.8438812586849	118.4318604881555	127.232620555764	82.49063794836951	121.0115531793001	127.0280849170476	128.2128228630199	76.4917618468139	106.1693677249018	127.1186272559732	113.5147312447486	83.52493107804926	122.0903247003007	106.4795947101181	128.9194711811157	119.595170107672	72.76707713843567	126.8824859063612	105.3329248471668
114.6401569203624	75.44014891393297	82.93286804038364	113.6427202799907	109.8009279620971	87.30211826257225	89.7952764856162	85.37931820901682	89.84672986841611	124.4154880257858	91.96337679846609	87.97726910823505	118.9809238969879	115.5008075871409	80.34804092740772	113.1824303775915	127.8677558968873	93.67386223099685	121.4303109381693	102.219376317531	118.7593099041074	76.263948707827	97.45321320361182	87.72150604041447	85.3261473334868
73.21119276980002	103.7870406842995	119.3873210061028	112.5334140320647	126.7962157402656	123.1782752496787	80.20222008886753	88.44130220728832	118.1264567764405	76.10586931195947	121.1443044997991	122.2616685567722	79.91107368664409	126.7014747080788	84.33004569845778	124.9231812852325	84.46992241731157	127.1396933754997	90.40517676120447	103.7917612715911	81.28089760790013	90.71645457836512	84.45148149437662	120.8631861144999	83.22298437311943
125.7722708378982	127.9569028281286	112.9416527742339	115.3820056282745	89.48163558425281	74.09537536014348	72.63423534971372	113.000804197109	97.91937142848256	90.68382093275879	91.09064833309769	116.1262595960659	75.8784417483721	127.6386058483332	87.29514529156698	79.27005257026728	121.8108833626195	81.55444660670955	84.5360502117468	93.95538686869136	127.8893939378336	86.90811790441172	114.0904075293582	128.8876106970325	91.73421640656743
89.33864310249007	114.0057362862687	106.9886299069575	108.3409917860515	116.002599349122	77.48718171048172	83.58633360346101	115.0405101684229	86.35173695784044	121.7762937290439	71.71937362676627	122.7313455718916	105.3033827111943	89.38771145223703	89.54132464846691	94.25248154692292	109.3246544051902	96.97915934934913	121.7777202013285	96.5907809563389	119.5008735187836	81.70529856050403	109.3700930122442	87.04108992768012	82.70981120716094
110.4089447744099	119.8522501694501	83.73695867870393	108.5995972093917	122.6191840592992	85.37917403988034	118.6001023233937	119.0331120310465	125.277548931509	74.7969552852779	88.24810245554515	96.85830699368253	123.6063281557483	122.494720673925	102.7136772748802	80.70857253747062	100.5795373030156	110.3420168362029	84.02688042491008	70.71801929108862	103.4218702366626	116.4696460290363	101.6074286778139	118.2091122456193	85.95171647916811
88.73728651673683	106.7290064406884	98.8129779993007	126.2577852091165	122.4624795002929	77.75035986543885	122.8528908249072	121.6139014951561	81.09698296532133	95.90786659831552	77.29459798962755	73.66721954620506	96.08553043732167	69.7239921417216	97.99138525944177	124.181333753547	111.6449361219499	79.93856539871888	73.41901069668708	82.04806445100735	126.9206986126336	97.61198091504485	98.13283777344651	70.24002333043934	119.9971373084405
93.5272233318618	102.3595727880729	112.0426971787119	124.8170183206755	112.9125613597853	89.65270136199379	118.5111196716433	96.39960234249747	114.3551889619796	82.27856477670584	76.23935778839051	84.91742177068286	77.61039567963132	112.797189042384	71.05892550119793	128.7372953915962	87.63874815611193	89.80545442583157	93.84350277128237	123.0964275124007	88.99955442533461	104.6496950595829	71.72804117637872	70.58924387781219	107.118343137569
73.7323429101429	71.53257057229222	116.3397990147653	99.29714932597992	104.9175232266667	123.2990833006216	73.16317400546389	107.715673524346	91.27649794036778	128.2228599006208	77.01008725410784	113.0297846817347	74.30465578456089	96.35637245797825	113.7876293836454	103.2485995024529	111.7454342356042	124.9873328725851	97.90302475295292	92.9912071839926	127.040023878093	99.49815466159686	118.3792426439962	86.31058797986572	93.01545525719993
125.1079097076432	74.94082058947492	86.88866256310345	119.9281066386104	73.06026180671006	113.177571560305	109.6694476176591	81.35130353489201	116.9626157629475	126.6442893280353	125.3022522722998	122.556663706886	101.6786697899523	128.4773013326157	97.02432602647902	76.51490146042819	120.6701802356651	82.933878247943	99.08285262264764	101.8001606424782	79.53604840783777	105.0788698776327	122.0573676118149	101.7106132135953	75.50018463488483
120.1700231569593	96.99721277812786	107.6528270113581	124.9783970164324	100.8761194925933	91.41704739624936	79.66705281994534	110.7847833360205	111.483540295468	102.0293493396162	124.896267598937	96.44071674243608	76.41173562092942	126.3833222016958	129.7759764546365	115.3982304990838	107.9763870249918	84.18914987552469	122.5924616357981	72.93980195643714	86.63894561868372	113.8090002354189	72.61563578671385	94.44916756149831	122.9433105744475
114.2254940583091	110.4047679691202	78.9670292789497	98.87647029419844	82.00723216523775	83.8669851104479	116.5700519795995	101.1977328967814	109.8878137282177	86.15912279182149	128.014982021141	84.71292218174605	123.4458507584255	89.0227785400994	129.3658386179061	78.55522903318948	69.073269318996	76.06549905713605	114.4414392401031	117.1542869129883	108.082291645421	119.9708437401298	99.98463336232564	106.5390999770828	82.27084492156585
126.8597942884123	127.5155412865748	72.72515228200892	126.2902630472096	113.6532421062023	110.9235073479686	87.36067044424492	108.4998583810716	106.0810091591935	87.23979805531195	87.13227527195518	126.6582458486851	99.22639776881417	124.9115378716191	80.76649426054257	79.98754934381779	79.30856748418019	100.5172400653279	115.3275497961024	114.4358327545694	93.42516167458406	104.3768560142335	126.3599906340502	81.87049844268194	84.63288677547992
81.88468915258349	98.97598713256392	115.8183222220821	71.49240688614931	91.53466055312767	81.91733595030215	111.7717386498413	118.8802651860462	81.06711635395766	91.63767783170199	77.59096234680462	91.01336620577119	120.6782601827251	102.7881385691426	97.21839133236716	92.0523623144542	76.30387394090774	119.42961263853	71.70443242853212	84.25809818374452	117.2453010651867	100.8735839245526	89.50317522533331	94.91797960247824	90.12916033798531
120.7961380588798	120.7986126672618	101.1940219669584	91.23338837210834	85.09415268755333	73.21729339023913	120.5436481321497	79.56514006777753	119.3700088248247	90.3056096729249	119.3941563322884	77.77648186370253	117.9921142460858	128.6221979789279	122.5362933709428	115.7253372501693	74.93060567336204	95.79086935573119	114.5719372230644	92.0927548265101	93.28858297157012	112.0016200451661	110.5921263370368	81.23118767448199	122.696648436588
96.64734154880323	93.3731796912322	99.78110483758519	110.8275572096067	74.19467275107228	77.06217508300432	118.0762490325483	77.08374022287082	89.00350108279441	94.56367543175196	117.2504794241606	99.11565592283057	95.25567498072957	128.8136953144597	110.9359384025974	109.6141511057245	99.23055883355192	124.6139427269208	88.68265022715313	87.24391769573018	129.2326408935025	124.4550081613145	109.895508744108	92.27040851929381	83.61705633992743
79.16439768893933	106.007479875413	112.6329458325068	75.46222018909987	92.1228028085462	112.9265914070386	121.5739116013034	97.56138775951781	119.1525517353248	94.75277301637719	80.51501645429256	107.9632552468456	115.9913149213757	112.7916764760076	105.1694082136243	122.7165741516027	81.29856936408332	88.01539582161922	67.73923626303976	81.15012138562221	80.84893387802255	72.87504632044497	102.3343291369523	105.1077208293404	104.3670189029469
97.79750018522088	95.76464730335456	89.1216001182988	70.70384728938856	85.82365862393806	89.54035109799739	119.9750851691805	87.68984661530175	115.6282288457573	101.5165413706364	115.8823003122009	77.99001757869873	119.7166943570478	99.12290974927947	84.26971154370325	101.6139411774559	91.33857900552306	93.54395874227708	75.82395139055126	116.2073817753891	115.7962562078862	112.1207491595236	94.48787482590187	106.5569734160749	90.40735998288268
76.0920683334538	75.68135662867807	79.7744326222093	78.32496189985788	113.1458818824934	76.48731658448276	118.5925820713114	73.23488364947866	114.8175868900126	100.557135373853	69.18627417483258	116.3095981286893	79.44618151783538	106.4373038197344	128.5102882486747	76.07928635370595	104.6939561236415	103.0800290280715	89.676228665586	82.37882370587077	88.03624254574255	125.3655413264642	120.1407604185754	116.021969445373	89.84796636869815
86.85227450907509	82.66315425548737	115.1411794938297	118.9498050481739	97.07173466320467	71.39174344960173	116.9257853883504	98.37643339517098	109.4522231941033	85.46839274601098	72.47588542992652	115.5721518873765	102.6393636854586	76.35217097573448	73.34226552367178	127.4718242768756	120.0917624110139	105.5209774996804	93.09040860778997	89.92352764053577	112.9423766363696	117.0513629302454	109.0008460181332	78.32783785387032	74.33622706295643
