109.9794726174401	82.18990097795962	121.5181658738001	83.00148158302736	87.5206835263312	78.42434777906207	83.47062647918773	92.50507214848849	71.24939503118321	68.81364899768889	118.3553799884295	87.11504992495702	72.67150961855494	106.5601545187588	110.5216220290941	68.69294936346888	94.2076653136635	113.0445824152242	79.40931808285801	117.7255188417327	75.17884031628097	113.0826453677401	107.8863127182731	118.0110811772977	115.0264859174121
99.06344814727447	83.56184872689528	104.9978865055423	122.964506532237	107.088723304264	101.0559023813031	118.1556481548403	106.8826046977385	111.3513543820991	110.0454813658718	77.25482995495226	126.8569295624164	88.05903967813138	71.78356371940561	103.9166311485533	85.79330581200247	123.3513558337065	97.50021703033964	113.2053325436191	94.62080580065866	87.94724363158683	91.09207198949019	85.51788378014314	114.470411996979	82.84768915341797
95.9137334509395	86.57955319425027	69.04072256174945	78.64983740894608	106.0333971379907	78.86823096262198	117.3031912920983	105.5075946657124	101.6808313895517	74.23574270432798	122.8542697854833	88.67079362702535	104.3055179292686	80.57269401815732	102.0973851538565	85.23057033852474	111.6425998457801	96.23564087134019	91.99628682114484	83.4967472214543	85.34062528916732	110.1945518141325	115.9900292847393	128.4584548481686	116.6380243706471
65.51691708797472	109.6316152517356	75.65027085206387	121.1042539023694	99.60171885807443	86.66310798432902	104.6446355280185	90.29320682529027	73.71736457529032	116.8828247103758	127.3599291236536	78.4588877944804	110.8801309646159	110.7407237493856	104.8462044932519	104.4826245783668	75.44813441340104	104.3990415833876	74.84590136083614	115.0721861399714	124.3333499807501	73.57908570523269	91.06826866257478	117.4039196040924	81.20608766381037
110.59978568489	98.22066106130822	83.92947570065436	117.8134981545454	107.5365898887574	120.4526813734849	100.2350499738744	119.9404150686708	109.3651539174248	97.39285772012289	125.4597422848426	87.90382929384283	80.0381154234903	73.77794069757998	79.50039613657019	119.6030537219636	69.18391722343553	99.22960852217909	70.29958853427591	121.7417868424773	84.50194104045218	74.65803008162167	76.53591176641416	81.05984239243013	114.3159264061922
104.433492486534	102.6674479945798	71.35829496531454	95.08999253521141	70.60809258285173	119.9175386244181	76.03182000494304	102.3167172910835	118.5732740716154	95.13605399725542	107.0399614752201	127.6058213675083	110.0178010106586	124.4370630291179	89.52872456853882	75.93493649521542	70.01598662069607	110.1196058412587	116.5019120684258	118.8111860576906	111.0538528014789	102.2204125448848	99.99798455732864	83.4665868530674	95.64674462043395
122.4314546184857	93.07429233893049	74.39869014703241	119.3694509530575	123.2000427194116	75.06647413398383	105.1537954850609	78.6652984514586	82.98335620243195	88.50586500014435	79.08432853953803	115.0225738390098	84.3099815176847	129.0714689593209	93.43261445329816	77.59258072263393	106.3961825608828	111.4661514064757	74.35119286931294	109.317684940621	109.9562315938004	94.28282805666564	123.7593028635843	111.3978950568101	81.85767063672785
111.8527274403455	65.68822155615867	114.5791534318159	112.5805127577121	95.95514345642316	101.7707925890459	121.0052071963758	79.41690144261342	114.8445064545106	70.69286113977908	77.11767114900566	124.8174178849052	118.0451977365701	85.31710683806622	75.10858260399397	66.62209286706556	102.2981768312052	92.41190521596562	114.2353824634237	98.22659143506667	100.1616871748732	104.6668894865465	102.6214399194626	103.6049670067295	119.146400990562
122.2501675490547	95.26753684342356	87.01967302612972	80.32769673494519	70.46205358873102	116.4048998067789	118.3355226937573	79.44103710925552	114.9074245400319	100.2680727993617	110.4725146698547	74.28683863328715	80.2741562527989	115.4276150326266	93.47243240760419	128.3432130363469	81.48173261046549	100.0720869053326	68.16747170555325	114.4779718506555	97.17150682099749	82.80643669702002	112.4356749834881	78.13709344522198	113.48840340865
72.50250323178295	114.096655785387	90.04893794981461	106.5510072444863	102.2326053017214	117.0801726087841	83.13735982386046	78.17727890329053	103.1218826331484	94.85404206571101	128.8109179643134	73.85212232778734	113.1508985311151	119.7837505346095	86.42502538489967	93.08569779631605	67.3154292249131	112.1054500533217	99.24198355875845	98.46160480648501	99.59794541138092	87.48894616047205	77.66964245894786	75.53783303261422	120.4297968479784
116.7217608227109	105.2692041611614	108.8254790149105	71.1474687875361	100.9569410253134	114.0490404080184	121.3499613402429	118.0115376059105	128.4147340762989	79.91892242854267	92.59230826768011	126.3002052967435	121.8385435942369	114.3927271759117	128.787230160754	101.630341185042	97.82803968553235	102.5994525052749	98.97152517096845	78.55980474038236	106.8809043783176	92.85592250439518	77.22873842144273	94.96078535304669	79.54165048180965
97.37861524382365	73.24671224315311	109.1018139815114	127.7831131780054	76.48564355444266	112.0775916987117	95.27813284763869	102.6913752958144	73.76669281665929	78.48743546191069	82.07681100853905	69.71691655842857	92.91340981232891	127.2762042619006	117.5833163134639	104.4974367572927	88.21389052019882	93.82229518813921	71.91223565217108	100.1001753528579	98.63830270083272	101.4150358537569	124.4295079222272	84.15222187111726	111.8910230688662
72.16056081363259	126.4255174167275	100.2798581732544	73.44442623096748	76.41854218434831	98.30886808964942	78.6287157980956	98.9007775398066	102.6404890680535	71.33469983546982	129.723092603166	79.17229980229075	85.9627461380951	102.3748148701663	69.41647105930029	75.80789586424673	74.96914116751437	118.9083867174051	120.8569658378793	76.52238319356599	86.64640312382437	115.4377139899677	89.46283425888839	115.1352054620463	91.35649648854641
71.51835365589983	128.6298185901643	101.6830334803099	98.93787463554546	74.79158487365264	88.49464261825155	83.29560964638506	112.7638428923073	103.7222537012541	110.6054200038651	72.12470048392257	124.4013200714232	126.581799771461	107.0556165143535	77.6154750601337	119.5378889759175	107.4906040278248	128.3220018033392	88.41196291792126	83.92513241610827	92.11694354085049	124.5724955804146	120.8937358842253	108.9621677023441	106.3515265039842
77.29277099885384	75.99402156089437	100.763753760879	120.7084172082406	118.8841781896915	81.55869084759281	102.9277353037638	112.0087531176216	113.54219334056	114.4779715806205	128.8028993109384	120.0124871667275	70.48522122856942	122.6357691419675	117.480368624481	115.8053242655051	73.0969132116909	76.0134980799745	90.242276224547	87.47569192415922	68.25937935664257	121.7381863982886	124.7827701962708	76.17718739141878	100.7686270265946
87.04520102691858	102.0909839268461	122.4872620866601	114.6047765805491	94.52924823320906	80.14775885465066	73.62521051655348	99.22932547322154	94.98439264292874	70.27088307477163	94.23421114990731	103.7893692300306	80.90637352307616	85.2414879134129	123.260925399707	116.977880053615	64.99507783841824	124.1504296115425	83.08032813539882	120.0006188521965	100.0559403877407	90.27299957835142	113.9359196242797	70.73504279634753	123.223380529609
114.5966463852452	127.0900745830298	71.27380015684999	124.1844735026953	123.671551355604	99.9007116563595	75.89347729439524	105.5678996470134	93.50347059395895	79.76753368982386	99.24517531892454	129.0061810154059	88.83671815059617	78.56865187515244	121.3911706316379	119.0173291508087	120.2827162941555	126.7201994307204	71.6085236305244	88.24704324249416	106.0602004927728	113.8662518652877	76.31654720411863	124.875340944131	69.44936583112688
109.4938057762056	78.26254768074877	86.63059543015939	94.96688523586084	128.5460992057048	105.1486598354113	71.12396800181293	90.96244279798674	118.0152761560357	106.0879417067562	123.5084685073633	84.02585774247463	99.90997220071952	95.82518264374427	114.2415442062192	110.2948278563603	99.94727597460852	106.9948256406821	92.8675062991538	93.4880012893224	94.28687033413564	94.32777983991518	85.12438621998385	118.3869987187087	124.3635054849894
127.2309394743291	71.00038701067521	120.9116675581488	77.88069735718349	100.3514701523735	83.91974370997586	108.9474294507802	66.77971218566216	74.47541336229916	129.499918446293	129.7555422844425	117.2370702677728	105.3941111205288	116.1403263580972	82.17739687871334	94.42202522635914	114.564234661777	86.02045146593915	96.16829175455737	73.48582642477838	82.63248289579094	97.96394192207978	83.73349707067761	114.3849173899536	116.6748294470738
120.217690678815	104.691375183604	109.3980596324841	102.6081296777397	95.88065417725291	97.9870021582058	72.22180600820852	81.23237656346498	120.5172705126892	111.6928346025376	112.2030924449907	111.0333579460166	97.46315295012367	77.30158536472291	118.0422429801041	98.19780309990884	76.86597395863427	89.6918453999059	92.34848982938922	76.32852875287364	87.79461261252126	111.6201926994124	103.3481061785281	74.16195400249606	85.79781594369366
86.51516158202828	117.2434582877243	120.9725825825745	114.970557648771	97.6791826964787	122.1878716612439	88.58903587308848	109.9417917447408	93.43203478779857	70.64461408839561	117.6647011697843	114.1053649322708	79.45685174149125	78.6982949853244	77.21425627969292	92.25649314781188	76.99021414519663	98.59629401365669	78.61443464200104	118.9645984975034	112.1429109961871	115.2451900628346	90.5046216882333	90.74839574285167	98.6145476657444
87.49513440788651	105.9381459317019	71.26760890341833	125.0755784350927	111.9133419302628	123.3096594334771	85.91531946847395	118.1804643929058	81.83509646140686	115.0378669503264	85.043345657129	120.7316014108534	122.7056472292381	94.91962618539192	80.15163663727283	82.17666034960067	88.14599835301377	89.19246153865078	100.7279422602324	80.51510660990954	100.364474820559	83.78761884576758	110.5342582787764	79.2567107304927	120.732550784129
110.6241797294853	69.54928894765412	116.7225006747881	118.0770713204404	111.1133020100841	115.7138481146408	119.9981929761234	110.4388376901106	122.0218194051448	72.13795097778738	101.0655863306757	126.7825260938906	81.29598570363537	127.2241761332765	70.26386003732674	94.53702899723758	85.30739402088987	125.5164201790096	96.1654697719836	72.27175918852096	71.88893238446865	114.1335291639705	68.01723707594806	75.03654591411667	93.03083759441239
94.58803448128265	109.5106460902559	71.22792860240391	110.2228984918846	74.59800982094605	86.78704383119391	71.96302029984084	71.08033347107371	91.46397459406533	128.7377709870229	123.3141994759818	93.92206123851705	94.50093154316052	93.02034896327453	114.5809125705553	113.8499557670228	70.46460750537375	97.95241468282774	99.74904582354606	99.54872125162413	113.9299344646222	97.87358614934688	120.6190024549222	76.0555704533308	77.90253193851673
127.9132365469172	97.98961432391042	71.33504736318049	124.7124472271846	77.91271109969458	71.45595695328643	111.6772157074327	124.103117796678	73.4524535150865	69.98928629441038	123.52829659073	90.37247861285144	93.90707015567916	86.84880474587868	83.79996347468395	99.31143813426414	86.00955159980363	121.7584389161631	82.52774732686231	89.52092935079234	79.89923155050181	121.0316569297527	104.477624094146	75.17020130125682	100.2110612905368
113.5649331527763	73.31258734588377	93.2043548208444	93.89448028608372	118.605876778546	123.5677363666855	96.31473041586186	119.1264295668917	124.3809360669946	119.1721639303928	128.4408251066842	113.6036587631619	104.4963668489904	92.98808142406591	110.0539799452535	71.77502787993571	78.99429694285671	105.7204659768079	71.02432896843831	86.0127730260689	121.8675721766926	118.8565563267927	114.7558208976615	118.4951349139273	116.0581150488702
122.5667047082681	80.66419236475146	109.1575400794285	97.14717364898735	71.39036839453847	126.5219553017878	75.2286090277981	114.1907603341797	91.49315346401411	119.4450130623965	83.34216395335139	80.79464302259326	79.07619429521358	93.30677401895099	114.065786709216	86.3620852488787	95.60702410751102	128.3411613665475	67.42905481765526	98.70008896799129	71.09565694115808	126.4187283437745	107.9322277136495	128.2944357387865	115.317728374111
70.20206830179254	70.42616304919139	72.84955849279773	77.31985636661763	70.76466272769986	78.18719904567148	117.20738861135	92.36272553791008	72.34409483280267	98.7244668668601	125.8558166771098	124.8869426353407	75.46320095369069	85.11696992026435	79.09938212606207	78.64445908129954	92.05427349793543	78.43349118508007	115.292989875573	61.94670281706389	108.8828578821911	94.59379601526821	106.098586187503	70.96030895209962	108.4864575425377
83.98734125430018	102.9353478053085	88.01495068108269	99.25239426452302	127.865492484856	99.39645508115541	82.29920737855807	100.0749308431564	119.4447217315354	125.8168306841947	104.1942722914656	80.35663299108489	92.10210411252922	125.5204772938828	100.9792626636719	85.96414201685127	111.6643437629273	92.66397213917283	104.6214201679387	119.0380200338304	104.2482797052625	79.68934599656419	113.4123972569624	107.3482074417701	128.4428929800976
118.1222516744574	75.33169088939455	119.3184502973822	91.13446420696395	115.0840256607487	71.11905312221032	107.8747303515944	119.8643935881913	119.5304060258133	78.85270166613439	110.330197410869	113.1816002121333	94.64432896091763	125.9672489269085	84.36441454470189	116.465867609095	111.7740532553498	87.74836347239309	103.4612018192734	70.56827270273438	96.20788871327359	123.5991742584253	84.9398586122505	120.350343420937	95.60725652609081
99.03432574234503	98.60292447370682	114.6882774770768	106.8123419573145	97.59809097567484	82.43751110142608	127.3618668755459	81.64014758137733	87.94859707561037	92.7166427599556	106.540909102253	84.84076705518615	78.15626440614358	119.2152741315668	101.8261726467727	97.8253629629466	80.3332966118262	99.26759002360598	76.91532085980981	98.45184046069093	117.1221204155403	74.16995222147682	79.45170350753062	81.55731413937932	92.70775495862682
91.57831847448875	101.6012024492524	85.81098806642962	79.19289359347268	82.44748757411971	74.86270178291588	92.10216272779432	101.0814010724264	124.7577795688476	96.94834603822659	115.4061847663428	102.3168729576639	109.7016956936322	96.58451396965785	71.23579080696773	76.87171054563883	61.28451972495975	69.18524688935834	62.63837163871744	84.25370146102694	75.82153270012962	77.72353429123375	71.45266503236306	73.70266450068594	101.8135771867967
110.5320572859881	92.80014005881522	111.8694206054505	87.16140014914259	90.08333984778591	81.08978056698977	102.4932712367026	69.86703039983425	115.9305634220959	77.66659906171682	122.1833487108814	122.100483575613	119.1680953093473	110.0755249320055	127.3838212871961	80.26959810055918	71.36122299548671	118.3539871585133	100.5585282401008	76.92306805943252	112.4692621898678	84.45896520316404	91.29148010685618	116.9064658977145	120.8837359783327
91.53258714561841	70.38289976732192	76.98749300391165	84.01546329673388	123.4027423045274	88.91546686624665	110.0278217008814	110.195674708598	91.71560474146517	108.1442752048103	128.5482407958233	115.7367360807674	72.09899436628112	81.96953589232717	114.7984817830941	81.48465908568286	94.64652780026236	77.00716806478897	98.16147916458263	102.5451222912158	103.8262624943345	104.6803574760057	76.41021090314661	113.7534281915574	114.2030334499669
114.8548878271543	84.52375537793625	116.8925667162934	92.52907694058007	114.5191037381028	84.63881596710053	93.55577990121262	81.84254214851003	99.56298742650671	74.45426320965269	128.9574765046178	112.8240030595643	73.28847563549321	120.4425683414036	127.3081114278319	114.7317163573294	83.35868285435363	81.90545136211603	76.21787412813154	66.97689549149891	106.0057513329289	102.4928872276438	82.07149901296522	99.86466162773058	96.78923331544181
76.25099746330524	88.3852676052652	101.8776051748814	73.48955915615817	110.9635713235717	113.0454134264137	107.736050131879	111.424574452963	121.9342312829043	122.5252891023915	74.78414999653032	103.8204123446618	69.41630408333465	98.24368946236129	98.59650901596305	114.0050298406511	112.060863373065	98.32388567812092	63.91917924559736	77.456406267912	126.9696411132513	87.67408312384811	112.4522095963813	125.4851505840888	90.81133802643622
119.298065863957	110.7862961764209	92.47437841809668	101.3446830852159	117.5994425179042	73.95213170252494	88.8451123339258	105.8344948866398	83.67157987074494	125.7705703574712	103.47193269711	85.24626124874169	103.5294025745335	77.10725979762144	88.24464870794191	118.4654743309552	88.4041717101835	127.0180024239447	96.98849036245535	104.9867510475104	93.72551481313516	90.27131941156016	86.42335031596977	81.80027018771798	99.94801013040299
77.39197787084903	113.1829824016619	122.1989512104306	115.5442412839614	82.36472244697252	103.4788051187836	100.3873543100009	112.6574676049407	96.04342546573454	115.7335073800179	83.23641373309012	72.38447601544416	103.8096876799713	106.682560965115	112.976972821433	82.85151958564909	84.74483767633083	93.27405867549425	100.6326227306803	84.19906381536605	105.4907380774135	115.59765919748	105.557405823573	98.9657083921031	110.8920892962576
99.83095889081335	126.2824627110218	74.70575410744644	96.85040989671356	118.3573018949169	118.9967480367428	104.6828608423796	71.98622387888436	79.60948116707206	81.51787421369811	76.93743945692923	110.8735854999616	83.81581806862975	91.97327210156192	82.73386891441591	70.79062282221287	109.1991292580352	115.7709219781908	121.3229752256788	112.6742844860385	122.4230287105336	108.8078967803126	77.49497507183871	118.8269505162035	127.366874755464
113.9148705957803	113.1183145167838	104.0228770658705	95.46593821262574	71.2352029442911	123.1410852561452	112.2764465047304	93.26201124735124	70.78291808399932	126.0833301272694	108.3522551613644	115.4107507338591	72.80789024975476	84.55950572547982	81.55372118077689	115.1290092686721	118.8884530771195	114.5348374511501	90.02138097655315	87.92118636097408	91.80779995206896	86.71942764023554	77.19225569396096	126.7377318153501	83.2544495992006
95.43352541132724	98.58742191554902	81.47986104828989	116.7560163811599	121.5871328449689	86.733159682837	76.53294268545979	90.92474502123459	85.08915712427157	126.96360914933	124.9655863207059	118.6339376576261	91.1228450490126	127.4359467091123	97.06873499917688	78.21577283392755	83.08923406266857	111.2723071723951	84.91072150978145	87.22961733003916	70.80243379760927	104.2280061374795	98.54418131489319	77.92216494167032	102.509888393919
79.6337688443635	114.0552129902176	93.74938503375589	94.11120616316138	120.0041320379844	79.01321866322502	103.6630503038651	110.5990218739346	89.2014929903045	115.8208282735486	119.5344229228708	123.2044081148741	84.168021383007	71.0659262686391	84.06284741818951	120.8029202748835	61.1019588692742	91.67793333955231	71.36712799859482	95.50846803868961	95.26048943534099	77.68719070545461	67.61162888695941	107.5764156566081	81.96243091267917
80.57578937900962	122.3276969585739	125.4565350345496	109.3802039206865	84.96815455943214	99.97266988980738	82.21736006408211	85.97541206825758	90.73700291184559	78.69874668314996	109.0173277181985	88.38686304167048	89.6797932490274	93.01731045086271	128.720907496695	74.62030440342988	106.6833225666253	98.45601728204937	81.71331948388624	112.4607201171816	96.56944444329783	70.2979961755382	91.3780911778241	81.3361712422376	114.7321440857331
100.8962581015444	77.76144372693653	71.51798054294922	92.49113617210314	120.285107066716	119.7318498560443	124.3148970915609	71.27947703260556	84.05170095263728	100.1469795453022	90.51711930425407	77.19596157218345	75.77950071673494	75.93949226944324	126.0761370666929	106.879359289583	95.63389540761167	104.8226787918369	73.4912711289069	70.84636303472838	89.19560490195668	91.76640664007728	90.77978691643548	107.155867596169	91.94221866440627
103.7495426806862	82.51470915029552	97.14162984575086	90.07373596522416	90.76512361106288	120.1130763883505	122.0819849287408	113.7317769171915	71.15405193438896	77.59124168954008	110.8279520108968	95.0982874178664	104.8217990024241	77.64192306608069	81.03454614725779	83.60712262934234	116.7181823665631	109.3457089979831	104.2486332286197	119.9102516241223	120.0389238904266	117.6221850741036	64.65706928274453	115.4647590418948	120.1116539750883
126.0614022173232	85.30066453711196	100.2695160996	108.5336974038131	74.50532790401292	96.20662334633974	84.30706654067258	92.71649076032406	94.70218989862389	121.1909324511583	99.39173628295902	120.718630150108	78.85932102415168	104.7717156683616	95.74675194880589	116.0242939795231	100.4874429597769	120.9178581059559	72.83900292877333	80.01883452627953	104.2971635649758	123.8654487579324	90.47759662046396	69.91476369914903	100.1287351517797
100.1378839248029	108.0806021659177	101.4746927553125	117.3398835597046	76.23308333092891	86.71046779218402	104.9199865524035	78.00261574484975	87.40914448510119	84.48258800645864	123.643734693176	98.29230508355005	104.3623135737446	109.9479953958329	123.4869374310081	72.7161003303065	101.5785441344796	102.2207548934716	81.54586539382495	87.81250328832091	110.4284358492855	118.2714584669115	61.11216368480201	77.9684184415693	73.04344107941556
93.05515771093933	115.4657445831131	88.31301403641521	70.82985221838511	96.06798916383563	84.80990880947019	115.6074147519018	69.02262138088484	129.2852386430614	125.4893845814108	128.3054130053779	116.1715757480429	112.7576825670415	75.73838717853566	73.53178390102124	77.38308709396911	92.68051847779287	93.74795358876743	64.37900900701766	75.0695745110791	76.3049185840373	83.12158004162511	109.1458695104329	98.7535472756266	117.7863662313012
115.129204183063	82.0820973186066	85.96588613395988	100.2219945790961	79.25523785668636	120.0680081011149	120.8406756950145	63.62037274582978	76.61184364905741	85.38963279392433	114.0045645246311	62.90719986304016	89.96787607105779	77.10968414279841	76.8961279085586	103.4543377995579	105.5264345221101	90.28793139140599	65.35345030613566	75.50076214987699	108.2924260469226	124.7315584672286	49.706644497529	113.9008450366858	110.0256671105781
99.53992733172427	75.85882954008298	72.09919005034203	84.3414172894074	88.28289141820237	82.47954641027577	75.44301509394919	60.08436834689419	82.52428724994444	104.9557706913105	71.02269272267083	81.48395102904874	70.77811275562316	113.7192068784523	118.1107372562381	107.7381933762633	78.27167497458166	67.29532907922021	104.9560433136975	96.95774921305616	99.95836246350214	126.1494039771438	85.74896474184737	111.2853665329519	79.02060635892042
