66.47298200905347	91.0835626824024	117.870961603483	71.26199688116765	92.29737935764004	120.6073037136506	104.2456469919935	95.46082585837331	112.1444035968741	93.85744562375977	86.79601504185064	81.79300782050458	129.5696762844516	76.93658741270239	80.91311098020739	103.9094679945947	128.4157765265796	128.5288941168458	119.8093699238313	74.60974012132546	114.1627739533486	86.48403475552141	114.1928160669864	108.6834860776291	110.5123889886304
79.30273916165902	97.70066838617839	128.088519587178	78.17879118119237	124.7201759150002	95.25505096463714	99.70433874742713	106.0150827384978	123.4359541359727	114.1163866663894	125.6199212628211	98.78567158997737	103.4354271214568	100.9790421200514	84.90033031046138	83.83775790973964	112.2797476980205	111.2890225826391	73.46077328577334	125.1879018282665	81.08794114347643	110.5812318980173	88.30113804471705	91.13616046613424	75.05256713553567
77.62974649263757	89.8903864623291	111.6743504014398	81.84500749636798	109.0394768074286	78.92903107872468	90.74940389274201	77.88166734179893	82.12209686281516	70.64144481802822	126.2321475137388	121.4876449395922	97.35513486225277	82.38090650530988	105.86140536648	100.1815050745466	91.8176523023603	111.8357039565487	126.0453058198975	73.61460734578012	73.83762459674472	121.5051065650813	94.34730452826697	104.7172167450254	93.74935786349089
99.43960832532548	105.5927916450545	110.5780069190102	129.1966676560571	99.09954312626778	111.3790845062056	121.4452005337547	93.9157712289941	75.40924369084355	72.26989290563075	82.38702406667397	105.6346335194201	112.2589631143476	102.7239219354699	127.5921271086851	115.1016454675437	73.53193901526748	75.67186038744684	73.9898700722601	97.79468814983467	90.27764643553219	109.3966795569153	99.08550685736105	96.08152762676966	72.29093292168947
88.28912599225256	90.29416023605478	126.600100183434	113.4771472798913	101.4959952859047	83.43358829702333	121.1948000723143	113.0092837370536	77.22861945950918	87.57250794213167	109.166034779676	119.5018632272502	100.5352528509969	80.01072179939133	100.0891010931764	83.34610724486777	75.66115511494969	124.5214371167367	76.11763335576855	90.60442062084465	96.18464102684366	117.9336265303741	95.68390745787089	105.0202059175308	107.6237571467401
128.5099302854444	98.95548682996989	101.8995190619872	119.0361002253835	103.9631183232135	98.82397326943806	74.93017888681341	90.84254508692418	82.36647107597079	105.8788145390081	120.8492040888284	99.27669287674519	74.56447255971713	88.1630719563002	125.107476376219	102.3290302535115	123.8788330961563	99.25281685294829	112.3421172671659	72.57726900823343	104.6912276633166	92.0693185928247	96.65293061396932	106.2136602978049	93.7337650578407
79.11731690639999	127.2737137156674	80.87700758147702	73.03431264516409	115.9634647366897	90.16259992826731	106.1492732703425	75.83134566458719	91.07269011754488	110.7996774050662	71.11016616631873	116.5061001252972	76.91735341905948	110.0402982777036	118.0036363427428	122.1475213452838	120.0021570205224	82.68057955955641	94.1708148697906	109.3337730288654	115.8445599276485	93.63900119901621	89.45985808748591	73.50720222417398	108.7145562431965
126.6488125625781	101.1946007552265	79.96696481985987	101.5616918040326	121.7673288300294	87.64677767358052	99.71474774856696	93.15360592898918	111.5300825544877	85.47826224669782	80.75675459020724	93.37522821599644	84.42617547936837	82.47462551873622	127.410122525659	72.1013542265009	73.63242408124026	118.2864139737621	106.0783494730714	105.4506141072293	100.7716300926518	116.4872723436706	97.23401402391917	99.99518007924618	126.1518321073247
112.5906398347637	91.90254452542412	125.8659248826532	100.5889379272523	108.8409721009932	96.08518641113591	104.784854438349	85.49175268265823	104.0288285485489	125.4106621050209	128.0207379469103	99.9416584993451	108.2039708690353	83.48284929375413	119.1623762934943	92.34233375861646	76.81474857109431	116.8030048811416	84.37215247421062	106.1650730260322	82.91995728443976	107.7074308083681	104.8348820583173	125.5484529502929	73.92999412080763
123.5280749506419	92.95107496449637	122.5100938562499	88.7016840784771	89.44257782640591	104.8010412142831	104.8474062046869	116.1129561179888	82.35373215298415	128.4584425132725	94.7689037219566	100.4500540523474	86.10925108581792	108.8148057595853	92.05418278552509	105.3476096837152	121.3307959197306	89.97800223325021	116.9233799921793	104.5507118528106	116.3691019114177	88.5385455571988	75.79214952386539	76.49722387112585	125.6218014643036
77.36610280310671	109.2330005149807	102.1989320125296	81.75545894188363	78.17510569076656	74.09372217796594	78.11749155040111	82.41293983158829	118.081548414214	120.4652844063431	108.8155232271038	71.66974941696243	127.4172219444441	97.40596973866909	128.097307534072	116.5347773537791	89.3505859192388	127.3148298411202	106.7338284693859	118.6356590014265	109.9450834618444	111.4866477907666	118.9374319318836	98.04290296059534	119.1716237134768
104.0446827567843	94.15309090307201	119.4686428280315	128.643987607187	107.2924981994906	124.0145030756642	78.07818774831119	77.92137917088036	109.2503178188408	93.81141032528095	82.36873461814801	71.66619266415955	78.98539969552429	103.4702507835311	77.53217640428264	92.92385803333565	124.0764281242517	72.99564506682539	128.0622376049222	88.57174034094831	127.7084786204281	128.0090541117812	79.34162546191156	87.87042378073683	83.43078782213654
75.69621906097848	77.20487019741289	115.7739752748096	69.73513314136714	110.9241581163631	89.62451252434036	101.871841274359	83.82323612253657	123.878650688183	93.43842967766814	72.52439970656845	81.12272356871875	88.5464948357104	103.1537801535005	89.41524405131412	123.3011664043647	88.89362459558984	70.78637161631688	103.7170916210149	118.1762154443541	104.3142237523035	121.3000586940529	99.83343770562414	113.0506473488334	91.41319716300197
77.35494846919332	119.1247225270876	93.21479679581009	80.3735196700615	90.90479249273515	70.41781953179662	92.41752245899278	84.99367555025032	98.48484461224629	117.0635541050356	85.67851982255124	124.5396959430826	108.3643533832012	107.8029133084865	120.4646863430578	81.12833936755304	101.3306775333587	89.65856442911463	101.2356314393792	122.8604463807144	91.7367407320545	101.1736617285548	82.13073325938285	110.7177689453157	102.4028203611945
95.17718076847403	116.6683646583512	93.07350010780878	79.50723133256965	84.69661156158256	73.28877188458409	120.7200982633935	125.4957773955719	75.4375985506406	85.15033436707878	100.606963917769	73.96275389594406	70.18602493171286	70.91971702917	86.1649090261659	124.8581382932198	100.0150482948463	107.1310882306196	79.02734156941732	74.62608336144429	75.91484907385711	91.25107016221553	116.2560206047663	100.2342345457643	94.11096126629246
113.4129353280879	112.1747243871845	119.1074609008817	73.14132318166074	121.8752741602347	129.2987427529377	124.6503257390007	81.72784540766393	121.487509034376	96.1142255864885	127.5084836027526	113.1061397086942	121.4312622369995	105.0923984637076	80.80963224500432	78.03279581734401	106.0139888424924	82.87592290938639	101.9116521732332	73.13715978383615	121.4274805069018	103.594371340837	111.5681557394982	71.65022584075015	117.8747611388015
84.62969468940345	94.88623001768195	81.035758701254	126.6773063643262	114.5513663024387	110.6406298837463	115.012926885169	93.17306241051985	99.84777884494866	75.86146010121821	73.58607611558242	128.7632108130117	117.2639122618309	108.5281071422206	96.86528287269837	114.4102681244501	107.7822527649461	75.70392804704439	72.56409266006277	125.7223106923345	81.82051371621017	129.6462053582064	69.36263606970719	89.38586674342486	95.03978784346528
102.4799584859842	89.4421105089219	91.7879450207561	117.1891476595453	88.50875595398027	86.56236597639203	92.81876843322277	113.0134225356865	116.1281866125013	109.3675575834508	115.2834752440417	106.3887401161031	80.947751833128	91.97949351486653	82.59081888795821	92.62665437469519	75.9741316935385	89.46124299884514	81.56517485265587	103.7626451478098	107.5046351446863	98.79906945323486	123.4236119811943	103.41214908949	93.25512545486211
117.60521794554	93.62079859096519	100.6729435337816	70.6234591980086	99.51059910918667	103.1754308528035	90.17344849190735	104.8841711109415	96.40447727736837	114.1160449170023	101.2382881323326	80.80481564102203	104.1628459805622	111.9131198762547	122.0521180128755	86.05826346938653	88.13799437858211	88.40262210036244	77.11082116536875	77.43809514487572	106.0539540578003	129.072791978101	100.472609473823	118.8092293538525	103.2131769826958
85.03479822319008	81.02741982930318	88.20327634558132	95.79296752791532	90.0995219749384	128.6522969825249	89.70475498149966	105.0178547507723	74.88071707582066	94.75641075422382	93.57440348795757	105.3654798963314	95.07873589353503	97.26247801733854	80.97091568699973	114.9173168668611	123.2345696311454	78.57001229076381	80.17568443354897	97.09629549453373	111.8951815332511	104.0821707729131	99.26822580830765	116.3941327834791	101.0993518256504
101.6597743447554	93.48831274929668	127.5206113624437	126.9254556837767	111.4803538192799	128.5745980643072	94.33891138361946	86.90438489770473	125.0309073348972	102.2578686829318	81.81403699480397	109.0167843476314	78.27116319995378	95.20038555402768	107.5657507461896	105.9389737195272	75.03015994036312	90.55093840435678	72.21003927626819	106.8932501513048	79.69969450977267	123.4616006700582	91.79531301163016	70.09698257945463	99.14764747654823
87.77962562976231	89.98675942923667	122.4483927345354	95.20355442093914	126.5687241617686	85.97278504145333	72.63826768718532	110.3441683178978	117.4951624288728	76.36523748285244	73.17628454434897	124.6689162381388	71.23948279067234	113.0679318880627	92.74658004478714	77.78903395935863	82.36339464131967	78.5218697970474	85.37047636783157	77.04175883753526	95.94311953584408	122.0270747118156	96.3307075076487	103.2545420302071	79.53582027855924
100.9367942365873	95.85389692360386	127.4035863033789	106.2479563541441	105.0039850936541	115.070136863289	111.2974953632748	114.4539920896306	94.04635599119523	93.07359374962439	84.68100097628508	113.831889041349	101.3213703972484	90.96658929190617	95.21488536564891	97.51218384432059	93.7267008081816	128.2078204252406	93.58651337705783	124.6019678001204	124.4898393119775	103.1942605717354	91.87706570374911	99.69441023298421	80.78711966934432
71.69045941689264	126.4419510390589	97.87764138214493	121.7204047295575	115.3854793424531	96.83902263882484	92.36827052245003	126.9160250326749	128.1706013946014	70.26543279252354	118.2949628080896	87.40658490774806	72.69907996045018	99.6002081363338	103.578193592381	69.72076713752391	92.56775256130436	100.7591012419122	103.5299286824657	97.86583737384753	102.3282160328885	73.79216120202958	123.9749960479197	100.0822625827111	75.45312588062336
114.663102212603	105.2129523779867	81.90171472915129	115.7073348437185	112.6027952521516	96.21899391401456	128.6285779867746	101.8207980629163	101.9166380795539	83.44109842224454	127.489789183716	75.78549728118176	85.04364496813574	75.09923650939012	115.8833685477622	73.23783454095724	72.76542331877357	119.635428330648	90.70779680556591	82.16379065136803	91.42252433006628	95.39699696690155	105.0808204927286	128.2878812976552	75.39334730017916
70.1266759307931	124.2247062225508	121.7994669428541	111.3132562554007	84.45194325838142	75.83153574008263	104.8907536671307	113.5629278088638	92.73470509755569	119.7002491589442	121.5013791403397	107.7693699537719	84.77587439253662	73.7418235301662	124.8524413253407	72.38385106027457	89.70407836563776	76.80816190018002	100.3068929074047	87.73577246248919	125.1217528231825	129.1435912300649	125.1927958782621	70.27145086222743	80.11168782486912
122.1616819319857	117.4419034891018	84.19663647594231	85.35596168981891	94.72366686264549	118.7287584686522	88.39080938022991	104.3576460057928	71.01951388840185	94.26244195867051	114.1230827810749	124.7166000838447	113.7468306007836	125.9791692580359	111.0244083553632	88.20806475507857	91.92534820421449	77.1560094886749	111.1952567777822	70.62162161631973	114.7473173754429	77.94584302665429	79.42540754250645	88.22425352258402	70.9903870433004
85.70805035748319	117.3356943682114	100.0336880085572	125.2211442247039	109.7483889436638	103.2888035596754	103.011270966195	123.8241252995499	115.6158606611026	92.85943332518944	70.71055483799468	99.14784173721611	105.7036802611648	104.4003652386974	75.00346465716193	118.8026952824727	85.07814318175868	83.47537233779781	93.60686062923929	100.2439197595911	103.0736547473291	108.3228977108764	122.707918611901	92.86872621912752	105.1718362755862
93.07356936401497	74.92753351265333	114.1224727492277	79.54850230013326	74.23778446098058	125.3889541522049	80.35119519377201	98.72291033909519	75.40929550907222	120.9646032371509	82.65186201943359	117.7862408996393	105.4651734542294	78.45283110937896	78.58846840625657	93.72356591934366	87.37953799353971	91.48472769455758	88.81486394527145	107.3105542551049	105.5932503337068	125.9479722906548	112.549815407019	111.276733797678	82.5258358759763
113.6664276371845	126.4157896666358	99.98605841799787	76.56263841222534	101.419104512246	90.15197588840303	125.4784066717887	90.61189990869178	112.5361865593598	123.8634905942539	108.2073776840428	73.23668650049582	125.7881954804912	93.11752646556889	128.6587377334693	69.88017158995608	75.62450661679712	90.69589512446991	69.91257363799593	96.06628817780832	126.0874206349027	116.6259744194133	107.8256710582408	100.0795372345567	98.30830233155527
107.2024480941656	108.1672564533012	69.41342108734652	126.1503532606357	105.0827328903982	112.5656947910952	82.94230199396318	81.68998439506282	113.6693950803597	87.48152944618015	98.95625459973746	126.3727768027424	79.36726008600026	127.6026193471924	92.61104968917532	80.63536671749803	95.79572682145036	69.88371674447382	121.5580193414594	89.97170118246889	113.4181232002418	73.21765601417414	92.9864488994661	119.7243837983022	122.832416117007
96.58496930424177	79.57984717264441	127.2752936119662	94.11351130101903	117.6179856261056	102.4543379467191	125.3177501450805	68.20509345543151	119.300906147592	100.0901423258789	76.9003344694176	102.5015609073579	96.54666381353442	71.45388833869978	78.6457021876312	73.38638458921595	77.17227001494076	123.6890197131884	95.76556908944981	75.64854971024594	96.78995023074668	82.11330095983904	74.12948212930281	80.15940368450768	105.8827900814605
117.4489529698606	70.29213007191657	115.9148400355412	106.4720116305784	128.6242054303861	118.0249824472558	73.62804881595487	118.9553059966726	128.7896327072665	93.54310897014895	127.5032777120338	104.4265284406922	102.1516718151335	123.2813654827743	89.11046512896162	106.9643865182192	93.65016391239304	92.1117725340563	71.10704844272185	104.5975880946193	86.65860458377914	93.71868296073664	113.198576529599	107.9915523953898	120.564418005905
129.5879838705962	91.39301267378801	87.91847799585616	78.70607371207333	110.1691571197236	120.9782341256467	79.71852798944282	85.12280797970632	73.00800948120761	96.83305045278003	87.80919027091116	127.9199394593805	114.9582760661035	69.95510496302697	117.71797704294	115.5224741499701	108.9791711165255	91.5609597030968	100.7297224023264	74.97820623416929	87.84445973096447	76.87289315661232	68.24396512531636	84.2010572637933	86.09266074156764
123.6837234293835	85.86220611746104	106.6125382753063	90.8032072908758	102.7739853924821	106.9704847999469	78.3412455588205	100.9543585042975	72.08930134307251	123.5124570278597	79.52320552402566	78.90706691111802	89.80780605406886	114.0635420745882	95.12965239095772	103.4692781339787	75.41046314312814	85.34870882298048	114.7193993114188	104.4279947802684	127.4316329319926	126.8760941547069	74.77056193606272	90.93814579234817	99.20245154383974
91.90290663678188	70.46576648698587	80.58693797641767	102.5354783148927	80.0146081454658	113.1142391595567	75.98937697426238	102.8372100083748	106.8054924012759	73.35583085678604	75.91845927718258	109.3625588843607	120.6310156916573	108.8030529297181	94.71890246106895	89.07274676872983	90.22586460473886	121.8752874194949	91.6220540384293	92.6758884890347	83.11093855595985	98.06818269703979	119.9524572519749	98.18271132632159	80.95157995809353
92.14041587136578	95.82137893403694	72.15797336305954	90.193711866584	96.12665303437215	113.1594190412399	121.5270004705895	97.96409795944669	90.28630746005294	129.1541991426958	106.4469777397515	106.9158381171422	90.43598657667273	113.872804521041	103.1943024353656	94.16233481894704	92.27177507397791	124.6214145104653	119.4228549412932	122.9268338671456	76.24440077334468	100.0924524853245	111.6635758650618	71.44961219833961	129.7218396125597
88.66269086024293	115.6972079169419	126.9952003683709	70.88526265149636	71.78644606284504	96.29518413484809	78.94349682253389	101.1746822608787	84.97471648554061	91.89036482578875	93.85843234003306	124.8812507656985	78.1655750923936	118.4572778736012	85.47301528364167	126.170696558699	109.5374461192692	102.6992283410737	124.7285328113885	116.949795315004	77.30874074794949	127.4213335248004	121.5161183326672	70.76503480704631	119.9528775387406
127.2114594880327	120.0746852960435	94.90722993952656	105.3473611447084	84.17874045350621	111.6733391385668	99.4910403417914	86.10860124877011	126.899861320722	90.47896540058314	104.7152248011094	86.77659265401839	120.6685022666463	128.6543388689083	108.0327142106724	121.2033940158855	115.7703758351603	116.2855379515267	75.70277786012235	117.8491873286895	73.23133061411349	127.2154976519878	76.11320871416225	110.4772165089239	108.4474444748419
81.17552782693636	105.6734299048626	79.74656024636785	121.8892408394346	87.63454877500823	83.79555735553663	122.9362958473227	72.2022535727038	126.3239954296437	95.43692806398185	109.684640723599	70.23059955605035	97.68916951075218	122.8483940244994	73.83635930779153	113.8372742678426	83.50127731943883	101.0738663757979	119.5313118640527	81.96773601591167	92.88669569490918	111.6807455377287	91.42966229818079	84.76254700391236	85.80719963037909
106.7149360067313	110.7570509381955	78.64298421227205	99.66192265914674	117.3313750244666	126.9099031914419	71.19323014231473	81.88094565164201	119.2109682446502	99.67537221121782	114.0556675333528	122.2487349952208	106.8229183959868	116.0852041428941	79.70111356162701	107.5764243167337	97.75428230189932	95.8503112112016	118.3161864328317	97.72989473979497	129.4187715934646	102.2063309743461	116.0599910212313	68.66528344814054	85.19562221171776
126.9959510282042	119.7300652374546	94.57706769270331	71.47351854176063	116.2382653223263	120.7557806420499	88.75716835339412	107.3286504977644	70.65872219946263	123.2248725345577	112.4709913653519	122.3692056578464	102.2510222832287	74.19161786084977	73.51635421294689	117.2011732517353	70.17565842601941	95.43314528139616	92.80450565896658	80.80241385128519	81.77301715969996	84.3586704590857	120.5233604004513	127.3317127236039	72.41244059650504
128.0073022364604	105.3519755101254	68.94001910578882	70.20602505373455	116.3047518066435	116.36588811686	91.59556816728502	75.00751877894754	83.35447687472801	108.4552813038764	73.44867618727305	126.8440581155343	95.90761315264322	107.8198435213337	122.2950521835367	93.63008940235332	119.8884664228362	73.57833259780418	67.8072817506141	122.7235629896201	86.98258455211396	88.15946150523031	73.54340790645929	77.41143293676261	75.24561756762927
78.90619817675832	90.34814997525285	69.55234427913442	79.57392122411588	95.17837312599178	116.409210118312	105.2760148426955	108.9671307811315	80.2121746190369	70.68941747380225	128.6572796249996	104.9567412865305	81.64246225030725	122.8523969030489	102.3648737952805	85.66839962072211	117.8615972893625	79.27822981568505	115.870222384287	75.66507149498241	128.3172219249978	112.3783592438585	118.3507979775864	103.5806774026778	126.1422109222826
127.7510772150381	85.14718346633026	109.9494771693981	128.155103834217	116.9555171490903	72.79734767097297	89.1132007736533	86.22183062910528	117.2314857276007	109.3851115153142	103.0326842845379	113.3607327755552	108.1558814696133	89.59450252830869	85.31631456344003	118.519440035119	77.73560855284394	129.5113260137328	102.6897789010972	105.3778831116769	109.6785519195385	85.30497320212207	112.2849775044052	126.415859017071	79.76337498924896
127.3244761737735	98.92551697279259	117.2942334193438	90.21728474291629	81.59343177874311	106.3145579720103	79.9216710953995	99.01212829633872	121.1177075045515	109.199264022045	92.72826968445574	74.88647153563363	100.6431433788852	118.6309271233817	98.38202425717853	94.25268537419765	117.8711769083801	95.50458743318269	94.7256305599945	64.66119049868283	80.072401371843	98.73207049448527	90.00414849652313	70.0599672120638	88.7862008046481
88.87938128718568	78.10523022630318	81.42140422190218	123.2292376617411	116.8688221287973	76.38423407208734	76.80560842175356	83.18058895434456	120.0385172598896	77.68897255383527	94.35755637497279	92.94565239934947	101.8341061206895	92.96772591045918	129.891632503954	100.0365386335915	99.67939347153231	80.1170334359249	76.34692432518604	94.45050502246399	97.78113995496398	98.66899279577757	105.2617086614666	89.38330602751238	84.6590940122037
92.48059814813431	127.0562039572427	114.694271770341	75.99202990947157	109.4361323505742	106.9558280437804	80.969698118824	101.646750445349	99.36563657907476	104.1336282248552	77.08252930347521	122.4095807935718	100.8720149150423	73.4466314515622	86.61713557842911	109.9892114983296	63.08534587082895	88.00357878490938	85.32878473001617	99.27303393934952	81.22939653139649	103.1414931946343	75.10990913547198	110.7210873036717	125.9403677048039
113.7460601408771	101.84476898402	90.85779219212466	88.93111142862421	90.16644302054365	91.11458338751936	98.7933047928768	86.79646195628122	101.6314752754449	86.43052600351363	117.0817086966447	82.98573809677382	93.53318901328251	127.4686684748929	122.1179020548724	104.8354745148589	101.4811189834056	88.93202365285819	82.05907524086021	75.80102333290424	120.5704616809796	129.0500387916125	120.1615911281345	100.9089296895619	116.0048321340831
106.5029096929661	84.798984877465	125.2843204358531	124.7668249985336	100.6325656304384	88.29950226607421	91.71993724658783	66.20269003801542	112.7767431074485	93.5057712529059	109.4963802199384	70.11738044583456	108.9664880652429	116.4991298695467	85.85657995009117	76.84635171669575	90.5241464178894	102.2539560585806	79.0928672057895	74.0993570498795	118.3517350993482	116.4928221114909	104.802084002092	87.34097176127133	88.54925623630469
