119.2405636866974	93.03343881920485	110.9402332630689	90.26656330873308	122.2010669061199	102.9753674816225	79.30832827785375	76.10235262835825	93.81828177498059	123.3192780360434	107.2326272570601	70.52469628699563	73.76694391708685	81.02126032725793	75.18429555654235	99.54127626799874	110.6724650887402	113.4420036756377	85.91030498364788	118.4467429541173	83.45357413261785	129.3571590372025	114.7187770557956	106.1130671126244	79.33769817303978
106.7565776785543	75.85990539691588	96.12346047779252	102.3784983881831	83.88509120052981	120.4239071379573	123.6180609216534	71.61219619082812	80.14195805542221	111.8253939962983	100.4432002935435	73.26649507162344	71.73350045199798	99.62269240817363	118.8615366201507	77.65788182810174	73.92169752052931	104.4553570682432	107.0456677899559	104.4206402145447	88.58886515015716	87.97790623355928	81.27416234106003	97.55567096058975	78.95959944439618
78.14858360555866	122.4641061521857	79.51067716196061	92.55992513081929	107.9160259303463	124.4164360000432	126.6612374605793	88.31635484635362	109.3451178897828	117.1130550467396	101.517103855268	124.6110422619618	91.85682086434215	95.31425091405119	68.38633806216492	90.46537829025846	93.03155383852013	115.6877792894739	113.3617486886556	104.0497164506096	72.0137138139127	122.1879252630557	108.3154784556671	112.2066747088387	77.96519496687209
82.32242840033111	109.6695875720333	107.6970566654934	102.0025649691297	116.3283663124535	107.8540485820732	77.25348527600751	80.07234131930787	84.27602094763547	72.47497103840743	94.49234370589275	70.72120576289495	105.6646160576975	93.58020419011413	120.5437975700027	98.85020942612519	122.2460475105886	115.9266521533854	125.5499291085032	117.1508522759433	122.8886977356676	78.40199716819474	86.29313642906547	83.50983815746953	102.0536624027191
97.41885378828987	88.7101574408796	74.09362130077278	93.88049222777026	85.79366685293928	79.32024153616236	75.35588695699829	108.8093198431976	109.0223866320867	116.0546382122226	104.8618087503103	71.78535051163145	79.40914676628036	106.1379029112289	112.7898386740858	112.3155678587081	115.4766286890086	76.68710319783563	128.5345960388075	128.3002713392127	88.94271726148865	86.64810095716274	71.86503030690329	102.9314854228741	114.039858877646
101.262072279511	125.900051948538	96.87621959030729	91.78958532517433	103.2937981319494	120.7968062784525	107.2273476703162	96.34631475133502	102.2959096883715	82.97053005446925	123.6623026582273	109.1723296725515	98.9539997416673	76.90543775140831	122.2687047844357	96.85874217142651	87.91664569267476	88.39674575313106	119.6886672798714	122.303566067359	113.1281284489819	88.12093477459595	92.72226847419137	128.6189396540496	127.7454785346877
124.4895682706545	112.4017192233204	121.0524941663671	111.5577091063024	80.39170011235896	123.8318430823849	88.53388197432307	72.42435376658226	127.3620011808983	113.1401975896038	110.0587388901867	90.09152263341704	122.1530428079105	113.8033976111789	103.7105770473198	70.13849428410681	105.4037972963789	96.02538161255507	94.88092701507824	76.34861292916614	123.2820638557436	79.00198085850049	82.16547425552864	102.5812391393752	100.2692730774825
94.57338338780865	97.02769075292653	85.451395715247	106.9775092303465	85.1061060197565	79.9073632563193	124.2042432653065	71.1293104882977	120.8099224664156	71.95467255205466	78.44749413315613	79.76735342345982	107.5579232730788	90.65025129490758	115.5981023411483	94.31585959530854	129.3419773346797	78.07325166422847	82.53681031667773	117.6182208471825	69.90237526882132	104.7004797700701	113.3222845577337	97.52177039839657	122.0690225453176
104.3252720443792	112.5635955563714	71.6233443564756	102.6500558835355	124.9818391514409	89.99048496473466	79.6649895414041	68.84829470443435	123.5046742041318	128.9044534279732	84.78080686835486	70.65661237020427	125.9304367144799	93.2606923943242	82.17313684008283	77.25257620184517	115.536577439719	71.02833093637199	116.1081060451354	91.32074063121841	123.4827372546246	71.99790889084024	111.8816645323352	82.70145299945065	69.59071367427779
112.8120746545817	99.15630790142552	107.6847511695451	105.7608232076292	71.28260773733732	96.92857412542993	95.84615291722507	94.29011461328966	104.988236329587	127.1572244443096	115.1466904214386	104.5395362546163	105.4961132891377	91.49184101006992	128.213835488795	101.8860979853214	74.89088556464546	128.5366676353889	85.80097610227972	119.2264367298942	107.1655325878791	117.889662651881	75.63049941222268	82.45661622610768	111.6491627938376
114.2093611718375	125.8281057118185	122.8319861348497	115.4430919387942	94.480682788211	80.91110080144432	73.2245906375821	108.4078808318132	104.3850567595971	120.8166989724323	98.65120161817808	73.20954705125376	110.0057709044578	106.8729259281521	101.1163432759486	99.70630859816407	79.40856077488246	96.24816171007836	102.3151155566723	72.19413708737299	115.707121533134	129.423353864753	113.9287383258691	88.74738280630663	127.920808615994
71.77698662795368	108.26789215527	116.8054891357241	115.9534992242885	78.01828831148826	123.0537138207716	89.91154644682769	104.6569669007885	128.2319156562424	82.09120286613383	100.538511388274	102.7606361610217	102.0578882372338	90.09885634376697	108.9629719513239	95.21543372782436	99.30448361414383	103.2439021538559	116.5784195600625	95.26611197790776	80.99104123580548	115.5324739408461	124.0902514314065	113.6901059234729	93.45808929194177
120.1949827462341	103.8699895294565	72.3050324719572	74.24669678853425	108.5278483969402	119.2683273059363	119.2868237792694	79.5960875115853	108.7763914291317	122.8516296803774	97.30015869174777	86.87475515730377	126.5918089738008	110.8695760236032	126.0896453193379	73.31913682280788	99.78160912788945	121.5865110378467	124.2541016129135	100.7105373465877	95.20837156459866	122.3229709745457	106.5622215970425	104.9986102351816	114.5404438397053
127.1698493363822	121.2350433149612	110.663497659924	104.7098005685966	97.89346287839082	92.92056829781855	88.66375666365036	89.49324197750082	74.54887457113728	124.1682921571439	107.198276165351	100.9914871984246	121.1973985885789	105.9506327030456	72.43662144253035	122.3428649780411	74.87260835662242	114.0765577831322	90.63496927394395	84.59388222654411	94.72734879667308	88.55473844732367	68.81530789018703	100.4333245865814	96.25028217455389
73.6808284768446	103.3853260584082	85.33595019424682	114.759044337069	100.7077773732883	118.2259722547614	96.39191959018444	105.8222975233967	101.421140448903	106.9939386387966	87.38080339459501	121.023091533226	93.15724213842051	99.74420004000893	124.8349368829932	93.05620084048329	110.3191284995002	91.58345203055474	125.2649179568519	81.36586295220023	104.0425222915777	79.26839375488693	75.91863606818379	101.6744885186564	111.5431044233982
102.7401894668023	81.05423546498427	80.64817695316002	125.8740381456162	75.58199611752518	94.77847723434355	116.2134240463459	122.0722250652708	101.2740644620579	121.0786737165645	103.9231628405084	85.27896812378297	71.4604266947525	101.7598420188802	120.4150501564837	99.31546831380652	91.47421854019331	128.7053906600166	74.44612326502686	101.8550254804661	70.00852672105823	81.39174068623578	120.1015972263606	108.6164400286152	110.7963599215559
98.88316425871616	97.75788217496111	110.2044741002908	102.1329768690025	75.88047608306917	88.43663538682866	88.61047640856084	115.2572722112702	97.96529885112548	97.73357226674513	80.35206497331747	82.37561664132475	115.0508681333987	86.95496558285808	115.4445410100179	113.6282089024758	80.21572925222405	114.9284083773972	82.89541262925189	120.2831988514702	95.44661443024425	98.14233828215143	113.3756364029473	110.3675527250044	86.77402219639924
94.45831823911949	106.5178486961117	84.64628555604199	89.25257317203148	116.913936527892	124.9001602797102	87.62099793000741	99.91140404872482	117.2256891759938	118.4292658225058	102.3339342887667	80.24025506231344	97.17664433665931	128.3463612449177	87.38549741866743	70.93937963826428	117.314504052326	92.31910344827439	79.57211094476057	83.83275768342114	88.60659580772739	103.7483888807751	112.1720265502405	112.28330427855	80.05980710430751
73.75580804746153	106.483585431468	90.79343866645185	84.93612592633642	91.82196249722115	116.5209560761453	77.33894634501799	99.52814292574413	85.26672887383947	103.1130909254763	126.3571551597111	119.7093375471515	105.6068617515325	95.01832441950171	91.02702600183868	87.51232062805076	118.2867404042897	106.8871796204977	80.03309609515625	79.33846394776475	101.6583921712601	103.6282154848299	107.8893648989605	109.0753261932588	112.2828368835715
101.1877215778182	118.5726625028493	117.6209808099657	85.73338092397103	122.0675572219498	115.613207761124	123.9999634421004	99.99204127358203	120.5562945436218	124.4624141584012	82.66664054083704	127.8467760042771	106.289739531999	92.75536405609175	81.96755581252481	87.4842948040213	97.59702005850875	83.50052528462226	90.94259919602223	121.9692359496566	87.92902904454687	71.28755782434409	110.9074057829664	75.85507605057089	81.2808546759522
101.5954379737879	92.1144318303556	105.9802587903878	101.1072941162992	115.0776608062485	81.88992681796262	91.8071587581971	111.0497879099796	69.88379584203319	73.14533663664817	105.0756580111619	101.3501457365829	93.76839410321183	100.1703599675942	116.2509278288758	120.7587822266079	110.7567111258184	83.34739992945788	126.4652438543717	78.40516465202408	113.1349781946811	128.7871549371991	79.7101443366694	72.905444250342	90.4072178833606
107.4102222645458	109.0856373251392	86.84321071818174	116.7016372023853	77.4840640873424	98.09008656177355	86.70802145260056	70.96757675903207	101.4393306916303	127.7311769931503	100.2581742707119	80.88465442952389	85.91257216680265	96.41894650831685	72.13247683874147	91.2649481968222	107.5593088636884	79.83882412312558	76.43878991536754	98.99103140264913	95.53917443956144	82.90268322049761	79.63444243662425	90.36637292551326	106.06155172355
107.1347224180708	102.0077158656478	88.99809598986296	111.9575162403759	111.3955335967563	85.76689671231024	69.93633842826563	102.1786320103103	112.8434598533428	72.83878113206173	113.7851021513889	106.1788851627904	119.4167682258549	116.4751123845121	113.2115744088812	114.8579677287326	80.36222750589417	114.204166611262	106.2199595113338	86.3027340635014	82.90720977426783	102.468941798341	117.4134066064531	77.25390711468856	71.91592876566338
114.8049231517364	77.33693985589858	88.26564513383299	124.6795188100984	120.6115705148803	92.74788390304005	124.2045511469268	118.6827786823324	114.4156704058376	96.71948200093379	124.8376380948117	127.3358234546867	77.74043499185372	95.30419130381499	105.3775123817687	89.9909698314337	106.123534152085	98.6684398156043	123.1287075896309	92.49653628505021	122.8045153117948	116.4995201428352	118.0056556601813	72.51184769584708	115.638198159006
109.2464859431078	87.06098837503029	119.9092862644773	103.0259669596328	100.4582351995665	124.7240078301368	104.8268688114072	83.14401152663186	107.3715241635932	79.9787589360877	74.13161911843433	113.804267217173	73.50322453330668	70.05356782066877	88.06430358949879	106.7365362027516	118.9205049537183	116.044593171744	98.43299508094134	90.04754098960305	111.8039190432495	75.71567190007805	102.6857693580443	124.332568220028	105.495566406577
102.955720337564	126.4215608188718	94.25811441584575	114.3583771333265	102.786367928932	112.5433364076173	111.9381052939847	100.007965958468	79.70999548931385	79.70548884377961	75.20272202725883	120.256180900494	117.3104970168284	121.1508805306077	105.8203318111008	98.63893555634237	79.93467214705497	96.08481894085834	124.6218587140337	91.22993977888063	78.1142392307033	96.60984605409308	118.9296032390459	111.3507521926141	109.9752917013874
115.7210695025439	109.9238724277427	113.1869733798874	99.62286752458613	73.02546834948636	120.4334807751835	102.3650847677298	95.31176961860928	98.07529453426412	99.63764831451999	129.9352786084382	77.04549365695003	72.14435845617672	124.322047271761	128.2490863810109	72.17609041341684	116.8923190467285	101.2907394657081	93.97643973433416	84.28392149136617	91.94331744210464	128.7190190483951	105.9146182221299	72.64407859884984	97.92942538383407
76.06172900185346	129.5721388632449	111.6274343850878	98.82373356055612	109.4452614818192	103.9580591621074	106.9121526031879	91.09593284527392	101.2574558434965	104.5847381620389	105.525219538025	92.64162769315186	72.30562668783459	114.8856999195275	128.637035008237	72.16155980842679	121.6712742598162	83.64276475561283	96.89771962454896	73.4821570447578	107.0127407154075	82.40854491585391	123.6780703844809	126.7486899880967	107.7510999835958
69.6905940174149	121.3334132588629	102.3543700615291	127.2876292591329	107.7920928463307	79.00204314819581	85.15907072736532	103.7647396374346	110.5623883299982	74.23680681007892	123.0056411845297	120.5589442888297	124.0063256314773	81.96690073572437	125.5601895951356	86.63865297622331	70.48570019394009	109.4068265002946	103.3731483148432	84.20331027072879	96.71527143923372	91.42316143054751	78.05475377033885	88.32234931191685	70.04122295328658
105.6628515462812	122.4465234835426	111.8781857474634	102.6307993179816	96.88673069483944	104.9878948822745	104.3333748930348	99.65779727103271	88.97537718626458	101.9875769780616	107.5366543411059	84.37792835420308	99.33626492118876	123.5973787136166	99.49928163497989	104.5859434289887	85.89172715387554	86.27436157958113	89.7564399784322	73.94672294135532	95.82198620600693	117.1018001757741	70.23124902706277	76.9144972792904	125.5679384963542
84.31329381805702	109.2942794422346	98.3580269621182	113.4221719189829	119.4127120764245	126.4936739283478	91.16161591525915	99.32843932432729	77.4728749160421	118.144818835341	72.41422431153663	78.02656995220876	101.8180559182156	113.4690800380093	114.1408174525104	109.6016810261563	94.86935666202568	111.7104075153283	84.88133633722384	76.708769376492	126.1453302859251	112.9516285481684	126.4594819531181	120.1816054969674	124.8821652632019
98.04336487829659	116.1043340181498	114.0425144230608	79.08636899878248	91.00133692206289	104.8355005483909	85.72148072380953	83.87843629897492	126.1969327405349	102.3426932518259	94.42578177477849	121.8919715164817	93.90851230981636	116.847468586261	103.6228519308461	78.59558185016655	101.2716730648623	121.6837741102781	103.0160959579339	127.2415250028037	93.00503228409447	112.1094184484106	99.1286721030404	115.1672888300395	90.38040864321212
110.9008709903322	104.3588742715434	79.82490009882733	86.4762205235854	119.4345335598046	70.25556386586662	83.26400143488067	101.5156560494561	93.93730176657262	99.44727602951451	90.45536446274926	113.5126122107933	103.0927683089527	103.9563773174801	73.08568783447028	122.4650711839753	94.03881505113745	104.5841445622434	125.5965739753892	125.893625511887	120.03677482687	125.5176867344056	82.83242898659941	126.2747247271535	84.08633815038466
94.73373019684541	119.3879966028303	115.3705736297843	106.8605398460901	89.50638576594392	77.03310677967285	86.4971601284506	90.76585089236602	117.7177509938116	80.943260003744	87.70935186486645	110.1245335178461	93.4917565077659	85.88522660637339	111.6140103437086	126.0429893314216	101.0219736989474	107.3520819288187	121.3857410571196	112.9837189286855	84.13619351872865	101.3188136268085	123.2842243843945	108.4704292554976	86.83787200407902
120.6078020673535	122.0252880322581	82.89043249103926	80.10378205028681	97.40752076903043	99.65429523138948	80.81886293739933	90.52844568087532	77.18267734234372	71.05542834756687	85.73786278989874	126.8632539240958	68.59447583265396	83.62702964145626	112.9805752285066	86.41393767703923	111.883135170293	95.98417507988441	118.067395160591	66.84885265703311	81.51146011327425	104.88157283795	96.70026965678453	111.0387492364323	91.69879854319109
88.16723586173676	110.4107577064061	78.89669252693191	75.31893204168655	117.4621531466009	93.04275628028469	115.9068679478342	97.37089372906837	77.5997580244488	113.7646679256965	105.313196871536	79.82052683653842	89.85114383551578	95.56053520912265	73.18731306823878	120.6361393858414	70.63623291649506	84.81101295587042	103.2686714167191	69.57817017874706	120.607407339597	95.81664769537764	114.0488310825492	103.3636034204704	102.8922041626334
88.29774538133238	116.0214826927163	103.6003113672613	94.52025228805658	108.5634147941641	128.4697501871581	117.1516444786191	84.07047278687548	94.76372963123886	79.80401308099685	126.8089536089524	111.6951596824146	120.8371103195908	101.866119489605	93.75174087192114	108.6264835309202	84.96694525958289	123.9807498484563	68.60186288265777	102.1669570312936	81.63090110761884	121.8757490915207	76.26242377506257	70.73108775550874	94.0103390377662
95.57489474600422	112.9690975102183	75.57784230626446	114.8415707866172	119.2888495814219	84.39005105153618	118.5378146870397	114.1785883455	106.3788935517292	80.18971386075211	118.6214996363912	117.1187245544722	83.52413370090444	75.20630483136912	92.68660206142184	70.24730339202306	126.2998183480355	122.7710557273745	120.9884394152604	77.39299789088453	88.0381350289548	128.2332760395999	97.77828759695862	118.2937782058123	110.9975954046894
106.7879930166377	107.8640811780999	113.7571799756424	107.6057759474539	106.3360461416713	106.050171604057	83.93611726159916	119.5100124082364	128.8695550392523	74.56732185709342	82.76875436905192	113.9344170305144	128.1672709286953	104.0753225270946	92.96090624199715	122.1670505273528	122.6317937096601	113.8325443800832	70.41400710961433	109.8136541915447	87.32664393365934	83.07069240880128	67.89312758266564	90.0438457569891	129.6745994279689
106.0473703653431	128.9251831854516	95.04558089917657	115.2073598692477	116.1803384698982	93.82105797844952	124.1466715995864	111.4016389254793	81.00058574044306	76.62917185870209	128.5270874426143	120.8687906146679	121.5036718736071	70.39227115275645	94.61253278747697	117.390422015585	68.51924454224023	105.6307835944969	71.03874521590492	94.65525164669883	92.78034486323185	82.82048725960597	114.4894913762763	104.2541913049438	71.63299299687715
97.77107857139083	121.8613279475836	109.9748472651931	98.2654309596185	121.8271167326028	73.73890526963439	110.11276503641	101.9471007279575	76.52588222436894	114.6456977859687	73.30276708275764	84.79368673020849	71.48435839791588	122.8239988267659	91.87839006487086	112.9743160863754	82.65594356809622	117.6355178012581	75.64395638162011	88.57889867534062	81.82347613906975	81.60669374364679	98.64661627399374	109.0775256904661	79.63327308624774
72.17612640456366	128.1411181960255	79.27592514429375	122.1871892965969	87.56007874625669	69.99020038315003	82.47486766371637	89.90862328086943	69.42443501489078	126.6774059815306	111.4188423419208	126.3386044230221	113.0703896163674	109.8209602022584	111.3329219157162	99.46466836439242	106.1366389132401	86.80428698312946	102.2410769516179	98.34184639814714	76.51830172748538	83.65270932417799	104.7790377800033	74.48072581387878	104.7201931900505
74.36767074190772	102.339779047186	81.34467475717199	92.00163372965018	115.9311862151127	121.1985032049031	115.0863038240606	80.47560481910187	116.4826591489382	77.95345090408944	72.87314109361023	88.35635944673481	119.0827599464517	80.16637908879423	101.2681595058197	91.98122293197822	67.99669813416295	126.164426948868	107.9045231381597	121.8095286384406	120.2387185806651	82.66880958440893	76.83216918631651	83.71574637741627	126.847122058909
110.4393927041149	126.4199153706865	122.8315766939962	97.89050187833406	96.22316002106506	116.7789538255936	104.2131898405454	94.54665845070576	70.47168813026464	83.22902930154621	125.1622651868479	107.1674413607919	108.8761992942747	71.19906476195708	92.68811044007936	74.76408937073342	114.5966970490371	121.6253192077382	92.70511555240353	124.5214220075301	81.64560840189621	100.6427346904738	68.77713005105056	78.70762954522162	82.57849120707677
105.2625753578633	74.71988713878235	103.1808658464586	77.63608436603074	98.301890559405	118.7559361126291	78.78531502554257	96.66695750168466	105.3062663393214	118.7494233957358	75.51456317360353	120.0121839946447	101.2263242072402	70.45238708609686	80.14667004489273	80.07183152618695	73.91987416662239	93.9693264310266	93.81323569067953	81.44875803258016	93.1985691472985	115.3433241672497	108.3964263374631	106.7382822020239	97.43570758760782
70.12024446457795	113.5495611386487	70.65606013453819	114.3867491766605	101.161601497583	112.2301064260159	71.17773448402544	76.85562885362772	74.62048268781389	128.5461901366573	70.18068625325266	101.3387050520041	92.02712506940814	93.33389345259698	125.7490952536054	87.88745428496142	91.88233343527114	125.0018404900829	71.44651025974385	101.1622328333355	120.7469542690866	87.4143114049018	67.83545445708138	74.03182935211588	129.9095066368506
110.1353387121852	89.50623835743744	66.33509136088308	103.3176884565424	109.0001915417387	82.63683750775859	101.4964833714747	75.45029788833646	75.46946715987129	76.19353491414137	80.70552857512891	95.53552653278186	77.71004678520418	124.8169041905369	105.1675063351675	94.4531656817551	94.68097985428108	106.675240597327	86.96133905169557	123.5353919613684	124.2432139118976	112.9078373760778	97.59507185081551	112.4960002218342	125.7165584262999
127.485248806179	114.0908465740342	109.3127806626103	127.0871981207522	108.6269973979363	126.8313611291685	83.45096391931683	89.15343849847224	93.47586363925498	109.3866792751646	114.9893332753114	103.0942868305519	106.2053657313541	110.3662967668445	71.64544781847702	102.3144167560951	73.59850619215928	98.44003430867792	91.15172097630055	110.1089433024892	107.794715120511	97.76629066478117	66.51520714328697	84.74731751678294	114.8233529825715
126.373593839759	90.79562964443819	101.0939921886941	71.43719836916443	84.8053832744762	105.8540231914201	105.8164634491084	79.56887538652003	97.28569421174845	86.52912783369972	108.3290065219736	127.2892584066279	72.5726815077993	97.916406415479	74.69421208098386	109.9361744526322	75.01239393096523	127.6946665946055	67.22977569734064	96.79576308324373	98.89427547623779	98.86766984079915	106.3539677413807	96.36562959518461	81.78944879078132
92.06056517156291	79.9534997859877	87.97848761082703	69.81408336727176	98.08360489917774	82.38949947083005	96.92683042339019	75.03161938917302	97.96379866981754	98.66650821504098	129.3089342854796	127.3389590929451	111.8323572913517	70.81915671177411	70.82834584273989	110.5180216639513	85.94586877613435	88.91753552130545	99.22477872144145	108.1649285843503	118.8634437215596	106.1053695636773	97.70924610636214	97.6517377978883	94.41187723231636
