1.48644298183525	13.140420972527	111.5166063491806	80.4482991453378	27.36673845957658	57.83477293387341	2.744658442890193	98.48980926159544	59.57044908040731	2.997905099809149	69.39248828346015	105.3504358187379	113.2605081528801	95.15119263821308	0.9017585667633181	2.748453575617217	88.90083899103877	120.1597550684575	96.75553543084163	71.29426964174867	9.457353686660184	49.24297646924774	105.0793663648726	79.48998617257691	18.4109732267029
1.182338756438208	1.906444047288922	106.9947269067285	112.2176560275223	29.8306906046255	32.72899082839823	0.2158770973396831	87.63312732235923	27.70428570857027	67.61530180768838	90.59412237830421	116.7048304390964	95.17649931975453	77.72419003933165	2.11232621755416	5.073046709516433	64.87351030011284	127.0091649375312	96.8627991606849	105.8307054109614	31.26684786955482	74.75936696781409	119.2334143991516	63.62599464653606	2.045109813847901
53.01226395394872	92.35376011351292	64.11930839464581	107.6817044697713	102.1520436274064	92.63755195637935	42.10354194230312	51.56375875868056	82.8368350529615	104.0899764185406	129.3606612215236	112.7985301689479	84.24964244072342	72.70123687977457	77.54706973978702	92.92465514149521	53.9017333681347	127.6890802907705	86.14435393867822	36.85346713955802	111.285284521734	127.1942756806826	42.51023285430873	101.205507135574	101.1739090995999
2.376828476409155	23.62228182031325	67.8053263760675	85.40075825921062	76.51500216400403	90.67769787090643	21.36543184519202	53.60964558439879	94.87602727731061	82.47635297996796	87.31304014197185	99.01034547657608	119.5525723985483	92.54382157234963	13.05531439722235	62.38665223357108	75.00631820908505	83.89051489272441	93.07324179889522	90.50580003306919	55.97638522789356	64.43528862792881	73.36188889568214	102.9191422122858	65.13381749117235
52.72693044328631	101.1448171463874	104.4277576350743	76.75493198197822	77.22978009776746	108.7243838767101	63.93092619731271	31.53149424255282	98.96391303812123	107.4506412980321	114.1605900287498	105.7949433958292	70.2753942933282	95.91680140660534	82.7210403996084	66.82919374617914	63.48553859405105	111.4135385479302	53.27358661972741	57.07764119319063	74.65001717594862	79.54309372152659	29.3218135208834	100.2167664236136	98.37318370790763
61.52958404308791	100.3761623311045	14.77032913175312	69.74208210526174	90.94479978079713	128.1420311110481	61.78242760729636	1.700592304116264	102.921679001778	70.83060005053621	82.35052983830255	50.75488978770245	99.78950908652317	60.50332763622882	82.60963168875767	88.85265361900014	1.062217304113552	76.83858627368312	2.135426022953647	1.381244192429582	79.00226824386385	116.2050220630791	2.548344138002592	120.8058242909586	105.9328801120028
51.77678025656633	58.64463128738146	73.92184606264692	93.94284564284389	70.35141895892856	112.1391857820541	11.77948887622557	94.41578384294834	73.25589735030607	100.6337544610516	99.10107355196442	91.50845075898599	83.25127198146301	112.8844873694504	71.96824218062827	61.85685713877952	56.68285807876151	70.97675287562173	110.3532807603749	73.02394603958346	81.98706700835663	101.9694773913247	68.90382904429644	97.58240688454138	76.25381895463022
30.37528103622508	52.85875257527212	111.2716137487953	72.39598598826318	103.856649673048	54.2173027752	54.41012496853904	106.4299203989093	74.55842179318023	74.47894256848446	74.14056476991368	70.74516082044993	81.03901663684688	99.69104907566458	27.37298357145981	40.83986689928102	58.93404533694816	120.6109156939268	99.44209739152706	92.13162109902899	39.36602926532426	72.19542419991916	52.98556529357548	116.5729454315434	63.04530055991368
1.26037097830654	44.67922221398962	124.7348209110222	93.58446994004288	55.20721220603743	66.58016514467333	33.97228659429018	91.25108429273928	95.98705167368556	50.15528406796327	92.69212581387512	89.42034878977115	78.64791488057976	63.46142260096956	7.205586914186597	7.587899286237842	64.06840097898812	120.7354241417888	108.2907931344684	71.73400586199608	74.53256137253248	93.88527817097706	64.93942702521274	96.04864675402332	61.74240346766749
55.40207236060542	94.41295241644873	57.08283388012542	54.75304609654158	125.0207109808937	116.2932050584895	62.49767019241905	22.1182833384462	81.90192986040523	122.3192080082538	91.60705651542077	120.4624552806669	74.30177928396995	94.60293799282157	53.38078810466524	82.10386176314624	22.63806145925268	102.9240388788348	85.17474564263752	69.60123647725291	60.62716130615328	87.9139218183366	64.62955831431141	112.9059936836273	57.43535789729509
65.60544569506871	97.47128053388556	61.19314063148566	66.72166266521474	120.994440808082	89.19820027255903	101.1533886919074	23.56781153225425	72.96001269758632	112.8782996051365	78.34226107034259	104.5493340840155	94.34865755699197	120.1468186789879	83.33324739805248	57.85128261666411	35.55213813698607	85.58652926806784	47.02794427062889	19.44530051110486	81.30285886619384	119.3705482027696	62.85538083717969	107.939135368928	109.7686251717627
60.36653371078702	73.17044913597414	84.70653832482921	79.48393744873309	121.272405416167	95.51891785247236	114.6315355665353	11.27398020504366	93.83240814984472	126.6584186090347	125.2466380794577	97.53604548698385	98.83207383146438	101.0427600870524	98.54177552504316	101.4521238713732	11.8364049402607	63.24705568840781	11.68296855550912	45.48260675152683	87.13042392355412	97.28636399888384	35.13983732936919	96.86558743456064	65.6238493069097
53.92923534152786	96.55767424681774	57.22067607167469	98.57868379350188	110.6752710226639	79.19141835267288	80.12255391212381	36.97968993610907	83.63677653597628	115.4167182931484	105.2844584075709	107.5461744251825	115.9140105974084	92.118174376143	75.28076608335897	63.3952624733559	34.5838303944804	114.9376844302197	58.02436609518443	70.35636353379732	92.62388531436839	71.84631076904778	19.78780380123387	107.492880596449	105.0973446075016
109.3141911414743	101.7239001817308	61.54282612477543	75.81550709354386	102.39975950957	127.0551082012629	115.0962401114905	15.7352288626446	123.5883717215359	113.2020431097491	129.297114371357	69.81450679077707	81.49828921915848	73.01395475473501	101.9102929109925	120.4979343428024	1.161953054266164	56.9131067577007	37.78824814711444	2.239731755669005	97.94560131040271	96.15366730273821	2.326295077287849	101.7345021064232	107.4035029816581
3.750550774518203	20.39891511396746	108.4151496246032	76.41576419909802	36.97577036932594	41.84791955181262	1.255846481069204	83.85200748622709	91.20583827759867	51.04151032840375	83.98311506303182	113.4010697633418	78.10793892844106	80.49698134697546	0.9292490519689047	40.34762364494048	73.21134585445381	102.6729910790674	110.1782656053348	109.914728102798	44.82265607288568	85.96328932163124	103.805986485588	75.52517678176783	32.9304420061047
62.22873468640215	85.7488581933726	89.01907442863281	78.77025751742283	104.8778233679442	100.7864683042467	101.7329717627496	45.63621459223948	87.66776656215819	91.8738434237779	93.61195384365962	80.06479889488688	63.07561585944286	94.27792882178373	56.71534449246653	95.98436437548391	1.699252790239995	124.5799652639978	31.78307877807555	11.54184977965816	109.307892788496	128.8466255036655	14.74761953171588	104.53534325056	77.92581335940298
89.29091890196139	52.70174404771518	99.57581084471269	60.01484940526228	76.71256703607793	93.44557426971741	45.65132627643192	46.456003358161	117.046184668052	78.70968879488171	84.49887986535526	76.38584906458161	112.0789782155239	90.83787713953434	88.92032939751846	59.26414661039509	7.70072220588554	102.0297283451922	64.57989357282851	73.46574892941908	78.48466632311693	119.9816346862369	30.75932153794002	92.97405349172858	87.0293089405634
74.45450746447891	70.61717055266929	13.42014335896472	52.486412368806	80.61791216446009	84.32243838807561	108.9831911618876	2.930662080224612	112.8531319924602	112.6884475700254	113.572624276833	99.44778790072749	83.25768162044648	93.06830260760825	94.68699327043144	100.5291102033339	1.730294375096074	74.84838102314269	23.33172404864567	16.4198197142469	80.48095974570363	114.7710797535056	2.560574656125098	103.5116560851813	77.20223015933496
107.1181595296897	74.79784938045978	0.1687846883694348	48.74000300626594	125.3937008884024	106.328537005419	82.79046795209946	1.071986129468663	120.3852403829214	78.84776315929921	78.69870907881928	25.17162050880624	40.03284164736618	66.73473852841572	86.12296125137519	127.1549168148358	2.536677657598377	53.63307890921632	2.48063640485657	2.128144993831135	74.63162255759157	120.832985577826	0.2580114642021086	80.32003157048916	119.6599936524253
30.84347475704279	47.19677132916773	74.5881287846353	76.70606600168465	92.99993805653799	75.44774601288091	65.90874977144729	53.9062649006859	109.2100061479802	92.8719453145074	89.18229114034615	118.8231128520012	69.3135363577511	91.0505642024243	61.3577208311159	47.83510536226019	59.82328348307544	116.3592241920588	44.52717466981552	45.89399302134032	60.23618986215122	104.5260069876848	45.74302131781606	107.5911251490977	81.05935976072264
67.9256758252405	67.823404471404	64.8993785305089	105.7435872262365	105.717797612815	99.36291733156082	53.69496886875554	40.54802507107136	74.22979373683573	92.9659681638087	100.5318039814466	84.43512892977657	84.79779749480143	82.50071468705173	99.18132206361614	69.44638762850791	15.29995710519869	115.2569775956168	76.78002893907293	78.40424704509108	80.20338289877623	110.0181811645634	17.04372431517519	109.5371379946597	86.65773948108306
58.88320675317851	65.75142682890475	48.12890626148713	51.54537906561131	78.11668891464605	71.09667517465574	49.25448097525947	58.95429799988932	78.01421473613307	87.88899482450449	128.5986520960669	69.50680687325914	96.83149162629149	99.54636833251809	62.28437602357332	52.35280974950824	51.25919071343591	123.8983392740153	41.64740156164797	29.19483263945575	89.03146684297542	111.7515993092906	67.82194679676653	78.40842342004154	108.2749564224286
57.5858701616303	70.29083174853523	49.95845793287705	53.19723114732487	94.73860260434446	125.1975687528611	110.0235523395565	24.89114323153272	76.99938660300143	127.1944287536369	81.76422115504081	109.0626344830133	59.9666811729211	67.43074707427701	102.1129678806197	103.4744763004415	20.60989308246276	86.51153334777823	47.66083436070767	44.01038936535687	88.80340647675591	108.887973920679	1.261170510635761	121.8230022691246	116.2234187240764
55.32047548520784	76.85081853035109	108.7584976885778	96.66244697720109	97.94388747316289	73.62823194761027	70.9370689841048	55.06291759271339	88.63970116309793	100.5424235349436	118.9985876290549	87.1175942212393	85.88240286131897	79.28450685865738	44.35325292695742	89.63652639684025	48.8391138964362	114.1569866608	78.00512046584315	83.31406423158181	55.89372269803849	69.86538521028393	38.28875635431274	127.1994402441813	104.2069624402493
92.18930152681324	109.1222775705046	81.70187076548405	92.86077757861902	83.56112465814414	115.3482276772996	64.57427941065183	3.565139563398247	96.0337606589909	112.4965577880564	126.7233597400764	61.05215254985686	97.68307163129158	71.48650489877892	97.57135223949172	109.7045890430217	47.94053892583804	107.2128540266432	48.86504092057993	54.45891814863951	82.03341649985191	107.8421966253186	30.13884901136459	112.336039675524	120.4081148690201
51.88085479729703	33.08556905252325	113.7093027753944	81.57918530371811	108.6620331940991	58.96016299593828	16.27198796477143	97.38858758425069	84.16779737712702	103.1287086590395	76.11193169199123	79.60930980559137	128.9829339512793	119.8475952171336	18.76424622957987	70.10808572351252	38.65651571356348	109.2687811512606	92.38980888701329	43.90503974100186	88.79462679719904	104.4883001115244	74.29287961292889	113.2360741296218	37.65012022469602
125.7171422792431	91.48967545223402	2.986163220451365	12.75381081097592	73.97381510246039	71.42355736759025	84.1264509602275	1.990213720589105	107.990940596947	71.67880761416164	82.67213884042476	10.82164032262571	15.54620422352816	86.62795452781754	89.60106818494575	77.74115161232348	1.05974995642654	43.93683640135454	2.80914481812741	1.116068913608336	119.5458479104819	81.95563735383845	2.257895444035377	75.32484021291241	119.4201981597114
36.04671046975506	56.92226438151467	105.8554316438998	117.5164370924318	75.76642560320791	92.99708094170276	66.24106203450526	84.57268357767825	105.2341183371415	78.9737817182918	91.29965197173804	118.914901183389	75.93971108762678	103.1494586177886	19.72366343389253	52.79280202288554	63.26641460706099	78.884607941525	86.83571465693626	99.60919017556154	60.34470749099887	64.32914114192826	49.09306565498773	113.8022844268082	35.32225544709794
122.6673994971052	104.1298062023771	44.7669592787073	36.60833147316033	111.637698276047	99.31033020097999	102.1842761188715	0.6764545990244319	91.96043854172541	85.00777888123824	94.76712125243304	83.06843665121447	66.29780606484508	107.7593911648894	103.4035401037005	102.4140303481884	0.3938159319982444	81.52747400826073	2.063771360814574	0.7460647441635231	117.3589845652991	87.02928737186163	0.01556103273370537	116.4912212929674	119.5692655343684
114.494242043969	116.3461937906606	39.54297608000491	87.35009665221273	104.1115744205633	75.33012767080228	94.72315288893898	30.4678439115536	122.1016739461991	71.94814776173759	114.3077219994948	95.51890089772527	105.4278650625018	80.85953343086354	114.4602989163842	73.57229195275893	0.1159706808971258	97.65773358705277	13.6916006916949	16.99828022315707	118.5309998785528	102.2143276262109	1.456045403588005	68.91291892267935	120.7178764397274
77.82378963924877	112.9246891510335	14.71692726003909	42.7742963930511	115.4685022127255	117.7304157836409	95.58031627633579	2.144970664804475	99.54523711170793	104.0963094602648	82.40441611917186	83.5268348742083	77.56899960443182	100.0680904613486	104.9958192230983	93.42210605236848	2.31944020660991	113.3222580015114	3.886490887355606	0.7052442063366939	90.90942414642693	106.0748430703947	16.05243042194039	97.20427392155521	120.6243512704253
72.05735510741083	73.37262163796009	48.89839575037389	10.71155839160414	123.8704241628503	89.0212349626994	127.0456394249975	1.599632738983383	75.64238397777609	112.4483771816863	75.58466887251012	58.14435437779362	82.32472538720539	82.9649482443007	105.2903245539076	124.3129448808503	1.565470396981038	56.3304922078905	6.83036974985292	2.250581918792117	128.0047441424078	102.8182244732369	0.6050327489574854	74.88824239842344	128.673299123327
70.86206839641439	92.70016685204537	2.377116937058688	1.158045417020747	81.85333671343793	58.44545664578527	76.0977461070399	1.937724730810076	83.3903025244098	88.99593959100434	75.44858354527442	0.2113623261580244	2.746982990328527	42.44667181419032	89.95313447312267	102.8266989933372	1.572118728533229	9.487896595509213	1.797163922703714	2.53274471294682	66.68220638539435	94.0221705958168	0.4632595767390482	52.38835591358324	97.87998063802155
93.32263783496377	73.87135348922637	1.618084595159069	1.704523712876024	63.14579174126219	112.9971408721981	100.0927858394815	2.432331751128368	87.07869832783814	73.09084321741322	70.57500421567366	23.89905559801909	52.94253899510954	72.45354696637555	116.6432870099351	72.05717788789036	2.544580493296747	45.6116361194432	0.5214871444372018	2.068077787750788	116.1932828680001	117.8058143241142	0.9611016747548451	45.76389803534863	99.31241796302405
85.72416683385916	86.02455874607993	55.25488303571615	47.78220798141695	129.4224954329481	91.42944314226719	106.8251134804814	0.6302385830853487	90.91408983757306	100.1917041835386	87.76995388924675	90.35431705876593	48.48739834185385	81.42560370880709	98.61693041407415	107.5710672685832	2.877735230461866	99.75504488609988	23.3090241553557	29.86621853914694	69.75862321857684	90.35126010387403	21.12022735241321	63.93386809173852	89.66171864323636
64.20837029421452	91.78816276737572	56.05401627458794	103.2102547697704	91.69272479615714	91.39614693043754	67.49217760947747	72.59486211654554	104.9737106080836	84.01270223575861	119.9424247265064	108.3676426235412	103.9269874273567	85.57071464219061	58.90515524412763	52.83135720164425	20.27708121765647	97.9294225780726	90.73248507487926	70.33131500756343	103.1070130683929	84.3593513550619	30.00245566349623	85.13634850826924	103.3779895024415
93.05165865979794	78.2723518233891	83.03932606851996	92.89404077137235	116.8001299869661	71.70445117919611	88.79419185002615	21.40940180072177	77.57752564554464	73.96333770791021	99.30247575810009	57.40954882459356	108.7313752514326	73.84496056235025	60.94427270227047	98.18082007691856	5.362036371341787	116.3018994791825	45.15883560951396	57.72208218976834	64.92043602774605	70.28569000278657	45.04737226359255	100.4333615558581	117.3727647109306
104.2005495083941	70.15279878743797	64.2855508252983	95.10338386642074	83.16548052465775	92.94222808570512	63.93273424586208	0.1802270266589461	72.79143929083988	70.35110870239023	108.893552298912	75.04791655727286	73.6200755517908	101.3074392842956	85.26139893016136	70.02799888657455	22.31458560267795	114.1374144055691	66.86871387930907	38.68184121163718	120.7178398496716	85.91702563358155	48.66121480111346	101.1585992152336	67.50006519150215
109.0334579699662	71.01006397205788	1.082440698069568	37.68080139525931	115.5738131596646	121.5845124349466	91.15823275358693	1.068765419056199	119.1489283583107	73.05756351737328	74.12853232985071	58.01236290920747	69.86385750569912	90.4738308760144	123.4612462790907	110.9673371882251	0.9567802631140288	53.27684236688098	0.1413105209139359	0.2577821420204536	91.24067040441224	95.70705619340234	0.9751080073664	74.85204117870822	99.53219364030784
97.90365835612053	92.38685065480195	9.072051897962197	64.22878518238953	84.39950919143092	88.86758051682295	83.04219938000912	18.96724966956896	113.849053736639	121.530040509386	89.10859503073223	95.31681511135724	97.57993176561635	107.4259862330469	113.6135381724768	103.0562671898621	0.8300677828525789	76.23500238749151	36.07402031723258	22.23389359259087	111.488451151138	76.73840922651293	2.685373817644794	75.76960884353016	79.80136983081779
71.60027246907039	72.03767304782004	1.855682837290871	2.793416392292552	87.88237378073637	86.3251780518566	126.1008197852121	2.539052307210496	66.74767573619658	81.63258870241282	41.38933751217132	7.207669766900459	26.33248439389579	32.16734013444479	68.0695196380465	113.0171706997376	2.618530235527595	1.892696331829993	0.4185969156373074	1.394838405810112	99.44694104294916	70.07591652892332	0.7236909641083678	43.63790986888037	115.9096391733352
51.17230218622684	68.75479565885382	45.76476505443878	39.65568550770544	99.84143647218971	123.3443111019752	51.61994108604338	55.76492986038559	125.9477596462099	103.9686775427404	76.62408364892894	59.15522517861808	79.52682829041299	84.04505929828115	66.67392782944817	68.27463506819123	2.697488022543831	100.6881798000752	11.31079317560909	54.99033071511046	105.5733601409469	81.27614659922436	26.98735535579537	95.39674007195318	98.9292746885763
95.30777812693074	68.72006808417744	1.739430899022208	1.113812758834401	73.6913725094371	66.9336825230292	93.20904547448873	0.5540871220289998	100.6781698176806	96.15686635988888	96.51697512289373	1.136681871680963	44.93214554243799	70.06555833969284	109.1702219499844	122.4068221921062	1.036092128408742	65.50574553305604	2.055395282245725	0.9996209711531749	104.0965617283313	113.3687520036196	1.568080423356403	42.26149309153656	104.2725880485765
84.39804548445409	112.1194715239987	0.1911151773261702	0.9575124711802505	90.4739045318988	91.97077841250092	126.2173166811064	0.670176701428729	51.23402343195104	88.98560406867733	91.58124732587403	30.89067765205767	2.297127355998791	64.58344343152629	84.30902532394272	129.2777849210811	1.949098323686189	43.50565818844183	0.3533506293971219	2.652795841006609	70.9217990717021	111.6036301863273	0.02538873215085527	49.797508880387	111.7585589884163
117.9610255123502	96.14175014700123	13.68676231557301	17.44105277085048	81.00435503427421	113.129278254133	99.64902812750614	2.902916338042151	96.64628051728776	110.6282033490052	71.13643249744122	74.98848946922149	89.89983254241994	75.62550993221424	88.61088668704818	118.1335428433873	1.838254317815224	72.72279881331762	2.564905471995913	16.45618904027	78.71593502742985	108.4369776772709	1.435259589052141	100.4137818556832	70.20068617617149
71.00456010842954	47.12129186357556	1.858817040428628	1.965525065110105	47.09490392998146	52.24899259059049	101.392743123799	0.3309207395273185	38.21298689874965	44.01333372398788	21.84710486372338	2.493930524544766	1.120302335442869	0.3043399731400789	91.75138622912539	64.43258609866345	0.3426462289366418	1.14300825913241	1.233958144054302	2.554752737439422	82.17125742190598	35.16708351245296	2.387961911131715	1.372379727809651	92.1770332670207
104.8491038093684	111.3327566608843	1.216933413617415	29.22810932899844	98.28606984296911	79.34561714391987	78.00506623905345	1.5306027379785	64.79741792098901	111.1061642161986	102.4556745850158	61.92961676715095	17.79590029661171	87.73062495089157	82.67319045282945	106.1181496022583	0.2798241635149092	46.03773993453544	0.4262040655410363	1.000325006941893	70.06275090447012	81.74858862860768	0.8299236051618473	82.32785285563307	79.85401858180028
76.60513342518689	63.49731569911422	2.530335851256101	1.100411072272258	64.97125207182535	62.967611642968	107.9251449589905	0.2930009160860312	49.82178953375436	69.98263636108369	32.87271788326936	0.997213897252142	2.146361462566592	2.589402880972255	65.68514094236109	57.38737481146758	0.3133937377060831	2.607019248902842	1.226948530871531	0.04708671021052405	86.77285566022195	42.12166197131079	2.069942162225225	0.1095590764125619	68.99659732294093
89.26390534973127	70.04532237497216	6.030791171225033	30.30571543000747	98.29185624623224	102.6229691890737	125.8431327179441	0.1109220685894668	88.29780683003544	80.75435366693044	71.52737841004603	43.73930910883089	81.45932044892676	61.74181493600558	114.7962169614476	81.90735318192689	1.336382962884144	62.59232761834213	2.8195876025676	3.361373099149496	77.83869170847611	102.7911229422923	1.13300414630288	108.2548946722901	76.81340486688724
123.8070505309516	98.34259299302096	0.8276474089731469	2.199466062656972	83.05638187906368	61.32150775140265	71.16037882879863	2.086875346157502	74.78989240371902	90.38873125679939	95.72070403276987	24.96700653219177	43.35528408316492	60.91291177869198	99.51453789308283	77.48737980658312	1.742441313865751	25.13470533293607	0.100184882489888	2.456501844575997	110.5577808140392	86.79020022323868	0.5362533370958	82.9583095044442	117.4057145800138
