63.84575889636376	74.04956893045164	101.0518150827993	94.01143660107371	115.8275125169844	93.91234323676582	96.51668935631363	83.09151434541522	92.11784552782289	78.47323201045552	125.2339955004254	99.91475543413452	77.67383097955428	124.12422250726	66.8713516904579	65.10942069525878	83.97295078393276	125.5919804811004	117.4115602067359	111.1808354397122	68.07032167474694	76.41215125082383	79.19899716859194	77.3380936902695	117.6989940484791
39.24066703306676	78.70638858614768	101.7866348137871	107.5531954410485	75.00476549119904	98.14285260207771	69.89983364395181	85.13248964400617	59.16215654191001	99.45700428836065	94.96436289523285	75.19429016302672	102.0238415560069	96.38411701110812	24.48465989316637	67.42193287062238	78.89624159831256	68.63788209277939	104.2715495758985	77.09344861147964	40.30153285968123	48.95335840725444	119.2747205278597	79.59767611057376	47.57201314991121
51.30937815220635	82.23689527042339	75.05741477039726	126.5953845777285	118.7059226193763	110.0697414286422	69.03909452995225	79.93608879998786	120.6267068916407	81.50146579495959	89.68755706776751	105.3570583038532	86.28801315403696	121.6173057162715	82.46213501004871	73.70542120318818	57.43088640261709	75.79989443859913	101.2417265552616	78.95983850946266	113.5465792858078	110.153416682542	100.464237938838	85.96675817206379	85.27444690804953
66.92351522751126	87.21815810938686	86.80889765753852	117.2525733465106	81.44590870078805	118.1172288658542	45.69909352716806	77.07743631263699	67.75587122202535	72.83254288748975	90.60279425188578	122.7867345091679	110.8307527511509	112.6890746869564	76.01307606529681	60.74956851971677	68.1509717365375	115.760359005312	78.63458451008088	102.1572929943035	81.26599837061769	119.3263342272646	68.87155902336534	90.65760838296198	64.75501141891093
77.45097707313592	109.3225628438166	112.2988013100577	120.9242688912344	71.06912865465424	125.9999198920043	84.5622865124608	105.6407965037092	128.0690072260331	122.0736134906254	70.75219808809359	70.84120882972964	92.65298029309001	129.3013324065379	96.07432139934198	67.98321124812993	55.85462483925868	88.01486485862765	65.9683979868144	108.8660618846532	91.2522031073574	92.87890972287414	91.19271983055744	125.8934592396069	66.89949894450773
39.46859426425553	92.87636014772218	74.11245406699685	76.5410690434903	59.96383349607727	111.2980546472369	52.76263301048185	108.6019951356145	84.56121847448782	67.14555467143401	91.91481579251925	97.00026722554276	108.3442705919005	100.3379795769994	35.71456687516145	73.92189575261648	81.59259201098673	92.48168329289955	77.73628727038594	99.35110631475408	65.85636150046467	115.068503562346	119.5691407636103	72.6231379772544	79.30963890136042
43.1453894075462	64.55407152333596	108.1091095338353	77.77305343548531	90.24727182125002	101.0472361677508	74.33013297578267	91.70780743536709	80.3534237253217	63.92948813878613	109.1210494385401	104.6415368301261	76.08852126746341	79.34893507229711	76.86509170730122	106.6897133115672	100.1064595599405	93.21894377681255	72.73246895150695	78.77357697504965	85.93466209225184	67.33270416065196	107.5112763271286	86.08985224184296	91.36274404217292
90.40371542650854	95.7607650340056	125.7648829208698	83.89112915398341	67.13756990108745	80.08892951589208	72.96626601077244	66.96253939330256	108.6902433554156	109.5541828590411	82.18100040877974	89.72777172904453	103.5309701244445	109.4753536773562	71.54634289431536	60.61472026794409	92.7748790293943	126.7851012720261	74.58785483339841	100.3631216969233	84.71708422437756	65.87809116308995	62.62016045408353	77.05046306072086	102.6790335659929
61.2447489899096	112.1032281166576	103.3696526051475	93.18147600799168	74.73095457445706	107.1630900798381	107.8286208001439	92.92341026876417	92.6391219975503	120.7605353717392	73.22859784631345	83.73533848465348	105.0130842012425	101.7961003418417	91.90123658591963	75.87711462031342	73.34975956639281	120.1716000439842	91.31068191388835	57.21668756465955	81.9646484327192	70.6124222393358	49.13237700536865	100.9939534177528	83.6300028542411
120.2522937650098	98.99173746824891	73.65320966700222	99.35468329194018	126.9836565298139	84.77506677462181	110.7423698885108	53.63247663255207	71.16209820945264	92.84862084121963	94.23814887406014	107.4177881979219	69.97307425051353	110.0735426664067	85.51730343883449	125.8500479894062	38.91617661788084	101.5189090143544	45.184610296546	47.17141089366289	116.819926860184	100.7440290193724	43.17289047837185	95.14996096458432	93.96125388820458
88.54753336933159	80.12682984473764	49.00822696126988	58.99276849826393	118.9825476112026	104.5838204032593	98.35125369174767	76.36536536808242	98.7416486905401	117.0094957523272	112.9480577370399	58.70461182039085	61.36845505215224	117.0807464442863	123.9618065383247	73.43593742150135	41.65837154072079	84.91502673729771	77.29683603741486	70.2830449159249	71.73592830539162	122.897823063708	43.3101830185951	121.1559735681925	92.49977146855943
78.4435849351761	59.06020691481507	94.47076471173723	109.2227064016666	85.62439044239234	78.89440423864718	55.07162468984806	114.1380506638642	93.66467650586847	68.40940361294025	103.0518750960429	73.11728376224563	123.9001627491193	91.47139251015335	99.02774847837173	100.098016012974	99.66466294523843	126.7784500428071	59.05592039317155	90.35940425358379	65.11300255184936	94.88126512392554	77.54615128879968	115.6390647822042	79.71329955669678
104.4362817994704	81.1178375798045	93.25189416072635	89.51702434559553	114.7100282233834	117.8398878555434	97.38403000793441	64.39319162836003	103.0572054103519	107.7962827350895	114.66370375602	62.19129076475028	103.4316716172318	82.28027579084683	110.354624539456	109.2988088287815	83.94200711897223	101.7579887569083	49.07604582490681	74.99348664132745	78.33475286556022	80.88533875918978	73.20233824507875	105.5021593564121	105.5330198306692
48.83951073220842	54.33122894508173	119.9770816452322	115.0492166170554	81.65576282898446	105.9108254515495	50.52973623572996	109.5006854795205	118.3223087179671	106.2847118825899	104.1792843654025	108.4321432136637	122.8738392979805	71.33179250126663	99.91433617492652	79.20973123729604	100.6855108552959	125.7351362518898	64.77842869973455	116.6199614497258	72.76260098727356	77.97947119421781	82.05656903825067	82.34830318668789	110.5828051536401
101.5864850044869	64.20969905804499	80.74397875475886	122.8762801199357	113.7756537826133	73.01662387335314	70.38084017304963	105.4477890049051	96.18164630640176	82.16886079509413	111.5162424096984	119.3427172246618	93.04530777303185	109.9117410973264	105.3787957981025	114.1635530035563	92.31136168018045	115.2226796079348	79.68278239602918	80.53022254940105	71.63070376966607	120.4476659987358	67.97239687908821	128.1934055833073	71.28930186008479
89.36664936263752	127.7473558317557	40.35310267452041	76.86535347984909	118.4580915059509	101.4312507905981	114.238530101656	27.51914397297874	72.34247934261511	122.3830398680042	63.93821326310774	66.16844616757697	75.94915577235852	55.17224998408136	114.322966571621	102.0988514560608	18.13364384535859	104.9869367598974	54.45782371366444	29.56594733023056	74.31662897807708	94.18614181418815	7.363245796020536	102.8880869152959	109.1524654082189
95.42846096413959	85.05193403551168	96.11549339761498	93.82763142656536	81.67605910213528	113.8503720749972	94.40762579052567	85.13636365741404	114.3457920718858	68.8429368203071	111.2922240983916	83.16233989658369	88.41406948125747	89.86971060086026	81.50857325324196	73.81528876415253	52.20257244100078	99.09113266723486	110.8505808383317	71.85847127024019	114.760366864249	129.3311792566727	57.30869407191713	90.44000920257737	77.34787774032402
116.00869199551	115.9868207924638	63.55081299395238	102.032888305512	69.8511461666692	105.6438357478935	115.5390845544682	72.43683728912625	71.34226610174964	94.50841910366314	123.6107526830498	66.45694297860602	108.8053744253361	120.1842388257953	66.66071989040056	69.06351499819849	93.40254177532248	91.68711815919505	90.93153932562487	101.9457084478347	68.95398826000844	83.65091478760024	74.92809463224651	88.074063616158	118.5119021299863
96.32661428657396	58.38832657202757	99.53491532414071	105.0087482614762	98.32938446791113	114.729454397816	110.4925178103136	90.3277856213314	103.3664209471612	111.4324894554395	96.64462274894055	85.35291125561579	92.4086848537968	109.6014234592915	84.49311083771661	76.33882230272589	83.98620586874097	118.8777756490983	64.74954628634086	94.60733306653435	82.79538398840428	86.52092193287257	62.548149710334	126.416031404778	69.31280953272712
91.12019004712153	81.98007922646327	92.1770948003194	92.5837741016538	91.25346027353721	126.6451176776175	90.3810451057581	53.11616966523762	121.2065917903117	119.0097766079525	76.64400592081272	58.6446499435874	51.69730438035019	100.9659418632499	96.41257640359427	103.615596976777	26.76655889586408	100.8798614416216	67.67692720612422	36.73486910889217	70.81374360209524	113.5361304497711	22.3208521455443	111.4054876607846	119.6817179901045
103.7921461337627	79.50631050177438	63.33674903646936	94.88762679753555	76.58477757341676	79.24116821339481	98.62840771576751	80.47759543985875	118.9737660086552	77.53802534091149	124.9870821130331	98.72295391821174	103.3194984017238	112.3027620559365	116.4089387994874	121.500113888016	80.8508090151972	115.7873613152319	78.86004329359824	58.91535508803054	116.3136512918666	123.3475135217708	46.73869548286592	93.24192489688879	105.4638421956616
115.2560001624908	74.88281662773448	52.14656286580451	65.38552077966631	77.03700134234043	77.470319864082	95.71417019676974	74.1234538055823	99.15823829152066	72.79894546332285	127.0289512545955	75.81922778799178	94.27830283345526	105.3387801143267	76.52476370821495	83.28013631830014	57.90951535213408	94.05037022647591	91.44188924404813	72.8370257250596	99.62164396667379	127.6168707683557	87.02370778805864	80.88502005687735	100.9482095889493
66.8413006992337	107.2853140618204	92.03689291542514	89.79335141874067	123.4959489092384	120.7599623067711	60.13357868999051	115.8631348026735	80.20308638228065	67.88377415676662	87.97852255748217	79.86915592225554	110.699045325425	115.9998942226551	58.54416957431273	66.75662383604384	106.2283404645233	108.6360111070979	77.71154901065299	115.9718991659603	95.10532855937949	89.74442696212819	91.30284267552751	90.35088508336261	102.4830483432008
80.5993240915159	86.58148175348674	67.18489770559408	99.89364714159836	92.86467258365458	92.17308334418254	111.4142775254642	70.98509318006386	124.5584627052803	68.32009895988769	127.0509234093473	84.69885185466656	103.181214277983	117.169343178628	74.07918253772807	68.85767016930554	75.56080578249811	125.4618565019023	62.09596070408492	105.8152805712555	112.9462536861831	124.2542343562145	51.9410902219818	100.7343413583072	104.6370630364261
102.1604206437113	110.794673214939	65.38887492246661	69.38677241842083	125.2185979310748	99.59978388496467	80.28086754131475	42.81768261480842	101.5192702519382	71.19341736627678	129.8934008587294	73.5470627437477	74.26931245713317	114.6312221687797	124.1784715428737	124.1824268023048	57.2483240841955	94.95844916404062	63.98989593823302	71.05518156235749	123.6162515292786	85.78313768930542	92.07824734406205	114.4784566699313	109.184602411481
111.1162628339436	94.02459046885926	81.91058066417477	61.70724750699571	112.8159432561984	91.63714809245134	75.94588690485777	50.29907451409183	98.18843726609606	115.1226595203771	119.0003966189846	67.2291718634614	118.7636687655058	77.86203272302853	97.71174329195297	116.0290712797612	50.33659009846423	110.2798939020204	59.89905442054406	90.05941145357923	87.57161919109384	84.40328939679321	39.8111325835918	68.04788170014837	97.21912163580727
67.13176639531119	63.59040610617558	111.5989322696049	100.2036944136984	122.3311419144728	108.1291029511992	49.55523809779345	115.7963930084057	93.93384416104337	120.6153723140822	83.84416256374212	90.61374035079302	118.1947378151973	73.62618018105742	94.31202047330621	84.35674859485057	113.7618606112383	89.56649839787362	67.83721973640991	80.20411071193232	94.15343744638221	99.96881460275523	97.87690058227973	128.3108731017546	65.18174202206001
80.4052629676421	70.85361815048624	110.3405162446866	93.22590753068508	90.5294058818175	87.48608697643853	84.90557984617243	66.27769519044337	82.03939510704268	73.16856722929069	92.15904030663653	104.7635011905002	110.4286180819769	126.0351240162626	86.13329365479217	108.9641868672102	74.34645977545794	119.2110681667656	68.70949484678256	66.47810414828902	89.31416864643154	113.010206213296	75.41482059370232	79.17440211846346	101.8913180339546
75.74285925027358	76.52479677478955	76.15139582235295	76.97938502169927	88.18474643352216	120.7088687886757	97.88977973978498	25.20231939719628	86.90598147287326	72.16120273252884	118.8218631619402	93.24963786339455	65.52394499794143	82.95487563253519	107.9298252810574	96.77257482437049	18.86388204876255	80.91851871609475	30.72097271588987	52.40271056070323	100.9781448206865	108.0645780673113	56.5699196778923	68.74802573734335	95.57789306892943
77.13222974382033	56.30400374028146	109.266794788705	108.0299209935269	77.0502152018834	67.66057740291176	98.06528527253664	88.54734725321829	82.5894098063132	72.04819883964667	122.7062593214654	113.6335672396098	113.5170584167315	127.6484447596915	110.0785643490786	83.19176194502347	54.74482961934191	74.02744387365054	102.1745088513487	112.0933708217077	84.88387809109527	69.89226609355509	83.86113512897381	119.1140685703178	112.387768079849
123.5564576930592	121.2530908620624	70.64765872989517	86.41138955200644	100.0530612637838	118.1995859024696	98.46385841235505	41.37481042005894	121.2051836219775	129.000385756881	98.2397570037447	63.90403702829528	71.17461725327125	82.276497189574	104.0356550119927	92.50900834847533	85.47923404461289	71.69780101372335	75.19830758768366	48.808504849461	96.85633251094752	89.6544020801756	83.0480222400887	112.2000284532702	90.90241055529319
127.5722917579616	95.56678542685475	56.18080089151775	83.264234738486	102.7556157273893	128.9519806557949	77.46642427921074	22.75848508752771	101.7610856211566	90.46954153484789	114.0846951306314	89.84617380548525	84.35004159968798	61.88384629861935	121.3185065409733	109.4617656352112	17.7962053078509	107.8722615512373	50.97956400432136	21.87511858452257	114.3670348619474	119.355096274889	34.1322748677449	71.79365605278875	125.4429192015047
107.6130423551105	112.0877564967472	83.14842180593223	111.0522796382156	127.1185858656786	117.4320133190805	73.80585901209913	60.24288579483665	94.14562110172649	121.8581789296967	103.8156532386728	64.82391248307648	94.4917447987424	102.8412381572122	81.4809585344952	91.37819549579139	77.95820535118486	68.45397738125692	50.4353554811222	64.76566199864274	75.74788905144563	116.2776633241753	84.43872603577137	101.6082077245536	102.5964214782368
116.6768165294819	118.560167083838	38.46561393869577	54.50380025609672	82.41418206999003	106.873259421712	105.2152153120258	16.83804044572602	99.25357975555542	118.8238554654408	104.6077632589173	48.30409885629739	49.83865914930206	111.0971815363384	115.5769470446311	105.0715254603438	59.74973560114174	95.23912464327209	60.20789882386296	55.68750165401306	94.59069756592218	104.8188222855641	28.5772723894836	100.8758144332325	98.47585484574051
86.9782597857284	105.7954471430897	46.86528594784789	77.71255436959052	69.64413588919744	103.9675536402462	110.3315634408196	12.91720023793356	108.6270700468932	102.0736085353174	116.0310517023428	89.49494626362372	94.6498207398719	96.8422072990993	120.7469860455883	99.3108162301987	3.261184858753438	75.5227868351021	39.93504495036608	38.13636435466142	91.92795640097502	83.09975184162505	7.385676513494388	93.2361354749483	84.56665102410999
95.58366339973465	114.8777025356318	76.69248140715032	79.38773967016998	118.2977234860233	74.39182908137371	96.92240468621617	23.61971204888788	95.99431549338385	128.7805038131594	81.70598606242702	78.10986699629737	85.76948887730495	108.2449258920853	86.39820366540418	104.5940882430666	19.9127745338482	65.88437684791998	69.98147657942428	66.72079511344634	102.9322616786233	113.2448904277207	33.21690931516071	104.4437372824411	104.458895936199
88.31997215252601	125.0784080710664	106.3707771608396	96.2008477722799	108.4004251320937	87.39208984728964	72.40632146064961	72.91756669146196	111.4772804981349	120.2836228987568	100.8626928139763	81.18637892347569	83.29333919822935	97.59580593544466	103.8623519369074	112.1009322046814	61.73726543582679	119.3823084694164	49.5237484443104	46.8029987445256	105.7329316044131	88.69187987658373	67.19397314725481	84.43992018618866	123.6610704705411
106.8430787872823	67.47424621288945	74.83534498978878	94.46071924987689	91.54226321902829	71.06852162942651	108.9364310085671	57.18040186869428	80.58621206181618	79.18385583678489	98.17684874220154	78.78340076867923	85.55014634777783	102.0001639569707	71.13730645520992	88.92214882321666	50.41602238924332	91.39341828467869	80.42198328316137	70.15889275076684	120.0278676194073	83.18447671982244	92.98341633530268	89.31318562875826	105.4114426493982
95.79701392314996	125.5157216232553	41.24731622685803	73.86267851103491	71.68501908641623	82.08541140295173	104.8758141032888	40.15487080575434	71.54250194435058	117.5286977258711	81.2203671392954	88.26649348746857	53.39026382901631	79.15214429259969	120.0419880055387	76.23194913875028	15.17448505592207	109.2736589716553	27.37390043442126	62.93915993632031	104.783020681287	75.38950723495735	58.97028291136236	100.9766671063539	79.51356290848767
70.30349569974076	87.05226323621324	83.1940474546	113.1222271276993	77.74129341264495	89.11387354673624	60.74078866475323	58.58024729205198	90.84871560023025	96.63787580675596	121.1929095367481	80.33815317031892	83.95716154626352	69.80663620533157	88.75453789165664	64.13417890584053	46.10252455114247	114.1071177828587	82.44542266165149	92.61351592684184	94.83757258331549	78.30002325777646	48.60964550894619	128.9347167622602	117.1534393955079
105.3598490088322	111.5564025021995	27.09025398284395	18.50300437860679	115.2866211159396	97.49251767960934	69.11432756780172	0.4475726053985642	69.41603006519966	76.64975944794955	75.71199425896469	36.74274293397106	52.90999546380868	69.46983086143359	83.37153818706273	90.41522501621135	11.02726572469856	74.2120027890882	0.2437218704617479	15.43657768182875	122.2191781829488	117.9610804011998	24.42396957071411	70.17625111162528	123.194573284267
99.07282865589056	76.20301106841312	90.36316488526688	83.4325488746792	119.5783199297547	70.84551606502973	71.17102581199892	51.93055698164478	82.32559685813897	110.1135691484467	79.1684409445097	116.2194268692891	81.54089604022468	71.38399817743611	124.4381956643798	103.6694703533502	88.96734572467005	84.40852987976442	50.8286275802341	96.74931516557261	77.17948664403816	79.7925490220811	80.59337956015597	71.89833831876923	86.02917931875271
122.3492624792499	120.2684233154064	70.26581580385849	96.84887799907652	78.01190125506623	77.50877693371847	81.83488714310911	78.73064808589774	110.0082339105154	108.5570652537442	119.953152229173	65.05523642949784	69.37496520552745	79.38388275268369	65.41526784384776	83.34565884629002	70.84545156136247	127.0357612669827	49.24849423090123	52.40253058056686	76.52680128860538	107.8104745667658	63.17883449215184	74.42768373201717	71.40941394940114
79.81993699331781	115.6152542191359	64.5083931255682	38.86167094251748	76.52670492850896	85.84133668632069	86.39228778640721	15.19262966804577	92.14245474064276	74.35944415589753	65.26000678487304	50.67695907144974	61.16737642196972	75.47135334137303	113.0536209841938	92.90190126146399	47.29167478699063	54.91806360907852	58.42048199143127	48.76778735706358	74.79580553755189	120.4571445866937	22.38533698550024	106.5391734072352	127.5851527857469
114.7742476643982	114.7041117103189	72.98492825013	110.1527037569707	92.04319801607679	81.12995436675395	66.05294617156787	93.11903368758075	109.2679001542333	115.8194883640253	95.36224903230686	81.00641442995057	105.6363366660013	112.8665100803836	92.00683917877102	83.1332853492793	80.39322908587386	84.53495232552561	52.59551578337559	64.80196783128756	112.746144574607	76.42258721885892	41.50683676670204	86.01715268469871	123.5723141591419
73.89299396603651	95.14572536664619	43.34272602577923	6.010061887843953	62.99314388674324	78.28263590904317	73.92360493100627	2.977716567969419	78.40521423038348	89.65681667085049	95.9186940849799	15.21184174757772	69.34935908386186	87.67765671020658	109.7055842083485	86.62791692569601	1.895816403451863	59.45637302149737	2.25815961998895	3.435051748132828	87.11750871328364	59.2486419432814	1.769646522404583	40.44442319974885	116.93854977987
71.13817356739693	89.34156297386598	33.99678052020649	29.35743696285439	106.1014997758551	112.1630741799059	81.67809195738194	8.529444728498483	114.5633248859847	112.6498122904978	66.40348874883975	76.48949568896568	53.8203431702668	78.51933639573637	119.1395794332427	122.5327492978305	22.66144864258312	98.55498841696797	24.09269597610999	39.69642872128642	86.39912941725359	98.43083609135618	10.85479468083297	74.82205004948788	102.0750997549211
126.8409523011227	114.1965787675301	33.36043782909493	56.73138165561184	81.30207894157431	94.52073602020464	129.2744327889187	70.63506590206174	120.5669369149315	122.5191756106333	91.32345190548165	105.9965914805838	80.09120677646186	115.1040954798203	75.37352273392099	81.60570124012635	41.27139503078448	85.4123413394924	75.76234584144737	48.67219710074298	78.60303970564661	96.62297187964528	49.06131424377656	87.1444968648606	99.44064144890757
106.6585791919374	79.42036439908527	46.01507901799458	35.35724527734187	106.5629123898657	103.9359930333494	90.64450013538229	3.05943142918585	105.7473014981816	70.79015678567376	54.15370058460802	59.2210658144691	29.13180994748012	52.03603447379233	121.9563431686175	114.1202072223784	1.949716994965537	30.29039125716271	1.012834246461478	23.3158244487096	112.2916585887588	61.85996109036324	4.673266973111168	90.35377770847499	125.1796472126149
117.2999707924896	107.5737414255345	1.005264075131464	2.71824055536009	61.52023053641902	79.3059770136253	75.55345446146295	0.6723160087269657	96.07975173344552	104.9065134504477	42.54221249269588	53.34707342700332	24.62848268860211	44.08495078122338	71.70593344421458	116.5357358518093	2.756402637859199	74.33102376174935	1.309727947664259	2.873036404786899	111.7710782915611	70.31235883217552	1.008046279958063	56.26849409730846	96.44253289102841
