1.190777412750287	2.543210626573346	110.7839170290179	75.80027521471841	0.8078276269356839	1.350205055731414	0.590461344606344	108.5000030640691	2.408139690618296	0.7620509930507802	0.4775812354859153	117.470347574588	117.4619480054421	7.236463425708465	2.342288799669727	1.547352216012612	105.8651728175879	104.909646813668	120.2320901876279	88.10733541460263	1.436783039038567	1.83133124965484	101.1478998160013	2.499325312907428	0.6587806138567498
1.829545275856686	2.88219799403051	120.1330201556202	80.17308175668784	1.512423606159282	6.262125790976313	1.226453042691527	87.14953247102606	1.440240257691724	2.386980225444965	21.01305525343261	97.40599841672342	97.49599176449341	51.31824975338057	0.3738432922581939	0.4302085351177633	56.97433307205682	109.4597677103158	116.0294239899907	74.26742354177614	0.8952613387718809	18.63966889792216	90.5955969059595	44.69791110961609	0.3240131284350944
1.436660473268859	28.72486554932597	72.24664557276499	64.81349868828185	102.3021047088419	92.60474892091781	38.00323806654784	2.520368612866192	94.70763146289036	104.6461864696677	71.65133740898136	111.7987454112169	106.3337166516443	102.4266446691913	9.686703104124689	19.40311499796724	0.4345937220294475	114.6357716227715	12.77500138671699	1.747777183302361	34.55632993275654	92.28593575229196	1.215125230544405	119.310537917829	55.50012982351154
0.8450021843100681	0.6572220472380359	108.9079298992439	78.17984656731028	17.38060191904136	62.93169318653482	1.322080376527689	48.79780340636788	18.37028816079255	53.79688152044977	80.72560335409649	127.5748856339506	101.4386949864979	104.5402329544232	0.3100537381312904	1.363178016093929	40.14815034332551	100.5200345335218	88.076086292957	78.49372958630445	1.376947192770386	70.31718977614474	48.85888828722469	86.81405199211797	7.416279391324608
2.504216756620244	4.832906829361278	56.59486340615847	46.24831069232684	91.44801304090794	69.65331869279061	26.6002860262544	2.200093827378724	97.46984172756507	66.79932061112324	90.30680533457264	111.4148106527483	93.96947632165678	94.16634594281217	0.7376006442606287	47.97938332926613	2.731603277816524	96.43992946912802	28.88881956420374	12.02426266590931	43.48160905521721	70.93015415955406	1.766994917125239	114.283900272177	47.9096388804614
68.90707926567958	105.26906207325	1.802566451126934	0.03228312003406489	86.29844593906142	74.73434280105054	93.63891427343101	2.801188668169682	77.83241746369967	86.78891297796672	126.1012707280441	61.08047505509937	57.35842057244238	62.31062028745644	103.1780660841262	66.31107592103186	0.5499329100900063	82.7831589742386	0.2723767285673385	2.380685180769752	87.46673113990165	93.79716550413497	2.986815965580758	84.99831733996673	119.2559532687086
1.211721350878714	0.7163413271256758	61.18974790701553	113.9833385530345	44.61616911272421	30.93212228484349	2.03473690875203	23.51566313049056	77.04922243888059	25.25823940094243	112.2055849629372	70.19354582891283	110.8748157764233	107.3526944594287	0.1579723210807118	0.9749269959884921	2.79606209181853	83.23972807462198	54.36472112139344	36.34892482185676	37.99936879431388	96.93118056620841	28.4517913693292	69.83625909387857	2.748984407416835
0.7636281166198098	2.321099046565738	72.70053274791687	95.65343386830344	30.30426827969366	21.26897196231469	0.4796797698691748	31.94498089527733	52.17526797633772	55.46223548281385	84.86106726054314	112.4044415882593	85.3690247521822	111.7534817363893	1.832317097743589	2.962960488756201	36.33345208611661	123.3365870005125	80.13456010036009	44.69438489978597	15.54011001008932	40.68105922484091	75.61534160076523	62.94202233485719	1.923311838914954
1.951347998438159	0.2092392891766871	87.53812227129509	75.02907925658629	42.96759536605285	34.48624465361905	2.220464816885625	70.56788215747136	0.2301473224585555	2.044265419660461	73.9542497157538	87.52209649708212	127.5237796636208	109.168323449123	0.05079440346758504	2.962726312391863	53.96452201562177	119.265426559794	108.1182853478081	83.33954129553646	2.516633309795874	61.96718319023788	33.94153878039579	63.70054824322123	0.7558839623273943
6.143242110727833	60.15951092204352	18.37083162860531	51.18389372425611	74.81876415471331	97.5724284244192	16.97614162475823	0.9073430035626266	87.31936089667782	83.93799193757889	100.5141016357775	77.43099018295389	81.94066903123996	75.65477664367083	36.51861950242967	13.26068686543279	1.529672175388624	97.10560104975994	20.03267826977275	0.008817733694902706	78.27035276972686	110.7719999170149	2.110243221356757	86.98008632399151	27.54660883082971
35.61972222404994	50.06508855232181	45.2051312605344	25.90935484704134	66.16913456916818	92.91975367018399	41.13698720501969	2.433079113933131	84.17565707123993	66.11631595784448	114.1627027911001	86.87660267894859	75.45864673412176	98.53770970920854	70.54243730529365	35.96396425653475	1.545713579600812	88.589153393179	0.524049707040289	0.02283692535108974	48.50048976249499	77.10531276817484	2.07553478528173	92.73228143927078	70.90882135153691
26.60372629282297	83.76751864710883	1.930927149921326	0.4329182310779544	101.3982645393883	124.2234820024129	65.245233777856	0.07582283572486517	118.7275635403641	76.55639577225182	115.7405065375086	70.8232169917103	58.58698794072886	71.44818138487321	77.64323140249198	98.33509268086632	2.098615150177685	61.0666790793862	0.3112868474802265	0.6539051223041119	86.04436974930036	102.6173355564525	0.8173835375930871	112.6322499143746	105.3775825535706
7.809154041210135	64.54377250900748	55.54969682987141	37.26731809758333	69.22764396883909	97.03011311739093	1.546649059413252	2.554514208871618	109.5982539610527	85.41220754637575	93.81904459398407	86.43777822118938	71.28916458313422	107.5544657979274	19.95600792327649	55.43779040715415	1.837891164091618	100.6061282797648	1.437357435127125	2.034004479779567	57.4642816948901	79.88994943384373	1.729634905699452	70.05077153980095	66.26588131788998
99.90822330737797	91.58239279539852	2.359825922501531	4.349355519744719	102.9126160463599	120.9107574825812	96.48546833249259	0.8966031237168388	80.50632722075211	95.40097908031265	128.4658244070253	33.20184795974922	51.00165822132553	56.3184424354327	79.2788474566496	75.06979684058757	0.7555820058476723	51.8199171125578	2.682733117299197	2.338093455025186	121.7179888779633	114.5250699107465	0.2917253123751812	52.3132414933864	93.5050177873548
2.464087089879105	2.411833420339155	78.08871491683959	76.85118471102365	5.95404641017948	21.48927466917545	0.4892190604142991	69.13726992581212	1.490197202495852	0.3670373291198179	60.70222469118779	92.0498758377243	78.62393574092344	59.87105366945083	2.381932804912499	0.8365415071135762	79.02001637775263	83.46525182374515	98.0101056857319	51.24493643025299	0.4069389365592421	30.14487109856738	84.62242879892548	86.64581711008736	0.1444041483889785
27.92531199643536	32.09829995530748	10.73337473801561	55.79381744070268	82.63141904076419	109.1448996130347	24.43260371126439	0.9989523468645478	71.76692383170305	107.8753148830673	123.4150390365762	83.75484474559565	61.5994454486104	121.3687475988888	61.29564007981469	78.56934117537023	1.323310286778161	117.1390202063717	1.922033511717167	0.9538243335527512	52.3697178484377	69.44409647996922	1.847938261758844	117.3841330323437	46.19412235143233
5.344054366481359	50.16461256844731	50.37528682740314	60.16751622919864	87.1602513444553	120.1800562321325	52.95479675028062	2.22637502417989	96.5691397085788	80.83707792723447	118.7197685893145	52.97770941871538	56.3913251991201	121.691911110935	54.56770052308032	62.69784307005975	1.3095191546275	70.50725409221519	7.501977143037713	0.6793237347712571	84.95537991097828	69.11242517566892	2.99478747142205	77.37191265184872	40.48681257661859
48.70055633388095	82.50011957735528	0.09075225802722667	0.2243805752315187	77.76361143469694	119.0556483827269	103.8018929255437	2.740281829309091	99.43568681429022	123.937418760694	91.111837952955	25.85452239433588	7.723074791717501	62.24289927469695	96.93967128912519	94.83861439576567	1.788019204636043	37.62114760054669	0.218903753435952	0.03304334788612909	79.17079721116303	118.7155869454103	1.352477178857486	77.88195419919698	116.0370440702459
79.22416176873178	118.6475088166648	2.090716629344199	1.76713268492892	86.50380670854922	119.8525994807744	125.4660225651671	1.804625367673515	109.3142184851463	88.23664802548276	86.10485698231692	2.661971799143225	2.894487437435965	9.607389687648848	122.8003444966766	77.73778968812547	0.2030810480315128	36.31834340304877	1.091023643166723	1.866384592525367	121.7014486103448	98.96593594977023	2.555526749836239	53.62741033846476	122.3762298761513
1.235592623588773	28.76367244216679	34.53602484919786	56.57155303485732	102.8773170399095	62.54653403074565	0.1958269886305829	8.218498669225418	82.03329668247244	51.24694939841544	71.02472519573607	77.2277383107071	98.99974261786207	73.78249495319194	2.299854448696892	38.74669786401753	1.38897408857824	83.36232048089674	51.85720057529645	1.937983983022591	16.81697897483875	112.5641521134199	2.236517338313871	94.54335722496117	52.19297647599821
39.51202980301343	34.97392145230108	65.55503297341133	82.14568149723942	71.96000801073752	60.53609730133593	0.5329879970324711	1.747343866239339	100.2866288905147	92.33921836490269	124.2801606410306	86.92567581764027	97.11524631709324	111.4806572479481	15.59023892855886	42.8327846516226	2.463065150037072	87.09560950000329	27.31553766065524	2.869358832505782	37.07991647437665	107.1207804106111	2.751775166748481	115.8555953370343	32.75529041117454
1.018826621935252	70.06155793283943	21.19210510997067	62.07275665410708	115.6326782203281	99.3727896659629	5.081066303065668	1.870713103665413	110.0155152729551	76.52050033277868	122.9928228854993	81.39608192599127	106.1579403401128	110.0984823829841	47.34867441330283	16.40212591429587	2.327735355667726	74.70371233598762	7.216074297247111	0.428206602259583	93.30022846832603	100.2121039811192	2.445622299652991	79.4714358220963	71.87829850927882
31.41076205974662	62.20219212266571	20.7332076724234	31.16347424393653	81.89751704564705	79.30406965498307	31.53427654502727	0.3064597773680708	102.7079907282648	102.5881852839237	109.5174700048377	85.41192944449038	71.30712802711564	61.20998596101316	47.52843530963888	86.47066042797844	1.855453360777479	66.16077950554396	2.196370681983704	1.778568685415101	63.91921465956695	70.85494113379522	1.898470345533757	113.3350771469804	50.58313290168606
1.047026492126779	44.17747638456885	25.63065617020373	91.85485388444783	52.37324608867182	69.57155832246538	0.8750686447041753	9.508935918202774	56.65150776219241	93.8483707379321	128.1478582669521	111.8406428837748	87.32233562238906	72.68476171282595	2.982171822425508	1.444269795793929	1.177431555556597	107.1451434612705	2.679583750818698	1.419086801977514	83.78628032385775	89.44307158308975	1.437784111264421	74.41422703200359	17.81434740425848
30.2412615606678	49.94998129227325	5.367071925076935	10.59718499885979	105.0592807819082	69.37088398054654	62.21898359480443	0.6464880414317782	95.85982430373164	98.63912745623256	75.75769723111816	76.94563481237569	72.12920731790669	99.69173336195564	71.92812873840039	68.99060920374396	2.012715036640012	103.9756780215797	1.341256443841134	0.519161406708426	69.45946074684818	97.09436965023663	1.18662783749718	68.63214568129008	99.33586817495259
0.7724441551104091	0.4581975310099999	94.09101565161592	94.88361990046872	71.3619026800706	51.14538679818152	1.987248481234925	46.1853843559303	66.82400364228153	67.17210928784225	90.33575652104339	110.4384953205302	82.71424371899052	80.86859638667357	2.934978191548523	2.456427967990428	1.816344898751431	92.00798447765297	28.12333018029646	36.21429663406916	40.77255947694847	48.9634162355954	28.71416329991574	122.1006730633483	10.55158919771275
116.294190797726	96.13450358864149	2.833165906576066	0.7567676074211305	75.63471715652959	115.8841820229623	111.6048402119628	0.0238993447284295	69.37096756761476	73.00089860330364	68.86646186363443	0.8144250821685732	1.840281229663081	35.89071945246454	91.00034041585478	111.2077413339011	0.9238949248521287	21.01597002386474	1.277742336037035	1.448363411925574	110.376986386669	88.55980523758497	2.869866260132218	19.03127372874013	124.6763733990451
0.7718320363186766	2.600854837913712	105.4061684246479	80.29678259245861	38.46434250037883	36.21473015076442	2.060596198370423	60.58099244203743	78.33371539353956	28.56702590147145	69.67402733893906	93.74928254211213	117.0420177868795	106.7647721975893	1.394770944793761	0.1254812526821761	8.227285409842366	123.0818643280937	29.43270575482403	8.068165698862451	16.4833822714962	76.26967385264118	47.16522802520593	78.17414910194812	18.80009089830333
56.48250916084928	105.0689026848378	1.707681677404406	1.176228140097189	79.93290132875215	102.8467162648444	84.71011204374838	0.6896738289960802	85.89641105928885	114.623842343597	94.81718319384173	17.15734596625128	2.252807389724913	27.16015609073522	106.4054435097536	109.781061489828	0.7191260863573699	44.21038090340031	2.634792035536143	2.814423835401458	82.48012589916283	87.50534260085695	2.680920784971318	42.32970860827697	89.43110211218644
76.630714248012	88.45412718858994	2.311628219380669	0.2114524881400738	84.60492150058003	119.3053565919377	60.8777730836868	2.798630286405717	86.16584606660977	108.973066145723	73.59595878009605	14.2685868101535	34.53925339757734	80.38457115871671	92.30916668911021	61.54689526313959	0.3359688291919194	47.7921740332178	0.01485783835797218	1.980148014868447	124.8378510156915	91.14311835567833	1.422327243321328	79.37139492234294	91.61960574475292
51.39565457753228	86.23900461509143	2.643266346361442	1.228480164020604	106.0293560257414	95.40929293906382	58.39921596895992	1.940026063376294	123.7960239556076	84.83033371318426	110.8719890583816	55.09200246097669	56.63532038792997	64.04035269721518	84.79087629006845	71.84429619829233	0.02366980176607006	82.04658807440528	1.282473224792762	1.263586062154403	122.1974987766874	120.7324270298145	1.208108073170679	76.33640914327894	97.64874845133195
61.64867041960902	86.75482988701705	2.517004301126895	1.96112422848445	114.3249341215262	75.50340396513022	66.50997627603435	0.5084793187630055	76.89785556468884	71.8711969230219	100.1770086682837	12.03632600905209	10.95951710454349	72.08818994933642	96.65912191792782	121.4786542137761	2.075018922432403	11.19779535210576	1.425828133058517	1.16517525175576	75.10983154386291	121.9631594540408	2.427601395091185	83.1268958113782	128.1898403852466
84.33074463211311	111.0053827512127	0.8557784204985961	2.176232853541219	20.00888239669408	36.2405552240095	124.9923665729694	2.704682328093897	39.63259772067295	60.71434330584844	6.505046956554907	0.02120266918553406	2.846009030102286	0.9976577569468341	114.5241551844813	94.72423396755293	2.831516436060307	2.117948490609667	2.517588624873252	1.737734666398266	98.14757176717788	48.74058519694584	1.553625275833433	1.6678625313678	106.9043454097222
128.94468909352	96.30013996441326	0.9609004619153105	0.7057725332057687	37.09612540531876	67.04862158260666	72.45551478829817	1.013013137203875	67.26402113847246	94.01128065097105	33.42070672574798	1.67018716752667	0.5290923316585603	2.23770573887554	112.8838568473961	127.5443292725583	0.4720615792824154	0.2531709481585397	0.721981780022221	2.392882225032047	90.44135005314202	90.21846639464755	0.3029498802099312	2.427591054077581	114.9626752697553
76.06093872238102	95.82552770465455	1.070519413372865	1.948943949821796	113.7642011702713	120.3133497283408	83.30542223263252	0.09223792883451079	109.0563413116353	70.94405558606371	89.80165242638765	52.0717042839988	32.95053686236123	99.94631193068918	99.99252863883939	76.96659053827689	1.944821538956514	73.95034970113834	2.81849546341586	2.114627879612188	100.0924108030522	125.6590964316893	1.214424812613985	86.25105974573422	77.04633160473732
0.1893805103997183	59.2316746813004	42.35653923928768	53.95772101839448	79.09327525790275	86.21535557817479	1.464278205879026	0.536472366104189	61.40430218602059	67.57927168419835	104.6363960407477	103.4699006666676	109.7007599451533	115.9822777136343	0.422350006573069	16.96171730496212	1.588182144989742	98.68065828237974	25.14250134287311	0.7325944148462042	69.74440689527574	73.64553086831981	2.61750904087574	86.70026704036721	69.64697009843283
49.34657868440353	89.68305823040089	1.327460346740999	3.392411147474654	98.17562883560379	98.76856594059834	83.9445161013882	0.2061719206008116	118.7013624450259	125.9356833843548	105.322060924548	84.03531010143766	43.10974070643641	74.30105994627731	55.15173311704876	59.33436205366674	0.5760311931354996	60.5734110877335	0.2259785752916531	1.243023990141351	116.6004257968976	106.6040402782453	0.08714643475017284	82.7087059677951	76.18028373780598
31.72459610835513	51.60920640059886	1.089525404924561	14.69735194983599	84.56918677313814	91.37243039579698	57.9183814091199	1.655395681350304	120.8997043449476	75.99085299401791	92.67925894332332	63.85287539644989	70.87527959189808	100.9594867643813	43.41198215247773	70.79321682820721	0.2276976974076272	64.15311209357286	0.4386757651877931	1.966515680292694	93.50182741930359	94.90704858720329	1.860156478315858	102.7127850301182	55.11104710735141
72.18883629251279	76.89058187606507	0.9754079779802911	1.144692669016638	94.09384790595195	96.67316608885264	126.915873183361	1.217343308100309	73.53680289480417	120.2376244807566	71.65577592185686	2.383918973366192	1.724385360459004	8.999231027118341	74.54941395188111	99.11283399157873	1.263659847024873	23.6552034843133	2.30637624873897	2.315028468582146	110.8876135121154	85.70377683083701	1.989770613908779	37.19139277911862	101.8697593117849
105.9210629764657	98.82349362478126	0.01378289609459662	1.366948485876998	83.12430307183568	108.8338776111807	53.66758839362673	1.973451277611574	116.5178522148344	111.2906489669843	94.38094813489889	26.90319063058784	62.65082726055509	83.87906281006946	104.9383416558709	79.90008120723289	1.718985663551795	48.35890001209904	2.294716321514409	2.619692235683076	122.4084171970163	89.8552790720198	2.457005289468369	55.73224127138093	73.35603561370057
87.51818813237014	74.08458855981007	1.628372499009367	0.4140130722980412	15.55038336933429	32.9414083589181	121.4370295650687	2.078404128641494	44.89423908117047	74.94508052301315	0.1027589084169307	1.749751076253005	1.858852747629628	0.01461436508536042	77.6331856548733	98.89627588528245	0.8272630830687293	1.119050487708567	1.084922893717449	2.689846681429031	72.65823639224672	92.9911025860284	1.491750364749679	2.248416116828086	115.9548105940919
60.17122332990206	53.15498801545664	3.38534142584755	34.27214820123831	80.27014088065674	69.75845188811937	45.50035533535008	2.93586855888957	98.41706107246986	119.7263516834454	107.5918531965566	58.29997763773012	62.32248795008047	88.53160827752588	66.75822231269311	81.3981488428864	2.543073626733554	114.3879816821645	0.5081389222816481	2.710866138486572	83.54881759651656	98.7705064329777	0.940807300589118	86.63278128949696	49.34833252669536
118.2448974433923	84.21119851165479	0.7059817036488518	2.428635289943734	58.58396409185593	58.73709649625381	122.5493188859745	0.1893810257841424	66.60335089113717	61.92430361515675	62.68066120722328	1.097067953159276	0.4741128163131427	1.88579695214293	117.5836399251348	75.55081624823694	2.065318252170541	2.177299848867727	2.28833101844682	0.7229227911676777	66.9126104313406	84.46453285615374	2.293488340368256	2.750500323255858	81.97090879812173
78.16288588528982	97.34913839434265	0.9141780136259789	2.057282607745444	36.92904265288257	96.29273091306787	107.7465756553295	2.639496324547935	63.24442753594857	96.31736825782068	6.322173505034819	1.635522863736914	0.09844216596396273	2.171340367317955	99.12125928900923	70.81789067276546	0.09023743480299998	0.1498000211204077	1.322842097922631	2.84434014208523	98.46020266763418	88.97068253478955	0.201566656986516	0.3240442422818188	122.6013084175737
101.2631894237553	65.89745520097809	2.494926573699858	1.731903643859512	99.79281422379975	106.85040845204	74.1924040963294	2.475750511760354	105.9449977316082	88.35519877812115	124.1893043340434	23.0601363759211	26.77105123903794	51.82674410053916	72.85534915625037	85.38174798811193	2.008923151775619	61.40725669820743	0.2781768964614075	2.752296059433222	95.945363130141	125.1817408860683	1.649937542057218	78.70264256048469	98.29006437380778
41.15595702156739	1.432528612750584	2.963865469711113	1.772080858014755	0.05880468839362099	2.951247972350374	47.3819824697147	0.9812166263518187	1.836850245734398	0.4792625434339505	2.475409542185425	0.8457844252407494	1.141569543430903	1.984029862153424	9.922253316392549	48.573266068298	0.03828424877991135	2.511711002668736	0.6209994190178567	0.05686712496861204	1.994150700888568	1.862769630148775	1.176209455450035	0.845315614573618	43.84791667527868
86.15020328892764	91.11221636605649	2.491823623868669	2.85636745354762	103.1697995632287	104.8007553763775	111.3620847522885	1.862206695387632	101.9850076964171	68.09955347986946	52.36895706115956	2.48119271350901	2.134163237015625	3.756895171638398	90.09425009010576	112.992543725675	2.714591406330745	4.123019785995488	1.72148893711588	0.6504930367593418	120.9562378130896	89.75463080069389	1.326126735809024	59.00017464921734	97.82439813627082
55.80199519943088	63.20625474640492	0.6570432608652306	1.962702955861841	1.522737892381554	0.8537465818456464	42.54774308398349	2.335842204209429	1.644348322810412	17.66715426708606	2.812992907085623	0.3633812133855363	2.218603620356665	0.8833752100785712	59.64992863675744	44.01675175688888	1.686647276564297	1.154059342067803	1.056539815110421	1.997042621116481	58.14076286505507	9.080559213815889	1.547156305687964	2.456863550285172	50.83071290783101
117.2882587569375	98.15109428253504	0.8315966047367835	1.732885371542878	72.93148271636227	117.9512481126422	117.1835906204459	1.869780211656586	94.69938896614795	77.80809819299353	63.2984009909635	3.145608639787206	22.39340803841348	16.74980617941491	116.0952765710667	95.28842110393754	2.316659470997847	38.05649418113647	0.5003737188740769	1.340886405600847	113.0889103312934	76.72016106398583	0.2001014837432173	54.06804475232771	79.6093381813602
83.90809935705997	70.36694808244809	1.902096145223432	1.276592870266249	78.36397003400978	99.36504798504785	72.63728227856851	1.132540428378995	87.73864660341138	76.50608268118116	69.31586989748615	0.7820273495662766	2.141878512250762	0.1753045662793268	111.5090057560607	102.3881532157214	0.9286083124585454	0.8634209106446984	2.770998502707739	0.232465953345203	94.15839743975135	86.31899723856074	1.207949260676453	1.256214898548376	80.52331556316193
