28.34581073117628	47.38062664370488	94.06017479988871	97.50018790423233	77.2050321417717	79.34676770645777	32.25746609238923	78.39238513507264	76.50764606768618	74.18514636867141	92.24396481729131	99.89878274410079	99.6307292548256	97.01651632553857	34.60374406872999	43.30519207373356	72.12654734278163	99.20099754571548	85.83882210588632	79.87467027141275	60.35787737811982	84.93399187887501	75.83253070165593	95.01531684112587	53.81510889664267
65.73895205668185	77.96356051033516	75.38848045362046	83.01237739791264	95.38738594941709	96.05162580171121	67.95854446276178	48.41318998329495	94.84272960155498	93.68993548976582	99.87743387696038	93.05298191148023	94.78091426108915	99.42878878955059	69.77949668654723	76.01682528299536	37.42782264234376	98.73689077085888	59.95414489758444	49.52215802360826	86.53081048147952	98.05429610956173	44.39622919521406	99.89725529683223	81.63390875331977
55.15530158169761	70.31817491533469	82.45411265698162	88.59732419623256	91.51858237841161	92.60436727578403	59.58296509633418	58.69314205936499	91.17403400486069	89.34968231977508	98.97139897456793	96.39303557801765	97.72489113379578	99.89394230597412	61.29423682829167	67.63928070504758	49.58887283829338	99.80143316105621	68.61185223901343	59.49620318019918	80.25005118446636	95.47407319473697	55.92095617630748	99.75578569070306	74.9874839530996
0.8601564319790791	0.9398350819296579	99.83618144481987	99.80227146296305	39.75282693202102	43.66729622542481	1.224129576713317	97.32733094648283	38.94910899741249	33.89727790033926	65.84838544402567	98.45596067924519	97.43013841205227	77.4819326765366	2.698028596809608	0.3736613741237488	94.79711853077693	95.45683661750317	99.43337325083972	97.82139125520378	13.56251573560885	52.16919838397219	96.60216919005316	72.36724815556303	3.548028852730933
36.96681847878848	54.72520202096597	91.71471199104087	95.84981037571288	82.15054991189405	84.18565500488762	39.42100833508382	74.51032421226529	81.52929373696432	78.69930927740177	94.59216128874036	99.61129511453433	99.88958292652687	98.29636266305019	43.17109917467785	51.33779337943405	65.87694837318783	99.16583397727206	81.76656220801675	75.33968130062453	66.46544464376738	88.3987521922393	71.22736801369433	96.88755078139366	59.82932207357101
87.35889031177915	94.52741347082294	45.19114554499517	58.23614297022781	99.8752881288609	99.61629937449442	89.39039457132687	8.552137170433404	99.8698698918669	99.89291880800369	99.828318916624	74.34762131835346	78.70503460077082	90.59261012979935	90.72092063414705	93.61592698872772	2.474676736407519	87.97048126458384	24.50280919683664	9.446774715493467	98.36687785354425	98.94495892023978	2.301995406730273	94.44261928623612	96.37051156687183
21.89374028335909	41.53337483044888	95.69018471566028	98.55826633843353	73.37828289042517	75.93375184471056	25.35260035178511	82.1274791021203	72.5075873136194	69.93739060176594	89.70009232344046	99.65666508241821	99.48858075469428	95.40644326740782	28.95611611936702	37.38691042359221	75.44351816977873	99.39561306463754	88.30107327289112	82.69692175130426	55.61698682324825	81.4305805699415	79.79702346182872	93.23603174127251	48.70407862726294
5.686180800363827	27.70981078624066	98.59662894748963	99.83153643843109	63.75873499855773	66.71774866903218	9.773351069925329	88.77630434051829	63.12891030050525	59.70603518950719	83.13448044407946	99.55187388680062	99.72314846732277	91.13800365771959	14.06233230230681	23.1701417300604	83.64799076038028	99.73686107215285	93.92600369384493	89.88283902244044	43.44392154774695	73.18944701707089	87.38039774870127	87.53965281884135	35.14972268157336
90.95299361767002	96.69760034868197	37.29056052194591	51.22115980350339	99.8159879218	99.56166537955822	92.56596116195878	1.265099570905069	99.89451587447505	99.66296439986576	99.3422848160539	69.07781823250392	74.01477349087762	87.23595190285364	93.22690466052408	95.91558047265572	0.8588848986792199	84.75074446734642	15.14965753270276	0.3407366306433125	99.23946761082247	98.89698212305949	2.89352672737504	91.81358268069746	98.1058174229926
58.14966552811001	72.2888076586912	80.95151411165936	87.74896991775191	92.43449458189703	93.52706984045969	60.15855622413567	56.38752509265581	92.01747677403549	90.34534102002442	99.24931853127711	95.86087603839771	97.31711661644978	99.90046402472353	63.37797888929836	68.82013972868747	47.74326829109421	99.69552190774161	67.20772572332521	58.68616818672763	81.56397741932213	96.08761759378751	53.86936760967161	99.84062372357437	76.3761839517539
85.65562990862034	93.37086436723693	49.80457346068386	61.96358534693902	99.89594150358263	99.77219337938676	87.19067507652176	14.34942839919088	99.88938881946483	99.7580715863191	99.8958610811204	77.54700618742683	81.02625987641713	92.25573896912329	88.43619421963952	91.96786374157224	0.05927566128710604	90.26310641881408	29.37078585798635	16.333834658783	97.3941384636949	99.09774438545405	9.06829673089865	95.75013497242507	95.49966529862832
69.72703923335388	82.28078516822779	70.22108411684921	79.20006828308746	96.90564091764577	97.75805937241633	73.0903178362921	41.45510772719246	96.67425477295853	95.79243520737649	99.71474091335895	90.63921848829625	93.06738728276734	98.7235289180949	74.52463093299198	79.93932702894566	31.05756135587504	97.83938460414272	53.91674354281702	43.67008025628466	89.329995417314	99.10994382579918	38.13299979609428	99.69823547473359	85.27603476308866
43.1112844640213	59.77998219770202	88.49566896098071	93.85078666671438	85.22082817978145	86.98449223614885	46.5742250834155	69.94523012518449	84.40303786370821	82.59782411286898	96.53373140868879	98.94725006150318	99.58730527448397	99.24064931798242	48.90964917293259	57.1495206690452	61.10747895359652	99.34008948857604	78.144092062364	70.23299026889566	71.83561288144986	91.04594810317809	65.97239810537799	98.06416531677927	65.82060240098636
69.7137124833267	81.36085132140805	71.38216772980368	80.35161598367132	96.75768203973239	97.41132466845703	71.9606402494491	42.73777192396483	96.55928657614639	95.24929759662861	99.76192205390208	90.66979653156643	93.08919045080629	98.87481223840179	74.16029275312648	79.62071197511135	32.42742200859463	97.93202251093732	54.56741885107957	45.30531225731666	88.6510793265291	98.96592804597869	39.17745941448414	99.81313802311251	85.18541082330906
20.90655300287956	42.1535479487159	95.78539929336048	98.59772751562093	73.8443184585299	76.0990352713532	25.01485006644772	81.88954011265324	72.69691285241045	70.38879363865227	89.90672466489886	99.65544192848164	99.48810897754919	95.34753320352729	28.4957796663885	38.04696065354164	75.84070096875671	99.39892388093149	88.89339704027853	83.15165121660283	55.49479083289099	81.159189097411	79.64013614795259	92.98409865417244	48.56267108247563
85.20493313186086	93.02851514427327	49.71400950169384	61.85171214927338	99.89420761774015	99.77259055826737	86.97287043743655	14.3813285321155	99.88477772699783	99.7163709409168	99.8943412435345	77.2112009639599	81.12701520063329	92.49681204936267	88.67251144604377	91.86208247059562	0.5008747890706601	89.94799927308441	28.21040585341047	16.29898043017121	97.25307926022238	99.09759137647343	9.152085160691126	95.50602354984548	95.1641761032854
46.0432605810912	62.73200282848684	87.54711809942783	93.14574595176072	87.45347341712075	88.46892949856097	49.60006486650765	67.48418059580639	86.13009523360404	84.51857364102386	97.26788671801071	98.56600577817723	99.26856167882751	99.53914483121667	52.86476032696563	59.11420478742513	57.87004114824506	99.49334416231918	75.51407269479604	67.93064991535711	74.08718947550757	92.08922926103827	64.35384274864528	98.78793534261848	67.37446632145831
69.52002066761025	81.35650793777309	70.75576317069388	79.77588254785238	96.79032514269672	97.54319358167606	72.12661612314457	42.27755801147026	96.61339819974989	95.32566896250508	99.73097397349963	90.45997623395958	92.9908087281142	98.70053851485636	74.69526774914621	79.75201174691517	31.96179991341611	97.69812512184572	53.98870554127444	43.87126545642833	89.44734975753239	98.99013371339554	38.96983292743856	99.73588430703502	85.30782049988818
96.15223539349201	99.40498821321391	18.65735541565153	35.1707691302144	97.88251970728811	99.71433149746287	97.24386976214932	0.9893948489625519	98.41870523284437	99.82830589761534	96.12465161140227	55.78444241164975	60.95920640312471	77.89702023390286	97.74115909495315	99.12710892904016	1.299192429470782	74.51353556644062	0.3373138615853165	2.996136882790223	99.70243798777912	99.68157508928816	2.52818517520409	83.73031684853586	99.82865998124754
92.16667044811908	97.63316345893618	33.92789181688778	47.40438286789199	99.59460910099307	99.63260510948517	93.52992398063628	0.9703920229676712	99.7699469831518	99.59148449903505	98.72931627244733	66.28141415787103	71.25962734912626	85.52923945005185	94.51153308401045	96.8741725275176	1.046549781538335	82.61152506166188	10.05171339489033	0.4464889254867712	99.63797207619133	98.9705530239514	2.5287717346881	90.17273081084763	98.67806042107128
73.62866358384487	84.71471327307661	67.56633327200498	76.4443131175193	98.08256641158607	98.63411111644901	75.72745232207453	37.36830986849404	97.59140356944509	97.00121610995176	99.5300275783102	88.74245203683643	90.94688914070403	98.00056494832178	78.03513742285128	82.93128680930634	25.68173878847403	96.77481142837688	49.0513832702837	38.99543594737885	91.09324700048185	99.54768113398623	32.10729967181719	99.41921737642339	87.97042319443126
18.03225551882338	39.45085313030815	96.30523293442347	98.88899551776397	72.13910473811242	74.14003770796833	23.54040632857754	83.41237041220117	71.36429278784254	68.70494541892775	88.60684705167057	99.58295009795165	99.4711593978669	94.85134069970356	26.48858010075795	35.96751395914357	76.69588418594704	99.51650401032653	89.59505814914745	84.20775181942375	53.88636804319049	80.42393985716137	81.01209914703603	92.08044256420719	46.55916551390149
59.48897294947194	73.60260377110725	80.14588511454305	87.24998813593439	93.15987046048876	93.89913886689409	62.72051694450246	55.20413638119857	92.23255969633904	90.89185911361112	99.39161538576771	95.18422342405167	96.80015098176264	99.86087101561067	64.228187043243	70.18129738025539	44.65063183067116	99.58291650129398	66.0240664031671	56.42216733144409	82.31163528682745	96.55307580849866	51.70166724290877	99.85626445511419	78.01447129036676
88.75735196711436	95.42862882302303	42.46503157292371	55.5820020544745	99.89838248452716	99.57102231342478	90.53464845865236	5.860948145070743	99.86348172953056	99.84600102498959	99.70266016135341	72.97372213295156	77.16837834159541	89.54286882888154	91.31896453396044	94.20491206647395	2.782564658186129	86.72053823864972	20.91831607425259	7.1813735971759	98.72808993982169	98.90174309669609	0.6832328012534973	93.54705103833049	97.08397487979636
82.90375135196163	91.20997774284871	55.07571021100812	65.60460597823581	99.752451538188	99.85322353105659	84.25781013621322	20.50099949140041	99.61385922307355	99.35715993142608	99.62162854151356	80.48581411386368	84.38521394138078	94.42706825859575	86.04060599685299	89.91003101726187	8.032332030019218	92.44634575261163	34.76715169433968	23.07599461000863	96.00311868259229	99.39940521906438	16.30511681557442	97.06715251992698	93.4972123527459
45.82064750211299	62.59728499603667	87.73988424283975	92.9322704340351	86.92508540912193	88.51220611715243	49.46537714439787	67.98203085361865	86.40245118689822	84.1674821487845	97.19023068581461	98.65824277200637	99.29585518391389	99.50724099364163	51.71065770243759	59.1184676206042	59.0327059396953	99.45766747482584	76.04646056665291	69.00534896368711	73.15863559074371	92.31132525032555	64.89667305213996	98.5213445442858	67.49993719912186
69.3725899605061	81.94008573227482	71.10795357578	79.67798912359729	96.93723628940656	97.50690740383332	72.12575693616967	43.10325037966904	96.63582484324874	95.34048647869193	99.73649713795301	90.99141603645587	93.3146996729965	98.88721113442156	74.28681745421804	79.15262433706188	31.05205412275755	97.83841233524325	54.35610937202562	43.74266087852343	89.1409221587756	99.10645052951936	38.70319353482523	99.78877152248917	85.23349016247951
99.58963498654497	99.88768531481047	1.326480580226374	11.72280563378448	92.4225127300696	96.82842300592137	99.78173017736779	0.5139805909953907	93.61680507908162	98.46109415098803	89.76267277399479	37.40794516696641	42.93780840460825	64.20995756276785	99.87917234053725	99.67174062814604	2.038075560933258	59.02084031618504	1.659814847449293	2.711412981452669	99.89889120434813	98.5162422150415	2.414346689063144	72.36119236861744	99.21859305731363
64.54295423354563	77.89742845474935	75.66276830857875	83.22715037545156	95.12984388404442	96.10213449005064	67.24430950133777	48.62266043870025	94.76285276618303	93.73100843977163	99.8335816875679	93.05861660732116	94.97969551174651	99.5555160971295	69.9174565877676	75.8059308040235	39.02944188140173	98.79225719309909	60.0530773813222	50.396959877341	85.79965180602085	98.01151115628954	45.63647248757206	99.89226917211889	81.57807202713462
81.35438626139414	90.62988840376698	56.3143591443576	67.42339583234428	99.63312694811489	99.79053741681754	83.84277518338152	23.01464704465203	99.55407726643799	99.19524506577713	99.56335316717001	81.68545993285223	85.39217641425878	94.63937542241614	84.93435204903886	89.14540045460654	9.295168962309342	92.73163693223013	37.19136133194498	24.83909987759379	95.53759396529271	99.5143480834349	17.3178825877491	97.25696403869017	93.13340940857113
97.08224157878857	99.70799024667251	16.46934997844705	30.78300252384173	97.19226119984393	99.47743737319551	97.90609387895005	1.461554756151262	98.027513065889	99.87730082247846	95.34246234278991	52.64566168559235	59.19209003846362	76.53804691376756	98.2839348258188	99.35643284808216	2.586976189910942	72.38228562706307	0.9743311971674171	2.733494162987403	99.63355592814209	99.89662090951006	1.180466015277926	82.02551860787293	99.90047656647555
99.5987892167653	97.83614065421071	2.544398733928221	2.41780637469604	82.38498840652733	89.77032627014906	99.58444617153219	2.521490706570918	83.80262643150384	92.60516160503802	78.34963450994532	12.01858231055971	19.08422315126429	43.9071793625779	99.06160141413734	99.79819857471843	1.034707330835501	39.43586079042086	0.5508253552296867	1.408746671471622	97.42895263342703	93.07531217860766	2.489178544469743	53.60888729069203	99.85622107459234
98.79191653526995	96.11408075649824	2.32111104319241	0.3767048633372702	77.82077622248156	86.48813252666714	98.81750502909233	2.53586992287562	80.37980418320336	90.1582373588584	73.60756642156514	2.946030193195637	9.290531436630555	37.89235852260517	98.0432241001474	99.31841141402575	0.2523983825517853	31.4916975804827	1.682990648065556	2.202829323712356	95.76956369592106	90.52766258524466	1.300990674924011	48.20250415127034	99.45383249783694
99.06003877797865	99.84231076773446	0.4423862062572504	17.10922904866459	93.85790117790779	97.77437456660185	99.51211456214433	0.2870561505608021	95.06021575948604	99.03376033676183	91.53525794073315	41.58996870882537	47.98797641212062	67.84826102423732	99.69552355386131	99.82962995662012	0.8524788039073872	62.88271242215411	2.185019855546426	1.848383509958675	99.76165754025773	99.12825570580787	1.582915392357511	75.13324084156976	99.28806487110215
99.88405903869278	99.37722880252527	2.953900623841498	0.6591656457340358	87.57677687668529	93.99852109812277	99.86866519724668	0.403846773652709	89.3015570052448	96.10904209548562	84.43300323451427	25.197425121202	31.68096016628956	54.76872271742161	99.85701090001908	99.66256585576022	2.479814534826373	49.9974033617252	2.478755831896954	2.051253403402661	99.18905977296771	96.18320950976397	0.05021346395023232	62.88098453012676	99.42944483526372
99.88966585147429	99.53791372411783	1.633060233156216	0.4829439797343583	88.40791644104632	94.46098214777177	99.8625834377424	2.330687985468804	89.72148618873719	96.57048071259244	84.68381216624643	25.73683025430335	32.89628222448698	55.67074391982252	99.88424703043007	99.63251114287324	1.399087390222814	50.7349719425543	1.770177283597762	1.480888898431883	99.34907097624566	96.72775731802658	1.976640205884868	64.76276078633056	99.37181450044412
56.07253188241654	70.27909050656514	82.29560674329724	89.1070863949236	91.31782124977418	92.98723235203641	58.55170213567445	58.68155412367525	91.08047881743266	89.39395451150935	98.94135640947536	96.21246941464581	97.68935334462564	99.89490269181583	61.17348387341832	67.67734539651821	49.66911909817247	99.83835009070327	68.40613616565935	59.5674193546335	80.65627024857483	95.61746185203867	54.98422664829386	99.76110137927996	74.58909676898926
97.61956413995452	99.80340550880878	11.05730769623919	27.88353720444293	96.45910696580655	99.27810987233599	98.41471505398606	0.7549408132166209	97.45207495224224	99.83329180728539	94.48777102416256	51.10935001496956	56.26234086183899	74.55754718985142	98.87187439010128	99.66883517055732	2.865600360931663	70.51804511325305	1.912767239231296	2.989070658278918	99.60337695530576	99.8361977634322	2.971574231198542	80.32324808865165	99.71287202871585
63.49679847338894	76.20134683589293	76.98300204010297	84.67294247661378	94.4039137244806	95.4149599449932	65.86167701935692	51.51912984617815	94.05073826434422	92.441001795036	99.71273869559913	94.03677459613327	95.76740743867369	99.68253412657876	68.04693888109756	73.84042319829378	40.19045039453432	99.21258780181215	62.40879767791897	52.26325345202668	85.25294759776672	97.73429577859157	47.153671752408	99.88473843186372	80.33215584780604
86.84770121552357	93.96894579394171	48.29127140552531	59.77259900547459	99.88394351609946	99.68634018899714	88.38796899434629	12.32158495806645	99.89758548848738	99.82326838469598	99.87014562948451	76.37077410084278	79.66770575687522	91.82837246132181	89.34049215442883	92.69184066600585	2.558617685453892	88.85100938944248	27.14495960671166	12.51914402365336	97.9241001722377	99.01178097415607	6.614407268199018	94.99311431159317	95.87644617573271
99.09586232454456	99.84137063704772	0.2513864194720107	16.84312940728993	93.96902106115029	97.84367740082905	99.53288789893267	0.02925596246290265	95.28248612758679	99.08615678633116	91.35833834053301	42.01610636909081	47.34968103290568	67.60384665590695	99.63071840476768	99.84803459436758	2.87794346546652	63.25250157911461	0.5573390027693066	2.326692392047265	99.74634371849312	99.30186253042123	0.9108653996059213	74.95650282556613	99.29933069894462
97.42891842344518	99.8031371908707	12.46831856142653	28.17386530259445	96.70283652717291	99.27674070439538	98.21978827786656	0.4779378131752615	97.51684160934637	99.8384390749288	94.81939426055331	50.48226678626844	56.73870667238052	74.51838936631128	98.74585822067139	99.63898722208701	0.1979983082545522	71.17746157110699	0.02973033515717874	0.06842730825629953	99.60582506795186	99.8529590828763	1.584996789406653	81.33123375521379	99.75988705427993
89.17871166367397	95.68526875067307	41.69603083221753	55.07429561442735	99.90008538500257	99.56455910953191	90.86427116633344	4.966031123164294	99.86520172607362	99.81690771115397	99.64999176923524	72.61520021622785	76.21205986494766	88.97755258172631	91.7639037705882	94.45639267518453	0.4024457330728985	86.72710350826887	20.49465612259175	6.015037440673609	98.78900470891307	98.89602228450293	1.368454571494512	93.13830516186125	97.37501932582943
79.9109248773988	89.75502250505126	57.89354275868335	69.70477573576566	99.37519078167422	99.69606991940051	82.37460008344044	26.25200411709631	99.36535321803782	98.76648044639643	99.50294002324875	83.12780559357707	86.64105789421424	95.22039311547242	84.17801311229096	88.08927563795547	12.79292003727867	93.69851031054004	38.61117210309606	27.37492206065195	94.85403832721114	99.70362167360474	21.5992194340794	97.73215540727016	91.95697172879125
91.27562884087219	97.09367822451314	36.59232137138887	50.01524310212979	99.71532254874511	99.57553708779689	92.69265021216617	0.3202278229292387	99.85434241599607	99.63327805924578	99.1178624446252	68.3365827318086	73.01024735440762	87.12876752702915	93.85740147891111	96.23592625340656	0.1324635635594817	83.95711958890784	12.86877993885486	2.873049728421172	99.4095096619095	98.91220079439027	0.492879236361806	90.92384415923237	98.27603147820518
99.88723365369209	99.43826280296469	1.424482511317149	2.416677119078779	88.09602050195645	94.00960729109038	99.86381902954413	1.811362358664919	89.74276748661156	96.41104348412608	84.80752482691324	24.62332623446486	32.32992996285409	55.88571961716424	99.87925301744949	99.64199565817901	1.258740110982978	49.72061802924538	2.009809977116677	0.8491705853162774	99.35317376202565	96.35616156997673	0.1891635124574276	63.78271694798565	99.39165399686647
98.30047110035484	99.90047590512911	7.458944702027582	23.99460880659011	95.85750206214223	98.69960500500437	98.81234739816213	1.40787496820627	96.60544861901784	99.56011540117228	93.4041233296429	46.87800099552489	52.45313282124221	71.82728593645629	99.18269179707849	99.83345405721144	2.256653355435418	67.19175343816309	2.308410976813751	0.2289651588957389	99.61760076777696	99.71563240422228	1.387779904160655	78.42774370121856	99.50993963932247
94.70223350151237	98.73023021603736	26.68962176093554	41.59133143322821	98.86360693413498	99.90046732590685	95.51792203499937	1.476486530669684	99.22959728338925	99.62263928115965	97.6145280262817	61.58766781131573	66.0601339662764	81.75853848183756	96.32041926439787	98.01494726216804	0.0577636352724106	78.30149273910448	2.347762756417549	1.352897798255062	99.88616921664789	99.24514011978128	2.634976562121039	87.35954648582967	99.51362497749172
73.61407502650745	63.80170639846536	0.6023738219388364	1.030766957642586	23.32400791106998	39.5083858472936	73.48961554520976	2.088514780312325	27.26592114071331	47.45217256694779	15.32756444786659	1.544366416389569	0.05167185322244908	1.661768357521824	70.45408298990711	76.61118775310123	0.06419511468299879	0.8614342303623961	1.123596000744213	0.3776444847642301	62.17993737963376	48.29102256502566	0.3065529983145879	0.9714359013779565	77.34749399517415
90.34774385829249	84.31111369486031	1.426253375556341	0.5219311133321429	54.26410575394642	67.02067942937542	89.95412782830587	2.016015762283948	57.1003478566624	72.84646051127865	47.81042514097731	2.996613109473238	0.5762424547888698	0.9497049866587839	88.16551542309958	91.91017563131849	2.968295197944572	1.833805542205697	2.801570704699474	1.077394199814191	83.25671797701384	73.05363702167502	2.042725404254591	14.17663426840527	92.41226664125224
