0.06194817019552604	0.2662379308998921	99.53578601345619	97.95087537236805	2.810432476191276	2.054153012290699	1.29538773206365	96.959027677504	2.888695498768383	0.3462996689202886	0.6594922893700789	92.60333298460279	88.96274233720651	31.16112928938898	2.955716461684393	2.01659906903629	91.81250022636016	82.96202988406017	99.62581692619298	97.30171203331109	0.2450027521815301	1.576862052291477	95.2095368519845	15.09507117248497	1.385583007601995
0.7744789367410474	2.705400776428495	99.63816510057015	99.49406136786141	0.5457711232589684	2.264512170464941	0.8439558463920833	89.44256086343292	2.631210802785257	2.596971791619134	30.17595546223938	98.45463387776434	96.99330450336726	55.14188740710757	1.551181274650408	1.861573137505513	80.32808904077069	93.16827315920669	95.7091861505116	90.32020426730973	1.018443592730874	2.862015117704626	86.07424373583635	43.65207538024664	1.975567104054908
5.415655429385203	41.55443674892332	41.32058396570105	61.97190250910074	85.5960952080071	88.67272773884517	15.40957374832825	2.54180248330622	84.65868373659934	82.28741244222498	99.43068411932482	85.30335385680242	89.04984482332056	99.15211567489831	20.54557535722775	35.38981982162741	1.843351618112179	98.03678080067053	6.479093981036444	0.4241977621042034	62.46381204672957	93.80209882530161	0.08099232854051855	99.71111752350537	51.71673952643641
1.305117087859723	2.548069470417978	85.52273227187594	94.23712367896809	41.98936621551655	47.81024891113616	2.493616755895047	47.42659997932081	41.34438495876653	34.26382503628938	79.35328457369386	99.74687962996677	99.01222419996959	92.00128061109433	1.548606421191886	1.437371528585053	31.56420181971783	98.0353116092828	64.56802197905706	49.94625822118878	2.935125374035037	60.35577757777202	41.138092900154	86.80845452866311	2.71821487494656
0.02336583707260489	28.34988462220453	53.34796456031627	69.86288814034256	80.68020251954773	83.09872198483038	1.155264473912113	1.145929928445427	78.134684564685	75.23941588422494	97.81536111827734	89.44915793493506	93.81694665084362	99.74862379873601	6.203974327261375	21.34286440971079	1.843280508300155	99.34988309547902	19.54675338741755	1.433756821393117	52.44345348850896	90.01640568328031	1.745357886367368	99.54843064496262	39.97488316693979
70.79134728571367	87.78104997261586	0.64035710473315	2.526070466239533	99.71683838386434	98.95115046118931	74.36646308199695	1.706852404456265	99.65073841346783	99.72788041109443	99.37428089256137	33.22060907772288	43.72448411742694	75.42770934223584	77.16013500911782	84.76622746500408	0.9899807497726476	68.69436090242344	1.489577303099281	2.639322565770092	96.47402075915357	97.27200914273999	2.928374211385695	84.22989530519334	92.59551311852272
1.457177667949731	2.890823906407464	79.60447681785745	90.65232127166247	53.93484058075716	58.60074135532358	0.4702948269924307	36.48129199557041	52.36722536449548	45.98165290299916	86.42536346608341	99.23823353470492	99.72154081874713	95.40769747088521	1.354085196687236	1.416377581570426	18.22105020896484	97.88923537679415	54.71003979147839	38.69445658338365	13.24443503320218	69.91541470600436	29.23988740053859	91.14922728633232	0.7741398943722706
2.744407332398059	0.6248493755316842	87.73072110200513	95.73284481176067	38.93606063001804	43.53243567840133	0.961567480604236	52.44824095721342	36.59722751625715	30.36161220913409	77.16004398637382	99.4011605866893	98.82140385922683	89.86705723501215	0.9843965731000359	1.150666632966689	34.42906926510447	98.2332224060286	68.63212653474872	54.35325967428245	2.610640430194851	57.59620085210566	45.21351171139831	83.91249264534106	0.4721886248875688
2.038142021024416	0.02791945237044915	93.79678063345061	98.5977437761112	23.9316619180585	28.26781596041183	0.4747562298701802	64.07367339805374	19.82879367743782	11.87150292581979	67.99088512810062	98.75789722714723	98.75722434183413	82.88366197832826	0.2899190276990615	1.014045054621621	49.37280524092581	99.49298857413551	78.39480734766737	66.91067206662503	1.5975117692901	44.37584456453425	58.40421097096233	76.8571767549854	0.349523342131006
17.34472698591927	48.19079737946155	33.89701099090493	54.59885486080629	89.76433795996749	92.17821010356656	24.70803998779467	2.595084854924858	89.10178925609065	85.21845037267754	99.72942537864681	79.88296633633624	85.33162468395771	98.36887282828748	28.87382881939637	42.31941436436403	1.104377591289127	95.97822751620377	0.7056503372819392	0.2518187166657433	67.443856080288	96.53200806657922	2.796303174729883	99.72036028034256	56.94054184669752
31.14224603349755	60.17155568029657	19.22845801605408	42.28414603296387	94.72063982760935	96.14967219415846	37.97379100646788	0.5354672947630301	93.97263432322283	91.80323637941179	98.87910806159272	71.10317895541837	78.73564542141757	94.94204353061055	41.97593489013239	54.57676782182725	2.304672924478233	92.12242527246336	2.662735643892403	2.359858000258565	77.15029525257216	98.86381207503166	0.4902242572397683	98.67895430983512	67.8309728462807
56.53436782233868	78.00695319248379	0.83495913803739	12.49011187789381	99.30026631708826	99.7086998952874	61.80323603593221	1.896614304613712	99.14103141603887	98.35911321928201	99.10223369269276	51.75048746156363	59.85052936448583	85.17166127922835	65.54738276116304	74.03002388409087	0.6964316197327731	79.36899074420485	0.245263540728304	2.640553396000957	90.36071325883927	98.39873962156072	1.390419564745075	91.75914990697532	84.05234841255013
14.07621725141867	46.47178412733335	37.0513080691769	56.58912578402507	88.86523960483015	90.88623937244368	20.84933043519106	0.3252782584243334	88.26413245025341	84.77932939196762	99.70491038835706	82.25889657362367	87.17283931091868	98.46084372980356	25.54365189732057	39.91774134259571	0.4460328844736954	96.67270030089037	1.215891796126669	0.4465141174000546	67.08621199074719	95.81331991688423	2.646918722056099	99.73721038619759	56.36824157866679
73.95853663162335	89.8032594995035	0.7470163009581305	0.3592489117152582	99.71393374390732	98.88367178491411	77.92354930131825	2.535161128381275	99.69882621630406	99.3893440126047	98.67898436783236	29.1448982191679	39.89624904574591	72.27271653761174	80.30138316274449	87.39546677711225	1.386503022106706	64.29821126489641	1.041720186626031	1.964896973896793	97.24188096987088	97.20332250714651	1.67447932045769	81.04576999220609	94.14207573953644
1.966302434177156	1.062093834471738	96.57025174532426	99.6275915780584	8.937838826720146	17.15394963911701	2.059417905511104	71.60621276575354	6.54195943816428	0.6404580914745944	58.38418838453572	98.85355913920566	99.26117530230665	77.09548210062589	1.264310234703079	0.5712062934767979	58.81383109667644	99.53231511021187	84.21222844359325	73.62521563779933	1.609743708370442	32.24588901678453	67.78467795916431	68.70933798078846	1.405412216430352
33.80347907824864	62.09597302818306	15.47680066149917	40.65440562667933	95.19232936793478	96.22319101993098	39.64297716963758	0.5602968562911115	94.62597413878473	92.16968730421461	98.79662395273341	69.76571513690824	76.9341358591728	94.37637614599613	45.50665769389612	56.22804153738021	1.404311940489258	91.20429379649943	2.269675201071403	0.4082740863137663	78.45803712461354	99.11658748048085	1.489226350688691	98.14633479333607	69.75277138501464
18.64945821217168	48.33064870714374	32.33288193259244	54.49814651882192	90.04931254424331	92.26923792233552	25.54425751371602	0.3357039644739016	88.65589984779925	86.26673366925812	99.74153161997447	79.98058141802768	84.98104139588193	97.84999975015715	30.54249343365069	43.39083202149448	2.370668733879386	95.78657157363483	0.6856521887927229	0.1404081868143138	69.58024715623719	96.175035725776	0.488909461876348	99.70348524778157	58.65696320711713
77.6357624935131	92.24900273791349	2.862955910574137	2.087310477799971	99.48930066671817	98.90558052101311	81.0983419912812	0.9522121245931747	99.69554756252784	99.14104077652841	98.09299457234634	22.28751554366782	34.56878030640169	67.49034776762477	83.11538896100762	89.67069736098165	0.2009605547472262	60.02176289931634	2.127677658712932	0.6925077988405288	98.32712149149233	97.23647099910654	1.647324857840863	78.43240765997234	95.52266197159544
94.43678221880148	99.63571957856003	0.6243423947882882	2.774976107604092	90.68696542109626	97.78192393347116	96.54189893036269	0.2664240139028966	92.72823646709155	99.43762892963842	85.63379030428631	1.620282398781938	1.050537767624863	34.50343249728054	97.11314397843931	99.17185691552625	1.945294284433845	24.605466782943	1.12251050402164	0.1548911342022558	99.00209871826883	99.51734722523049	1.123867425290767	49.61596359514681	99.12121387405904
0.9567804950211922	17.355506450282	61.85250674834266	76.12100578608866	74.17527267429489	78.14418943129969	1.770304509392604	4.6820944166458	72.28119608766627	68.6422908774652	95.57700743728059	93.1417115754432	96.41602981624963	99.67772339297493	0.4726045108016956	10.26724514312853	0.6448404085379809	99.73634734729715	28.88701009290666	7.41358856193709	44.04714851539527	85.9211052574596	0.5233052491605301	98.36219412824899	30.94934154066974
11.58969092183447	42.26606322267836	39.35505539271399	59.0137002450198	87.60036017761061	90.28983475176281	18.84984303822469	2.198123358587255	86.41000502069633	82.72457065948316	99.524141740818	83.61462736347704	88.25944775064414	98.92155412444393	23.50467005023985	38.03902013401542	2.649588853874794	97.37772392615747	1.646449166434084	1.744485698532376	64.51065422544788	94.79021810073914	2.311456832181074	99.72060952148991	54.05374445273694
21.07028778592124	50.93707203325013	30.50742787736676	51.52498159131946	91.60227136379909	93.57664298509459	27.42804934761287	2.453926641484594	90.4978131894345	87.7755671133046	99.51368608795886	77.93460433188592	83.48243973609632	97.57619732476324	34.03512816006536	47.50543388821499	1.899746755626781	95.15133014314429	1.738294598198413	1.44032001100853	71.19055807508776	97.07952117631774	1.79623966100901	99.59480515429858	61.81770442374818
44.72040129761896	69.52073422869006	4.933582347529264	29.6012326518294	97.48839122747286	98.36472931209174	49.75482406378259	0.5507559673602864	97.2772613730357	95.5673768198762	98.62900897962029	62.61214991533641	69.5758434743976	90.85058291829222	53.37170080518047	65.62210257003014	0.3515748954849299	86.89315732679054	2.030013142446669	1.680261251994702	83.74153546182794	99.73334360125952	0.1815003615405812	96.16561784736824	77.40638966921847
0.1282428203623376	31.31860714699734	50.63144857961659	68.81470814529656	81.27474757646984	84.33075918206127	3.556188236523939	2.404538819860914	80.27984206180562	76.305375230054	98.43479556095836	89.31648347602682	92.70342702176777	99.71313230477837	10.44743833471211	25.16835961382369	0.03738259853601891	99.24009600848464	14.90672872497447	0.5050806836117991	54.15931792886732	90.77303894630563	1.045533916586812	99.68280384112671	42.17985584359722
43.98742604560404	69.64056991783478	4.138606726355143	29.84381814816139	97.28540404960769	98.43120961499319	50.76866648398644	0.1132851402301027	97.02469095007518	95.18641790792721	98.63105570175748	62.61165549142797	70.22163836911743	91.19305486395395	52.76083201482991	64.42807397258463	2.663337494933117	87.34969774573744	1.506174252323918	2.029008501166732	84.60743447813127	99.67352005005695	1.696456772943664	96.54785918620077	77.02179822233094
0.4457106312321267	2.057646351715902	72.24116996585697	85.93303443833875	62.06511646511701	66.84887736467535	2.272214491205708	25.3838524139289	60.29512677395722	56.01231434685941	90.94145477112583	97.47832139083417	99.16621376010737	97.86595983379549	2.612385588067479	1.674918569070742	2.606959594183423	98.26282646685051	46.00137907841011	26.37006396548527	25.98045431876144	77.43855444072564	16.55113769621461	95.32220600896764	12.83441637950759
98.83977435053494	99.71591083877919	1.475397198363123	0.8741169906073225	80.79265991999016	92.31188717576241	99.54143412928616	0.04267930508156584	83.50731461456597	96.06940703047036	73.2365129057786	1.792783992541877	1.542515961300942	9.111058251812764	99.68960615034864	99.17598957569155	2.66233709855356	1.895719967676308	0.2646724646794389	1.588013257343756	99.7079711699424	96.52346703533307	0.8373301800608612	30.6801827042145	98.03670092921217
1.995457545389876	1.310085652704224	77.30484535931086	89.66269024323483	55.49477377342988	61.42454893526739	2.224311188209919	33.0304678707118	54.8193066911141	49.0373373143447	87.15191014073646	98.79937851394305	99.69050691301162	96.23564600470672	2.519588581914476	1.241084085302985	15.14168195855057	97.93367736535603	53.27125506526465	37.43017755809067	18.38964036116656	71.83096281659904	25.45671841054133	92.57738746059096	2.279062147111145
86.3866847395677	96.72756851067629	1.750743785465008	1.543712275739002	97.16200635995193	99.70207847685165	88.96386940980955	1.688116944973465	98.43158900371795	99.033695153751	94.61219032788182	2.313421791361892	15.25701485494709	55.15167215642127	90.51169140160164	95.1071484963277	0.621917718585516	46.35271206634848	0.2919602327138568	2.554976026765581	99.70280366857331	98.05112429441309	1.552685970780918	68.48203661442045	98.52889358186974
69.34763610655133	86.6147031365621	1.903564014557873	0.4731695420303346	99.68853323069597	99.05314339387482	73.43929321645859	1.034805397316856	99.67670026920776	99.72470361860152	99.50973460153507	36.88627668163807	47.75240835410721	76.78921128105262	76.07630871610016	83.7018477135943	0.1027560928813572	69.63778411053522	2.654351906633083	2.157123617088487	95.49699265968246	97.36530135235398	0.6724867403844574	85.49908715594884	91.1957965163276
75.66668457037139	90.44619847029247	1.721636194190938	0.340971669618694	99.63372182190314	98.87527200372358	78.72625679262447	2.585163389285331	99.72930050827691	99.30913473965974	98.67316058986334	26.55335233026555	36.59580535050561	70.43062102700456	81.35700359360722	88.50207954470206	2.543236485016087	64.01742616098171	1.838965462903547	2.617710329091287	97.41354426899437	97.20285820744108	0.4242491023065435	80.87327011414754	94.11023555753944
90.91500139253191	98.57953615605979	2.457872768522395	2.343960374540255	94.65107177236946	99.41153543294269	92.92657644194125	2.006157898790577	95.96663529651754	99.55996569516181	90.5263363399485	0.1028125599368021	3.689473381865317	45.07842669641327	94.58252264957902	97.47382126175972	2.26898406882635	37.00464753865356	1.009221699434921	0.3663186360720916	99.25916330486598	99.19073622286771	0.7297669591366931	60.06649514011227	99.64020827270022
96.04555322811737	87.87240869608085	2.968342287739945	1.021539138035368	40.37369521118258	61.80119700101133	95.83895950843511	1.041179836137562	45.27331279682389	70.55454170349671	26.58957578276927	0.4188935843224764	0.6523366040442775	2.692072522393353	93.47011752637779	97.29272990661667	1.767192606987868	1.452499355242192	0.6476057398411346	1.017250239137649	86.70334551411936	72.20559631493346	1.187415530758434	2.442783804620018	97.64909782026878
99.72618630959298	98.00206520739226	0.7712650682466726	0.1736150342986613	67.49486850527349	82.75567339642316	99.73340854293484	1.974188275651808	71.28049970065072	88.70069413120606	57.90274675855203	1.850795185431863	0.4387144750788357	2.752371262927887	99.4739944284193	99.27835189213545	2.510469619327727	1.855461262601643	1.038482303052915	2.697735021034831	97.4516830545916	89.03920683851057	0.3199770596275795	4.663664673344826	98.78476870438186
75.46823867282481	90.74843684331853	2.015122962473286	0.2801687549405821	99.5846672440113	98.88216133773426	79.87910663027282	2.480327501763549	99.74764228341054	99.26992029986383	98.70783759534163	27.43498871954938	36.7562926007223	70.09715137538291	81.43336936587653	88.20235404638592	0.3443050136232221	63.09242152915824	2.601991615087447	0.4929475938395073	97.91802613853521	97.20750234222125	0.7754416175548891	80.45020426636368	94.34079093784966
6.692844413529164	40.07457392429637	41.79554143041817	62.61933154035101	85.34564039866913	88.13649849996048	12.94527328522443	1.672778641202413	85.02110056320387	81.56909808458545	99.32063031300949	85.64539218931945	89.8284359577428	99.23390210228121	18.64889305960953	32.25627728266907	2.8579666475868	97.99122708862693	4.824627768643997	2.91497935336868	62.04428772723796	93.87460751216	2.609033081835731	99.71347921046456	50.22233683187962
49.63423113013641	72.78241763763602	1.277086930786458	22.62685955295098	98.63502139676939	99.27002402759406	56.03527155009638	2.646652351112047	98.01997841298989	96.66799045627732	98.72586252267	57.73999120389897	65.79015392378395	89.07409401086804	57.99074603521668	68.87574424593808	0.8672180443537285	84.83998072190671	0.3436192341786933	0.315255485182839	86.81199207424677	99.34480208379765	1.361864021619365	94.92048328420249	80.08425960575919
52.96421581781055	76.30290255590579	1.467875252167435	18.63714267495699	99.00885343799091	99.51849099553706	58.79078154075362	0.3263152064064675	98.75677731509462	97.64201393947106	98.85839947196217	55.49410633078538	63.53931845911745	86.96943832359953	62.47533267485021	71.67116950504705	0.02091595667649861	82.60981179358545	0.7099326178336147	0.890259289993597	88.44017029214336	98.89248581114613	1.926459320207238	94.01306186178087	82.68387394761034
98.60310032413777	99.66330752201169	2.85034922201832	1.329351754460623	82.52291778251309	92.51008205491496	99.3774313179221	2.652233517096283	84.81060907886115	96.47545238456831	75.67462046355463	2.630493890161162	2.956037959870923	11.38306503145288	99.59382754642853	99.25807497630615	1.586252380265142	2.160628460822157	2.809919801973598	1.534633829397537	99.74878459616522	96.77184683927756	0.0994010073732723	31.78790529464518	98.05951934954055
77.40070810754001	91.85081679051581	0.3430810052390795	0.9776860689329046	99.4360768719406	98.9210568093378	81.26855989500403	0.5673727566313553	99.69583804442068	99.1145448024788	97.78777532227187	23.376152323897	33.4769713142802	68.32697269225885	83.39051771730371	89.9035914896228	1.504496546390601	59.37408252248861	0.1031440672522324	0.6599383341114442	98.31400420961786	97.25118439637561	1.07557247712822	78.20353856255096	95.68542943344815
94.1998818558644	85.89106906487488	2.565115086336371	2.368019173396085	33.06630471926111	57.04446749485665	93.83160518859273	2.109085544978581	37.67485349992137	65.74293653592949	20.14478358027808	2.300038502947473	1.211089606963913	2.818084624513272	90.95466487520126	95.7401186276268	1.758583512537957	2.522247818421931	0.5700939972806673	0.8053009718072541	84.17825705271532	68.21921261760647	1.676580826082849	1.486641370026923	96.56233326867944
48.83940217331924	73.02056484620506	2.352577550786144	25.63759401632171	98.27394067052046	99.10697982970443	54.0314016561567	2.318963459394459	97.80749956152351	96.41613161430546	98.6940850793291	59.19161904778709	67.85346148754275	89.26900321619691	58.33408662098098	67.72809103637248	1.947556618204934	84.60474252253456	1.568060141195416	2.002823312961076	86.41293821755502	99.53633345579075	0.05045813067753449	95.22110809697996	78.70129602777864
98.47858880408008	93.04581337823443	1.53307704572795	1.884161730951001	51.04267545266086	71.63515091648497	98.17461010671644	1.373799343015663	55.75159150167117	78.47508564698479	40.77865452314882	2.48914942803699	0.4805753494107347	1.773871952212617	96.95075139850023	99.26153357184344	1.180497799673491	0.4174682208669138	2.651080821802148	0.8060562185107036	92.2879142876702	79.84875059209563	1.616696890376479	1.867900093924938	99.32475767032641
97.56649800069371	91.40647257860348	1.816064638346627	1.456580183001772	45.54019222910601	66.24893373118118	97.03747423285827	2.757294270894746	49.99984376605023	76.03471241445267	33.90653172294695	2.265741872649146	2.843657359683996	0.8374252605034509	95.29976482459116	98.3659658017604	1.329400318333863	0.2623181582437731	0.8352086473718703	2.950467394803498	89.75197571725843	77.12991048032103	0.1482943081281889	1.197031830860593	98.62164726084646
81.45966779409683	94.60347272731842	2.452295923083421	2.167699823176568	98.56303842166095	99.15935127939379	85.18064285351024	1.900324109437397	99.37320981158919	98.94880292702986	96.75221995046519	13.16132893884839	26.60072941082113	61.80714119446118	87.29810970457143	92.91394532641348	2.28329568376388	54.53588989572062	1.345536048860397	2.859761862101117	99.23685568901924	97.49642051133574	0.7843499235121354	74.39344697871277	97.16687353192324
40.80945120577568	16.95648373453629	2.079421888665946	1.843674385607359	0.3283514623753714	2.321163945736828	39.54036661032784	1.348832167868443	2.422548305586667	2.856128474698199	1.482242275443439	0.2494987110003443	0.662910553089995	1.32494335088431	31.45861101044513	45.34157568163536	1.610881932591731	2.277297653935371	0.6642187832666173	1.046176394940399	12.54877637489296	1.268817496671535	1.424205693735636	1.136682304736401	48.3595971145809
98.70650115974101	99.65650517663659	2.535020367792816	0.10757727963104	82.54398473298333	92.67014101714902	99.18403964250308	1.609038414712208	84.76515928251665	96.42261694987225	75.33879325381676	1.555395544846475	2.959110342553133	13.44079323025538	99.54391028626296	99.27752079194427	1.749675438642057	0.5309030551526212	2.368167106127931	2.623595167042134	99.73095802722224	97.18565450621554	0.5947206578712969	31.29391922704258	98.0683602798584
56.45969619467945	37.43103241048371	1.126789560316465	2.742313222308881	2.975630118645575	1.471032334543146	55.92606073800596	2.588656176285216	1.132854624502637	2.216782920897454	1.061590818669431	1.086585809416595	2.287313280744179	2.291904275302812	49.74773670650517	61.41501522460434	1.685263726238297	1.110800428252123	1.430616815360179	0.5582659560743044	33.50123253943321	2.219310511834428	2.180969264945368	0.9593500176685636	63.3917383514701
92.55789241424992	99.1644555648632	0.2455475628179415	2.455425780409398	93.33687520553515	98.78324674074896	94.78168371161223	2.802951914428326	94.47882934101114	99.73871336491311	88.54841267714281	2.825013310287191	0.4116413321972066	41.46317309636876	95.94371798312345	98.31296633218389	2.827380915891081	31.28939763096389	0.1828103982099584	1.295928870792266	99.0836794620907	99.73945910518196	2.193137259688634	56.40463377261802	99.7346336787091
99.27599215660494	95.61945952452126	0.8118240092333511	2.174462493495371	57.50937439476134	75.60573403833482	99.34096517375244	1.552818940784044	62.66139845076586	84.01077543899503	47.21367261043842	1.87004115229368	1.928881843080444	1.690333472322616	98.15420029906478	99.63603535645166	1.121372771942298	2.907002915981754	1.664936586541774	1.782860784170166	94.57694952260157	84.03064536620715	0.3924127829941365	1.281232410039891	99.74493032049868
