103.8979917039243	95.65238935713604	94.46106871869844	100.8243993386188	102.0674887170347	105.8834283877078	100.007395936684	106.1806898060713	105.8977861750799	105.1533473939268	101.4229883590653	104.5038296886555	106.5325788298898	100.8377395322454	101.974104673142	100.7625817449076	105.4710615610303	94.55735947262963	100.4549095115265	103.1577842311188	103.4424005758731	98.68373650607256	101.1991147443146	99.88352899325974	92.53760276247235
101.1450197860419	94.72897349713212	103.4263116665258	95.94858559767002	97.10089983725643	100.3705731861516	93.7102733905422	107.3856411830141	105.5950052132995	99.79032116050315	99.36014853517634	100.2736938859997	99.86665954163949	92.63251528844502	98.84874770662285	102.275852105333	95.78473823164073	105.6951790708666	99.7384698273314	101.8426941045883	99.98675892689735	99.23479994017066	105.8959251797921	105.6270801507838	105.0317669076198
105.1851402028659	96.6206052231453	99.50012059455966	104.2285064277431	97.55781065588178	96.84699276890362	98.07155623776619	94.2223290247033	101.5063341036559	101.0598809878238	102.7942502795615	100.6969873282297	99.23292107898733	94.73472786559803	96.0168485378332	103.0491328080715	97.37058384582761	101.0843195533042	103.6840519029438	106.657471376616	96.51546485654258	105.3156247801413	100.641791924701	103.5587017724207	103.7515925897904
102.6574580871419	93.99845329659591	107.3703530050708	104.2062555491239	103.5058299230658	95.70950359282513	93.53201437414822	105.1557319503546	97.529879865282	107.1947036641637	104.7936954601928	105.774862560181	101.3764368200203	107.2477714767566	106.6308064398899	93.9362037911495	101.9640074568454	104.8382406983156	94.86345110162326	94.2521069348084	106.9232218676676	102.0279140555843	104.23170074795	100.2070814911537	102.4539724758269
106.6819768617877	104.8137175894291	106.1031485182611	105.3088664386813	98.3770690847488	95.28021469238615	98.24744052955948	94.6195437692509	99.64498172609441	96.96468566442704	101.1154876131307	105.9251766415755	92.69674951778191	93.80210514929874	106.9400517437548	99.89969904589412	103.444920277045	101.3854462076413	101.9062987918186	106.8592962882765	100.3072426479188	104.5406938954984	95.7868392142293	99.47465927907579	104.5951095758099
102.1229688306892	98.73459312907461	94.77033158951507	105.3388494150124	103.024483133097	106.8558617336518	99.3123481992739	96.59951130561524	104.5396680511766	97.36922343884744	95.15681833396771	102.5454720206954	104.4834346478262	101.5160941403726	102.3043077874583	100.6877448202166	102.3263017559701	95.51679428475896	100.3758413167145	96.02582165031129	97.49790794730843	101.7226861848341	104.2177701016188	93.46425011877182	98.83019329665088
103.5047259569267	100.4573891682553	101.2308815921752	93.80189681682423	102.0957920267687	98.23532756266169	105.6921216637484	104.3821574579392	92.66194011201773	97.59487331865751	100.8229958581907	105.9853727692471	93.99451357268809	107.3879163726653	104.3198676975856	94.92363303819863	99.88446575928981	95.48799638248599	97.0673742005613	99.90033539477595	99.42943545728026	106.4160343410449	99.51012357065396	106.905732376127	95.15153634859963
92.16873629432745	94.86338359555057	96.01288532175734	101.6821138626159	106.7484141287119	100.4459429030704	103.9754230827371	101.3641500789055	105.9363089771289	93.90479164599387	95.52671089431489	98.98826378242845	99.25798350289362	96.07354392510754	93.91549630150766	95.40144886951882	104.040915698676	95.33239418806086	107.1755081113823	101.948537097618	96.65758765521325	92.9547063615782	99.78911422388114	101.0949040776843	95.38069460815382
95.04040811094072	106.5489737282058	101.913378830785	97.0335655724824	98.53450501244095	107.2184910965933	94.21179394372891	103.1450628621373	106.0987089394519	93.35325705990378	104.3780724624813	96.33693184039534	101.40385154315	106.1798577785124	92.57526723710414	98.6806527270906	103.5655066189184	102.9104835850366	93.03466701626017	93.68397002891361	107.1367732809212	104.3463673615202	96.37529856895878	94.5465060241565	95.45729690549359
92.83001372646216	103.5590945766882	99.96893589276559	106.3362238877873	102.372910742894	104.8833611201027	103.2322399491105	96.40324662797707	94.23994458443576	101.0745401090541	92.63624271349407	95.65892193475162	94.98719788263926	96.86201560340142	97.90861896624492	92.457760251552	97.72906384404544	93.6289500369259	94.18136628568051	100.88417775992	103.0420503655129	97.51748935209109	99.47321345629288	100.3867369451575	101.0584956118263
106.3156066446394	97.75358013453655	102.2914592864284	102.0863137353195	105.2830049505626	93.37041974908493	93.70098592437257	98.81467786848035	96.43238701574296	104.8491147827885	100.8511382681699	102.8784470652437	105.9566546224807	93.33922823397938	98.98312413681134	107.0824623487682	98.87216381215822	96.04611870746912	93.58309248633492	94.48912446173371	97.00600118822976	94.76939308518038	92.0777793864273	101.1793113855227	102.3944279295844
106.5843605856493	100.5530457088584	98.83984122874807	106.1126854439848	101.8151964270096	93.39176264152579	105.5862157837058	97.01436500255113	103.1270118993069	97.48357741911337	96.77490160163697	105.2082082956496	100.3810548867897	106.6614623652631	97.513169530425	102.017419325698	104.5061853984837	104.4568426715568	107.0585506380301	105.1419151899236	96.17548746794517	96.58858680771182	106.0718904545724	96.87624370832853	105.2360481813081
106.6050255916572	97.8301916622289	103.1314668999954	100.886753204971	97.46291991507634	102.6496939436953	102.6948912837292	92.15945315276764	99.61790111139912	97.41342398884994	95.78142237968059	92.67016046694964	93.16009240908568	101.3274558088567	93.03606121195133	95.8916550276773	96.85345135597464	92.92401129944881	101.2915802931877	95.28917168415418	100.1241075529859	104.253486151679	105.200079407636	96.29502361344269	104.7405511147212
103.2761973412262	96.79475353442849	103.5055609563576	101.5120950021238	105.3760324988386	96.51882134176897	104.3081204760802	103.8065703120831	106.2481962076793	98.67225233232188	107.1635124718509	104.8585615574371	98.60401007843556	93.15712429113357	104.8856073917862	103.4265828085804	98.74963827772753	104.6043326151928	100.9449251097046	93.22410987349089	106.2123700837083	98.9387166578352	98.99762705670479	95.90066310692029	101.1768679054469
104.3554794809356	103.5457888654877	94.80034693221599	105.6238008742487	94.25453985380253	106.4545478921855	98.148970475395	95.83756023966814	106.6404692986311	105.3169530546576	99.78701412890351	103.8918795533091	96.09617697276025	96.362138146083	100.6447204633557	96.9943219438389	94.0540445923865	93.42410167084448	92.37092190072991	102.2883970297387	105.7659258059133	100.7203283898352	103.9931688901911	101.3964957646967	99.93236824521259
97.22002221140778	96.79753648675674	103.8246320592866	105.9577615247673	98.00158821038185	101.1346774025215	105.7541414471587	95.68767622597218	106.548571407903	98.14982051044176	96.93815616424818	94.87739238985517	107.1297674311482	97.05943402038646	100.5202079838147	105.2738204151855	100.8159528600188	101.5852046922747	106.9827081219509	106.9684261140263	96.83309256069464	105.4980200977469	94.6478291634579	101.6587056390818	104.9971206327926
97.54993216476994	97.26624069246895	106.0354418184958	106.6436084109012	95.71919122870865	93.84059665041862	95.74654187731366	98.4172421484916	100.7039795839788	97.63251258388597	95.94072385132142	95.37056708873784	94.91810849742876	105.5700618468863	99.50577900647072	98.55272958700118	101.416729268611	105.9627733487414	97.5032771340687	97.57555081082953	98.79949496700434	103.5844034318388	98.72015599686695	95.92463196556037	99.59173350518834
100.5225952722526	98.15893980767484	100.5066294976362	100.4343550621853	103.7721311824425	101.9993326212213	101.4520742807829	94.40413462255452	97.19705039138626	102.8870511876783	103.9412661713498	98.25006336359135	106.2556136725406	103.0077979216134	92.76089751566724	93.23979204064848	93.43261653848957	94.074549606434	98.67053227324161	104.5484933960158	101.5912969842362	95.26693220906712	94.23649480667019	103.4075034581238	104.1760345736972
101.5691584549164	106.4762232117453	106.2553731243414	92.4060200264696	95.82930900780048	101.5292150404519	100.0568111731203	96.12643598367393	106.4854896814278	96.96769118538275	105.1482190877796	96.00668811810252	105.5540424475894	104.8129988355522	104.5780109935146	94.47739898092762	104.7881544243345	95.05680191187578	102.0005627301131	97.56740683515301	101.2330121994912	106.1193078312232	95.84756838608335	92.66049238649839	101.84679026216
103.1236040537427	95.82699405120432	93.74992250033024	95.83894877675229	93.81940527205516	96.60376117493421	104.8245671361376	93.4655146035018	106.1470256748486	104.235559571094	95.76996099846957	97.52217593405884	98.49437380083414	105.5005620045842	92.81237563728668	96.12703388598325	102.4537866391688	106.0516319462831	100.5591004801626	101.6751290008977	99.58591175426731	99.43065449221562	102.5001778854326	105.5664847900455	94.11710384821369
92.71837982799109	103.4458177141055	102.7473129066553	105.3781141740522	97.83291134584417	98.42654626810329	93.89022611118516	105.235260795418	95.54758336464272	104.5575508338019	94.63864610771145	105.5003770108004	95.58272757777353	98.65245883457476	95.3968796587822	94.26640527816035	102.6173425990643	102.2118051491523	98.99759654416735	99.06861631375014	95.99600922822678	100.906491378065	104.0811013408268	103.3535683027859	105.4963017754921
100.8707889764212	100.4028914392488	93.6071821966416	93.25529519449725	107.0762950856974	102.979658318014	103.2838869742168	96.7440099140379	97.44991746047528	97.03083170392459	101.0302677285679	95.08023053320304	97.46683745481593	94.94541337206356	96.69942930315491	103.687429171204	106.8777970919308	102.6926558073792	103.1147315449919	103.7641988086836	99.89675355690632	96.35075734674007	96.28469911474099	105.4270429852899	103.7283889865029
92.74697951135535	97.08579541516777	103.4741961156859	105.9970191649764	95.7119872375682	107.1937423891845	107.149226433366	104.778428876675	102.5903916993936	93.52421000824073	93.98387350840895	106.3233809618557	100.4897022173507	95.8899217534283	102.7517026295073	100.0449046205177	93.87676560022996	106.5879272944724	103.5821319700688	93.95627291657068	94.91408703322756	95.07500231518216	93.95371584535346	102.7407568949523	107.1943861123347
102.1687800286475	95.25186125466475	94.92736241626805	104.5705961424531	95.67378293066031	105.0838070958306	105.6324840596785	103.0510079462723	95.48772245860555	106.3825373951015	102.8873766080839	102.5450277358371	93.71112031809292	100.771789979354	94.04245881296121	104.4253605136953	102.3911279214022	93.81995444467002	98.79198259870597	99.7022237605994	104.3135803915643	93.02767784921105	96.5737919319681	96.09490754409175	99.72670483394414
102.1440636572905	105.953506754757	100.2718285584195	101.2147403312359	105.173801259949	103.4085613243806	103.6358345373122	99.1475707726923	103.1257569990643	106.3614614197182	99.34810765601065	96.34254919313868	99.07085301665764	97.76334387863491	101.6295914264036	97.2895593990344	94.32779646288401	95.44688394005983	96.74996148564964	100.7868077154693	101.4748144655778	100.2328747841159	94.74519745273513	93.17250452351476	94.46822411128575
101.1830303479283	105.4438938312851	105.120622691185	101.0610592827267	93.11515664480216	102.9593118673075	96.84750348657791	106.5541909713898	105.1660536268022	102.6228232066467	106.9786202608754	105.2410810219295	96.07909240241574	98.97032541034423	105.2417226656693	105.2054796831829	97.00376766022315	103.9734243275273	105.4141402638387	106.2798333050069	95.20535862870076	97.76508202220718	99.73587552897112	99.5281271582013	106.3376370511546
94.61476994252195	106.037778868471	105.4288593444826	93.67430320710403	92.64148364884814	106.8915750416934	105.479114619259	99.05535321614498	107.3974678236022	94.86432257657663	101.2021051853372	101.7806404048841	98.02404355931291	95.16740715833814	94.93808844776228	99.86734484910802	106.2636809107129	94.31367451949436	103.0317250353686	94.74456053973061	92.73580032781751	93.23045157863621	103.4614752732168	102.1893179292061	101.7816833097481
99.09408551735736	104.0813317072705	104.7351974101459	95.15627693281962	105.2611977589511	104.8038675174222	92.4281425746107	99.71106295532309	97.9209832294257	97.42888602917786	92.51973541365746	105.6620180979691	95.03365853587476	107.2012933795102	103.568887612415	94.15048794113659	96.7431636266638	98.47919661588979	99.06244812856099	107.3054711038844	101.1924565478192	105.6951799345619	102.3461907850406	101.7143513474147	93.10523787832858
106.1645090778765	95.14396279454826	103.9284023596713	97.08283336920667	96.78835607604702	106.9393198206446	105.1949408368246	103.7781951436238	98.06482153219503	103.4924486481475	105.7253195040814	96.62774417803152	103.0229032789547	96.80864556360966	102.7821107782786	102.577508512397	100.1826923212132	103.9309217172115	105.0332637742366	103.531186157126	92.7416516576977	107.2798658198493	94.43255756102731	98.21545209241975	98.144861048149
93.46880903762985	96.9840011984256	94.63354690650851	103.279341296209	101.7036721905128	97.63713315372173	104.6314094676558	94.83130623766944	104.6946320573727	96.15335580776977	106.3376023126539	105.5236969822547	101.3478783792096	99.93545020715366	97.96161956070438	101.7362208844803	99.27104837136255	92.77853500378147	105.9777702380911	103.338408393977	94.611852540774	102.5523612551786	103.7092079808649	104.0934795593689	106.7430377936186
94.56409166039722	105.0235725573444	102.6017091954212	104.6053446946187	97.44429317163232	99.65256899643286	102.8902749523286	101.7059346153301	103.2478383778241	103.2198841938958	107.2213245821295	96.31693349202459	104.2554375577689	95.13778533132822	97.23983018499402	105.7746024745854	106.7676727458378	103.6111294453412	99.03345336169856	96.23111332904004	97.45096463441675	99.20599424612551	106.149836908674	100.8931978007061	96.92297429418285
106.0182633937326	99.3193345662289	98.65427865570207	97.07854585063797	104.9109977563115	95.97952722775085	93.8716674300104	104.8390121958473	107.4806670599806	99.20624668779803	98.03207887197125	103.8944383869521	94.7466319208657	103.2954063443753	101.0845570567738	107.3119013748701	104.3575866784027	95.27791389170511	99.28087881013015	101.333295239508	98.93642349016471	100.1025393149975	95.09047074294391	94.04692484291087	105.1903158498377
101.1659298470252	103.1244530175492	95.6781672492707	93.05141619601108	100.1709595094423	101.4963350835845	96.27047840211073	92.97519581538143	93.74347178420417	97.07649583074776	106.3250850372133	106.5708898159932	98.08267607708297	95.90337867419403	96.34586955548014	105.3892787588379	103.4283588646692	94.54675931403243	96.46499783131952	95.39210432012085	100.5264555262659	94.4668244019242	105.5914540708567	93.07529643683148	95.82803464451263
98.407235013113	92.85666400536039	99.66195931316216	99.76461959185785	103.0257457180627	98.60472608939972	92.71590081536613	95.94669730154224	104.2125870076817	104.6610316415072	94.15786651895414	102.3580067799893	102.0972850420617	107.2019682299147	106.5301219771094	99.1322044390795	96.01910217143464	101.3509154264042	105.0915289476703	93.45161078548051	99.67012044743279	96.22111441761254	106.9929314188736	96.27445925081699	94.46844864674826
92.62313541994178	95.85318456283969	101.6022475163556	93.73360686971309	99.90123483057003	105.5592440355253	94.14124923395575	100.3841165177971	102.1141656347011	100.181581420469	92.62439373598507	106.201150200742	92.89599359644322	92.75188005331307	102.5509398698476	95.75618442558965	101.5200675160042	94.17130807102139	99.39884086056549	93.5812416109905	93.85880358556237	93.13894121549282	98.94961916816199	100.4214348318996	103.2204559936056
105.5189103617442	92.61079170645479	106.2920055761925	93.34376075849285	102.492278940905	99.1771368215141	103.3119909401605	104.9338347745911	104.5911638673096	101.5723633552679	97.90039728940295	103.0013422028202	104.8414055482391	97.46067872427224	97.41000513417625	95.25827033792773	106.5139694796183	104.3073627597739	93.31262766662695	103.5695371256712	96.62845968425876	96.51215201264304	94.72431482112466	95.93348856165954	97.16901243563406
96.52998263579128	99.84893352695065	92.32466814166298	94.43089686595304	104.3464342192569	102.8487446445596	101.8247896691934	94.5265948421879	105.0750882258793	100.6248127952425	98.64964096540511	92.56094298269892	93.76745487753661	97.8475870116544	101.3632137285842	105.9932484291291	105.8957615241615	94.56020951232225	93.15587711785155	97.46571014389289	96.29512802587027	98.31548073759726	101.0715410000787	105.751901077768	94.87613735694249
104.654581158715	105.7537280891844	95.22890761422376	98.41733487611788	101.3745938025261	95.18100381401185	94.10480655539875	105.07173338664	103.6884171389379	103.0948099722557	93.20553203510224	93.45533642752245	94.2452539055536	96.79487030363823	106.1728250821312	105.477097398454	98.93469988273762	93.32781377883202	99.3161404377272	103.4628045628045	106.6764045523059	106.1341228381782	93.9014532829042	99.97737580974695	101.5560329534084
97.39055707005956	95.65075637516659	98.18215068798418	97.70999776644771	102.8706950026807	107.3409956478009	95.02531858208459	104.2150097450465	99.79322688282244	94.91099261981839	92.60884034109057	106.3281213469819	103.8886155172713	97.49652834067102	102.1087904341343	105.3896711545012	94.62014057826947	99.94212216754997	94.54419839302221	93.66375026437088	101.3364003902444	102.9504921653223	101.4334528545365	103.8843984376256	95.09385695217368
100.4115776327399	96.73040660949891	96.33665517372805	99.93114959968931	104.3748463678763	93.21031554172482	92.96587594234563	100.2164099403284	94.06923024823722	105.9096744167021	104.3903412871756	97.32409255245337	104.0165574198273	96.81762378927063	102.4397772569802	92.48967367458788	101.164095350088	102.2805547455428	106.0310975149879	101.4197881401399	106.0040100904307	107.0644621628738	96.15604296946248	103.8946138850436	105.0915101535116
96.98691323620335	96.99593583136867	94.8393504347805	98.46231241672001	102.4790066511696	98.34842334662548	94.04614006830077	95.00622495894666	99.8780821698016	93.83959186623639	102.6533636514202	92.51676128286705	99.48527436492397	106.4322227189387	98.9112757899468	98.4215183981877	94.90150922509122	105.6563805994208	106.0708341591079	96.04362649607292	97.3943987677273	107.4972582183757	103.0677659172814	104.6390776786723	93.14935215818562
94.19060076492515	107.0936148560285	104.9781300066864	94.13813235722444	95.49644066651301	98.22858909297044	102.3192136969101	94.05729542624252	99.79579443037511	104.8134299856079	94.46136361052427	102.7336358128939	104.2980120399665	99.353563566926	99.11077856390204	101.8456501868671	94.24996525994565	95.43724618927006	100.3973899813093	101.1768953549331	104.2169597456507	93.23712567570679	95.43784779697457	105.8531026857353	96.23936602654892
107.3308057173488	98.26600909603347	101.1782041795135	105.8860304526269	100.7976756833911	96.4941156148667	98.21860552482431	95.31431743156828	102.4929960755248	104.9557741068713	95.72356426928633	104.3568572724832	106.5225108256602	106.40336238393	100.1336407131445	104.5490433522101	104.8864593856858	105.3214163636812	92.47809058785863	96.73617623250961	100.0788756372901	95.12467337554847	104.6207589686042	98.64069885073718	95.51723430081476
104.5214555903489	106.4581943408285	98.92656590584141	102.7671188949079	105.3115047107654	96.71646456870985	97.08438513603969	97.87254307911276	104.973771336034	106.0055855563902	99.80239216794482	95.63115679242637	102.0839640762677	101.289116154102	92.87565242114674	93.24782417355883	92.11018220118517	101.9268736300117	99.10536245395826	93.28870081303259	100.2663477542867	93.82929787538258	102.9785207896324	92.75259949320035	105.9959848309778
92.50288158656777	104.2732120497413	105.8706719777655	92.88239566863315	103.0831611679094	94.60801727086702	98.31639702570571	95.23188338564745	106.4840754250487	99.36182962866265	103.4479070274531	94.11976115818101	99.4026760676677	99.58375660567515	98.79362607422368	97.90524894504205	95.64551174414726	97.04515490840016	92.4892604314859	103.2724044086649	101.0294801250821	104.5891788512427	103.6686243362507	97.44473103584552	104.9342495753203
101.7689339206699	106.6327242809789	94.39075173298266	102.0525892274759	92.82664846356236	105.3132176503451	103.0366201710524	100.0099613280787	93.52471044494754	100.794909984798	107.4396790296823	100.4187267221844	94.12792638789628	97.71663460685566	100.6695553182498	95.5943569949291	93.09047054975464	102.8872921497954	98.76959944878784	93.03334597183841	103.1228788539332	104.3376723507686	93.4723338454842	101.9230331698207	106.5144816010322
105.3594667996561	95.21480379913891	102.8311922745297	94.20864316543157	106.0366158882222	101.2136034280123	97.81915760287171	101.6289037976342	102.3585586743021	105.4291369046226	95.39416720382017	95.70673431931742	106.7115866869036	98.42171212678996	100.9857542381349	94.84456205372378	105.9294248931087	101.1962369676732	96.61947889040518	98.1577146411035	94.10356942959106	96.71278545253462	105.7607180631634	105.0503844726278	94.98085935427498
103.1555312362909	105.923641447349	103.1993823354121	105.1366819511762	93.37965291767104	98.79591823416223	98.25825305072873	96.79870301532119	106.8174641530156	101.8028613508316	107.1181324173507	94.22703943403253	101.5224220443998	96.80146367881817	103.8937332183504	105.639196060205	104.003238717325	97.86160738517793	95.10650738102582	106.2398275231499	98.87455644372238	105.8627715878323	104.7788083763937	95.64238286340739	96.32653856890255
98.29692658353325	95.80584879677629	105.795048960973	97.92889520030606	106.0730689340443	102.4693937935172	96.23461484223579	103.1537560875726	106.203886411743	99.72624202417015	104.8679703889078	94.6186722986621	95.35988591942019	99.7922202993399	101.3599776190832	103.7088297753302	104.7264900505614	97.57507430975484	95.78905308007145	93.75320756192396	106.6476005884799	101.0926244330042	106.0564535169204	103.3309770161808	94.36217416581468
99.53348329368239	102.216705222909	105.663744485503	103.2635521362898	104.2603591526385	94.01299167762974	106.5991663848141	101.1644820782533	94.97465499392287	106.1280488153773	95.11723642785006	101.5900905768428	106.9445056080942	102.1953551509827	104.998686988759	106.771297889649	96.89370717946628	99.21343158319148	98.3066204949174	104.9102741185869	107.4182446251087	92.84098640094462	105.9345185794958	97.40032620656248	98.69915032370517
