103.2500088773973	94.29223780199561	103.6402946868365	93.85774132890185	95.70475396259836	97.52323909087345	99.44266684536511	95.6005870244461	99.97897445933039	102.3118936871451	102.5440937396335	93.40204557264317	104.4862891092875	94.68120165307239	100.3080095115837	106.1963301924571	105.0956415202313	102.0204263597031	100.3228973215251	106.2920749680634	99.75087203499459	104.5015286877301	102.3348338400881	101.3961607766097	102.9722309836675
92.55904839306747	94.36148600401172	96.98571991704168	104.7531906905219	103.3143519445397	101.0694577991107	104.596467781408	102.7499344308446	103.5459905101459	104.7297399528268	98.29239140071667	105.2859041223897	106.3092865657984	107.1175904618811	104.3849810639621	95.88817394690618	99.15885848295056	105.5087313047947	102.2305997372347	98.16455587068053	97.28757362604421	106.9794010340601	102.7453885086651	101.7141027687702	103.723753323526
98.07091474405327	101.9480538763572	101.2711890987083	101.3273085776047	104.8687040119981	100.6910000247447	105.1394965002999	104.9356161870764	100.6766873949444	101.4683096326385	100.6553796470171	98.22112096721642	95.47644848951602	100.5879934139048	101.6450052161049	103.9346198987347	96.91828844017688	93.6468686813817	107.2889842892162	97.53114022085292	95.42864337106073	92.56500782330461	92.30140561315545	104.1550561545414	103.2677723788133
93.99873230368142	99.77225472515316	94.69477534631434	104.4910273104328	92.3692503363382	102.4386604093158	104.6725001937363	94.0636142269844	95.73155614798	96.16703774406531	103.9913530560111	96.22692967430349	104.6749193990196	102.4278324980853	95.69777410506401	102.9999650760556	97.61534922845013	98.13908269346329	99.43550447293626	95.75763757170098	104.8904796897171	98.63076952564469	104.1059448149996	103.2185820137351	104.4881958599429
97.68702787193747	94.23290612673409	94.720758221956	106.897417565937	100.7855071749614	94.65042588813067	97.49465554441015	93.50872758810493	105.698720617288	104.6054763415396	93.31058249130308	93.33805959256621	105.8912143196592	96.5469145795974	98.75171463135457	97.47644981810092	98.89595450370474	106.9145760292542	92.48561857312286	102.5726994283851	106.8699279639752	95.3700278141966	101.5525296842775	103.1925910210257	105.0851967638021
92.14407431162687	91.87771753319866	93.6658910038911	101.6750387081786	97.24614662612498	106.1612798121239	101.2413089936411	105.4962836018853	93.98513230833174	92.40650416727702	92.73063272091382	102.6170247529279	96.97623621004527	100.4509172025126	105.4103903024934	98.91287100716016	93.46297116208333	102.3287553223341	100.2944097141189	96.24219221832267	96.23792219483732	96.28418913652575	102.7149049165192	96.31473495828827	99.60282648122222
104.2272691524291	103.5108560928469	99.8141418572331	105.2600831138687	93.37633994595889	101.6880605312674	102.7860508070928	93.7554399998415	98.43518056690374	100.4015755092124	104.4195157969618	99.64486292405893	93.14352030124662	103.7632052670755	93.70129741940771	94.4972472041914	103.8251310000055	105.6589688780787	98.81000335210994	105.179784140864	97.93702892479415	101.3742597748885	101.6114327214961	98.8875372830084	106.649154162648
103.3728648731471	103.0388396976547	93.37989076117925	94.25501103920665	105.7986622671307	94.64480272539755	96.30807282540898	100.7240883501111	95.04891497642744	105.7456818111116	98.93811134990796	92.83564146362279	106.8663646957635	107.3949185644902	103.7159392251186	92.89395931495076	96.30151322722541	105.3070127778008	104.4668434975902	101.5212745781336	96.28309727347904	97.42713607241923	103.0768318519645	102.8677337478791	100.1026463686597
94.18622652489155	100.8064067000346	97.67856371456587	92.83926245813623	105.2063214485617	99.88631148578696	100.2206545199236	105.7751647860529	106.6841172252067	96.28966552404121	93.74544933931601	96.75742729458575	96.62349582051766	94.64544906077339	105.0663232745571	93.19925754654192	92.28446531218729	101.5100327449936	100.3491786736776	95.55552425224434	102.9180406385479	102.895466270378	97.62983189668454	95.38393330922443	101.7764034364043
98.88427904060742	105.8541593898103	103.3747871772109	93.84057793682487	106.5271801447336	92.57941839434972	103.6900849884783	103.4385836462618	98.17475459836673	104.9753662007216	99.98652898101331	104.1146460781444	96.96323447449772	99.45066855453675	103.6352719857082	94.22618521477841	97.05740561397405	103.6330936951857	104.7498992972166	94.70045720927648	95.66688209788254	103.0137986456799	105.1824311194184	99.93093855409516	105.3254998409033
101.2853176414457	104.559086124394	93.15027609850877	100.4870802182975	94.18262616869453	102.1595354035903	98.91574577354136	103.2666516608965	106.4375573954095	95.73124898607459	101.3582819244081	100.2612655937906	105.3585928284645	93.71430829516743	105.9819848143582	106.2636422802222	100.9115593385253	100.3802087011518	101.5540400232167	103.6281642981716	93.11332729920308	95.75141689686346	95.65775045345066	104.7644004121836	101.3017342865051
100.3643832161028	105.8022801301198	100.7650341314984	92.70675541221959	94.42743938407314	101.0322591796773	104.4712371882555	94.50499636343615	102.5160931694087	102.7681190548119	101.6721775121376	102.7580860803129	100.010133525838	101.4771328959622	104.4581142134067	105.5673602096394	97.24317275952076	94.80393945182703	96.25579068705814	100.271160686672	98.67703145947146	103.4227158989303	105.823276231292	101.1400329090503	98.60063160914262
102.6888409182408	98.20724013837028	102.6322890255053	101.3740465417619	98.63964944910983	99.66725672044986	93.86067332593656	106.8092064390428	104.1052850375218	106.1804966911683	94.3139048988303	95.12619293678844	101.612558148159	95.18595625575628	101.0443493610555	102.3416720254438	101.0876056250812	106.6996347830806	97.64956745808988	99.55275251685366	101.5199677544025	105.657778654546	99.93364618490801	98.65163195126301	100.4847443759833
94.99963818677747	106.4165440463452	95.38941070234331	103.4964116750012	96.52222218320593	105.3841592163054	97.13943097477143	106.2177118391211	102.1448979883741	101.167710711851	99.04857260638666	105.3305273596068	99.89531076043919	107.1099670213894	103.6036690955546	97.93208647071832	91.91112733838469	94.47365266243276	92.35254265847453	98.62029285950143	101.666183462428	93.01595693659834	94.7063926694792	93.18952268965826	98.2928980516616
94.13804415757957	97.12219682694801	97.72325219940309	104.0939457309989	94.65868054810927	99.42378614436822	97.92277356655762	95.10289611669967	107.1549719027285	94.39160453412407	105.9134195968018	104.2884341769656	97.19002548555214	96.99712388612302	95.30814737267414	100.5236931172441	103.9624648796992	94.15553919393528	95.42030017139085	93.46798792641178	97.11149762694446	94.24810063643966	97.27515952751423	96.75351658359088	98.72864697158582
96.52990356540074	103.3288685036865	94.90293216527998	95.29700771931076	102.5335073318902	94.02641335250014	106.7419572833465	102.4483556212216	95.81460469561428	97.78725745310821	105.1229442518256	104.6389071218388	106.8550842722979	96.11927785109494	103.655817142342	104.4714082875028	98.09496756582323	105.2828342803529	106.0311078888334	93.27743296671733	95.83414015862483	102.576711538485	101.5860973765396	94.20208411511908	99.7940746978928
97.9436844886994	96.17447419333314	101.2137571942352	98.81358666448224	105.1845288937279	94.60460177352334	99.04746406447637	100.5348451047056	101.3971097576999	105.228749743991	92.62844808010696	103.5390035711977	93.01175299586842	94.46001675606252	105.4209674149915	93.72397470168301	95.08870911093221	99.19839981085551	95.37467223029498	93.13258510613552	94.30666378026369	93.57939882693228	100.0111084714494	99.87009902537812	103.8758164801651
92.49150648148009	104.0123768726969	104.0365671553005	96.7486607969204	101.3484038213012	92.77607543596507	105.4675312842717	103.3132559193523	95.55710366404884	99.44509267228648	96.83947866890566	93.88802681153163	106.1362661324207	95.8848746499342	100.197479982733	104.5850931673016	98.58692675675964	103.4544075414393	98.77251530766765	106.6566677096192	100.4097920636563	107.0115103256547	99.19664744641202	99.3688959276713	105.2806130664989
102.670803484631	101.1984598286125	100.250714055453	92.66459374812372	102.2381662708925	106.6605461746602	95.12293440071072	102.6018598003918	98.15997523741143	103.9181501412265	107.3321230954367	103.9544368420772	95.28458757289559	95.48892035098089	97.59907955614045	103.948699001657	94.47972244781889	104.7572356062593	105.3330502446058	99.79842875018919	104.8885241355823	94.92037641466329	102.1753104193298	94.07811560206886	93.38304768202653
97.53349264570073	92.95966437716687	96.37696389841568	103.0788299833094	99.2889226138707	93.80021736664254	96.90771203098701	94.7544867266212	103.5368242563911	102.6237309189588	102.8703211285609	100.0788262847825	102.3073956726902	98.98788073646806	106.316865831341	99.58674041713924	98.61239701369163	97.38048565613687	96.17282693922806	104.0112804090789	98.5788260710523	96.98411330761743	98.82586907114496	97.55237535869826	105.2717152039576
92.70266220351373	105.3590564963631	103.4897325720084	103.8706474111508	93.39449185945051	92.99595852017576	106.0516782188254	98.01178606154789	99.03058321593646	104.6073915876936	98.04728028547406	101.1378679307208	103.4890218989544	101.8447084634997	103.6844400481161	92.37522618731333	93.55201313853529	105.5478784563018	93.1460900731329	92.41664177020489	95.02525970168091	101.6300491819907	95.43228482791646	107.2398090623342	95.74954866731456
95.11463064917682	106.1799347944811	98.61443381187445	98.92477202892717	102.6307620067081	93.67449219526857	97.42490900691976	95.31360996913055	99.84021075377916	97.91935445026458	98.66973434437317	106.8770831992285	102.3738023782463	95.86496295904429	104.4437801942929	95.20498133588917	101.3187529743571	95.05509403590582	105.8733082467073	102.8311668955386	104.8997633360331	93.04752789860929	99.79567517905602	101.0510547752345	93.01594324100076
95.14739960003674	96.33815423046053	97.8317604772118	102.4334292206861	95.72345136023011	95.8530604478096	98.63412977276161	98.08424903925362	100.9060185356065	98.77146596138945	102.8955790087683	94.69121035799444	102.6524071029225	103.3820728964284	96.42911189938293	102.8735212215461	106.5866257116704	102.3347880592277	95.95085736289622	100.7206724598659	105.8241700177777	94.83129359000209	100.3905618247426	97.72269182140737	106.6341567119339
102.138690352218	99.17211559788154	97.96063812064304	98.56238368292865	99.74743346952883	107.2307971650334	100.6677614438925	96.32153983193153	95.17678790351843	103.3869331005691	96.94190431551247	92.404173507713	102.2926827000115	99.55375371351242	93.18121026222967	102.9934745061864	91.6817096335441	106.9015548357396	103.6937196076441	99.01754044718518	105.6511606832153	104.9785284931634	105.7395311102485	107.4324111874899	105.0092778821731
101.6980427158089	93.79438795918864	93.96763414579515	94.312640774298	104.2714798532343	102.9437416811074	100.1917153914171	95.54920139898404	92.62839782581284	106.0159553419737	101.789818523768	106.6566288014492	106.4147306696997	105.4959267903139	98.84008446904922	105.1880774316425	106.9571973369999	97.21864884141389	94.36004311547229	94.94775695947752	98.45782901212603	103.51111913015	100.4489152054092	98.83592236995288	100.8719543442825
103.6624965939828	104.4863635549934	93.27676377116543	95.92679575421661	94.81445236460391	100.6528848589476	103.0883651181814	102.7895162298672	104.2361244654695	94.99058526399763	97.22502550329578	99.34536468548689	94.23366883437265	99.59452579293705	103.5067430769607	105.2616153390626	96.80636547137779	93.22510394317982	99.56420364764304	94.75499823398353	100.4135947679322	102.4269497516173	99.57371559267413	95.97002354210348	106.5069491381501
94.63896742801742	101.8264043704916	94.92483471553739	102.2456343151825	93.09254130266841	98.21262282437252	94.18001861509241	97.71392268648536	106.1163613967039	106.3020612515243	106.6464283001687	100.281174502187	104.6219422892561	97.01394204179957	95.73183395323878	95.52641819465947	97.80852851078508	105.9369127748105	100.8426315163957	92.8485805569283	101.085400689478	104.3818250868912	92.89947292804132	104.340216104062	96.06538165143515
106.6310631242388	103.4114591669765	91.84303348402094	105.8523430423896	100.648115308096	95.74284373420538	103.2311606888563	99.21881034141492	96.23265213621615	103.1446043065478	106.6325967574075	106.9091767149508	105.8185665824644	102.3469568657178	99.7472719205833	103.032444421729	97.62763661705092	98.71856609101981	102.6100575779287	97.82175991723453	98.1173140462832	100.5578440819815	95.46021658846998	101.4380914222473	104.0019537189502
97.71557113800245	98.24380298096777	99.2302094234368	100.3112736641513	107.0367762169641	95.32356273635672	100.7370504207998	100.945247473027	100.9968166089005	101.4297830525027	98.30397728961125	103.6523540381718	98.52290208330399	99.34854512891714	105.7382045912818	96.01157799622762	94.83521610466636	101.3623770912735	102.6298069861296	97.20615331047345	103.7682697342171	99.04438598706909	102.7911188871234	102.2915829297811	99.33947818551923
97.75210867714806	97.8259314357169	96.85398294855109	98.01827770259891	106.7493792177516	104.5080531281235	102.6155241761781	97.36830610792708	94.41659262985797	98.79005091847121	106.3496994025142	106.9403649003215	98.75818731374738	96.5149539059539	104.448608877911	94.97271574057793	91.94409402444234	103.1749769983092	99.14426706319637	100.3490678283145	101.2698162311117	99.33606915109605	99.39658659200455	106.1711691278594	93.09947251477075
93.12153900866124	92.90231437467095	103.5776549169548	102.3726474738002	97.4955238863881	102.0325605513861	97.58085324809353	98.84457092738367	94.39727296801827	92.67147848864369	101.0377041533647	99.22211978808201	102.1943069196471	106.852012914996	99.45563312956757	103.9276061891642	97.77104396208894	99.34491475488403	103.0587367164926	91.01849991720877	100.8906933206637	106.7630554246949	94.10360194681805	103.2205220446307	101.2630562520373
101.4803535679807	97.51523341701417	101.3467985049266	106.0002289958389	103.6353710701002	92.7988354291877	93.54314831942386	105.9739479124763	97.5048596617489	100.0916097939709	97.99455262506561	92.92889477494423	100.5131108758011	92.45175456874982	99.55974520347118	92.9870022130247	105.1421055632038	98.77797443078366	98.03755130918067	96.1949610367534	105.8435385153297	104.8473066709695	95.56534496996707	105.3096320226481	94.72435703324986
100.1949302342369	100.0714293755228	96.51206723187707	104.0331118782705	105.2085723043476	103.7511113261722	104.2740617240828	92.13182527440985	106.5085043952192	99.46286433207824	104.4143013572789	99.70359501141016	93.12040252673577	98.89712396088096	105.4886347442306	106.3153019326186	98.11637635032987	100.508949743801	97.64366243409472	98.19489131196592	96.07487082625863	96.75829024586609	94.55400732142742	97.6421662675627	96.86025981836106
93.9107752288385	103.7838136251153	105.5115125093541	92.05660576743054	102.6375231396139	99.22418902800342	98.24674347322673	104.5724922695185	97.01857958343379	98.37609808139592	104.3857787754679	92.18152708929463	94.67609985835082	102.4300249475911	102.8046176060275	104.8603731471244	101.9806217278175	106.3362057451453	93.10536847707385	105.6970163872034	102.2322219717913	92.61433949895181	99.10799324430471	105.2660600973062	101.6425066743023
102.2874806428914	92.67499556964115	98.895416435727	96.83916146156528	93.33554984194646	104.1641941131523	102.6572644032525	100.6757529605776	101.6767555511111	107.2201937433953	94.93307821980261	93.32279044985772	102.0348367054217	100.265464299256	94.74127225957254	96.42213117115617	97.99726665761533	102.750988567257	92.28714331118913	96.05672500622531	99.43521047248005	101.9870162072539	105.6711339062557	100.9762959269672	96.39415666438975
99.34580825725082	102.4292012818929	95.00624318641215	93.23385312102428	95.32767009607412	99.85444671473361	104.3048520626604	91.19944787359861	98.09255853615622	94.88733840963845	95.36601881190452	95.1161709772214	99.93882120255049	95.94561178342734	102.4518272519864	105.6267639227058	96.54321707755942	96.06210899062808	95.97615648489827	100.1286654992241	99.54378528137572	98.64980214555681	93.24866962593174	97.70178157010849	100.1266236556771
93.80736884118625	103.3553761329294	99.38642389955322	103.3115761164904	99.10238166166459	95.09460791254872	102.0093613546834	103.2265147155955	97.97064740815695	100.9905089056215	98.20686774903368	94.20680267911666	101.6113566256223	96.5317507557774	105.9744271304605	106.2171535904565	100.6276574567215	103.1738327579219	102.9434306198184	95.04295959411097	100.3716170533897	103.307438626205	105.1272916542618	103.7882075322137	101.7724602738372
102.8327047574921	103.2368315934991	93.16797810311996	103.1751420756602	103.2358659979663	102.4655861507522	95.76656962075182	100.1145292276412	105.5297851659653	96.76165815936385	96.12249039350718	103.7447545169822	95.73610331991325	103.1083113184331	97.41559437310811	107.390404872296	92.30209626573073	98.59389437422772	105.0672458823377	91.38871845229068	94.4252418937527	104.9594451804065	97.25680870957201	106.1997659678968	99.64668505120959
98.38167914493381	101.8538852164746	105.220779441661	95.08047542241553	98.82033550219913	99.25909754646894	94.66776253445003	98.800465681342	93.25128622037776	103.8562159522936	98.98412393034607	99.12660781640254	93.52023783003511	97.8625222516396	94.09377608631546	96.77260262513862	98.04079946040831	103.3187062290199	97.1462782773928	97.18720983427028	95.5368942596193	103.6614105210873	94.76883098223341	105.355919323005	93.58256411516939
105.0701370169045	98.19046691251944	103.45585779909	106.2920238470303	101.7611769932623	100.3753406529343	95.68080173927711	106.2130324597189	97.14115460199449	96.93480539031182	95.12757521668678	103.7206465260849	99.01251143008444	104.6873916826151	94.93606326025835	106.1440960986491	95.54917834848543	104.5544736339246	92.83934133214503	102.5832914947584	104.2169800940096	106.4015716282785	97.37747798227927	101.0915670029767	93.94758260905589
99.80469416376974	102.6879824058415	91.8105095171039	102.959041853984	97.13745892365047	101.6656931928465	101.1968761191837	103.44674913277	102.5152062581598	96.12024780864543	107.0617750540731	104.9188774749179	97.44580373931318	107.3099617031701	101.5849030239945	97.31811885983198	95.54645689951271	93.35922055277054	106.4326248843059	102.8491738097784	99.53049120751541	106.2321988905723	94.15267885466426	103.6630751412299	95.27105122992253
102.3960806517107	95.29636316585676	92.56055012807953	91.47111251914129	101.6412621077531	104.4769594573149	100.0589780025253	91.92600742820363	99.85673651860164	99.66081179648421	103.3442203717097	105.6022449806472	95.41978876571922	99.73381601849141	107.3784766082003	99.91804671755787	96.81113024482933	105.4978239604871	101.6702730856896	104.3115306571441	96.51163242414299	103.2655799510409	99.31106165300194	99.05059504283278	94.00431812469199
97.00042177002062	96.79486248714866	93.16649074942256	95.17363911242323	101.7701111772645	93.92971408682793	102.9321231277018	98.42296278278229	94.21008388554114	106.6617582966024	93.09735981128441	105.5228470712854	92.84218871518596	93.75185529274863	99.91781394573488	93.86888036646633	99.94142198609572	97.29476611850966	93.28497859352257	91.70304053889784	104.4396405281551	105.1907209962297	104.3714539992876	96.26414738130023	102.2198099329931
93.14692146551079	105.3006107457164	96.37320288686634	100.737384051471	106.1775577467346	99.49057467829212	106.7657449051332	99.85644826659534	92.89506585557272	106.285447436935	102.5235750387878	96.24788719970397	93.59537562379801	94.17985096544089	103.5026276212203	105.8845022135043	93.27685826666978	94.10492058534818	104.6693721191263	95.47486087524366	103.1295164683258	103.814209562868	101.5994534698505	93.20419935969034	105.2612690317452
102.0690088331946	101.2830732068977	100.9532256549043	101.5342203075763	102.8760973989069	106.9456603755553	99.65480645554777	104.3659936006523	92.60150067085046	98.17605044288879	96.34865452746001	100.1793968240367	92.78545777591378	94.43101532085919	97.43499354501654	97.59431240478334	97.05703090807286	102.2747125967305	93.40637169979541	98.62424164407334	101.5729510711851	94.16717467181252	104.0257434141129	101.427726151516	104.0818975714843
99.98686919824819	103.3092288623393	96.65032763438995	102.1084020754721	97.35001129997147	104.6755794880554	104.0807511418087	97.195997676432	104.1684732611713	106.9754341595443	92.98033858807572	100.575729718929	97.49864366765622	105.7533862504689	95.44147822385483	103.939362777629	92.3320071226093	94.40358581712077	104.2578825396476	92.14349362332801	106.218853844291	104.946351542725	98.41297054129079	102.5790144073586	98.56871202238656
98.89909516286097	97.72706202488645	101.8880246101802	95.33018847665622	98.49032979488584	106.6230094893522	93.23314119429186	91.9595491591042	98.81235172946639	99.36721821419589	94.83544911462107	96.5371157110564	100.2415508777876	97.83744998131817	105.0900243008371	107.1300299099104	93.79464109347053	99.74024984702135	92.78496364069133	92.60574767981934	95.31634857491797	97.54870006489037	103.9482311601243	106.4703589271718	102.8141317218208
93.19497962121191	93.35083839069893	99.89381617089487	98.58953169046384	95.79863636880059	92.61108318201561	97.47253189858418	99.4893098760497	102.3384960932136	102.8374595864606	100.1536525964794	102.3995651657002	99.47813087697537	101.1438601666535	93.53451399646778	105.324687683774	92.90761205766108	103.5761730834399	99.70318787253973	92.88507391037271	94.25004076493074	104.0240978811034	100.8553046361353	95.7475454851311	106.3824570055881
106.5562008594943	103.9058442572872	96.11552400320133	92.77844419968022	98.86110918832173	104.6164465209805	95.8623233631307	90.88525926220254	103.446783783088	104.5587417495413	101.1177229527025	99.84085794011258	97.35928034242534	103.7549668809667	103.9617076686461	103.0203530668137	96.76328157774495	104.9050467017609	93.05092694018748	97.14169218497905	97.6840968686847	101.324844009783	91.94912118150008	94.56337188633725	106.2451682478991
102.2744546139453	102.752302321214	97.56014874251875	104.2633505306267	95.48569844435504	107.1045780666386	100.1933140476189	99.53304950976681	97.33919833767408	99.56363083803858	97.69524608783267	91.29408454947934	105.3461776305245	92.12226942431116	106.7987221867701	96.49032745825879	93.82118872757222	106.236687493958	102.86821073646	89.91907556464187	101.4467644031762	92.42660524940067	98.96213645699378	100.7597979746663	105.8995682056394
