101.7449745075084	105.9733273995514	97.44684161289693	101.8754313225626	104.9486266138141	102.2273771892914	101.1144593538348	103.5899905140566	95.92902762410786	95.61306468312341	105.6839066516119	96.89239042057693	104.8192503710715	95.79286421996689	101.6385224896175	104.4089877954173	92.58299796639965	102.5981340320446	96.02778308493558	101.5471970223926	106.3036970774466	104.1746401970131	97.53007809796634	98.37430925865189	101.5544444113965
101.1540017482927	103.1446816281563	105.0327765995033	100.4053441276652	101.2554404641732	92.17405389162315	93.00278174627584	104.2978696244206	97.00902316228985	106.6626812149988	100.2350207333126	98.14945896276438	104.4200579893779	96.6213165976196	96.87365779687624	96.37634662537046	100.0977423838902	101.741395389599	105.8276890068742	106.4393007800633	103.4013983291762	99.70673303565987	101.8917956825341	104.1441498374669	94.09852134675819
99.27766529967379	103.9752057289871	100.2114177528541	92.86306448813271	99.93798037044814	97.80217317512438	101.8335236149518	104.7855788441173	106.77775983479	98.35772603529649	103.4098562384908	101.0640165140602	101.9672771146318	100.8874139019073	101.3385711855889	102.4847903565268	100.5847087562998	95.04154049194754	98.65744197177884	99.26702583731227	106.1778078782229	102.5058696468922	105.5966476702519	95.55724067853947	102.9459956691308
98.45222609539951	92.36579711210452	93.77327171985065	93.46081747051575	103.0453237744901	104.1948373956335	105.100674841687	95.82040988303274	98.42934791152867	104.2379025960081	107.3350815194725	93.52136028437462	100.7685987117204	98.29542029978634	93.68444436424525	103.7473666937686	101.8535669730916	99.12089652893445	102.6845943391954	96.36271805128187	100.7420808987218	93.15287616403748	103.0551197960947	94.18197273377326	102.7322952739005
91.75922887828848	93.64885909726841	107.3653778643272	102.9903166966811	98.36453775011066	98.18383432795193	101.7395111867714	94.15758163929608	103.0841281882196	96.92345545997	105.6738356844782	96.64941252541547	106.1042426088226	99.08165750350553	94.03079827699747	94.93215551637182	105.2976729936112	101.1364322879525	97.95325918578249	98.07170973461083	96.25347046882085	94.420074972564	100.2333117149059	97.00116410787695	94.82538486605516
91.7599460098011	92.92563915449779	100.2247955618063	96.86425571111806	95.64107785322612	94.98377188386296	100.4978915666761	98.50196206960928	95.14409842053196	102.9059411044256	103.6092706632357	100.1344446723405	98.66156348146831	102.1580497528496	105.2630373396687	97.81493446176802	101.2935306740745	100.6828991173021	95.25797310449383	97.51099417071536	100.1858790641918	105.8238546582554	94.62542879135589	98.99481111915536	106.6840074372547
103.3338423275795	107.0136905862897	92.92294886209052	100.6845693310436	97.81675163789596	95.25917348192512	105.9746931355219	93.4093689975777	96.76911029752027	96.92130551012247	107.2621089394406	102.7307862571512	96.20030269778806	102.4465296974098	97.3358605111295	106.4232878821604	105.0503828236891	100.4461669414817	95.37867604521804	98.32794511857614	102.1466928237191	93.96706097476516	94.06430839286809	106.5760196986013	94.96224780804498
91.74815476556155	91.93101434364218	103.520566980012	98.92352562377116	98.95998026015026	100.7067702202328	97.69378770407391	104.7736019485562	103.2127699007542	94.88388229837642	101.4397535099473	102.5828545452297	102.5314005569416	104.9071563571605	93.30474230721839	92.94883202307248	92.66525284467816	95.6135420257513	98.34351140842236	105.6354897298764	104.902107307603	102.0820914706831	100.7681680880815	102.4135443488252	101.5568188500172
102.6739854325109	98.78508645240225	106.0217166074785	99.06153570958084	106.1538213445871	98.84856224864126	96.13807603011546	94.82406641870462	106.7767556726765	99.13556909606268	103.4727321974953	105.9143876008597	104.6595792792826	100.9947941198605	97.6838930110284	97.7105059847092	98.58140736634347	102.2287269888161	97.65365160118161	94.41832143872679	97.52931592846248	101.8508673744849	105.1391548081399	101.5821088576971	93.60709087440063
92.95731165576055	104.4018865781775	106.9657551371338	103.3175562690149	96.37916168622529	95.82121073293139	94.80895706916741	97.722093147504	103.6383913148981	99.12509767285415	98.91144790512409	99.02506431434945	100.8953311547294	95.87792587852665	102.1528714461981	103.1152357764287	105.2191386060934	98.23023390164519	106.5467964193187	104.3966043094743	103.2081706010173	101.8995304293717	94.76742997080439	99.38495238769283	106.5288019965131
102.9686400712776	107.2535937871022	103.4848282082087	103.2037840040364	101.4179438639557	98.94738888098419	95.90950008921527	93.99595053843184	100.2145243691581	94.20683472271226	98.26262392822098	100.5509695903971	106.84667846114	96.99658749249923	101.4955897282789	92.57581270195574	100.3629621269635	106.0714977081299	96.95218620454595	104.9075657791635	102.0221119831328	104.7895789577186	96.06634838729444	103.6364835756773	100.1505762139656
104.640281705437	100.0873677077941	100.6661713008746	98.89828807592554	103.7290625513131	103.4963073703891	98.14312054702181	98.34423040053022	105.9661345559068	94.92697531354175	92.58620215866756	100.8724898900805	96.7730793827748	106.8724934671806	98.83563163217387	102.5300329786066	105.5296363507732	107.2158640092881	106.6982069109217	100.6672442140254	101.4387643064979	99.25779274604959	96.72286564441927	103.736032812609	100.7118677834843
102.2592485026404	95.21574586858806	99.86851258422078	93.05561803604357	102.2537301651665	95.02816867771726	94.0804339792697	93.65182723049428	93.13156482739937	103.6719378512196	102.5710690982483	105.7254156898525	102.7512181515033	99.05047820040944	107.0831711174817	105.7391645579597	101.4743096326469	92.57589685433759	102.5987231845407	102.6864016749513	107.1893382969386	101.2349179965365	104.6504028087096	96.86612054064622	106.4080581439962
98.61147852172614	97.35378528259784	94.29481195244493	96.95953151334048	93.20412512001741	107.2774032465171	101.695854880117	105.8311796391113	105.9743371292488	97.70229633123884	104.826133239966	101.9052977393407	106.3127053341585	105.4813508795691	104.2490712419631	103.4618419521165	94.90964256203807	97.75073202445505	96.11276395913124	92.40133073083506	96.65552947652023	106.1519302878528	105.5199387694664	95.71132330401876	95.92835727950448
93.9716882748629	92.68308813896169	97.92894123398445	94.99283157565918	97.1817556305981	105.0222415573676	106.0561677660234	96.63374612073115	95.19363226151248	94.33246182932179	100.1554481532085	95.24168000034888	98.59689149504736	106.2848288409337	94.54911204519696	94.62210417395227	98.58818803169034	92.50490190340122	96.27473061951976	92.53803664689283	94.91592755037561	100.5860653970923	94.02601185512029	102.8122469592923	100.5573803830257
100.631631039238	99.2666601491907	96.48281328679765	105.4646319134717	98.90386582980108	95.87814267241144	103.7265952248536	105.2250914241021	98.70088354809235	104.8899618702152	96.33164240490883	103.0645350114255	93.4050083251275	106.8675516643771	96.73740357953487	96.36034935248932	94.01692192638245	93.99742072123266	104.1422375219153	99.13885323508073	93.9404507696577	102.7702303984069	104.4529725449886	93.80019116547587	95.36910201910167
100.929427262871	104.8697469227062	98.1593231366339	104.4076989427315	94.59558693893987	103.7029987870536	95.01954028539373	94.32386903048378	95.42704555300335	98.73410537362963	98.69913122705096	104.9427156750617	102.8846407279833	92.86625409564884	94.48866361121038	94.27724980451046	94.00111514264837	101.2486671372715	95.48580500082201	92.99649824213081	97.63263812547281	99.02648506614338	98.41316120940823	99.54909062520402	100.3807595729391
97.17455426530321	104.7949065755884	106.1741751092279	105.9411417903631	104.5241836141212	100.7685311013378	106.9823262992287	97.11716649754504	98.60075882342954	100.8797721257494	100.9586784606263	92.84321369105233	93.50607096918461	100.6318654720709	100.1426639266278	106.5174243241636	103.8964659489516	106.0326787819382	100.1991925227389	103.0904769176792	97.03198170424925	101.8762200354434	97.06585205490875	105.6329837609371	103.0931047564199
100.8676345589857	97.51793321662275	93.64237310738493	106.082700174084	105.705161594494	93.46919163767424	101.410243728926	100.6862192285343	107.0257849603071	96.01851461874234	103.9327359990221	98.7970931684641	100.2014944817128	100.0486748244269	106.5363869319906	92.99077755236726	100.3398644215718	102.7033668274594	97.95475907078793	100.1292294293195	100.9247871684405	106.7328254440981	103.00712443256	95.41616834202223	105.9450760265365
106.2514305334158	106.66457748838	98.46998163702825	93.56615756399532	95.70537748770965	102.1711595823942	105.2069501846928	92.08368392992516	105.0504566571594	106.2594657718898	100.3753257164034	102.1742875079245	92.91742824586592	103.0751148138851	102.7937389785828	105.7542038279128	93.15742871133398	95.76316235103856	96.9892372942813	101.2955520277558	107.1321416648917	94.84176619968137	104.5726293842867	101.8357399626308	98.98200099822745
94.83801698657427	92.23318341153848	106.1545636569358	106.3347519574244	104.3511604138568	100.3069301314802	99.43462109425171	104.7173851950617	102.0777493912833	99.36903964651974	97.03366979790893	101.3154687231686	95.3113498122985	106.4849932943144	95.95349525973381	93.27790962001288	93.23271506439583	101.3869137729398	105.2151852921305	105.7363328123242	103.4177687310367	103.4294722532247	103.2885778754863	97.79917172756839	102.2060140939559
106.6426486679221	103.8202394841267	101.978611568248	93.5430826235968	99.16626456581538	101.7676644051346	99.98220033590626	96.43959361236536	94.31791962626312	95.33546856591047	106.4910468597924	94.37298155967676	100.4815741378378	97.46518829187526	106.6148840916132	102.60735013606	99.15885698660641	93.06641684750159	98.69733198074313	104.7189785013199	98.38402494128792	107.2949604960816	97.31075858690272	106.5876165629416	100.8621085412073
97.18103736959426	95.16181117459604	102.9697586884352	100.0646214852523	102.9728060045062	103.7756315078941	99.63234580948129	96.26436968685168	97.69970339384503	94.81913341898475	104.0092644704928	104.3436987608443	93.31324260119982	98.85600439795174	99.92715425222349	103.8343267053966	93.41032887497903	95.43275850342799	102.5602077543821	104.6054537006485	105.5422885432304	105.8558709394875	93.80630008343169	103.6847219669764	103.2617094487811
104.246082180616	91.95752221648804	95.84249596478455	104.6577498218559	104.9759794110684	95.93300176645639	103.5348763009505	100.3345372936486	106.5705807833468	97.78417878599657	94.00780402921069	93.24976236438364	104.9388254230389	96.20113001774916	106.7211405904258	93.8144576236281	95.04602624924736	99.82022872153506	93.01386085404538	103.0955650804407	103.6583010642624	98.92412832141503	104.8261144103423	104.5370955483171	95.37258949152687
93.31305314188047	94.73575517182725	105.6432985045729	100.3513153535814	98.2556622911481	105.931807326687	104.7684322922723	92.01644039464723	96.32343782770245	98.53578870318691	106.1559046591168	96.31058917161255	104.3313191309779	102.4505537617427	94.43240733376463	107.4320912236157	96.06320809686869	98.86538338363179	93.5168038393535	92.59757265516484	102.2751405678052	104.198005507718	99.88001541771818	106.7946734346855	105.6505475622128
105.6452258031204	104.8673825227808	93.28687684626262	98.30662282526504	102.4096615983179	103.2724949253053	104.9530928964762	95.36514986656384	93.89423033554358	107.358366611741	106.1309500621365	99.64652457668456	92.68127348006588	93.72010044026085	105.1992604709376	99.547526850504	100.5076621999156	100.6331769335984	95.56968294326072	95.75608733827866	101.2391747869911	99.86771811898191	103.1730137640269	98.79417799156046	104.1086848502008
92.09938988418986	95.75885848257627	100.7294655875323	102.4899787330085	105.8864656935039	97.90217274851466	104.674290675491	96.93711493708187	106.8982029727093	104.2254829182224	107.0240101587615	99.36046431440721	94.75421861682119	103.6370330678116	99.7774648395249	92.42578004962918	95.00694968353942	104.7287103535212	99.72680290172137	100.1236794320044	96.15950468789032	106.2229063992085	107.0700415065885	105.9598761176004	94.53628491601357
103.7070658365692	103.3595046587076	103.5027337792758	106.9175944066277	105.5925601326836	101.7606577981137	98.70990317256276	95.29172094070587	105.8831902155053	100.2174221952104	93.99705902272157	107.4475872973875	105.5292596388969	93.99527669274899	95.95660329022401	103.0053496402172	104.0268987281215	94.66047778960649	99.73532105606192	92.53846678491246	101.5357882988655	102.19843596651	92.584663237659	105.5354525771338	106.8538396969926
94.33800933420953	94.16128015928132	103.4855632816728	92.80492065070021	106.8836390067893	103.7405654031205	96.04447892876664	103.876530209224	99.1359683229504	97.84896168884661	105.8424720622635	93.31266449470479	105.0202492543872	103.5715793491319	106.6275109191941	103.7428989744498	96.2179164106941	101.1710612134102	101.0634088803195	94.0867591700502	98.33297109832833	105.7171374726712	93.33749326347794	93.8127008997504	98.22382692651101
107.1427572873786	102.6192016211288	96.95352378959738	93.25405960335515	100.4713588505571	100.4417039420262	96.72877241791468	106.1466665601221	95.42605143700652	107.1982102876797	101.0931575216826	100.7937400164419	105.8600031715595	102.7217212792739	105.8950336466627	100.5516554495358	104.7749621276839	98.60297488098695	103.1726322393372	99.12401079355763	95.90242033095761	97.40164555385745	102.5339390430076	103.18417270008	93.57113213194962
105.5676129818973	95.84224345149224	95.52444681295516	106.5109486132224	94.39445885799771	106.9573907816241	106.6166194865046	99.1753126413345	106.2550596527073	96.02366812979564	102.8968975323777	100.3272952111786	95.58510501208056	95.28863289218485	94.04380281153803	98.09724121147556	105.7783029770369	106.6280365088678	99.29231769338828	92.0885830118892	105.6364327709499	107.2578589975851	101.0506541575076	103.4857749011123	102.6527265999121
102.002849445126	100.1488806889032	94.8227222150916	105.4666185581354	101.6071252818532	101.6443733230371	101.9178266931706	96.57142627210519	93.3534727259085	101.3989653928175	93.16070795340828	103.7337229887269	102.3328112373889	97.36659039157097	103.3335619132088	103.4111485940216	105.367023428892	106.0515606847979	94.21869184290384	95.11521931857433	100.7952896604372	96.37343555586212	93.93735881713648	96.45318158938797	97.34762489293962
106.0937012619636	106.3104633249226	98.03602848722007	97.40932705106246	95.43528722044297	105.2715250934214	104.8615767044773	98.99004880312117	107.2291421743618	102.039557588157	99.95659143946955	104.6620859684066	100.8933012116409	94.49691353500913	106.6305850059111	93.97514656517305	98.46879760738227	99.95677815065731	104.4584631441721	105.4214506576649	93.78242564667943	103.7109970791887	92.69727938647563	97.47914517247662	93.42248822956
98.791472068174	97.19127132139586	100.290035071485	96.41321653728198	106.8896904135592	105.6641862335428	93.33799347926849	94.70091938949237	96.49965119874263	97.22193517869664	99.38186266907006	102.9050627758635	97.54474117176282	98.77426047661963	93.68373114468217	104.7120730754581	98.86524987168124	101.1880812572218	94.90493120458716	95.13283930295397	105.0974164728054	105.6087869840308	91.73862987344829	93.29877394031269	107.3655122127685
105.5087485763697	107.2885345910104	100.1111828941525	105.4702600357831	96.18193259292491	100.0797172196803	99.06136380006163	102.7200051553021	98.04301025475766	102.3761273777197	97.18395240250403	106.0563678146659	98.14670803886143	95.96877885655168	97.52647790359441	105.3137378517285	102.5141530888367	95.12240319993141	100.9153758900936	98.38578339935334	96.19705416331323	103.5669916096782	103.7117552703561	94.50882428231702	93.19319037803849
93.6392218548648	106.1866243511321	92.92283012078731	103.1015958174436	95.9956072164254	95.52066826051382	97.63927613434169	94.41517755524887	96.22462636680004	106.996796722394	106.6106025432095	98.26384179406045	99.08452249774805	93.12386352033742	101.7665462561897	102.1911553024793	97.70980077973005	92.86812657177127	106.7398426055823	92.27578978206026	93.48272525120355	107.2661441671888	103.772786808905	107.0994590733598	96.60397408582564
100.6238932034174	102.1715763138639	106.6047769422634	93.12583364976102	103.4372384310522	104.7267735195763	98.57356780391214	100.4300972047141	106.1993949632823	97.54998602697395	106.371791621052	106.4082749521142	99.95095097514724	104.2749786533714	95.46521741403973	100.3141635691741	95.35075619750644	102.4662644735395	106.2749085043015	102.5814737379428	106.1357047704441	92.675224838129	92.4510676689074	100.4089639882513	98.1523422999112
106.3144883246525	103.5062077855649	105.1541642930851	93.00193762589575	97.99680934656602	106.7717168055875	99.22639524221756	96.28088199375745	98.79864485821152	95.29116139458594	104.7377973560623	99.34940213258226	100.2243528130472	92.55484153368077	96.81910082322266	103.5148661797604	101.4085213599553	92.81434800945622	103.7870096719093	105.7285225586072	96.15295386436767	94.80293504105836	103.1275683135633	102.6950709295257	105.6427178089703
94.32129877141034	105.2989420452498	92.527672927186	96.24327784477016	92.65519827577381	94.47468750585502	102.1315151079594	98.55293970672797	103.7631459219592	99.38329754078912	100.8933187510699	96.6485247629147	95.62426726668191	105.305170474706	105.6245984570653	102.8080363773119	105.1685050957826	100.5585318009945	94.12513989652298	99.88038381468715	97.2139463374631	93.18031882916527	104.8193057710841	100.6978873899572	95.55034658145463
93.35552335894333	92.92339089005796	95.71998036194607	103.8196913310304	105.4113266070346	106.6339529285282	104.163187017885	102.8350316416408	103.8255334151839	98.17870187508764	103.747378770148	99.21711932174475	97.95391097678646	107.3608076831761	92.80356487090148	106.6345534384527	103.879771561727	95.39358606927783	97.16244220642119	102.9210259276548	96.76661078786924	95.85209976362256	99.26165737325407	103.3300231380887	105.8518821495801
102.6616917396204	99.00685903944354	99.42800950111889	104.3123400770984	93.91541391880294	101.6261131767475	100.6939942465094	97.71542308201347	93.89083608228759	97.23157100365147	100.7016632737213	103.156371775247	98.88426447712931	99.04521192980437	97.0339881296092	96.03775499153065	92.36844575930172	103.7580873404536	104.0576270399622	98.70462178433233	96.04170946962051	98.4960099287744	99.39161490347306	93.9335489768561	93.83575749864799
93.86201380186365	101.3549183637205	94.00285655917517	97.17858534829978	100.6678137572127	94.89596649931366	92.91143451229776	98.96029643786305	96.5570693180388	106.1169317258022	99.93841286868603	97.39887559199239	101.2243104380758	105.1597761578782	99.32344655199243	98.5989459854012	90.99096798641314	100.686899053195	97.59317582847986	95.87718779826892	94.30256924663999	101.3899139969799	93.36727695483179	93.8185216724579	93.38756387153568
99.28751195738465	92.64099666877276	101.7842316710287	102.488354152755	103.8184248744196	100.2113895942277	99.76786015874997	104.927825055414	100.1513371839889	99.98755783455502	94.59141434049931	97.21198931615653	103.1046452415362	105.2091568410013	95.73519633195068	98.94750310538814	105.3692597619376	103.2656315134115	103.9995050887723	102.0660461040929	99.63357735458173	95.26794521862811	101.1536583730028	106.8032443190283	104.0615473105278
93.01135705445591	104.3958643817629	93.16580685091074	92.38823233818617	96.01932557225882	100.5196897791664	96.01553978977823	95.42770570123231	104.5012919288131	98.74077451487126	103.9689391105982	101.3227116954223	103.062561864174	102.6450799421659	97.96521947007861	102.787325715792	96.37855226133691	94.26177721493181	92.41162929835284	95.23643687649471	104.7437401794974	96.35432274727422	105.607841622658	96.18747773061844	100.0851414871465
107.1545048915878	105.6591433774961	94.2481176798446	100.5888094719247	93.40513868383329	105.4566404392374	96.59038630015523	103.1787221492444	98.12622794895411	100.1997496179295	104.4368598595395	103.9141946309581	96.95081809184694	92.60034026579635	101.1927930132131	95.42415329206246	101.0683499813878	102.3394584591661	101.2060914739037	103.4262120845299	103.0222112602339	93.90225288353091	101.4468543297242	103.2648031932328	105.9376541165454
99.19378223730249	104.1712593408241	96.3896167879047	98.6645348138988	106.3046845095874	101.2048052467198	105.853291410038	97.92204005031394	105.1761493219114	96.32195908280856	92.69554080685269	104.8814482331259	102.7825108378631	98.84467853436833	103.1354934777296	102.0729636827098	94.39411514913962	105.5735703138689	100.0161643799834	105.2785326872235	95.67368838487459	93.23680658277949	102.2380837411839	96.17155795315726	96.51028744693559
97.07062452291585	95.99009306182376	98.21823756153263	104.1084989083705	95.7539620003341	94.51316073790997	92.40951941436887	101.43401191899	97.38739017302575	102.1721259594253	95.62585939740114	98.41082444317742	97.49115910548925	92.46660926842024	92.55937369376117	105.4587959242188	89.91223296572323	93.50767764961657	93.97078556390662	94.39453389298541	94.52590737190013	107.0492852984748	101.117396226263	96.39803472347214	95.17313654142055
102.7280021701983	99.22546950279538	105.714268781724	97.57034449011286	104.391366561942	94.39059199620917	94.64100544367516	95.1259569243812	96.60565878888015	95.35432461905809	99.2221272490238	99.20569745508421	100.7178536238776	98.1146910231865	99.93523625535491	100.862486539797	94.42758544787219	102.2437159367617	101.7677857783994	93.75834735909054	97.87065699959186	96.11243819611833	95.04099860949584	103.7280815652798	101.2567677504923
100.9940561814339	104.5450753392219	100.5419021098932	100.3748164229295	99.37387446775809	98.49799905330156	98.50823381333377	92.42669055164029	97.29248940808121	93.79226987177026	92.88634206271293	95.83328121097907	92.06703632202668	100.274279866148	104.2093456743478	92.94566529998261	101.7461431935863	92.21652284275451	99.3118322855065	101.9870694789731	102.5602872840277	103.757895153404	103.0570572154219	92.74603228974739	102.759724660871
105.9180928547396	107.1749148333642	92.65828856302664	93.0355990010985	106.994281816989	92.54936611839817	102.9031266462153	100.744027818104	105.4964818744289	99.03571937728233	98.40731093200039	105.9048278970963	105.5615025769879	102.582461698177	96.60957569027333	92.89823895586568	102.0959556664126	102.4201287243729	100.0968069652328	102.3888624556352	107.1097255609655	102.1709144180636	101.5189686003324	100.9717755641125	102.9595287379055
