98.8001051377593	99.06164087691006	99.99872462637659	99.99776209096622	99.48025682731803	99.51193973128514	98.85134733931625	99.95325069744355	99.46537618251753	99.43038405037206	99.72266275958486	99.99511872807589	99.98865062196896	99.82340348737452	98.88804335269255	99.00060403433628	99.91815657060771	99.97532676793415	99.98226076370513	99.95737578579426	99.22844298192213	99.59956087159001	99.94031151908752	99.77373112741994	99.14338153073507
99.39403298485024	99.56935966107984	99.90336198847048	99.95191759376188	99.83500615807735	99.856627606074	99.43061097866817	99.72543868283465	99.8259589318755	99.80499633173744	99.95629553917773	99.99360592170386	99.99781095883461	99.98873128993738	99.45524993424554	99.53544804816782	99.64590458389885	99.99217105593597	99.80456767082396	99.73221554728808	99.6829701368755	99.89448425855927	99.69618190704207	99.97387913255163	99.62836753551547
99.59488410755102	99.73494479637024	99.79996435327003	99.86755898070624	99.93174640588197	99.94168035484252	99.63089129567767	99.55131105744172	99.92695778910884	99.91229072178878	99.9940046131709	99.9511410501795	99.96979104015999	99.99866426441687	99.65136143885715	99.71373929917127	99.4472574465856	99.99560694847467	99.65824475742657	99.56268812072712	99.82753257876269	99.96600953015978	99.51953349136345	99.99889874662472	99.77783930784561
99.70263129490222	99.81854275710795	99.71105833233406	99.79753658378047	99.96888412782015	99.97602509226299	99.73274119273333	99.4257051657779	99.9658939786918	99.95610002452518	99.99707380851385	99.90464706847264	99.92821201537679	99.98775975381228	99.74281733774913	99.80021337652778	99.30905362866943	99.9777355102467	99.5400699013079	99.43119097437369	99.89358357641895	99.99104100674214	99.38564633291408	99.99701452408637	99.8533270193121
99.11548678862795	99.33466673177283	99.97716319904212	99.99470160541175	99.68672252807032	99.71071550785049	99.17575721736262	99.86586607646622	99.67059196150349	99.64467528357839	99.86472481304126	99.99499720867962	99.99527211843269	99.93113942458342	99.20454369656862	99.302776649134	99.80584189433569	99.99887184624198	99.9180627049808	99.87057316614887	99.48410671965804	99.77298652286876	99.83992034326559	99.89932365816222	99.40789013465631
99.51955789497646	99.67892474348858	99.83975233480507	99.90489567297793	99.90125170985618	99.91044820402657	99.5594426993483	99.62317482842754	99.89341252711353	99.87647658462697	99.98405047225812	99.97340768712799	99.9847062967297	99.99885472255482	99.57434393601585	99.65112483403732	99.52787734104008	99.99900047184551	99.7181453930462	99.63843343622841	99.77535842464189	99.94466747285072	99.58156819707811	99.99433894874242	99.72905014817115
98.94404098559104	99.17254193068102	99.9948121556147	99.99763565100575	99.5691410594047	99.60524141401054	98.99219602385232	99.92333301461414	99.55878124140773	99.53091608425673	99.79034933572466	99.99857222918489	99.99831271627852	99.87721885517735	99.02572338370518	99.13054714477482	99.87648510353553	99.99044951903701	99.96212078303435	99.92503951120619	99.34238773644275	99.66950812023529	99.90593728999549	99.83720031395337	99.26357386617764
99.85769324859123	99.93676261747993	99.48615451669642	99.6092377960142	99.99898214527965	99.99742253941466	99.87542448662047	99.13115450439001	99.99878483626109	99.99781279989448	99.99900478559137	99.77324591541985	99.80732967097374	99.91842271622423	99.88854975923516	99.92050444838426	99.0005158235135	99.8964159660934	99.27630133096487	99.15892083084906	99.97590961600066	99.99066683281055	99.08899742765203	99.95252241033977	99.95384762422202
99.47518837743024	99.63787740647666	99.87036997544546	99.92303396386788	99.87792607740721	99.89310323592041	99.50506133519906	99.65508354259231	99.86877770317359	99.84966999180691	99.97556090693931	99.98299251811773	99.99151677093208	99.99611307286752	99.54068026171741	99.6025212054264	99.56987173747783	99.99566393264914	99.75115795278612	99.66827930089765	99.74499757339674	99.93045220720057	99.63062209616253	99.9878865386174	99.68909158367741
99.73055880289937	99.84182383223329	99.67653409163863	99.76606945494034	99.9777845265381	99.98511213298758	99.75874922347683	99.37541054022975	99.97538953794542	99.96603075905398	99.9955180608906	99.89036069915733	99.91287161891414	99.9798718504185	99.77458971663459	99.82096101529156	99.26897165216806	99.96797173598964	99.50591398903849	99.39192215101596	99.90902512031758	99.9953488854644	99.33883688850854	99.9937230509364	99.87622678914441
99.75913875265901	99.858231668174	99.64539664321515	99.74575967675629	99.98516161760266	99.99071510004228	99.78272843559677	99.33051138753579	99.98340227453002	99.97410719397078	99.99469714761156	99.86952827553766	99.89947348864517	99.97140085303995	99.80022535183731	99.84578793084424	99.21795595461319	99.95910899799189	99.46529895056015	99.36218255421159	99.92762217546397	99.99751053040056	99.28644027501335	99.99069786111261	99.89469520498719
99.92920076341663	99.97960812450283	99.32308005549076	99.45450792085342	99.99445915058608	99.99697149090322	99.94381473590882	98.9112747385157	99.99673106628364	99.99578351605666	99.98364457895825	99.64942555293578	99.69878588779827	99.84059365064326	99.95226456406377	99.9728920951534	98.7551635361486	99.80795073463085	99.08211538204775	98.93409821544414	99.99766863284036	99.99036338983814	98.85150050430306	99.89444908140126	99.99091660808844
99.80716815025747	99.89753157655851	99.5870404198406	99.68603498449487	99.99483291902409	99.99735016484074	99.8269245791996	99.25138311614793	99.99267582439523	99.98827488012661	99.99505878401119	99.83099264431624	99.86436788839974	99.95579733409997	99.8356776486861	99.88325109626221	99.11692179635295	99.93363672262076	99.39718378939489	99.27893788918189	99.95123650660342	99.99693037026816	99.20766655852425	99.9767848945561	99.92341895737391
99.48104125021099	99.64483119475514	99.86117624418031	99.91887178646076	99.8838504514037	99.89707431318998	99.51683190554108	99.64703164869546	99.87819192838604	99.85990577154628	99.976468405129	99.9793278085269	99.98953939616902	99.9976242210501	99.54709960400795	99.61189416803184	99.56017270558434	99.99649518458729	99.74285884422216	99.65937359974804	99.75404272117518	99.93366896053392	99.61452913904495	99.98995153130794	99.69313955748241
99.59160075252676	99.72944771918918	99.79857517252358	99.8710545810206	99.92474517158352	99.93650249081269	99.62263013647808	99.56084481700533	99.91968273583481	99.90724398690327	99.99361335770959	99.95665660786644	99.96924526185211	99.99878084882626	99.64281736327646	99.69812355000037	99.45338650090171	99.99654042939721	99.65804257200796	99.56991510756299	99.82532418065848	99.96415215040156	99.51762274068315	99.99875012667869	99.7683869425631
99.95544757553691	99.99234235082912	99.23230868417224	99.37583531832612	99.9843220653481	99.99841692940437	99.96492162423412	98.79422545466528	99.98831544316087	99.99715264585925	99.97061717244587	99.58542332432961	99.63252660711829	99.79914218946544	99.9711955857485	99.98691843345003	98.61907837361147	99.76737281432587	98.97594481220786	98.81708109209382	99.99803981508494	99.99465638804843	98.74056057561324	99.85773076764322	99.99753297027553
99.81200254911047	99.90453736741873	99.56208775727524	99.68186645141834	99.99569642638716	99.99779989336768	99.83302451795714	99.22324334241758	99.99472189863499	99.99166027295313	99.99552443963414	99.82335466410285	99.84992596338165	99.94630801536066	99.84890345606119	99.8862315489384	99.09737615772592	99.92730302571222	99.36776742967169	99.24787631833156	99.95595763778829	99.9954320032859	99.17579091602255	99.97569458555837	99.92884485086387
99.99713653598812	99.99897496321408	98.92164382618151	99.10079066627254	99.9156418558249	99.96447150216861	99.99848856212967	98.41567041438951	99.92867925596757	99.98093686611381	99.88605540532932	99.34171702125819	99.41985332059241	99.63304561947704	99.99894904152333	99.99631484147623	98.2283126527997	99.57670615445463	98.62473873826376	98.43974164390968	99.99856085103409	99.98344130461749	98.33257429867398	99.71128767822654	99.99214870546554
99.82792175851391	99.91516267144635	99.54887910525328	99.65548460626931	99.9976670454776	99.99889781346856	99.85074123469857	99.19714207968198	99.99691787482354	99.99347472433558	99.99654958654264	99.80646095888606	99.83984765505829	99.93915132930059	99.86215569421491	99.90087980512841	99.05799604225975	99.92077639124638	99.34867062480984	99.21867523193146	99.96164811645885	99.99343765086715	99.14303002385995	99.96923375427336	99.94110036034481
99.89557613437235	99.95990439361061	99.41164449130171	99.55090944783829	99.9989482551932	99.9955909451359	99.91008146935033	99.02982880588877	99.99872261536757	99.99788505093352	99.9954138708956	99.72219292896695	99.75850024728541	99.89136159066059	99.92227623824344	99.94796544586076	98.88147902092211	99.86559467370778	99.19852281255385	99.05239478278718	99.98854215575584	99.98891240162918	98.99024089738089	99.93063674876917	99.97508249112025
99.59927766369395	99.73827925036251	99.79687462819034	99.86981780236015	99.9301320762092	99.94070749345528	99.63056700818497	99.5420001796243	99.92503812982032	99.91065217702771	99.99405696895467	99.95035957500528	99.96687501079178	99.99840506445473	99.6539936585386	99.71372107954646	99.44315500850639	99.99519704182373	99.65022372856893	99.56414441514802	99.82869316296626	99.96668842402103	99.51576977116706	99.99889978980829	99.78359978424277
99.594599634288	99.73508104157777	99.80031481443866	99.8725372683819	99.92876772366938	99.94168448878183	99.61485611332242	99.55926753517566	99.92300649521535	99.90976249349134	99.99340803092551	99.95569214914549	99.97038315198985	99.99885007766927	99.63949264529957	99.70308260614242	99.45099515345083	99.99599999624454	99.66407680768218	99.57018006703981	99.82393711364455	99.96472055599408	99.52634487951593	99.9986934601872	99.7726963280213
99.59477625133223	99.73542067210799	99.7887882376728	99.8678517432557	99.93508425269799	99.94284204357504	99.62655801198022	99.54913653329353	99.92661039874233	99.911442099173	99.99547186065335	99.95079977499437	99.96618736358177	99.99827078167705	99.6515043935177	99.71776518292778	99.43532687446951	99.99578802345383	99.65413625143107	99.55907213132606	99.82667762323186	99.96899088755269	99.50378272203517	99.99896543908049	99.78037913978865
99.88867570412849	99.95276979479456	99.42323226626456	99.56240836472307	99.99897397589351	99.9957051237153	99.90612945339561	99.04427372525976	99.99862234345471	99.99849045004711	99.99666733568563	99.73401992399305	99.76730812867739	99.89259562290643	99.9162987504108	99.94578984111784	98.91271821527641	99.867618609327	99.20928746587575	99.07113826412461	99.98744152781362	99.98902828125456	98.9958141329583	99.9354241926432	99.97054338011391
99.95243905409818	99.99035400984513	99.24063045448953	99.38164621594869	99.98552576675571	99.99886991823703	99.96353473113625	98.81402447780719	99.99037635471016	99.99673358262997	99.9710347344334	99.58984591923623	99.65100060983461	99.80570145747672	99.968309406305	99.98447484444328	98.65042394990137	99.7757908556617	98.99347210777159	98.83762135126172	99.99862741665646	99.99375974136146	98.74824558275009	99.86335685902887	99.99693397432958
99.9634974044745	99.99570075553052	99.17566232143984	99.34184600666391	99.97661135507434	99.99693286497919	99.97229606422951	98.74252525085552	99.98193907582699	99.99867949465127	99.95865147098932	99.55677108203791	99.61116163113786	99.77768437764622	99.97860036940061	99.99168646736351	98.57704658520082	99.7360436004173	98.92748439792229	98.75579195981392	99.9967910781964	99.99752818039755	98.67245685178479	99.83439154248576	99.99876291099034
99.59130069110955	99.73060910575056	99.79383669732755	99.86999837809115	99.93269175592822	99.94078630300805	99.63052023522447	99.54741317882207	99.92787976349766	99.91186896084605	99.99448515192776	99.95147740732608	99.96798133803657	99.9987367143143	99.65202960714582	99.70496832277016	99.44423617151595	99.99613973230257	99.65768219388825	99.56021193503399	99.82411950133714	99.96554295292003	99.51018933626806	99.99888927049628	99.77390130973129
99.99315737400659	99.99854978189275	98.97601948391915	99.14951604265632	99.93032631132687	99.97416301602577	99.99703324966104	98.46647970083447	99.94165315118187	99.98740120941072	99.90638713786348	99.39081447352743	99.44642682284847	99.65417043929628	99.99822587168856	99.99732713226273	98.3031177870877	99.61388998720723	98.6805965972621	98.49727501341621	99.99864375252314	99.98795238024904	98.41085516562239	99.72864938908675	99.99238970816043
99.99766830130378	99.9987143397078	98.89213926060701	99.08803533242666	99.91386459722537	99.96343190048343	99.99874583621661	98.38347863986979	99.92436789640357	99.9784595363204	99.88564703658646	99.33683763860709	99.40300903534659	99.62214766897335	99.9989225424783	99.99615420642644	98.20888746264787	99.57715696555533	98.58974300812416	98.41304989647959	99.99832465301132	99.98072481128921	98.31403260286967	99.69651079898749	99.99217967088371
99.56203658608047	99.70403146419936	99.8245727615264	99.8870144815894	99.91765954502392	99.92812306522337	99.59569931491811	99.58861557123603	99.90653562513741	99.89132038817957	99.99032026664179	99.96215159186984	99.97862482371673	99.99895591755742	99.61358959715841	99.68159683674065	99.4881734373372	99.99789501164406	99.68277244968726	99.60033092824762	99.80135443724629	99.95520361878957	99.55071953733065	99.99707129377865	99.75431519676886
99.97532480455588	99.99808907419464	99.12427119866364	99.29522294530612	99.96909999278159	99.99380400284956	99.98195464810401	98.66442108541486	99.97493604578868	99.99833584051891	99.95018623445675	99.51079783400812	99.56705891504485	99.74547900334912	99.98537182365769	99.99560898910455	98.50452414564612	99.71540001031089	98.85784975806405	98.68989594718118	99.9960803970492	99.99883279696938	98.60597653862479	99.81414365270324	99.99782389870133
99.72032241333861	99.83384667083507	99.68639007887717	99.78497344322386	99.97473530751353	99.98157987604202	99.74521445923092	99.39921905661176	99.9723989023059	99.96088243469043	99.99622615624774	99.89752254417151	99.92278708680774	99.98405490980517	99.75497676123322	99.80907371880727	99.27670508394509	99.97210563165717	99.52621153468667	99.41553699999648	99.9017710889885	99.99334518131111	99.35651976229487	99.99647022178986	99.86436130289155
99.99417286616143	99.99857230152197	98.96758362902705	99.14974254134827	99.93272306336105	99.97374807171626	99.99677035402009	98.4870705865373	99.94384663066643	99.98685719984806	99.90147799781435	99.39068674561172	99.44933613077418	99.65683741191286	99.99789382171555	99.99731079912793	98.28714931766932	99.6095782592468	98.66913258091778	98.49962982806584	99.99865912730205	99.98790699425757	98.40384222975224	99.73319290292208	99.99238312944294
99.99502377632109	99.99878112013259	98.95276941526518	99.12576564367757	99.92682499576233	99.97021597787803	99.99772220424251	98.46136653257467	99.93898122902958	99.98577339487758	99.89689706056747	99.3774824873166	99.43153939354276	99.64526585377935	99.99866538475666	99.99686120735956	98.27674712293575	99.59887935289652	98.64755444597091	98.48772755192839	99.9989898892841	99.98736936260838	98.3904742409687	99.72108627663097	99.99220607408394
99.99132924934604	99.96810698736152	98.53331342365902	98.74860858385568	99.79168854382071	99.87583913347099	99.99048562018503	97.96829825809861	99.80801711197465	99.90501226610925	99.74806390071076	99.04459528810861	99.11865797468396	99.39642662552546	99.98347195434417	99.99508829658438	97.73576002095977	99.32807807798693	98.18568022834954	97.99781058543978	99.96341523866593	99.91222431699512	97.88519394737571	99.4952849114797	99.9963058297094
99.9983923235301	99.98425728095066	98.67059283463408	98.8745161378137	99.84516525419728	99.90931862356869	99.99759784702729	98.11048672381514	99.85797118304471	99.94017357118238	99.80000349954142	99.16143311450205	99.2304597971285	99.48771108832449	99.99503946553109	99.9989452950482	97.92943363869244	99.42257338214449	98.33162954512919	98.1394013551712	99.98086823496133	99.94321295615534	98.04865918436879	99.57017903994405	99.99861802552877
99.99865975182156	99.99779858538507	98.86689483530785	99.05074098910671	99.90239871058235	99.95409532677714	99.99889926366041	98.34312747070204	99.91571680672463	99.97448376661883	99.87291291483281	99.31177462532244	99.37787938622493	99.60255041108711	99.99878889129914	99.99596672093351	98.17408271356945	99.55371245973718	98.56618526019606	98.38300945507396	99.99658574168021	99.9747561305348	98.27317886119981	99.6833931378295	99.99249302914116
99.61496370205147	99.75485100465269	99.78133223552911	99.85833575242509	99.93945103899425	99.9486741804171	99.64438112057428	99.52896056629251	99.933747129292	99.92294485489839	99.99691130874142	99.94354282145721	99.96176753194956	99.99793382422045	99.66953684301131	99.73022990827384	99.42153548367891	99.99298328148417	99.63862097884117	99.53696555790464	99.84539433517513	99.97324257903169	99.4859234037081	99.99893191223609	99.79245648157418
99.99900281001021	99.99046436878778	98.72789136117265	98.92227423325279	99.86037812174258	99.92487516714425	99.99893091972065	98.20334618218588	99.87666556222794	99.9531984794877	99.8252889359953	99.20575170313663	99.28539050839919	99.52561165344262	99.99777305543272	99.99759141035514	98.01079622208762	99.46527000401719	98.41097505415843	98.22325313321268	99.98905106788018	99.9548433627486	98.12196456914957	99.6081357689384	99.9958739411509
99.99893817923481	99.99065377125056	98.73253555123694	98.92593031293335	99.86165007879804	99.92319033870764	99.99883057368812	98.18299412472766	99.87375464652204	99.95290522243617	99.82579823554238	99.19640399463839	99.27356565467396	99.52363715964115	99.99716376556714	99.99772769443479	98.00416243917515	99.45863588935859	98.41344347185532	98.21074245872626	99.98810509572927	99.95500370144043	98.11948968739212	99.60391755158781	99.99606442042153
99.99460551637731	99.97413632306358	98.57469377125879	98.775629794563	99.80353513735849	99.88534446686859	99.9935255386775	98.00013173767238	99.82871588059787	99.91698451398109	99.7641901246879	99.09013023080719	99.15412722314663	99.42151908822861	99.98723608687628	99.99651180505631	97.7844888845779	99.36207396847232	98.22615228354402	98.04104757919451	99.96901690831891	99.91892525678254	97.91753147006303	99.52008709657315	99.99757628895355
99.85793937943784	99.9346865815659	99.50098516833106	99.6189346095972	99.99896538249648	99.99768498566459	99.87614795202033	99.14781974401082	99.99889500212245	99.99737135288095	99.99900478887642	99.7801658712702	99.81608979740724	99.92546303286744	99.88258663708753	99.92142899834123	99.00040296348168	99.90060813364727	99.29748082747838	99.16823963738555	99.97404600368934	99.99095247385276	99.0864844203099	99.95391928716344	99.95251537812445
99.90044254724269	99.96408210916353	99.3882621288511	99.52119489372645	99.99832895839525	99.99553774576937	99.916673898295	98.99826096663602	99.99897401541769	99.99706028300552	99.99447525848363	99.70608318059206	99.7518989754581	99.87907355769066	99.92903272504516	99.95449785749824	98.86857033790677	99.85038478289029	99.16283949672159	99.01776279858635	99.99051838970578	99.98888290955303	98.95922869076064	99.92141291535212	99.97812982065271
99.98433135202109	99.95537541389787	98.45864588559485	98.66992774002827	99.7618158887052	99.84694835591546	99.98183680825041	97.85586578547284	99.78080575818603	99.88224052216404	99.70653301060014	98.98382589004589	99.05574921592371	99.33503165167535	99.97461391094696	99.98969664220679	97.64545318733204	99.26772762425517	98.08447206002633	97.8977657653307	99.94670420359651	99.88997366548956	97.76180939558007	99.43590760973426	99.99106488293495
99.81472543415877	99.90429691712379	99.5645527456024	99.67642851103915	99.99587526773092	99.99811411379281	99.83857563648758	99.2297526116372	99.99540695330315	99.99144939995593	99.99557626585225	99.82234293744268	99.8551828258057	99.94857613234477	99.8490010822065	99.88739758019864	99.10376238442225	99.9277131802335	99.37722803927201	99.24392664280441	99.95426040175232	99.99532635123765	99.19093353941435	99.97353890573936	99.92819366801979
99.98435432618496	99.99886889385091	99.05555456800242	99.22545459419307	99.95510454436733	99.98576795331618	99.99051633964945	98.59158044029049	99.96083483369463	99.99543505654258	99.92981174807986	99.46393512696345	99.51267195599108	99.71493241888484	99.99272612323601	99.99862035233974	98.41455811024051	99.66990345838536	98.77073063749204	98.60244049918374	99.99635429495353	99.99563404632671	98.52485385818477	99.77860793587693	99.99450206802418
99.99888343617791	99.99734225380654	98.84615564679355	99.02834757762955	99.89663155815794	99.95204208119289	99.99874747784204	98.32438697401741	99.9093823218751	99.97238331564043	99.86161090892048	99.29278664551261	99.36211196375602	99.58864935671097	99.9988229481071	99.99599019000594	98.14275611891047	99.54054857074539	98.53674773223979	98.35686556159092	99.99580399977424	99.9726245057591	98.26427948333965	99.66627633153871	99.99276775889172
99.97169009801102	99.99709917181454	99.15069538535442	99.30776434459688	99.97306437409674	99.99512073364264	99.98008549495744	98.69767389917938	99.97866950911626	99.99889181823298	99.95274920426527	99.53361097226768	99.57782867592853	99.75565050855909	99.98274972385798	99.99427966945234	98.53655627009596	99.71962376442329	98.87978713063542	98.71712158081404	99.99626281766932	99.99895256603916	98.63686606604432	99.82015332882327	99.99898816888829
99.78502614545948	99.68763517372318	97.48506287995676	97.74356015855794	99.31005017069285	99.46294888514801	99.78140262434262	96.73095158782449	99.34611746848201	99.5347048384038	99.21943331937292	98.17572361380159	98.28372219199547	98.65703823250789	99.7449431380826	99.8059682595111	96.48082666972033	98.56021689044842	97.03459732024812	96.77916078873146	99.6709878418732	99.53841325139095	96.61689351861115	98.81342695918539	99.81457926915807
99.89980742752211	99.8364206178214	97.94143677596304	98.19285544834655	99.54258046717972	99.65870128963647	99.89907604023519	97.27700137924326	99.56016544037459	99.7209447900844	99.47670540686327	98.56295865409854	98.6632635688876	98.99673146897602	99.87725332075479	99.91706946180723	97.01764037547058	98.90732241818131	97.54535445111439	97.28355342083141	99.82580669466353	99.73320880968276	97.18965617717005	99.12011791022643	99.9211105640519
