75.61381203223731	72.23789417975337	101.2418537589028	104.0240541281099	90.14577176076784	94.59548175837536	66.76910382182228	89.56009220424623	83.37523040860178	94.03407631302477	88.66306060392316	99.55946545905034	93.54649702763699	93.91393712826738	64.57545996068487	80.69061076481991	95.61397002786431	98.88185938707136	98.72421878039536	98.58714347320313	75.00917000788749	97.55241054468743	95.33872523120739	90.34491247442379	75.51724239275723
77.48466241431578	88.42496406593217	103.6270388380122	90.9734773520689	98.82248784579603	86.27350101069722	72.16617651393145	94.17475866317241	91.4942651759803	85.66140624012338	100.1308194861188	99.99751928374567	104.5316347843422	93.44003766143425	79.01257060242776	83.98923074805896	79.87576880689629	97.38919148175367	90.81119074794671	92.34662552788569	79.16676117307397	99.81198602307302	82.30418471348942	101.8819556292928	85.99545390266513
71.89220308575113	78.3147400131746	105.0334208271501	94.08094212352097	85.052138614946	95.26372599731855	79.45177305061131	85.8114401268639	91.03534792423734	90.65836383005123	99.40293032228315	95.22238969246969	103.4662353582048	103.5770901087698	74.67590362455172	71.72870089189698	84.54014842435447	101.5400986235336	101.1189012417582	92.97629046965228	79.31436463271743	90.01516197486069	89.62321570117219	95.52559513156936	74.22326873046231
89.71389638498074	86.67004684817559	82.9905333078907	93.75200958513996	93.31031816835562	103.5064646301501	93.73250199312976	83.46276444081488	97.44082720029419	95.72007973979588	95.41056245196651	102.6742570558738	100.0347059571455	101.7450460495473	86.28448922346735	83.55795495151014	72.83083293292128	97.32665873870644	87.26177517907317	83.50241689095475	99.79866743649436	98.9472250014643	78.12144620817357	107.1099102824225	89.55147929479757
86.0099049633982	95.03371114371078	90.06946370119437	94.67584638968674	90.70218004849143	91.09435416870883	82.51284778558716	78.70176245550785	90.25884847785881	97.73525113024513	99.79773534860333	99.9843448842506	93.67542467005809	102.6252016226205	82.87315360150478	94.52567183734587	80.63881102341895	94.87299116233477	89.77900500281586	79.86671113930211	87.45841015987374	98.69463129099827	87.93555715704719	95.71479299028509	91.22801218868831
85.65145932224785	95.3002597418669	89.51307115080549	81.34855105391256	96.99964213363495	105.3993197964465	95.48559332740484	64.85468375473845	95.6679867653033	92.38552141065624	103.9803186542193	95.89147103456388	98.27513810220893	97.4694820940591	99.2915719364985	94.2269446243269	58.84102062532619	98.40039265394211	72.05064833369023	77.62792139954087	90.84841951745597	107.0267938068004	69.78940735892834	101.0551341641851	89.34552615032945
75.21180026904786	92.11478324081449	95.36076735012136	94.3257737222838	98.21965798133351	103.2114810765736	75.80334819575629	88.42852129698295	98.04496955611802	92.08643188048713	99.61411147139002	104.7678281974859	100.773014732089	95.27705332370084	84.10552671461015	88.73828599227704	78.76725069594816	95.02410158162493	81.94546158143771	87.47745974125776	90.64533497920195	94.95623177606934	87.83314669796555	104.0895271678119	89.29043756536562
98.8819712253721	97.82384191501932	85.62865188622972	86.4716390940246	106.710106943708	96.27717512950949	95.65583467834882	75.71412084958952	102.994513069793	100.1156585968881	95.87577079098391	98.28622845904269	95.4400628353102	101.5185131101298	88.52263741164846	87.78395048907667	63.25117922130686	91.6665252504954	83.0483075148757	69.51981703893317	98.36674834069177	103.3761629274859	74.57338354589159	106.7829050015891	92.89338848267947
62.26413410555865	63.1960872905259	103.1216977766665	95.73848664925674	88.92585019482924	79.50899615746924	57.58243326402122	90.21970924047014	73.80231819881379	81.57170964810652	85.76040550156752	97.82603754163802	101.9800870267881	95.70115013526163	64.10616809900556	64.35443985132562	102.4843456358767	92.19277848698123	105.3868536952394	94.11114957320743	68.80967704964294	86.13323130909087	90.79638702350996	87.53696460104065	65.7472632962819
91.03846398531599	96.11823156330584	96.86351152447395	89.24444847165363	100.9448072340606	99.54840268411677	79.89978431172669	80.72387253246677	96.1703998136849	99.46120221348731	93.2642581998886	101.0416564880056	97.65897984750018	103.3864012170935	81.80517481487583	84.95556293861942	71.71720581007401	102.7428473051526	89.92909328691189	88.4086726893689	94.70464991130002	100.4034960540809	77.08733080924841	105.9091251463515	98.9215099640772
99.0813507099391	91.71997055662916	73.22739742334234	75.72386976427678	104.8341920113104	96.92023988210163	92.74892530769614	60.17905606085161	106.8342140802492	101.9201092643079	98.07280281330981	82.1661598445947	97.47972085152664	99.72246173145312	96.5820793712128	97.6616474383779	59.59035959483623	93.40017083051993	68.65861793242844	65.91688552112257	101.4289889776742	106.1603532122761	58.96583951777581	100.7643237496569	104.0958969960771
92.30579704124699	89.09240947349051	83.00887611200436	91.08472499587147	97.70851262057872	104.2471235656595	85.337985354596	83.48489782731667	104.9908111229064	100.1093986685933	104.0647731379308	93.33515862398647	93.24583443679813	104.6380774148691	89.35457839933584	93.797363817692	70.95366546773805	99.7487663873689	89.60539793019893	78.66038646929574	94.77199395739305	96.285262721826	70.3926312111353	93.92666018796849	90.51723302012959
81.01706763359874	100.0955670417702	85.36786427649245	98.7979667528575	91.87006131245423	93.8637173113633	82.64341797090654	81.95681554693216	94.05789238682979	101.4569117139693	95.0427892285625	92.41477837411932	93.6563700985629	102.0203534683025	86.74770302756426	85.0057880397288	77.13057277039668	100.0268932840134	75.00378361165912	83.69614765718536	97.89322123310504	103.5427019671135	79.79596648664588	94.15154871808365	95.5329279375614
86.01432641998221	91.59846882835039	86.05786027531944	82.11517631411547	93.76368738984853	102.3845905064227	91.79200466263644	76.07062373683451	101.4617873169815	100.3153829376	98.20842382524361	90.68961123993721	97.78116604902173	94.28473814001133	90.35197856243646	95.73255001323699	60.45298487654901	92.47090785822648	71.81947816066995	67.06417330802962	99.36971158491727	98.17384067932078	71.81156229208628	101.754187369084	93.81122372443652
93.24676673371867	104.3559513908784	74.94578178940135	85.20701345938721	94.72321642185628	101.7305744361031	102.1555492164804	66.76956898921789	93.89622092112025	95.8915301120899	100.6816225022668	91.01227260447098	85.92602876050115	96.83772488840765	96.66798736306626	99.45086159661631	64.7952704638729	89.56851394809709	67.14551315465145	71.17472681772932	93.69543783034528	92.40399650845258	66.53725397400896	102.3629047911042	104.5772561012496
84.64403399956431	82.35259010707473	88.72845231778307	94.26845880031615	98.72256584691392	97.65316075618996	86.63369009286865	80.05866770947411	101.7110885401911	97.30881834832644	100.6471011194572	96.50794735852605	98.67849175530357	102.390019825022	83.39996820020588	88.03615495578339	81.36087285080168	105.2464302518298	84.02423475419707	86.29789889501208	90.66204820261079	91.28881983129214	88.40581915660042	97.59334199641241	89.3711454920401
99.22246995167862	97.50146285669157	71.05914274672794	74.97147911876961	91.96444463765302	93.29561834609126	97.27025559699626	48.38680348930481	100.2600440192911	102.0366428028026	95.78560987930469	76.67800418553007	89.19849704170016	86.92399922433883	97.11153668859113	102.0010588958433	37.93712570954809	81.34441344016021	52.68806901805559	50.86092726781381	105.1582585788329	97.04862945659177	49.6841717587	90.02063774911653	98.38873226275007
79.94941101515485	89.39034071420525	95.87794625529229	90.53312809893002	89.94817085643928	91.25534897297948	81.73066102985963	87.94082823541379	98.59059913302534	94.32148032474966	104.6741352584752	96.94242979810728	106.3522753290623	105.0726213823322	82.9139884298841	90.75862837546326	76.32902765406004	99.44258297430102	95.55696399293052	85.28369591440524	87.02687393791904	93.02508480862187	91.36700363991842	104.4634187727259	81.6483301617851
79.73283252508337	91.65247535824223	84.72139141827078	95.36353985738538	104.8780666584731	97.57915486634916	85.07821729719407	79.35532246013889	102.9884930190763	92.32259307404891	99.79236630310014	97.19211390504846	104.5900394543957	102.4070141950031	92.78385449748454	93.8969973661987	75.41807839668391	102.7884951052688	76.72964631017607	79.52906371293741	89.6498603221094	95.59814272756131	82.59789428969299	102.7103255677892	99.78986816052134
90.88365077814709	93.12373852311516	96.5366124774412	95.1549905791143	91.11165868799125	98.82598874704902	80.89748025960277	78.51141280168174	105.7989883429011	97.25473390462534	92.85454728304036	96.91777310333403	104.8661253617313	92.20127901815628	89.22373769171091	93.23184193517007	69.31062618759633	99.19245647945274	86.31650757966362	80.64367658569319	96.9513289286985	99.6236098098716	83.12498353481801	98.86753635107564	87.4591346677792
80.50834743591614	88.47570872039319	90.57438712678432	97.46908789688663	89.69229816473964	91.58635532350181	87.78236199064916	78.82292957676839	97.18184478558609	98.25502840606245	99.29460966807453	90.95288173536333	97.42953563133547	106.3376151374207	83.09936551700204	91.58049112543212	84.22235927960523	94.66933173236409	83.23941066328015	89.84896108427135	90.04919417021001	94.09087644211235	80.40594002211378	106.3134001350882	88.25939683456886
87.37599101756618	98.10943425555617	89.15795776117785	89.83971165305738	105.0881597710093	99.81973966626252	86.19767011334717	84.23225566618605	99.50449453882915	103.9212612830762	103.1152615359817	100.1049899887019	103.1514993275253	96.19929854799433	84.34165965228763	89.31406153136935	78.77816134338833	99.47408774289322	89.17216858017599	84.38989285110638	88.35948833545474	93.37612872590768	74.92753765378797	103.2276964515768	90.43350839107976
66.58148565577791	74.34752643105105	103.4702335097456	94.28291780427755	89.65463903871584	88.98838015411174	75.89528541400493	83.25664541780945	84.87014055529998	85.30731478723503	94.39880488775863	102.4753045306654	103.50484088975	93.45584880440724	75.08784128765424	81.64743289433228	87.20087927684494	93.82126948475761	95.33326122407738	83.66050030581171	92.46439397482952	95.62930296512779	85.62424344118384	91.7781013265748	82.59949538574585
85.1076008944725	97.46157926359616	89.53346273374426	84.61051912214717	93.60069138074931	104.8215618623207	85.25109352217014	75.94903768138474	102.7730745307548	91.70755636378321	99.21534076057557	89.22956792182671	103.3001360433367	98.06834393446292	87.59961859875122	86.79801319505182	69.06903525358102	101.6833122345701	75.91738735439428	74.70889125520168	103.0426464648458	92.77017121924338	70.35322186300117	97.46316947344448	96.21910367297015
103.2825114320441	105.7167006596341	78.74232349100001	77.55106125544653	93.74966195443558	92.72557814759797	96.94031383154595	53.92694518082352	105.2201723745758	103.7912983274885	105.2019159644923	85.30372522761053	94.23670890439517	90.04666969074458	93.3524824029202	94.36365359893034	51.66421166041739	92.7963150677826	70.5690951539413	58.96398112799316	97.02672192971754	97.16292530151705	53.249143176998	96.98013599819936	95.35014567009156
73.71768473780071	79.1155304657554	94.49141770484658	94.80799791037285	91.76072965158808	89.86615278073694	72.16506059303853	93.74441198588994	94.36901181553912	91.3556458279738	92.54698575635271	103.8354053552608	107.3168595266217	92.11971438175206	78.36712485195933	85.42702879607515	87.41702778608192	92.46265628303036	86.30071656905918	90.35988891237987	93.08855870741502	89.24509156548207	95.31462906732324	94.31520733102995	88.76225975763546
82.403227051877	82.97100493544528	101.5654157732885	94.31843844424253	102.6682731558016	93.85110911403925	87.79056855974173	84.94272396982265	91.93814265549422	97.97340027738642	105.3987969596687	106.3449323129793	95.98200553268947	101.8549560593979	89.22356265455093	81.93303481256372	78.70867854630859	100.1322210270669	84.40943697555733	93.09759491250213	87.59147706272911	104.0126252201957	79.79267922841808	100.8717724467947	95.37263424337721
73.25413270808372	85.03223510177273	101.4036936496199	97.69509985963992	85.79057715356129	87.22006243021076	82.1328447238194	97.3429262776837	85.26745787866257	97.47577752238736	100.3893698577979	99.09538116346738	98.96142690807289	101.8419256592916	82.94643633578954	75.38176167768063	84.08630848990413	92.58435248312772	94.70151168325799	95.07570543721015	86.24881613728931	94.27190521277328	91.20554067575952	93.59970966953972	81.37733801798073
81.57202777428364	88.60655198280438	98.85585180735282	99.52245591004147	88.05414989521837	92.12271865381605	71.67260561539722	90.73084972802357	100.5768228509345	86.02484871571401	97.34141545983545	93.7723594026924	107.2712202505028	95.46209884002165	78.33460841413921	77.14958134391769	81.74372752798109	106.4041914940466	84.46353740084102	85.70427184797708	93.75298226911917	96.64439173627788	79.98625459527484	97.59633619138401	86.6006352157178
98.9862719734333	97.26575786211743	74.00975784987662	78.91691101867491	104.5115013865832	95.36557894635027	100.8328389509603	55.74862870111127	92.52308497212857	104.1765334916005	93.24076467536457	84.29284676173361	85.90397804814617	95.09514912181744	90.13402886384127	105.8366766879751	49.32874349699273	88.44545665293472	62.32766797494723	57.45789666397944	96.42289388408361	95.57753924828073	56.53216018421961	89.14304371780011	92.82573356751341
94.628907072985	93.48842306553057	65.52844300500155	73.16915473903882	96.51807705055428	104.34303984511	96.32768413949196	57.34292075830369	93.22949554742142	104.627787226637	106.1638215861959	84.20734170014268	83.55745244111939	97.2600902808756	101.7070262255521	98.87145860389586	49.96549004749062	95.11374072998969	54.09495730960654	61.77265449824682	93.66454611952621	104.3494803488943	49.41270633497138	93.67442567251965	95.5285444329277
104.4356573968782	103.5386238067389	43.16188940166471	56.98341752281459	88.93806812508252	100.9976620361701	92.88803905637964	34.47734907885882	87.5506852905224	98.24772138995132	94.91498731602374	62.77869299835999	75.31467324368263	81.46800047221582	95.90535379206554	94.48195658647268	17.00713434061964	85.12236303573536	32.20450409986044	29.93411649995052	104.2808625309138	100.9113680636151	20.78964418674976	88.05956534026262	101.8959945316525
99.20337934408572	94.25136411669313	39.23340484321406	54.52148688432919	98.43950095514469	100.5092123844308	105.7600181086952	16.83300471206704	90.16555122139032	97.59006899263484	91.33209391468756	64.35411585347866	61.11140748904805	71.15026246567155	105.7791613636489	100.6338337522746	18.76812116377176	73.6779353204596	27.40119970635167	27.44119124327784	92.83473014049864	100.1892363258176	12.07686743035428	75.03569106957742	95.493872641165
95.12483776700543	96.93690130721738	71.8247088585844	75.44632480126022	105.0746668275425	104.8446647212369	94.1065000670382	64.44396546085875	105.6170793350391	100.2553970524141	105.4689015348893	82.2886285656125	87.01120906168114	99.03407599817615	94.02223551771117	95.67305385530494	62.155858294727	95.05156572771033	68.65952662191491	68.49683311023911	92.69036242208132	98.09376396511358	61.85822272499193	91.28072157016382	95.07632524131942
96.05873912618264	88.96221052103897	83.07226417205557	82.77052099359807	94.3270716067393	92.39855463549333	92.97482617130584	79.43077766041746	105.1634436802536	96.47183710102384	103.5121078726937	91.2121146919223	95.4380502901154	104.235375201123	95.36612346067096	100.4178007161898	73.17676365004047	93.17695156768997	74.57278993149319	76.25629287704699	101.9830094994657	93.65134180963355	67.47230206639793	105.793524224565	95.05278209182116
75.17855654689825	81.70829318704743	87.52615899829071	89.9112342573483	103.1264842757741	103.9797111614781	77.7389178938174	88.9704069722106	95.79094295251281	97.09979311321545	95.40599030995548	98.85228934582911	92.06913863402242	94.61954777060893	90.66083791884311	90.03382564294887	74.64653219445339	97.60265128841964	89.40292310160396	88.0507194144175	95.06200351432162	91.79811945518466	89.5525335253925	102.3764405913738	90.7813827624864
101.0723095441774	103.2694757551167	53.32632019252964	54.98060445434422	90.30649981009158	96.23154022702191	103.5196394565568	23.40360915438145	91.50151051545066	94.58884537160498	94.01535017421122	62.12680831062738	68.70107215560682	85.69363219119128	93.70754789049299	105.3888651369525	18.22808103374183	71.23888905525871	40.6778892834172	31.96963780313175	105.7257778520789	105.0188835032472	28.80362938998538	90.9293434549306	92.4981567506851
90.85266347376782	94.24283753015487	86.71571906165535	80.23096426936597	92.7997556965923	104.1230552810274	92.87809607310955	59.41601259754231	96.55587417375145	98.94640247333739	95.9636865256562	89.06065931567441	91.0572411988032	92.35723794806572	96.48855156551187	95.07439244405008	58.38574299662363	88.72095173792451	67.33784886029896	71.96621801627255	102.7849449169963	101.2649238236558	59.40766172261803	96.49830830484115	96.60990523265656
94.02059577782795	93.09119546825168	81.75739204504384	82.75901778373644	105.0332489517155	99.25117060238199	96.66690902809711	67.06150709101981	99.24876534333279	94.8077267228839	92.383521580112	99.23771009023491	90.1547895118813	91.93506082251223	88.4300711343144	91.84532042552965	61.57294017333875	103.1896084794028	76.00629695908381	76.31099143344838	98.85841043049777	104.3650651244145	76.57811434839788	106.853474293316	95.55659373728727
102.4474820141247	104.6117061171907	53.51665795050796	62.90902632251138	99.2935813727173	100.6018574479595	105.9148859501551	22.54996391977787	101.0446205061825	103.6885566765822	99.16939243465481	69.1266987802137	75.99263139961305	83.10869782342155	97.04708562169834	99.35938187387765	26.34215256383347	82.4394547684232	45.06239427743484	35.50596081336188	106.124867882787	102.0358883006141	19.40315416591213	90.875415922377	98.99377673193418
99.15821731886228	102.7247311548615	62.9503716297164	72.82031094825416	98.10993548878456	96.31099616564651	99.41954548504468	50.07802417605519	102.3416656344726	98.22533937453652	92.24656833113406	78.2256986176566	85.4953384805624	93.3283474112921	105.2541848747658	98.67768620693467	46.68817849449206	90.20328972049052	54.26778895801702	55.04897550544641	107.2131712813973	105.9822612763946	44.54786165343948	86.94743519793025	106.3076592840677
90.36406116921056	93.83531783457477	76.04805307251596	91.12611696432167	94.90564709179046	103.6737659208115	96.79686487410936	64.35938265423813	105.1449277083875	99.42128871837313	100.246294395635	85.73176169107511	90.70734881272418	103.3463702036174	94.01918423362724	96.20283215525876	58.27967482020621	91.69193615790809	71.37737846493769	66.48871541334751	97.72938762592919	99.94117991276305	67.84174248225659	94.51036358480874	101.4094562753011
95.80652215733076	91.24446383634874	76.6593688130521	75.87810335394772	93.42918308419358	105.2493845937184	92.9971872297488	56.94288460427008	94.69673126159385	94.24133715662906	101.4506197775869	94.66432515039099	91.82215028858822	100.6133861767957	89.97816994564613	91.98349973323344	49.41620011552446	89.74966299198556	61.141609970781	53.03895283134489	103.9107718303204	95.57462981837251	62.14666747592221	98.36227230706311	98.26906941914498
103.4721698360453	104.2193351718767	62.91669775266544	68.90253551819815	104.3296847809881	98.84254323916755	97.55737207400458	41.9234687809212	102.3592096506373	107.022848313753	94.49741613678812	84.28128683779502	74.59343526771376	90.28324522084213	102.1553121332708	100.9731763492336	33.58758874012377	89.99480321569783	50.05360402769123	46.38539517313248	100.7926622035484	104.4293054526801	41.11299260996159	88.74521085833958	92.84778720857587
94.98755548204446	102.7517701370172	90.38511082468752	87.43398510830355	96.12799446246457	106.8187489150793	87.0085056306286	67.48886021595888	94.54448451410721	97.75378262771866	100.7155002011216	97.95629360078678	96.91040709957353	102.7453829022248	96.43616282091492	95.56021284348748	62.58535620500379	93.72793820537835	83.72699513209211	69.00775275864395	96.65462756871246	101.5155844183016	67.42045025206069	101.6494632336892	94.81719988814359
99.37680883278284	89.10842419261324	11.60363173077794	25.47396333208832	82.97213863636598	78.68796771330264	95.79439529055719	2.530944374344138	83.12138734310581	95.7062130316402	84.96970990166723	38.57487198866722	47.56114163301983	53.04600836310698	93.75277127806891	92.62587326325796	2.288596209732326	54.06404048545652	1.313401088300559	2.341434835714753	85.73607828346941	87.71166398802863	2.583739484053182	61.6074273777475	95.80650474899058
98.94567249584377	102.1730274733006	58.59294905910176	73.28977178774207	104.9414813199439	102.3849421130364	102.8751560810991	51.31275263301816	103.6953075173562	104.7783358113038	92.36111916915249	77.14136702790465	75.38140950506801	93.46518804633313	103.6006246015565	95.05956307332015	43.22691073949856	88.29408729408073	51.61914283868329	49.63723884196344	101.9369439776956	104.8759463743756	43.07313589214677	87.32798297845183	97.22692347515333
101.2612924277105	87.94636651166607	20.47071863782963	22.61577300632289	82.57538140758541	81.64670706964405	97.77044713878877	1.169856050055011	77.29281232190766	83.85217171550228	72.98452183157195	45.88895886644496	48.72722386457498	58.30490240090725	90.53596877797654	93.24838528595097	0.098451326331379	50.07693025765283	1.422537117977693	2.424674166217354	85.50524188548808	81.84658575027542	2.677646735602524	55.98239216122172	99.05876642423097
100.4459904872209	89.6021885152923	8.139509967328763	24.008759745469	78.09665382428798	92.29497518572582	99.18731685840621	2.484967021386853	83.00766877857755	80.29675267278834	74.8172961492762	41.60378179030749	35.76523980773541	57.22273969108392	94.11948797114496	101.6622056497145	1.925129830808952	57.88508893595187	2.994601001281538	2.836091222696052	93.51792368715618	83.2393388485655	1.525661354175802	59.69771473463427	95.40086594104633
101.8753823938886	93.01683190524666	68.83173152292895	75.5297311189681	104.7062701067125	94.78007565723357	100.6813550719599	52.18406022552715	100.3394489613475	102.9825881467993	99.95585017012469	87.45255214367751	90.71430396481924	95.50579701251917	96.34658089409525	103.4507692186704	52.37000572325653	90.77979261609205	61.39410917681219	53.41972882331032	105.962377969373	96.72025203464761	57.85735388118493	93.56729767732779	105.1389586577204
