93.79091742025669	85.15684068154791	91.05556969195956	91.51723889545312	99.56207547541173	110.1059539411486	93.35421801336042	100.6423623477293	94.86187995374605	98.87808868242189	99.19055453100151	95.48440072961652	89.95942067713682	105.3546332495594	98.5579739604852	89.4522228470402	103.2789683016592	112.1536539930794	110.1498939753324	98.71940917671971	85.15612741402494	107.0827865432733	86.60978758745243	102.9297055509768	84.09300204834462
99.56871936679559	111.4584919416667	84.8536043723213	106.16266410518	87.29804890105994	90.04028782779613	91.7503032896464	100.3304854620268	101.4880160890494	98.44031567878255	100.7388608535266	112.1107420045742	102.2388913405623	88.98947525353259	85.62216302120815	88.24151889638269	98.3836238229931	108.6724560314912	87.15778996491626	91.63587287826924	99.51212752708385	109.3329931333515	100.864795551495	109.8486113456862	94.19933240433593
111.2667542379314	106.9483256210997	93.2393500054162	110.4000097812811	112.3328088160644	87.83959338895768	106.9093479334538	100.3383445691878	93.98617798964838	89.86639897136723	110.2047038486906	97.89264981727086	88.76691988623756	87.65546461919463	111.1899621499672	104.7483006852478	111.0144863474127	86.22054727179111	108.6774553466866	85.40968769356289	101.1166584444133	99.19350063557805	100.228005904738	112.4173952180029	106.6239181881352
95.73465640475483	92.13316501829271	94.088725176037	112.065600477399	114.2489428922949	112.1174770903408	102.1157519537567	96.94619531858083	100.0877774596993	86.8243419391514	89.98392994193998	95.5937187739125	94.30428266053485	105.9390108272869	90.23007371586817	84.16315426635761	99.44454792884106	100.0213813503185	105.5470973824129	109.5388882671165	85.35821407666899	114.2353737259324	109.5762198498409	109.1537962410387	105.0436834457796
95.82049952836425	99.92913545879156	103.5799242366288	91.48440514570362	94.79590888105152	96.56928462004613	95.62433444731249	94.60509614913587	105.7823635690701	84.33328918184981	89.98309261357089	109.0913779366961	96.31632401000044	93.26334923613716	106.3380785243759	96.79121234170876	109.2321630421865	113.3478238009945	99.24743218526744	102.1231558087992	105.277112814232	86.05254156718165	99.05044931553445	93.62124752869163	98.92036616676552
108.3526323949896	106.8703392039971	90.62608002216217	105.2309316833422	91.02357671468762	100.8118135330297	91.72603753030637	88.34104837967003	97.54751087772252	87.33674989489631	101.2080910659774	90.03673689183287	92.97626939519492	108.5714290201543	86.52312772446216	99.82143431185935	107.771621726871	99.70439412741129	84.06169332524946	92.83705734535094	109.0721568664615	86.11279758319547	87.78419631763886	106.092175711022	112.6302317033549
85.71531917703621	89.87721674737	105.7907444285241	107.4896517812658	110.4682161607003	107.1769660591068	93.07042282317549	85.57155223141416	109.0285769218623	99.85132551149128	106.5312206053052	113.4253649445073	100.4858563129323	106.264117323195	107.9237379123404	82.15083225446369	101.4893231638217	96.79675199303854	100.056687823854	94.19416016643103	94.72448223214894	104.0967538795151	111.2089102232427	106.7196828096194	109.0338323936417
90.06630803453561	112.5358282101891	83.09240512306208	92.01591812314291	113.5948204571297	93.52077043352092	90.5166961662518	93.38459670290931	112.5951641407036	114.8282257546781	87.75964084422102	101.5738441658103	110.0101950066907	103.0163108739819	109.7281157049942	112.6678746188161	81.36076148515376	103.9950276886192	83.47669777131209	80.04066331286664	101.6791615050681	87.78054667201577	80.66649297561355	99.84709890883562	93.89714133755699
103.7807839320813	91.35794873269637	89.23976196533252	93.05959397383157	99.99198689785229	107.7426227094422	98.31702739279967	103.1050000555869	103.7645407776595	113.8489282985429	101.1461368988186	85.4767022821069	93.30838908908768	94.86681433549722	108.6379501675512	108.3544230443301	107.5947633372174	114.7481477632516	109.217545039648	100.9734791099239	99.70268115407384	106.7592652572256	103.3884257369148	92.22902933836963	105.6785496608338
105.7406203012664	106.8418665517918	94.87448582203415	109.2493579624255	108.9819794987844	92.93567798065732	96.36075212828798	104.3166052967175	112.799775412196	96.862223949914	105.4427761732949	104.7155900047601	105.5479759573601	103.5183899058762	113.3657731930645	92.82086116928663	106.8599532716264	100.0663759698029	104.522029299001	98.48800334864497	86.9290012525524	101.2899773153859	100.4971501574508	89.39193803309844	114.0449206225925
95.95445484060888	106.7927063566795	104.0063397507066	97.32013288872255	97.87786949072557	111.2742335761202	104.0171980691498	88.21088099973169	107.2307975998323	85.36617203924577	105.2856322412725	109.1812523917327	110.7330046203228	111.5178289417453	98.9686185095767	112.3105182003892	102.5882808397738	98.44985203729135	91.46143005169479	80.96271659393715	106.3857722769278	111.4913693569217	90.22764681692165	92.80318771320937	109.9047442656579
90.01375180089126	94.04902093561273	94.23764359739386	108.5078111968694	107.5111225047128	99.27048383591394	97.17627367133738	90.32071779175544	98.39782275024689	96.84930604312851	99.81065444036506	107.9479879901174	85.32745525453312	111.0235545133589	104.2316967644123	98.78072396578224	81.75161412426714	93.86193250230887	107.8287853455358	93.21495255987108	108.8455983616363	90.71111384908035	87.21430800104109	84.59656390378811	113.2389399899066
92.40370272938941	86.71182947469737	105.795152535707	90.95005309186361	85.22316330055577	102.0109516698363	112.4139455483753	83.11337786090192	87.5150770069513	93.76856193811287	93.17108054087711	95.56209316316281	108.1658521304571	96.4270615995474	111.7900119896838	113.9958111581441	84.4112622976308	87.06620116112397	109.353724432076	94.78887906097897	95.24049386650623	100.4037124960021	81.89589633428352	108.7183058764534	106.8232164142297
86.13106569692286	106.9150038659784	110.4048959581757	86.34408976292596	93.02538947937506	110.3480223413644	94.28891557770915	100.5001448125325	92.80358088186864	89.57638759715262	101.1631999290181	110.8959713462142	114.6815533313896	98.2328583291025	108.7076558861175	97.34085775827484	82.92414700169272	90.43435870458607	106.538577096712	83.44536164024225	109.2424950131142	85.83387659145349	97.11397852265195	114.7423956333239	101.7909378016806
102.540765919555	105.093496107254	84.06625860179192	88.82100927916032	108.7798097610128	92.24905680956455	98.35614769181186	95.45708604334456	89.40089321952834	95.73870199240012	86.69997556807371	113.129850046618	91.87547352805477	113.1995674364576	92.55192470819327	89.40669639826869	95.27126022309604	93.83875817351158	101.6733216073337	91.04650508263248	97.12755225500915	114.5331892838312	82.20488796214141	111.9471922894149	84.90249071330371
93.78540296544821	85.16747907538716	94.72528368064617	95.69525405916772	109.8440792244463	104.471121933538	90.81616165611554	102.1697496376113	86.42836269099088	112.0934482888211	95.05116792261994	99.82248496241996	102.3724751458375	105.3978597349375	102.541611402063	93.71680997656841	89.87749875420572	110.1214797800176	108.1224587930652	78.13700861955135	90.4669328109523	108.8063854173899	95.71946349119162	100.6197111546769	96.27638670657339
90.9334955016609	113.4809730870942	111.9987403904923	95.22095726595853	102.1908561191198	88.07850518755295	89.36920051700589	105.9051534114685	109.8356059593624	107.3924832101093	108.864604228711	98.42825403476886	100.2001598976114	90.76690439344362	85.65670209079744	108.058610867222	95.91402571230844	102.9598231492183	98.49612407035468	103.6647775274452	109.1961713380238	85.77422219354605	105.5788576035696	107.5909144434907	113.815204742158
91.14092478383824	92.14991686656541	90.93713882409548	103.0619952374983	109.2095630957584	89.5342553628617	92.45776823298525	103.0410649141485	103.4439874860339	97.3664866387836	96.35242580070079	90.64705426419391	107.9686003794044	98.48995274410356	104.4521303879525	90.53846825808964	75.1435903989032	106.439238059673	106.1600524589757	81.79619429596131	107.6490401858564	107.6461928228035	75.34403635830516	95.32968844883659	108.3755561773334
86.16455745316969	99.4428178030153	107.2246905781893	90.00806265436259	113.4855354045518	103.0928712208657	100.4332218662599	84.34781551891976	113.2358946759255	98.1920733034767	106.0350532214013	101.8918490035921	91.91179634167295	104.0927746976601	95.31697548772934	114.0493918050755	102.1975974694185	91.4075623083764	94.13347616656966	88.00166086918509	91.37118805890074	88.5756294517264	100.507301493965	111.480759333624	107.3849803377572
105.3095655588997	113.7045258193014	88.57103103405221	104.574030149757	91.85812608956705	106.1104547245723	111.7760212040835	103.4751459819828	108.957637164474	85.50369951210909	109.5408920834317	84.47960646456731	111.0924470945433	90.79268476025238	102.7983140822077	91.67294329327517	84.73224776844235	85.15231346212843	104.3756834889732	101.2968697559667	85.56542678510479	89.38412147835241	91.89742502635396	104.5042944028574	112.1251166318255
94.09016682335604	102.6864988944185	92.56741616333815	87.37173402620333	113.1910016056147	108.9420656432943	86.50918889441235	109.3384335167256	88.29980007224034	85.29526563788187	103.8662018609085	90.46482652517005	101.7783431259697	85.83846831444578	101.7028204167669	110.5736222730337	101.4744341241323	104.0413885685957	100.1860397093687	91.41823928997991	92.75986662965722	87.80233306287514	94.94261675749641	86.43200535700028	112.3370570646246
104.0550723589889	95.87334549668037	101.2277539466583	92.37802594015982	103.0965597768542	85.662053870412	87.32752829760439	107.0559510972201	91.16374370546939	106.8766717785851	87.50032368646919	101.1787107950232	100.5842213950421	92.9225765361335	101.3272120693431	88.89973291441592	94.78574037446623	102.4575483958951	84.30158547619592	107.3894229369455	90.56486067317728	88.85262750494084	108.4442355709476	113.0238141398982	86.49755563676456
111.2242227229994	109.386523480305	108.6189604575983	98.99080861253607	113.7077974941943	91.44919900614656	99.10426988438985	110.8555789306578	87.10218401238146	94.29294905865198	88.88534000097742	104.7608399748875	95.59005211779497	95.58726555448482	111.8302499801058	90.39515770620932	93.9209025295069	113.666560216968	84.91966144101728	99.95381839599146	99.29233620854754	111.9656988787677	95.78129349376914	90.43789937227521	101.9809382818857
100.0877371771633	94.49045421111953	94.37140488442793	94.63112065761084	110.5697967917748	95.05130022904342	112.748654167602	79.72179327270339	88.63476561511814	89.87327190312125	111.0035207129775	91.06096239368478	86.94042996891822	105.7041146886157	91.37416981673209	105.0389494724058	79.78242157946146	89.44746366306161	80.27063185664593	97.19808890704246	87.47857278136171	100.3990493258222	96.81084488476793	93.44577087891442	107.6669700163829
87.0203005167544	88.76795409169254	110.0113381115363	88.44239624486103	85.65895090362943	106.3067123798895	108.7723664150792	86.42392268293725	111.2928547643049	95.5768603906955	109.7347024541663	98.0961991023993	91.01927589607038	108.7297838895686	94.18213571348103	101.4736577540341	81.1131962894751	93.98650223638349	104.5121601451199	104.0663618174926	93.21648063870293	93.47503204490896	77.9502264293285	95.98841132584278	98.06313603696096
113.5325356539041	105.969316031968	86.67982068132851	89.40438360560142	105.4259934397612	109.6484625990395	93.58239701390646	98.39150793918316	89.13215918056218	104.9389641052676	101.0707961844042	104.870059054062	96.23752463836392	104.7791103654248	106.7712715678619	93.19834157733875	105.4358179267411	93.97108850303248	99.33227872196733	92.15830894808147	99.90241597333284	91.63209410848623	82.3425801966014	103.7553538235373	86.88749005856231
107.22570813771	98.18385857124692	110.6078441073542	87.16514237049283	102.9690702265118	102.157423462767	98.9163703711298	94.17160813307676	87.95028756774921	112.9715007198568	95.85889368551878	93.06674122944608	106.8728134941022	102.9997869413332	83.43340663912498	104.7477101740727	109.673201757273	105.8733441860077	103.7229840090448	92.57916915006759	85.94631621620337	86.54828724339654	105.5601761998931	89.45613360339546	109.3495398155643
88.78555820911113	102.1994328748022	105.3171482761982	82.9926415411929	90.41886914249039	113.0687711271534	94.71717191839514	77.6512821332412	109.7150172539537	99.31109994595495	107.612549749752	100.2130014937801	104.864048846413	99.34328116900454	114.6319330899882	94.80449062449581	87.14813212604881	105.8535652386533	100.2542565712109	91.415497275476	98.40283733063558	87.51681068713444	102.094214179456	87.44193368997637	112.447094422161
91.17842212947104	103.6655532624268	93.03151310115584	101.3400497454636	109.9938995998921	108.6234444024026	106.525825125076	88.00329206943987	90.15256787987433	95.20629662566471	90.13612419312507	101.9578938127269	89.08986412761112	105.1027310227479	93.15340197411545	109.8946467328532	76.37061260285512	84.78579801004739	77.95850868131178	98.74012003332997	94.97871577413096	92.78712144143641	79.77849731694242	101.4362201363354	93.36947084245755
84.2960451330644	102.8454202894647	105.2390231154054	99.17173958406909	100.1025619443045	85.32608428110973	96.32535126239667	101.4425985489327	103.3726437452053	108.3587016921901	98.46752477399897	108.72944497058	93.36129967591881	87.18650243102445	84.07922732954606	91.91151021478005	95.74008133073652	106.0665914678989	90.85873894294059	86.70628264068272	110.4690026262479	92.46988852486113	108.1561258454826	102.5903517836431	109.7905741158231
112.1016627977326	114.0060914479444	93.99110145008211	95.49160257208874	102.8632710398511	111.818300528935	109.623480083144	86.45471182608887	97.98527589441164	88.99095345634305	96.74992998615663	87.05050767447932	104.4531727392903	103.293624918365	98.78245242658636	96.82934599697221	79.5185829433249	95.32430823264551	78.49753623945024	83.45240850510332	110.4544267949341	97.19878923149292	87.20852347206386	97.76704033236241	101.3195055932855
85.12198831088303	105.2958511535571	103.8520650851044	92.87506719837744	113.690574605264	106.9341490476105	91.60416601034666	93.85633747572594	85.81680152728202	96.61199787411734	107.4622660577451	90.73275180831348	106.7211104918154	112.5503170634979	97.38019228190947	110.6644795483702	101.542452515626	98.28266409373364	109.6231981411868	85.39778083221773	108.3480419980437	104.8030958857544	109.601386628041	100.1213487838368	97.92722815242902
100.2135554774821	110.9328194825131	103.4558159116292	103.1032930877664	84.71775574259172	94.9192494729859	111.1151623186447	98.5164096462122	99.89071906651847	100.6463057704703	94.13344755590093	81.27197662827628	102.8018003416355	104.978239268006	98.74864752558634	87.08902056726889	100.2885422036186	108.8315112860683	89.15333976371583	103.5509406026172	99.04466557478393	90.23295240315637	81.75179980436509	84.96261010024071	111.5058507761813
110.0334870095294	95.91908775578095	96.15221814455613	84.17382546909413	104.7615178652404	87.12758950775356	101.9552085883397	75.40576056690431	85.80583498870331	111.6265542656386	96.58718467782342	89.36794111947032	95.03138416935272	105.397184868951	107.2978026121333	104.2952524647658	103.8376189215758	104.013055250661	101.5984623847443	98.54209278673392	86.28872966733522	101.52303948133	96.9417087847312	91.48544283030722	93.92572961786996
90.83563088204555	86.31469383746138	90.82198905054133	89.21736063269951	107.0896260674441	91.82179351186134	103.1352967199427	95.29688021467069	94.41342388218254	84.59861652845348	85.53758246178587	107.6855493695104	104.8852175854373	103.7510443693593	105.3615625643421	92.9209246227539	81.44738089485512	110.4422476424386	88.52759653053334	72.40195433914461	93.38634043287234	95.88790010357972	97.21689543962904	95.36115187017	87.78698045999349
89.22313746973424	105.3712480266794	99.24864703318838	95.13298433546613	86.98769562431896	89.02885063939155	89.27437742604536	101.390390074129	103.0136545859058	113.5096717684152	93.11096474009675	81.89698218191464	101.4644285287188	91.61908154697781	99.74617285700226	111.0401418477103	89.70735496579512	98.93762776535246	74.98758918602989	87.08986402498964	97.84806052199892	100.9145157136433	101.9991552346451	107.9059233501808	101.6401897650807
98.84181305384219	108.394471893529	103.1080942307692	99.06946802753882	89.70485361860398	103.0243931524702	92.23997625835152	85.23955269513513	87.62941467108917	92.30883851978271	92.7536972651349	101.1248158624435	102.9869951381374	93.38543321079874	87.96766626483249	95.9153399375529	89.12625073617892	102.5531132801082	85.98361926986892	81.02605570755608	105.5614630160537	90.33086106636043	103.4196556606131	95.31477260169514	90.31816622874412
110.9217202500474	100.6433760875755	95.94047424555106	90.89059406002856	92.62197078028844	89.21243709232748	90.26955439699834	87.08293949113764	85.85828616752572	93.19590904047162	114.8670236507774	112.8971580702417	100.1853796086018	90.98193235926719	98.23554774308859	109.1621414632378	103.4516371848402	91.78245807982825	87.30211239342533	89.12373672443192	113.643494397476	99.46580521668146	102.9403558630527	111.2702057584201	85.39704449007907
100.3365439248389	106.5660966089222	106.1852258290112	91.06266864410935	86.24225424743588	109.7227217626516	111.4300910974987	83.07066851126739	107.5746237648483	94.52419194628867	106.8152293188327	84.34082091065993	82.38284918814493	86.7099327213126	85.77025282875877	112.666971596772	85.94536138407678	93.39681995414409	79.73210710949181	85.89112808122069	114.6656068203294	92.74474068003701	91.63465581861091	86.83288522386074	93.52849105817432
110.9957840421419	108.1392743828256	101.2342266855416	82.66560052729587	89.4003838872859	92.59348662590324	103.2006094530814	80.05753122344873	95.71904743286575	112.3086701146872	95.97803966162603	108.3177733118598	98.57847969096545	110.1828190527465	100.0268600934448	104.6242934188677	90.58412199146235	101.1735469288978	79.56353584137889	95.85836187636903	92.5132928483718	96.35184213025948	89.7490794215317	104.3636356237321	90.32925989781765
103.8038541118101	96.17523459637101	86.63570331237712	93.3499150428125	107.0149478499709	111.3942348912165	96.57383090826809	95.37590590201782	103.6148857255255	85.06958577012367	93.90430395819182	97.51232744586615	97.34855599986558	83.51711983043145	111.6947255557211	111.790783505421	80.78806379439138	81.77534207142897	84.08375326835393	84.74803506671037	113.8311920929485	87.00201985628176	91.81815603172582	87.41615512847953	105.8641344150162
102.8251914292521	86.18908462744993	98.28084567190577	94.1085253496211	101.8353245023486	98.16459929023111	107.4051712191541	80.8010432356061	97.21994335502806	89.07155607467935	91.3006737452009	93.5981285055453	92.93986312291689	98.15976920587718	108.3962821322232	112.8175430704455	84.73503500244597	109.1140232892564	91.94569982225617	83.90929467247226	87.33507961312365	89.76460987761124	89.06218758234682	105.7754993652019	89.09947592466989
106.2291281601881	113.0721936900639	96.40635547473137	90.08304699682505	111.3469093081073	87.14881597821626	101.7669784484675	102.9918190592917	86.65447457472011	108.2878964391035	95.5538860611628	86.80040748975674	94.13504593606478	93.75697118031316	108.1091108375162	103.4767294319361	78.54816227643414	110.9668874624197	104.5602431891075	99.61333942573063	88.77585400696375	98.11882718890152	107.2340354890277	99.32846713697232	97.41321481725028
108.1865358215903	86.55406228339805	85.82221940505208	80.21370120571602	96.26218154297499	96.90000857294834	85.0844782239012	81.48839691865217	88.69938038250113	89.37999009787976	95.9706766880773	90.37910863931627	83.13774832928397	93.95052910314402	112.9596006874884	94.97462548917768	89.04011681355105	85.74963690113985	93.2687205682154	84.44083735525074	89.52279198691066	104.397338656978	84.11355216758763	101.1863642064919	92.00864605724601
91.37032839247338	93.02124811660698	110.8234343796756	98.36099261505581	87.61195130755506	89.80841528015435	93.82766727525356	103.5752266135675	101.8533980046569	98.36633669729014	106.5082850118914	108.0443703463144	84.1309905035441	97.40750940416977	110.589669447482	105.4006239525381	85.87041741089799	109.4192715928632	103.1628926431359	99.9552317880141	112.9928638829891	108.2006458644404	90.73999032163522	96.16026401655984	86.57154341682532
88.90440444537528	100.3055707008985	86.02875218436006	80.26162305169215	112.6977974686858	113.439139196884	103.1549243387373	104.1797942400483	86.58932196019173	111.5981495428876	93.16413545802099	95.83428438243639	85.59690503294988	97.17101917883247	103.29567391496	97.39976491697647	81.92996143809022	107.9671222449707	79.88351792159494	77.56162722849191	96.41035719790335	103.8465883587325	80.88796241348977	84.8016246780881	99.98216850475933
105.7009713797962	88.717586911295	78.52394295428678	89.98721321849463	92.17139026002586	101.536542297639	95.46638257626205	95.96073881759798	103.4280691553421	100.8145208200321	100.6136888020574	106.5400343385242	92.63269186214592	83.9109508426139	108.1347053188701	98.09647978808809	74.34311774764386	110.6409600719527	101.4269671103998	87.01942286233698	101.1019017717257	93.41835143333466	87.20672942317931	101.4939541752794	111.9049741075276
96.04017042400666	104.4011749756933	87.22142831172989	106.1222531048658	96.6422314368114	109.2518002455715	101.2633820367636	94.22640684400631	95.77825996117217	107.7872945108629	100.5406048096531	104.5438902597705	110.0781915188315	100.3728011873027	93.30361822902677	110.6571377934647	93.84869721460373	97.55101709015838	98.79099391304194	90.33715634895961	100.1284994104945	99.89852410263437	81.63558564780482	113.7075097162345	110.0417330934044
85.83782714089226	84.95956002895785	84.23467166961109	89.15777698226921	103.6181265421911	88.60708399322223	96.40319479158931	77.10783772875223	105.3747346957448	93.33335396311587	83.01373508790829	89.55143466486999	90.60749737423734	99.47022193740044	94.10393427933435	113.2185132966875	72.94880208939327	91.77699955018495	95.04892159735834	90.41689533962592	86.52912939159873	101.2844291836306	67.80492159770264	104.650419788718	96.97761070112045
96.53491859138609	109.8810342531939	93.82442021417233	86.62623495192793	93.9790851313023	98.41015051122804	102.8331049761956	68.94094755628866	94.70732460711992	98.56132492137888	99.48671045530023	87.74078376865121	76.83493353690368	96.72114842698835	104.7377491409189	89.16999547209346	74.72699861009718	104.461384506009	80.93818791786201	71.43163315792205	86.58142787813743	102.5448041777145	67.37568956774132	82.98571982892327	89.05838314587109
