87.98261250625733	93.64740321937299	104.4532263310443	99.63019677297277	97.07746004194394	98.06405254920773	92.98266639756483	100.6759226207304	90.29618369238874	88.20334545746844	94.6337240553311	105.1350146688297	93.59005787021304	105.0163465771354	90.78723141324608	95.48090943907678	101.6235561967395	102.4910052379861	107.2623819444069	105.1772961994	99.68290031727227	95.52042449636295	106.5284675886898	99.35300704789462	88.46332340042539
87.94309740243587	97.12371277229893	94.93513816601399	95.13843778990463	94.03148607465727	91.04368552283121	95.80536727388973	106.0612072478914	94.49996742325183	101.7850055225417	92.40004284027488	106.061561200003	105.7396478814817	95.06069247783198	94.1985319184561	100.0746460860816	99.26245962954309	99.75232476017773	93.00602346332398	105.6357974879908	99.81047603664929	95.57549687534839	94.07047782830577	101.8784868238628	93.54593134438119
96.04299973037261	100.815223344228	99.95497757102619	98.00370307040728	104.3628158994535	105.0961863030425	98.82408745437138	97.03173165004603	97.82748920220169	93.95954286317227	94.75694921096061	99.08094102220296	93.17477605712533	107.1597112427949	104.3023168462	104.4572235044552	103.5455399319222	105.8364391223844	103.69511471491	101.229944415893	97.80855553539124	95.95220923316249	100.3823816327061	99.63793563851812	105.363554923172
89.80584568748834	95.49216530351663	97.95929318531404	100.3874178833258	99.78581987186517	94.21161031724405	95.50592765099128	103.6567299440062	101.9331876889668	97.60196296511415	98.01344151508113	97.08450339332943	101.9319791781076	95.02849806208089	100.0489753099147	92.83265152714775	91.31644428599955	101.0398494177432	101.0252045533732	96.13147157478241	92.72103475906169	104.2132706490934	95.28759273162132	96.83952777617722	95.10108047722184
91.1512861394781	98.37344117488729	92.5921795344542	105.2394845314799	104.9324433810755	98.42797488629297	101.1441144306899	92.98798919077061	105.686853914403	98.94304141022567	107.0847307633369	106.4059586147472	102.9989939385907	96.70915847122693	96.44084135288692	105.3835463843041	91.13299902137447	98.78728852557381	91.72590913170731	104.3182989008114	102.2246672649542	106.2301939563487	92.5929242359515	103.9734982070442	103.3827642261123
104.2004918735872	99.7371367069737	100.3569095081577	98.60511158741372	95.2273443673383	99.9774865578044	99.44222497604905	94.16047768874998	102.4358840648305	97.42717199628277	94.84021914625376	95.68709393108796	105.7396438048822	96.07626612824075	103.9086653053597	98.83952912697301	87.60367336906342	104.2653366130626	93.38257082508963	100.5441819076674	105.8271199591983	97.41232389693039	98.14297205733753	95.87530241172392	92.69572717439206
92.52003445672749	93.24578134266537	97.82046243414943	100.6764304765914	103.6135211804432	91.47854679049068	90.2799180633384	103.7626604252874	95.90025670593968	97.54268430174501	95.03141341735126	105.3359877542462	95.77929616846664	96.52497101824761	95.7921198106681	89.55246566551764	97.85920295895076	107.0647729468256	93.13326486541419	95.38266380197379	100.5750473218836	98.3469892506991	93.80389598495366	92.53415928891219	96.71742738822067
97.82913226924141	90.40416046614125	101.9246172318652	97.36200904044466	102.1416868360071	94.79427185870424	91.8591807533866	96.71037667833298	92.10059548117368	101.0275498421196	100.6518679366886	107.3882374410917	98.10965850381051	103.8139533577628	90.53888376662462	97.68184886259507	101.3717665901952	98.16923033819353	99.38214900320715	97.96590821654549	93.78700008569798	97.68425869115381	91.61823901925482	106.2723439487176	92.77423506695354
96.37250972106369	103.3148068817047	97.08926203813543	100.1298289950575	97.83880101962406	91.89827488526107	99.50505536325412	97.05366949405071	92.43797609026375	90.67657993377205	96.90233111839754	107.0892734090999	106.2399907979096	102.6231817419629	98.97382999222707	95.73814105694966	93.70210875217261	99.65369298578517	95.62271876416285	104.5096656724041	95.23239474052548	94.42329321729513	102.9215198249866	105.4921596097354	90.52227813085238
100.1092441031287	105.2108716832357	102.9541629256748	98.29940170465315	101.4924169815737	95.75626268562743	92.29671756883879	97.45605497551828	95.0281010899937	104.3854785789679	95.0552586533539	99.77708314631671	100.9518336589048	99.3425965270529	95.30629969857604	102.9690255166411	94.53566717430901	92.635976694026	96.63963809437271	100.8136547648512	92.02273226891934	104.4521896634221	97.31874049327143	99.30876987588832	99.68403857462401
103.393665007835	105.9339926434064	98.89467093593014	93.45299947872846	100.8517232297416	95.12604828672693	103.365854668194	103.4745689856507	93.28182738387947	106.9056606690394	101.5597523038774	101.6806971945925	99.29284147606715	102.2228173666373	100.0695035932212	102.7187444764013	97.13572152440511	99.18887779409401	95.59491338498336	91.46403156469508	98.97085039408543	105.0832262506409	100.7216087503855	99.68326294107833	101.021454050609
95.94500140643746	100.1854087589724	100.9402063040148	100.8300621089327	105.7518075521678	98.28482400684987	97.92994852974965	98.5668799448045	98.5129492087722	97.19451733621915	97.06694203476752	99.78773016296	92.52333538552323	98.27947076067703	103.9815627333707	105.0872856254328	97.7397833535363	106.970421717423	100.7469418500344	99.98002720954339	95.26980095203831	95.94648665798582	94.41194729052827	98.68222531701508	105.580065957462
91.50569950422809	92.90761482714655	90.8905332791032	98.49374062502315	102.4600389271835	101.350168240248	101.4650579216423	91.78928949957646	101.1830319824184	102.3455592791885	98.38360484156209	99.42323139866564	103.8087264039153	104.5271621700648	93.02011133592748	96.84317643638762	97.39519212513905	99.21853787463722	98.85285831922228	103.3899123950202	100.9444975175793	92.63791674406744	102.3963407541543	100.7452658592991	94.30825721498795
95.06385041521838	99.50282982118436	100.9238537410685	90.01730131234621	103.4093457625613	97.21512662554032	97.86862100255473	91.27166323603126	99.75894176153537	102.9413302767277	95.15816534124639	92.79546729234492	100.2484538667465	106.3764673894694	99.53872218552652	100.6204079019248	88.77945399113798	102.9045786218087	94.5362445915147	86.55341865195491	96.58675076332958	96.78935918804328	88.87012858287686	103.323691619272	100.0206184204439
98.58456590335763	99.20943874060346	99.91988421332674	101.2599922623542	97.34235810245144	91.0037384788335	99.47561759572	104.4007752273288	102.8257556992405	97.83571724977814	104.1657634478678	105.5005118733995	103.5827938021824	100.4411233456269	99.1479451479246	92.87740975251226	94.11313942154892	101.8552825118027	105.2476866960573	105.9029471104131	95.94351967825355	101.3661600487317	100.2344067281789	97.20629202576711	91.95953925751412
102.4460242863909	98.14739735589706	102.629004141247	103.183444808343	92.7733376600939	106.1349926370951	98.09706343160913	99.78726322096784	94.74825767209978	101.3496740721154	96.61810397221457	96.49079148933104	104.8732349384379	105.9067288344468	104.6950356468147	104.5537479892181	96.46755102558222	104.8126537542759	101.7630934343988	92.44310270888184	91.97017998448146	97.28447572436647	98.40781288998804	107.1105778600107	102.7685533999954
91.38230044018613	100.538648420642	105.5072331682862	106.1725726004842	101.5083325312485	93.07706860219048	99.47191352774641	97.40126154369632	104.5098040941228	92.2238496104749	95.22483879134381	100.1649464546617	98.18059373057264	98.19488542572753	102.3126687195055	92.12576657154969	93.46663733215797	99.76828664264336	104.4197282881859	103.5140183121497	104.6381456686005	96.10010178600288	103.227069340897	105.2550980105404	100.5168059546799
99.73353998917905	96.42155807788409	93.45603345615154	89.89413273248073	101.8797364452116	104.0619620796842	104.7295004059196	97.34771373921694	105.4541325133757	104.0615840989564	102.4885104586257	93.29841308351656	95.15027958704167	96.3826836628607	97.54966141357238	102.0202810481623	91.32274502429819	95.28770937675901	89.14761202991801	92.51880517809897	96.27605091233228	96.57879963873327	98.99055409871937	102.0386884828789	97.44138775841357
93.75738704487711	107.3066793988711	90.3415710906522	101.8103820270744	101.7992269610568	93.59522784682112	99.12816427056116	85.83692240118651	105.9291900002284	96.53598414403059	105.4391729827325	103.048712948809	90.54221036186334	104.8185796035303	93.70801115821097	96.60132909408675	85.46082306925067	103.6519216065288	94.39369602572793	92.36719845167715	98.57169892883775	103.4083028332101	88.95612592873755	99.47067567102218	102.052220828838
96.9480535994561	103.5440748448602	97.67052801276242	99.98498699381919	99.78510231186903	94.31229226390322	91.68187795910303	103.3840267552342	95.78598484238022	105.8866868323448	106.8136081724445	97.23884068409349	94.74168260993441	93.19571747005369	98.87905555066128	92.68625565653421	103.5302675038095	105.4854505409849	103.8783285841423	94.49505119187106	95.45174690423892	105.7088515468821	93.7575488649754	105.978136945411	102.6028699481673
102.3179352588057	104.914223359225	95.7307100944181	96.50946423781667	93.61126590837429	104.9794079513751	90.63730831210765	96.82544181695957	97.85225707855606	104.9437020626209	93.70194891154006	97.61756358842626	100.8945945021521	105.5848438616748	104.9273066618934	95.06461664955998	93.9224199121108	96.47252139472164	93.84651936691768	94.83221650579893	96.34376198186392	106.8211114000825	95.56117550730386	93.95287748272773	100.2952743057766
105.4526644466108	99.37880209336305	98.71334513424588	94.50146034207182	105.6829772616849	101.4992457702905	104.1162444771662	90.86092450980698	98.82338186037107	94.93344659540664	105.2489885323225	103.6714241924823	93.32937700364639	99.95307913486177	104.5404939735445	92.34576415565343	96.67350225334658	93.10194560407759	93.55036687984889	96.34754455710484	97.99622476271495	97.71019517101904	89.79259378517375	97.57928442734614	104.289275034084
96.89923505061904	105.8199525370736	90.81019518037947	91.16720725762528	103.2254277862802	104.1678321321077	100.1630563927142	88.73556260350431	106.5362237757923	101.3919749188796	101.3038945505486	91.78272036293932	95.91446361629654	95.30600702620019	105.5485335571763	97.77928389511129	97.87118504118529	101.8370145419067	95.26906856993962	96.12435454374814	98.0074000749913	93.65427967287768	96.45775008068701	95.17231632800387	106.2794973679206
98.85278576566087	96.26323957885025	94.57186606084787	98.62147815082749	93.15833676677495	100.9437682362567	93.30084327421214	102.3140678519006	92.04392638322226	100.7926722401726	104.1943614629151	102.8550804095601	99.86865427089042	98.00520393062655	96.58565291846044	105.5025905005702	98.78345209371525	100.0420876499479	97.12199357881015	89.82616362665698	92.48006572859464	103.5887227031237	96.89032202219558	105.4063546788704	99.65962993480099
94.61469913776229	92.88272924637323	91.84111099575361	91.23511752456579	105.9035493065336	97.32143736324099	103.0899735648044	95.92990444325005	101.8021654870866	97.22536872201367	99.55486834878204	98.48277375726437	99.10803004077604	97.8947002893633	99.19769339694609	96.29509402123536	87.52127652862885	99.87976442011103	96.85926407585062	94.93798031898814	101.4347867368424	105.7099210664038	90.58550202420695	105.3895351214864	92.2004842817598
89.4269844498267	104.5896528487738	98.51644585384994	98.3094367169204	105.7439321903599	95.75000662360014	93.53432982770676	102.647102127001	98.65264350827145	102.0520190104328	96.54834553694332	106.917757692957	104.2198149986472	105.766419036408	102.8595108866081	93.43431362050033	100.3025232447831	97.67755960786118	106.1006283701117	95.75947806647427	97.9549308196476	105.3321495025135	96.09948438563515	106.6077635357279	93.44301810076327
106.7473820294644	96.11154261552731	92.83682678841184	100.5065652341676	93.27393468217025	106.6240547214926	100.1489065934474	88.82241713714777	94.0263054753685	95.38198971570073	99.86522223653039	100.2567018232929	103.538196641191	98.98768922542706	105.7860555502862	96.62866539678183	86.9562830889832	103.9699853068789	95.09175903844753	97.73119405980637	101.0325212672421	98.05891473775372	91.82104393398544	103.1431845034191	101.832423384842
98.76047400859682	99.85080438461409	100.8661028736606	93.22003924649339	97.33030097307433	93.14787050501697	92.96202433235396	104.648125628406	100.7720687260805	99.93205868635189	102.1823198855686	106.8624834480493	104.7185212336313	96.1681426326513	91.57735646047938	92.34320363566961	92.57793696578867	100.8375777662286	92.17004206252416	98.79958565644048	92.76425380843487	95.53560977219095	92.23036231343343	100.1384457808034	92.59253542289477
103.0490080084902	100.2332703520391	100.5122598785668	89.06675554863052	95.05202341890367	98.2946859193204	105.7627419897553	96.68957389896997	94.33712480264504	92.71165012360613	105.3779111303884	100.2750288489601	94.9493555749672	93.56552274619979	102.9938534258928	102.3647959420101	89.07599875874486	92.49814202766844	95.2289116170308	96.45827706267676	102.2245417577492	101.6091293444482	97.2094152151375	99.60715360131681	96.66926236866649
106.2556856964238	94.28369093441499	98.74914520395659	98.16698707697762	95.39408763803765	100.0582054244704	100.3252582291413	89.16899051553158	105.6939399380474	105.9746729658496	94.18594288989435	91.69771143637374	104.0286155177133	98.70587360260787	104.5707827386372	99.96845708703614	87.67702311999132	96.13604040468866	88.16739383638411	92.69274508544876	99.99915439546716	103.7197106525271	97.97540701090283	106.8438152815828	93.39683802863399
96.26308830825978	104.5466175654116	90.42207331395268	96.69923990422947	101.6776048787156	96.11908191095389	104.6206255615727	100.216679123729	93.02948681022664	100.9763636316416	103.4769603454279	103.7852259195998	102.2096326179784	101.856514748801	102.0425043442405	100.7931855108428	99.35168685111779	102.2143284212331	95.27874859573294	91.46586289227623	93.35590519000047	99.79093978974636	94.53713438670272	102.1233321489046	102.1111049102196
105.5638906359957	106.6133948836369	89.10173409616426	90.00850631007557	93.54144083419706	98.00597560457223	100.5684356096231	96.46704469332259	95.87420033227751	94.91792198967504	96.99963004562586	99.8023753118454	99.51586108558486	104.9915849142463	96.41378458557878	106.0398977496597	95.45685432323836	105.2270844407169	98.09241756853699	96.61663333739915	105.2602322016532	100.7798903924557	84.67006194489839	100.2487793916481	97.5675318276559
95.4040823048735	106.9619709540944	85.95985083547706	93.39294664105762	99.78600520956124	91.52565735597061	94.76740592268622	86.25237832939398	95.13586752228656	104.9505933653181	94.57351735699011	93.46046300385008	95.79871739399168	92.65199566515821	92.84783103691237	93.08007925222788	80.12489381777114	99.88121617636159	83.55564749969903	93.5920767868094	100.0482127450713	94.64334422711354	86.06591387647126	96.35330630665258	102.6904236827523
105.6557373325634	98.8314286439892	99.43464925610489	89.7167087494646	105.1774505180429	95.47858370065683	106.0571764234918	84.79452859038034	99.01752987349634	101.2792821877606	91.69289551285614	98.63932272617495	91.46126131541816	95.31096748000959	104.7242902489115	107.4386564378867	92.62834418163507	94.04567928881566	93.99041413754392	91.75839348165873	104.0314343658339	103.0817783197897	89.18199330327455	97.75409626944247	102.8256229433388
105.1514098155992	94.16195895151117	97.15743966897634	93.27862320765627	97.8836171863468	100.9320924293395	104.4430670803691	100.4460133227193	97.41224434709589	105.6070043368438	106.0264821868554	102.7766074007273	91.31431383798824	103.2456818984175	92.86573287866757	103.9331831784005	98.68841716122682	98.80195127507858	98.83838974058258	93.51919288917642	93.94877893546622	95.17190598798206	91.87801569445405	95.48872408697315	99.32585203616415
102.361990374752	94.44634037433606	91.67538766564127	99.82896897686969	96.71119086484048	97.95622854347508	90.50365251353591	90.23021284624521	97.79068014102177	101.7866810000994	100.6533271727814	97.81345907788953	93.55469064134998	103.7845870028821	90.63156024733284	99.54372551431781	95.50337560736763	103.2739905995125	97.77133695791771	104.2060721637084	104.8073583744221	92.39046419980352	100.3388240196722	97.38681039574486	101.0343400014978
92.17398771412601	101.8413674730816	99.62063851169793	92.09708967430875	99.5142395587322	93.17598675620896	96.84627519028007	97.11300343056587	99.46675759691327	95.18188456816026	106.9749697200232	98.16033784643746	94.98482166143984	102.7748490054664	101.8016871982206	98.19940581092044	96.00083333830287	97.29045467922722	89.02620774374441	94.08727251190331	103.8062263309346	106.9000009285932	101.5857010509725	97.76539933947791	101.8763336376716
103.5730550918475	100.0477169515926	100.1039216099129	104.9984431014226	98.83706147692403	94.50136448998586	100.2892176846026	92.50021597718894	98.29003046700569	105.9737260714769	103.759155128485	92.25347044326342	103.1991666811296	94.79781062909863	104.9257278220321	98.56965853358054	94.43769077886361	97.65986863708295	96.41902979097078	95.15943294695572	97.81805015334348	95.81134220195567	89.27504766786366	105.0741277003316	99.29126969904476
99.92415314264809	106.1199217306561	91.57280194334857	94.1642721652001	102.1636450735351	99.95774117105763	106.3765141475814	92.51876979497403	92.60167171744152	92.47384540992017	99.45817460959479	94.12548574752108	92.00928195889932	101.7140141025163	97.62300131437406	105.9396595688762	91.5402153113093	95.67030330359376	95.83256547705319	93.96747265656154	106.7034023088011	101.0614390363542	84.86004035594311	100.135828774167	100.2400448078957
95.99587335254385	105.4653192455081	101.6795185969863	91.93051183014475	96.55145207628318	96.7381804016284	100.9729169762691	89.63900674745646	97.492673742091	107.2556130336053	98.01014741582492	104.866940939764	100.3220911744786	91.82253630518053	100.0629830106597	106.6214701404327	95.43128875127785	94.31447616975051	92.15028427444545	99.53604629180329	106.1605091302268	96.3020129801384	89.24006997765416	98.20218264878832	92.40070276049518
105.6289913908275	99.48990640374625	86.48229473595825	90.62306144227979	104.0157010688608	103.4160162330151	101.337460865747	80.34626221111539	93.88436267250077	100.1881981229297	92.98711138603619	99.4994710382649	89.91229217720064	91.88686941628465	99.19118951818879	102.4697188815533	86.50649004626639	96.10552462955245	88.24371427912344	81.73990611718442	95.53567878250169	94.09206454039827	92.77628976560104	97.3068719183831	107.0458306151433
103.7478572460098	94.97107100024128	97.43598330630495	96.22257210067527	104.4249864529304	99.36811715695529	92.67899915881686	102.2553310445135	93.8513465215611	102.6178073339684	105.4408709093044	101.5625898034231	96.17157000079669	102.574706898843	101.886689545479	99.25876936030181	96.13734905959353	104.0818381843517	95.61990544188133	90.40212876261391	101.5938981364397	95.45652532528227	90.96915961776283	102.9843505948845	94.0386836761883
93.32346302161821	97.75998331462453	93.23635072561542	88.68089920419574	100.7439830681313	97.1826917649657	101.4786617964269	89.6148314641428	94.90530212961306	102.2978092304585	102.7840521898853	97.3399901467312	96.85139681519006	96.78185759885049	95.88458116279003	100.4693691580179	92.50061037547964	93.51822917294582	87.00880813028539	90.31046276288238	93.59471610086705	97.14344652853678	82.2421546901044	89.90825111913786	101.5120806981204
100.7193494664648	103.2600795746266	94.49292683785637	93.12763857560495	94.39177719502102	96.09276403834018	101.728593149115	85.23376346156101	93.74987464106239	97.04255539995171	98.08928318660139	100.4536615653361	91.16992713297958	96.78795258030735	102.5549301963027	105.5738791134249	81.44938509004987	99.76373153237597	90.01048422221245	89.78865500339511	106.0282938211864	103.6988990308519	84.55439243270573	91.8818465580778	98.36728955391456
97.65053962588021	95.55338342302244	95.64675843683922	93.44323991832319	104.5991429333057	104.7612227949283	105.955709644359	87.92726511614519	95.48347019556886	98.46242751131628	92.64676230743852	97.68635150582671	98.8535501684577	98.58598713807234	107.006524230843	95.36136756566232	89.93819082420565	101.0906078639492	94.27954921128492	91.79052448089554	99.48370106168549	99.88520244760113	91.73378533073715	105.3076481283003	94.66802389275162
93.37469770012174	96.1097566237341	83.26076286533817	79.90044269948486	96.92650771783011	96.28815613436339	105.738306121955	81.37061212452313	98.72506375006995	95.15814115744101	96.65540958585358	89.06955884223125	95.41314563677828	91.71596349825325	93.03098990643844	101.4839242614614	73.61360432529301	90.37072655501258	86.34370759502993	76.11176164951283	101.2417049144531	92.40895184760559	85.48230516905535	96.58553622945922	91.44972294244316
95.0267371616743	96.83265165539346	93.92870343672536	91.26599465291481	103.3548477744001	92.54671648229268	97.99643245131745	89.06788139217477	104.6092699349323	102.1023608034449	93.1904859343083	95.14361434662709	103.1906489438014	103.7819374859445	94.93239502399804	100.7753226201924	82.80763767309141	94.45130112011604	98.20567588388813	90.61915332283498	97.25524142518087	106.6363969057973	83.23130818251519	96.04569989305547	96.42044761967519
96.14984964201207	101.7407068620792	83.18931706362901	87.06432798168414	98.66149852775477	103.1665183329526	95.45618990893763	76.11378628677183	93.40070651556152	99.51540325455385	91.5087652807145	96.8138674703637	83.57327828210468	93.97935850892063	101.3384364981972	103.8618446627802	76.22467761967069	94.83828992709812	84.99583155884122	74.20258446233292	92.57750128707801	96.05311716141514	83.29075497343611	92.74710798351764	97.02586650145744
95.01111753911674	107.409678244582	88.41027211042906	100.5878621807874	95.35213313545374	100.8533483414955	105.0509979409802	97.58759921072203	97.55815827293002	100.1148938827914	104.7814110056479	93.60978935156133	102.1458084656529	93.17437926126273	101.7377371416855	103.1541749705734	85.18329522616254	100.556879453804	91.13379893980303	94.3985645797206	98.53039282470974	105.2433904326067	98.81285259344587	96.32092163201999	100.414074291538
104.2259425612485	107.3268867349061	90.99588494732566	87.16576146084779	97.84574771760555	92.92710237054904	105.422509694725	82.24063479163485	94.16822595204306	100.8240977406581	104.4366024648939	98.85494868314264	90.1190545474178	89.7972475198461	98.49695165140304	99.43317686953853	82.38311921418953	99.56822708352725	88.57999816766677	93.87449493084618	94.70948775889103	95.57848702048685	94.4806244468305	99.25130759859111	97.70357052649857
