103.8137694107605	88.84431569309521	96.34571870123662	97.12008124367432	94.20848919642339	95.68048704392251	102.642400178926	92.82991549032751	95.56765650858981	108.008141674909	98.06048100630915	98.42377605970002	106.4554706140666	101.7796954437196	93.61753955595682	103.3407624403286	90.35736556190113	98.15728299475145	110.6921920370536	114.22090873672	110.9644935499311	100.8120320510568	85.60453300713952	106.9546440734262	102.7346596270866
89.18034337538906	90.180325210768	108.4858212778681	101.2181319556668	107.2820252211957	103.4891433645029	99.83097708209041	95.72253694720814	107.136797398514	102.4753730453683	112.012021852458	94.9384166873603	89.25646628851291	88.40947059208291	101.3616066720965	89.33790391472932	95.74713960327446	90.62394540536617	97.50214187643024	105.9321759838685	87.81504071453915	93.03179598496381	88.05443689041171	101.4110846478173	89.79605615197427
92.67597026080169	99.28683491070345	100.3806503568459	112.2350582538504	101.6157969245992	86.5948619768034	107.4957227668063	110.6955894976419	108.2619074335067	108.8405266307497	114.0116296458903	86.3243160237098	112.6689501652899	102.9562045999879	98.49683705864659	86.90471034431826	99.02050555767568	105.7671168191368	99.85331875439473	98.98104231585933	101.6812160744393	114.9545201708169	111.946078168964	90.37143154265708	112.0035153820448
95.47415487572749	103.2814681604509	87.42975296427151	112.2569500914302	108.1581171639587	90.52428533390702	102.7865451021199	97.92254159435868	96.5897885384673	105.1869955776353	100.8882037546786	90.64065487750693	88.57488107069477	85.41435221464133	103.1346584063612	95.12011335536658	109.1685924478496	85.03562525666976	97.78389582774686	103.9050557625724	102.1140995091631	88.30453783751666	103.867023430754	100.021129659872	93.98820338850794
105.6877599642497	111.7963975645929	97.97533179279867	111.8922164363971	108.4569014091665	99.38228952972999	106.4137734299415	107.0267676091816	97.70266183473046	104.3333170287974	105.672277296939	106.630046348119	106.925806601776	112.0977218014475	102.2217975270972	93.32660682761497	111.5286257613063	96.35900394379364	103.9793003772291	107.5896159237872	86.73822595070405	99.22270919182361	107.4569155473915	103.6983190970764	86.09854900018058
94.00500754721025	87.2419551035009	106.1576862807383	92.64612178611277	100.2001364560464	100.5146391219685	114.5330874770464	109.0597298665656	102.0168768743052	112.0574692968513	112.6904913070125	114.7669525760215	98.25302334002151	90.06792997760904	99.451084745587	108.0923140901162	92.7306622424567	113.3447052832824	108.0671013111578	102.5662112154657	87.77595752179255	94.04414833820594	98.83971565057817	85.29030550645881	105.430618044764
101.6233403226302	107.559680697178	105.3045737444192	107.6411117385948	107.1311103064109	108.1312804102976	104.6924955611272	108.5308629051876	110.9412364194613	91.51150246269744	113.0618594429039	95.10407698095368	93.89444156987092	111.1112781247933	107.8752475831253	113.3664509827592	110.6323555069921	87.57877738099162	100.5251115130515	96.08916401285997	111.8591722976682	103.4107453469206	101.0512561561874	112.4449865341053	97.38966967459672
95.92682801986891	113.1028236842745	108.7479053129438	105.4276188741364	90.51191206007195	108.9869125816355	104.7379401561048	114.5320926519303	88.03358375331923	92.74863737951365	96.23003699168763	96.57489352570823	102.3474416363088	92.46331028811785	102.2293977865149	85.43678515538832	90.57313150868914	86.40118219962905	96.12532665004274	109.4399812918422	108.3322972997005	111.0426976134474	89.60900315941849	102.4051008777285	96.41952291482063
90.84681105084822	87.00905045005213	112.6416103351918	113.5758780947596	87.64943819727026	91.03629449453653	85.62449820999909	92.98487806386429	94.65908892627918	107.0686749676703	113.5541877190458	111.3343498204672	111.1901685920558	112.13764060397	90.28250264319533	102.5897883621341	111.2553954942042	108.7395123407249	93.33579819264915	112.5696446870771	106.0218805842762	90.72025298274158	99.82612555975994	113.6472777635481	101.0228178911488
106.4944185690331	100.604043936566	90.30869730957693	111.3950319211317	94.84058815786121	89.33196250067567	112.5330151361858	86.75528465668374	88.3719829781023	105.6554316535019	102.6698988651976	106.2721269926524	112.2619004435074	109.1566093752471	108.2867052280122	111.8825639197422	95.72505530621201	102.675417696256	113.4221905909775	106.2770031752288	92.59086587783861	88.19588338235044	112.9502682816136	88.11076404652286	86.08743388197155
95.10293387574546	96.07265761203551	85.70612913001906	102.2472041191795	109.429759637005	106.3563955186017	98.84136537019467	104.8808490563928	101.6449597325216	89.79040862055993	87.16715715910944	98.89947635379579	90.00588792972808	96.52608744217224	86.75081666339514	88.50068601234581	112.160463844869	114.7961717962172	93.43526576743834	99.39633117226657	85.97596265803392	113.8222152360673	111.5317471832323	107.6172112978932	103.4783833470756
88.10316370087854	90.49188649605831	98.43653146560233	104.2152795370069	110.0123555112965	112.6118673651126	86.18986205649659	98.0610550424837	113.6607044407433	95.66114293915273	98.80072208836849	102.5278116933616	90.82345033774327	99.9928906477902	94.82276774729152	108.5232183508055	90.73060537747796	114.7308296958701	104.7614296596569	108.1690446848515	88.9362100596806	98.95844493245995	106.5808896223579	107.2114650268844	112.9309955599747
110.022754841955	100.3556475759467	110.9962851519551	107.2888103424449	102.968817872841	94.299671101675	85.17256511346314	108.0480202624202	114.3715115334373	91.9209521500472	99.85303082054261	111.9323840880589	109.5120549234264	102.7569648913759	107.4412513666017	102.7159900861117	87.97446464788349	84.95441666721651	95.28964788464225	95.67693559664886	89.05285226804958	100.8739253204128	84.84078787853527	108.7031413400839	91.16169460360614
103.3822814541111	101.5898870536691	105.4958559137069	87.24792126466046	113.0875785664915	107.8002305448035	94.44461436318903	112.0766493194703	94.30144616336158	108.9291632526247	85.97952268288472	99.67625824016666	98.30942049952655	101.6152291380086	101.5128825507989	104.6184749638714	94.44662631217837	95.9008210003217	110.8938057464574	94.66579212337692	87.68788828772968	88.78451235903454	106.7271641309542	108.9895992115154	85.9745076286015
105.3467734424843	103.358838020426	103.1477116381284	89.86214688247358	104.3958221983959	100.7724653369466	109.60204008281	102.5282808934193	88.4147870021197	87.80957273111775	108.0256819641064	87.43514552808678	106.1742308756932	109.9011646940762	95.91841257588268	94.92141587220237	89.94815083846812	91.61500922498603	98.25655188441459	88.82803636842627	89.6828721531416	111.783839185147	105.5202446711798	93.65323544329225	113.6213047151863
85.33451052697653	109.1908939839547	94.11972184927743	89.18210485980806	105.7119917807153	94.91591924380351	95.33163469827588	107.6842271565853	109.7783610302556	89.63699915548632	90.19376266261638	104.3905788202301	85.65826345033571	106.2918411105984	90.55850353170105	98.69968176033106	87.0015079834036	106.8612045202245	89.88852221922798	91.57336906914169	96.83995840726318	92.4050922172288	91.43844153903993	97.89860424381509	89.63138609804692
104.1330291776546	106.4796170660374	98.74071451531121	114.1997516155625	97.56553734611093	91.77028471086648	86.60909838121509	103.9113858403422	111.8382195625491	92.0566525475938	92.08582171777662	105.6703304819117	104.6442482420159	88.85859161958406	87.25757249718141	96.91966573298689	103.7977279556179	97.58415959157499	105.3355254879311	97.94295980410409	107.8812579549965	99.39621535203338	89.99909635480921	113.9438066627013	111.0163809143314
98.16125018037405	101.2534198250394	88.02871828073941	92.85693827050166	85.29965943668098	102.4967827584335	90.03517476637423	84.86673623698438	112.6845527663698	91.55321535936112	85.99514289251231	110.7806150083559	87.24694937358159	113.6177056279804	105.1296517896652	101.0588859637743	96.28152569343968	93.67480093343549	102.2325344278185	102.7346041927179	86.82498118234422	108.4570362598381	86.3534994809728	106.5062895231271	107.4904453292344
95.85235895293299	108.3471924707583	112.3667462367428	86.94686249493775	99.75737404143543	85.75379525560788	87.99667963497494	87.60172619433318	96.36377082246543	85.0475967198505	105.552537055971	88.27833240088309	102.4524815475169	105.9127494107131	100.7641068593283	93.21043608430439	86.23793999243121	105.7613214962252	97.3705476749189	89.37666181993191	95.55404832187097	85.86841417035635	89.26254461349451	102.9892648981696	108.8896374990557
98.89462541690636	110.8035611738609	113.4571974050998	100.4430597245097	87.80498888001796	105.3006891393635	99.13344717039929	109.7966214253862	100.8665994923108	98.87120219405689	97.27175285809706	100.758129492654	114.8357081028875	110.2048439676368	89.53883336776681	108.1671016571809	96.11403335589235	107.3490421520003	101.6292865423273	102.3641783117757	112.893659823527	85.46890220081623	108.4599845637848	105.5877645380396	89.57326477336741
85.69925081725404	100.4333179788001	105.826880918186	86.18360043532849	111.8372398651803	108.3464067551034	88.49646132571536	110.7054074681194	89.22072270232971	86.05919023286559	99.70893196536665	110.0325087576739	113.0060559941008	91.68043545034541	97.67981426077003	108.8075464376058	106.3477538639804	105.568056730532	111.293669061144	113.6928940785573	105.5687009680061	114.5203195262953	94.83511723050464	109.095337704198	86.21044984660263
111.2489291084433	104.9927845837073	103.0593526847245	93.70962116965642	87.70323968898525	109.995074148847	110.588524262531	99.36590230598092	109.8277975962514	98.1956392257997	99.85091396396658	94.47997306269843	86.94146601500771	111.8024988289254	105.7450045791765	106.0593184171746	105.63798371134	112.4732968662644	97.96262389104453	111.4569526465829	88.47682258028446	114.4941253363896	92.27630489026333	114.5253892957219	108.6425067826826
91.30014203298047	111.5901959279047	105.8986447463236	111.7523428708264	85.5656149080268	102.3316030702479	87.54246553529286	107.4092685946857	90.40043850903969	108.7624681337771	91.19379465838948	95.7629533052968	105.5067304867568	113.0107565603737	111.7234296798934	97.04825887499756	108.9598997840012	109.8768069094486	94.09952388205338	103.0406719315594	113.5532439513948	94.31824544859963	86.78318218695095	98.90290726334364	105.3265574160115
113.1881959219216	93.52896220359511	114.4359204638134	103.4705414164963	103.8106010616247	88.04526455440583	102.7960570825008	104.0683199092877	113.9206767135188	95.29888453237804	93.01279968438359	88.01074837911635	86.59076115590952	85.0027463234949	89.39079764069349	87.66072397027284	103.8539341953398	100.2347166907214	111.686686066902	98.23832427847411	85.95277767410523	96.52348092265946	84.97925487725517	106.9831334592887	110.6291830130417
104.7841569100648	105.4367663654763	92.01090699323234	110.0873340818009	92.65489815501	99.34308595810576	98.64240433128273	112.2184430264375	86.30518087142711	105.8500771892777	113.7194603131525	104.072115791719	94.21223760057988	101.1136399213956	85.59074100210101	88.23545493998904	88.78467386377505	113.2015715437905	107.3474250810685	96.06222262180317	113.1810578280177	94.80743233118774	102.84747803868	92.84837074618916	89.35806507943298
91.97981951929276	112.791785835434	94.86806908180353	99.85091410361527	109.6279545619429	88.15832956821312	93.09059529104471	91.91328770282576	104.8499163646527	104.4408616936021	99.37656496732566	109.2607398981464	109.8375962806723	88.00625458349634	92.06616322291976	104.4927911620954	89.23948013823237	109.9130718152405	113.7253488889276	96.19566596185231	114.6142636607558	103.3547775370886	87.29586520785629	99.96597276001248	89.02612016574034
114.0296550124269	94.55294736830656	111.5953887587931	108.9360839939737	107.7896295103507	102.6779655637354	111.8717639853571	86.41314939200767	87.91017765698946	85.24854176477631	106.0540841832761	110.4625660488988	111.5803048775642	95.10194159185268	106.7664601352869	92.62524153806041	92.03762395059432	86.99631315319159	113.9465459072262	94.20119763384649	96.93226072704893	98.76588386791376	106.9477303982307	108.9002527532037	111.0050148885381
114.0143107880682	104.3489296844407	103.3120467191864	104.1775581826924	96.62151649120598	109.3302560409705	99.44473126328685	102.9697105024367	94.95475312523133	94.47382495108934	92.06796735270059	107.2113636389054	87.12287490780733	95.91644342700928	99.29144467251265	104.9148055461305	91.23623074055415	95.00774178718893	107.0877304921929	102.9533018508926	98.15930271125241	100.5452994215245	99.85798122858552	86.75306185314447	97.5484764913185
107.296962589393	89.93377923116594	107.4303808346872	113.2527950050136	111.9171557427899	105.7022573211019	109.7914180873729	87.82201890577431	105.8880754022136	112.1142808293047	87.59477555754592	98.74163931206463	102.7686554013671	109.9377743115593	91.85061471589943	92.87006811437386	94.70846850117717	112.4461531005572	102.6736896750483	111.5458741971072	93.73353145001487	107.2649426712913	104.8145413550488	108.7759785253319	107.5223986734975
112.9087186279972	91.133206423277	109.803473510462	98.28935977652814	106.1842461088163	113.2996328391453	113.1650340638871	91.4563247828159	102.1175477470562	87.12326566541125	114.4685123543607	108.0547344587173	108.058871349762	95.23384626987601	97.99826220479454	100.3550174088345	94.95525160436371	90.13072226307992	103.902228425357	84.85605617776675	91.19110510074513	88.66476553865836	104.6699371342503	87.80437691636214	109.6995521326026
108.6336153258763	89.634710039927	102.284134798569	86.79622956368894	90.79887982560842	85.69937771488701	88.44603617285206	93.19786010094029	101.1581519057998	92.20864217459125	88.41715134044043	97.68269301492089	92.04100540498814	114.4587094186501	107.3804848873766	85.88267170052454	85.50204426131388	88.92612135384421	93.57453601339358	100.3802289796119	95.45976288138077	103.5766182856276	108.4942000300858	108.5173498725794	108.9982350036529
109.1169009279694	112.3961687216343	108.4829962014504	99.15927917051064	111.325430944037	114.4228133996997	95.50211562336632	100.5635524163228	85.67792527424865	110.2817012899297	104.2936109562353	91.22100157285379	87.58514791751604	98.33197987598282	97.89620092055441	86.41807112794967	96.86627445271219	103.0363068459011	89.29404115449952	97.16739802631707	92.93223218843633	108.5186359768334	108.3500572755743	87.35616571886598	94.64967877239945
111.6600602754182	89.15321641927636	95.677408363024	111.1344724649572	112.2477877538138	114.8169698496403	91.09449980521612	90.15771231627133	105.9907806928075	109.7616816695553	100.4313923790507	94.16580138371377	92.87154536844156	113.1152470966835	108.5651162970588	86.77907036325158	109.3041972303094	113.150084618099	100.522473802097	93.90435549702735	86.9514910348649	88.37116041586684	85.95269826452557	86.75857292426703	103.1412030316906
86.43805700995503	108.6350699618183	104.4006724216825	100.9885588916863	107.7816520297453	92.78286492669646	98.92594995962716	103.7076462225268	112.6283108887594	88.99573200308269	103.2961059241026	104.3062501941637	113.6616218577223	106.8872249918525	92.97775003231924	93.1277283768713	98.44184420014231	100.5249113625079	90.32745761293501	86.66333790860676	111.4950576862079	104.1620182700805	87.5692165970549	102.8631935156729	88.58635678706823
87.39704951943337	114.7344698635076	85.81598068188734	104.6583299620854	102.8966641090438	94.50471170827393	111.7028107980674	85.5601592089979	88.19575036961358	85.87907876027337	114.4458027798576	91.77550833863727	96.59717157814553	105.8330989015759	98.71600728227419	94.13042694783336	85.96497125070425	106.1331157549266	93.53402416975881	89.37363391018218	96.6660387869485	88.21372768899535	103.6053416347979	102.6404338692848	91.33663188523265
87.36039907064138	104.7890527861639	109.9447652814129	102.4899673242358	101.0236952926446	109.0070834588347	89.42366912918591	112.3739327607251	110.1288221827013	88.44437872324247	111.015323029336	113.5504752162402	111.4873624000967	85.25168585258008	103.7277106918217	88.07449831551085	91.66139168462576	104.3554583240711	90.40933070044684	94.39592474193296	114.8321295659721	100.5536615027449	102.2039465943327	91.0883314126135	113.370661892814
103.0395569243982	95.01888692489911	94.27546545852077	104.4462755776047	88.29290923100014	98.9475684346441	101.724825157787	93.36163313644857	103.5641979621658	96.46723260172988	99.77155766905985	98.3977760758176	94.87814016519908	95.40312176717251	93.1660945581535	94.78646513089538	103.630497925438	107.4860584808596	86.84193529801585	90.20389555548928	105.469328777548	111.894060942521	97.72541971555017	109.9040013796118	106.5231638902111
112.3013028002821	95.90011449185452	95.15699688189645	105.7488089635968	99.55276700215776	95.38649457285744	90.54935904883537	84.99705035481959	106.7738719313217	101.1142270104017	114.2115881717935	86.81499243385424	108.1382825777912	113.6414683303626	111.0450590661799	94.698743188371	99.43884835900437	112.8615323850745	85.0105399719347	106.6364782119132	104.7658845878274	93.22878985206202	113.0527730142677	103.717717183582	112.3608301931897
104.5916533470626	89.04778922198732	113.5638971740431	93.65260490392041	112.2090778729449	85.08951995065298	111.2609237637744	113.7003602760516	87.04222365307177	111.7234097159564	108.4711256186356	93.49685854934121	104.9143842882658	102.2697471627536	107.1893828837867	92.04182215786791	89.12242118629258	91.29289316342589	90.45516296110314	112.2731518231271	93.67317024115373	107.1786706605001	86.5566545553182	113.1559782390458	90.41042889402246
86.21650145903263	110.2431600618673	99.07751767635027	95.94050650949863	95.17085571973961	93.63423981851271	90.2130262207917	114.2836334524423	114.3236579318384	89.94739469079182	88.66848380817426	95.32579063886826	101.7716931375102	85.70249397113099	87.06409078058988	90.04411165103676	99.60142120863622	106.9952949311668	112.3341201056026	104.4814533278645	93.02935024489724	87.44811688104224	87.23213537992747	95.34004666268282	100.0827321197262
106.3575633460723	85.55403118256105	88.59919396654014	88.43649877183694	111.9581088069667	110.0645162121331	107.9594389910558	93.27755451950163	111.1699983752128	106.7790627330875	98.95681396531067	105.9805631477049	108.8545902803449	96.96595425559626	113.8327728645539	104.622540142386	108.2693232835719	91.30344936730012	86.11529400343034	86.26846774630566	94.02849273607804	95.77491753427535	113.9045136423889	86.41451082543104	90.78091123188918
114.9844797034389	114.649093155932	96.07205016931337	104.6116634332467	88.70901270684472	89.10687534844523	92.77951408789225	106.216437989205	103.6983200076981	102.6537349663889	100.3355387118501	102.4834980053365	87.38027886396851	101.7477301822574	99.37144749471702	107.2183422547854	108.0659899092056	110.8892866661251	109.3249345416286	106.48928598866	98.68010281878736	91.71653859812358	91.98139898321853	99.17841674856959	104.8719770342496
86.43209125472102	98.17881162137081	103.6851407721183	102.1211617921736	93.14245533369959	93.062786218105	105.1629941456953	100.9510452095805	92.04277763112349	105.9206127510152	107.9724060167046	89.16480390646801	112.8718235337658	97.32274570283046	113.7920211862042	106.262766110796	111.7702316516127	112.642222864516	104.7660979625094	106.7453277728204	108.2250903220355	107.1165477060876	98.38229449269807	86.41597488779767	86.35238021834324
102.7910963980752	110.3464538706112	104.3495822946733	90.59094063902458	102.2747949144412	113.7805397983656	85.47305956492168	109.3239442689518	100.3878341359664	108.6524166323004	104.9678295878211	96.60762980183225	88.12206004672731	110.5342365933763	98.61197665028079	106.7389453204235	102.3373751393626	113.4531771924972	89.36905783632243	112.5952965898534	88.87784941559126	101.4828914241235	88.67384619614084	113.450719492881	86.29743640282591
101.965547452776	88.57811358215993	88.79293696852838	111.9502706659781	109.3298593417837	99.89746562777304	88.26996976396573	111.2524125155899	101.80397560847	92.27924065636476	99.55152220837414	91.78198899860034	100.2222064131287	104.6241895174029	100.0750976118624	94.39103839956852	87.92495875989817	100.1997652563154	105.6067914017554	87.42970173727724	100.8920333876128	95.25274079653157	84.65441765152154	112.6965747450089	111.3328763750927
94.63882809677285	96.45732735162127	86.67393120372145	103.3769842970977	113.2686015587072	106.9840996371566	94.18061034042141	108.3938330768061	111.5113528114471	100.960748524391	111.1315683092226	97.97453820344998	97.56797375993118	92.47808231590494	101.7033219558238	103.2117782138826	112.246709311856	98.7095603407495	90.58104921655901	99.5112801474616	90.7002607232216	88.82355388757358	107.9769054447291	96.46372472141078	108.700224583565
99.53446471462259	98.1145371702098	105.8063585002811	89.8200921602871	92.83660360457453	102.2607625634118	109.1791507041673	94.77244455122032	114.2394099299231	109.090467514635	95.58464369824463	104.7948773295263	85.24104459155613	98.10139709531659	107.5393151854042	96.64214248430521	109.3567753446064	110.5390485148158	85.61214121716317	102.6953105841352	105.8071230399807	91.87301642983617	109.418970815872	113.5855391434209	90.51086052660783
97.5568199113883	89.0237006746306	106.0009968542013	103.0118025737263	113.2211630682845	104.1414903690217	114.9144647423797	87.51384571980103	94.04358729041955	105.9468659652881	105.0742914337352	91.94499360462262	84.91080036727602	97.7583756021876	103.6370367903534	110.9331126757176	87.22525321432951	100.5878547346663	94.82942312003978	113.7832669605722	107.4060334036486	95.05949158591025	86.00561409674609	102.9899337776808	103.3165605243677
93.52694598622864	93.1834052736246	86.82098971243114	95.14898024598617	95.87914762799087	104.706056383599	89.72968346039519	109.4139813183403	111.7476458890705	101.9902547464623	93.32549236945755	111.900704769262	89.92041608331827	84.6282573070515	100.2461140749533	106.0914662894596	110.5815968177263	96.26993961569428	98.89910164212746	87.08775177286866	108.9611613182734	96.38079190831452	102.2054955519552	108.858964446879	104.081742442769
106.7533099307065	106.5420604794478	99.15643737263214	89.05413404918829	95.66042281701598	102.1630630488112	90.70435820438387	84.2893956481075	95.35725081426894	102.0465748674203	100.9444466702668	102.6046628954392	94.99440371571576	89.71999838613796	97.22607674791655	113.1740818228092	111.6045174670549	86.87042226553048	99.97769167710095	110.2790875087125	107.6536922098759	91.2957857381196	110.3778946209289	108.6504295905045	102.4408592132676
