85.98532541473071	95.14319938921497	98.84781506983164	96.44394091554537	95.27945247601286	104.6158621040041	98.5039720012829	100.6036482585878	95.76340683380421	99.52238413821969	95.17150696412341	105.650345911416	97.71166787364028	93.66895199762747	88.32738278906625	102.440089036468	88.63079005669576	94.68836298209263	89.33927548287552	90.39385098237845	100.2469702470402	98.63094495255554	95.92803421654796	101.3928219253869	91.14749776582516
98.5655038294684	105.2241170961021	97.67947555652277	101.1551702956197	95.34618840787559	98.44515320869557	90.50800191680392	88.43289863745341	106.5624750390595	95.02148643098597	99.94167837164319	95.61512049836632	93.59573659707139	96.76593709661924	95.72579671929962	92.25192110634239	85.53766047281766	92.54516215354769	88.46776068002602	93.68146941494305	95.55614889468109	92.90003173815339	81.74166927279398	106.2646807620082	104.9385690942075
81.86369847913159	89.72098786441106	105.8908947397134	99.3689307041904	96.46877124550609	91.67938336382605	93.10328905969305	95.41949688897695	89.59088186173655	100.0800144147107	103.4656369431804	99.24465213025258	94.29851073833014	100.2024302868362	93.98851794892639	83.50745206009923	104.4177776839915	104.1794067300055	99.80533578965979	105.5059858159865	95.32699778101684	102.4916417684731	102.8428933324911	104.4642115167302	92.61830110649595
79.31893989440515	89.44253553922356	101.1125008695564	105.8861349695126	86.44223841476573	96.64728377354012	84.34863975808904	98.19736374467176	86.92042829425377	93.84179092430703	88.98901032172948	93.35161855863116	105.7011764513727	93.173045249826	82.82611141051257	81.13753767588871	96.53591063770668	104.7942973822115	106.9404917381857	105.6406130158088	87.62720624783296	94.68275154508815	94.97571605037471	97.63047704873536	83.14616083668078
85.73706375301535	80.51633299340236	98.04999681918019	104.1017423423836	98.20883235380944	91.34336067609915	81.45812578371999	96.8711097748414	87.32775750729385	85.11534758495323	103.157189361335	101.9554134422298	101.0797456687381	104.4068504076018	87.07220710829691	86.00907530462224	98.47735706517672	106.8591857283122	92.1018552489697	94.20210843597306	85.83842468120027	90.03351409706372	98.54205275715297	97.25439590006594	86.31470697592405
87.99521953745574	92.2451206962478	94.59358003471704	93.98370945269765	105.7691751038853	106.0584596121217	94.08340604904853	98.44853207263483	102.2779275735488	104.4190937404345	97.0751638391954	101.2024345645465	95.47222769776091	100.269486066582	90.04045847595727	100.5238985051069	86.85170183335089	95.2142679402133	88.05664542479633	91.33989691354859	99.90212094083452	96.19672718720288	87.09340526842948	107.3586820857198	104.110883070817
89.50200458040095	91.13784794046325	96.41100373808489	105.7651913608664	90.00869692337012	97.50057194393177	83.73087242392852	101.8973175670337	102.716509523068	92.47205572062227	92.12382005058373	101.8442124711546	99.66799338083058	101.3039995817147	90.31344912629022	93.44667218859945	98.20163959166844	104.1660144309459	91.35044431716896	91.98695934241279	91.91019835997966	95.19430998228759	103.8593585847515	102.3053861564047	90.4454022642154
83.10027014148352	84.4042398104705	103.467293216078	106.3484926737706	94.09717882802525	94.34110436896712	84.70419005140327	97.43907919243583	97.59879788699314	94.35410830307637	103.7983981041052	95.41527308555482	98.3606917434002	103.129406040312	81.09348579403206	79.63669711214067	104.4791364989995	101.9818596055797	104.866460961948	101.2048008338148	82.80439577261193	97.83622679943956	102.4209148170267	104.2081191156759	91.82077059211343
99.51600586806886	92.67534003361538	91.12834975563021	101.7782931842852	92.40276306597069	95.29570754088343	87.52485089377008	94.35508766861058	103.5407186615797	98.30539330193639	93.88746024057964	102.9072000751266	102.1460451061626	93.26941198767911	92.71550151902227	94.32469702141292	87.24701628851244	100.3782776703028	97.53165682398161	90.14259945612365	98.10425669894502	95.28388960160126	98.00474066166625	93.45388338529011	97.78703218637371
96.77693345916084	93.81905107708735	93.85691169751217	101.4263380141058	96.03494789861114	92.73008630089807	90.79439300335731	100.2891540904352	99.04853495880717	99.18341303937352	98.51579795632436	104.3109562142576	97.81534413840157	107.1213984519332	97.86086076595021	91.8041558582895	89.97743969401	98.66528942045304	90.22020304023808	99.59797672853549	89.88575973655577	102.3365877444955	89.80773295292309	103.363357082709	90.01882205172805
96.3313724961388	95.95073410895894	94.35007534647215	95.73757068969628	100.1887499653591	101.6968542784288	99.7900758086639	93.19501528701909	104.1836172773276	103.5582161962258	92.83563384131459	98.49621935306524	101.0880929115932	106.0252791825272	98.150195672222	105.1464087514044	79.69636690306636	101.5777398118329	96.33125209528788	81.69685232716058	102.2010190202223	106.7829644613713	85.90681833166505	99.64469907490083	97.35848346284041
101.8986983503798	99.40509378218141	96.65087266408487	94.90319279961913	94.88051808585266	100.9822993938917	92.75114892255404	90.36963126654855	100.0948239721179	106.3980946956011	97.60654983698261	98.84716371185024	92.9447301018689	102.9303910528317	102.7367384783974	92.0579539454517	82.51801236645017	93.83629373266685	85.86697839431802	83.86920332244541	103.8574598527648	98.44186087468034	87.28002994501489	106.5350563239598	98.94102688238068
94.00806429855069	97.73825251725809	94.4725048172391	95.74923591597135	91.69565364827022	104.0669335306143	87.46328642574514	93.407508140305	101.388767206965	99.88692300337567	97.23534547184575	101.0749701699451	102.980526024669	105.3888767195044	94.42523239572516	87.78112179061917	95.05326255279061	104.1337909998425	96.92665501898603	102.8133637587438	96.90912662253984	98.91123375237422	95.93885406668848	100.4924287174896	93.27987270395667
105.2773953807384	93.28097375986127	81.81940458950213	92.60619027411028	95.82784253858603	94.90404263760051	92.64786343570843	80.44575746563515	101.7202617395613	92.71305984504195	105.1219572633809	97.9078278890716	95.94876740291348	96.78813721013543	93.48846331632416	96.35152542030912	85.11017076162011	95.61116396391954	81.81142398673549	78.68351555807862	93.59121926568419	102.3073690864246	86.27399035757047	90.39621477391179	98.7728628933167
96.85465673180303	102.357809834409	98.15680285050841	92.24978898234285	101.5750085715561	99.4116611754577	102.7893276011571	79.11203094649431	97.37491892269632	104.0137756247361	96.72990005775317	101.9775518215461	92.19774962592787	105.3244780244299	100.8767562877382	98.60162767847801	78.48729365270262	91.58614790611415	87.49760549230172	79.62161579102073	106.5052622804852	98.66048082859187	78.56596223127411	96.22596546181869	98.44974917953999
85.72854681429845	99.20019976234694	103.9625152840697	100.7577275209704	103.3310642907431	99.26541461376702	96.25626435651709	89.28400559507432	96.99338998889174	99.06858931385125	92.90530773678977	105.4568577278122	102.820491507046	101.3268791935112	95.26745666498435	93.04282905265063	90.91763954710802	98.29184092600472	101.9315298966674	95.12591312333706	99.03953340309801	103.9177699895853	90.93178924501271	103.3783892274619	91.82670306077326
107.0787636765721	101.8717786761461	88.43165697264709	83.6213161903208	94.95130693974028	95.39780320299361	102.142885635373	66.37500091019461	93.12605418225149	92.77069933138938	101.9931737336086	87.90472354535567	90.66278315330528	95.2590109627446	101.3701478564608	95.37821530103659	66.73439042163774	90.42541702353832	82.68421282998706	72.43210182650496	97.39932055361928	99.57325308417056	76.75320711180106	91.33256250742083	94.07820688598729
96.92773962172427	96.59454975364405	78.22403605523468	91.70684833453366	101.317670782253	100.8665377647364	95.01273557511642	71.15474602455333	102.0738016733114	96.85843587378029	99.09220364608662	91.49543512748575	85.61139959101598	96.40635741173331	103.7479441173809	104.8193780261845	72.90518984278631	98.42873171977833	79.86905419731133	71.76514814051131	105.030567602319	99.6812119256135	82.9922197706897	95.01839594936193	102.2382060308734
107.2508708532514	99.75805049325476	77.23679500386656	94.47004020487108	97.72374656658297	101.1304802740171	99.74024020460894	69.71488365937931	100.2831584709881	106.2473091355038	92.0113648741964	97.04075324986051	88.62659144036121	100.3538612281584	97.68355467808416	104.902214291978	70.35375786003912	97.55700348178391	82.16471275298747	78.88545375324188	92.76202805623058	106.3466497372452	78.03480527299025	103.4379982936771	100.2034173035383
106.388655010023	106.6640573959519	81.79462011512267	87.73014624553922	105.4974888947279	102.6385853848854	101.6339017041106	72.23336186801022	102.2706171524704	96.99293395072671	91.62074910885296	84.11245858400406	87.73586406318442	102.3102133668397	103.1035930757026	95.51606838476883	73.13928275736264	88.46964202780697	78.69693222960164	73.59378789683264	96.12970503129813	100.046823257918	83.58705719403271	101.0616871187788	104.4710205565317
87.50200859495737	91.52544780369317	96.5654443085017	93.8413812071726	95.68451388921443	101.4006369558907	94.03852971181347	92.87710555122409	97.79625781009055	94.35914079506141	97.97987210850917	95.35462710503288	104.171257457866	93.81039076341902	97.9977657566458	94.0653472356275	96.30373962752815	99.1258581449986	97.34461970914658	101.7813811845382	98.92404312884882	95.00465413638676	101.127600925458	100.2410260227518	91.34639609307423
84.28413285900582	85.55126847165765	103.1724044800145	92.89278822596707	102.1673294661549	92.1661681336452	94.06092417510445	97.70574729745529	97.89597434635215	89.21863763425786	96.27636335998424	95.71524252560796	104.7038996982493	100.6292974406005	84.81227457687356	86.79287840597506	96.30360558889984	96.03243965013064	99.87793062492091	102.9757454691057	94.60791100302342	95.39221240735587	93.4158166445995	94.28824145318603	86.50512783416799
90.82844325560833	86.85518902382444	93.60816338234045	105.9939163815769	92.42610735315277	98.54820617318325	88.00398865075817	95.49235002788711	100.3249497320381	91.26008455233196	104.5302564646746	96.42070525966909	103.637103226955	102.3513092063655	84.71891496804743	93.76013459947475	94.47989870602107	95.90536798379061	97.70555800912797	97.11967301927058	97.41591276696508	91.09475916707498	99.26116329489811	101.5221909616439	98.05792517346079
100.2474115590713	101.3806123505423	94.9424488128835	100.5914295160027	96.32674311100821	99.923735720933	90.31222519362866	85.56792178354308	106.4012026522539	101.9609610863534	92.90026617673362	102.7108504597397	94.7350699435231	103.9359220593063	98.00778991804027	102.0987831938284	86.03447231191905	106.6876351146357	86.24736116665916	85.57254793154999	98.14659926513293	96.17032352618483	87.26234309160662	95.43941482256943	97.91678709506017
87.21170569110153	98.8000950460365	94.92081197155514	105.7386011201487	100.5182773604853	93.49056847539678	86.92162825957737	100.5549205535962	95.88145013013897	97.86888743721104	106.2198113274315	98.51097845927336	102.8114117300094	105.8470469440561	92.83317446261931	95.83462000368522	89.935704338573	94.80237286989511	90.68114342842227	93.7379155894378	103.4209958971693	98.61903983797059	97.45570609422853	104.0744965216624	88.02239755463046
88.09113126991438	103.3221458305818	91.25042361644732	100.2035745494422	99.98616852911366	101.5442099989919	101.2475358149537	90.4194123555357	99.39194707740548	99.00845389731737	93.84516343491819	97.06809375473424	96.68200460854031	101.6711827198844	97.70687885544027	92.36220492156782	82.18558779852536	93.9410225430851	94.69364449752635	94.88788832887271	95.58625085003298	93.92646362238462	86.71874002261512	105.0145647937591	95.57010365490363
102.4924872572846	95.04064477402113	93.00308042717579	97.56199599451531	99.12281322386305	97.61158603648546	101.2879147722412	93.92281455429732	104.237583697829	96.24124971765954	105.6227033989181	97.68507513068323	92.96244080345886	94.33023850382649	104.4722706153204	104.2021487308488	78.30331593406511	105.7589227257799	90.85506124651042	88.12640030720122	95.77277624805218	92.44900969457009	85.31628642417846	97.99984968989101	93.8726807493355
93.22549889545338	95.14235811842779	90.4830057585077	90.3297529496123	101.1479527556237	99.99739072239063	98.95984631695065	69.9097866654716	98.71384922535943	102.6569791413148	100.1119840252504	96.38626884821331	97.13382070902259	93.71717922294039	94.40837638615271	97.41240017325237	67.86458731230115	92.61414854753876	83.11490775254765	82.6755455184061	100.3776196521203	96.84189266444244	80.75431026624926	96.7093021628116	104.2424881714209
96.91654897127682	94.50094184286159	92.51094073093027	96.63348496717228	92.66266291861024	104.5673230554066	90.43142361699203	98.00599275189161	97.44064607259655	100.2476586035259	96.71442891475554	96.13383799483988	104.5999086710405	93.33221629240913	97.9942931464029	92.90960146735682	88.69292009316571	104.6312087987703	99.59480827382592	99.06498252627779	98.53621680137465	93.1345559450871	93.19131417690751	101.40273717095	93.81508105594087
95.5260511027473	97.2708223036058	93.49582882173689	94.76665375676382	102.250691486031	103.7281926920164	95.70695502219381	93.66398368464168	105.3584853564724	94.5227553959957	104.0962619159264	98.81418619782701	96.9083610972953	92.24549844374118	99.59630268856702	103.2975784077957	83.92883807741812	99.43639860397963	92.7421439396135	92.59246907255812	97.53439620808676	99.96421326415971	89.79811737521186	92.68792981279803	99.50405633115456
97.18611675335507	96.32317507340176	86.55895393130416	93.05518991595558	106.9211925608065	97.51352055520233	94.99377287746893	86.63974469240858	95.50418436418799	106.5855382191681	93.3616557226724	98.6152246860464	103.9984159441415	98.54191881707661	98.03289316914145	99.69731835811349	84.58403085871709	98.8983407806254	88.65424997868566	92.5509158564312	93.6392061398676	99.95787090510004	90.22092947075637	98.85191349088174	100.0125428537853
91.13753771644201	100.5507587754066	92.86708433837293	93.11244398589221	97.58689226384053	92.51948002135566	96.06706216187348	91.49608598830316	94.49286332544153	102.715025832937	101.3317627323488	103.3282168682016	99.19062710955654	97.2150917239385	93.60150895488218	102.3124664996955	91.04005100604907	100.8167928752323	91.44071306718662	80.04190015245754	101.6611061715919	100.8517822854026	81.0806670517493	99.31649969360572	105.4593520722134
102.0274690093025	104.1947830452391	94.03907295355111	93.73878729722672	106.8586780256936	93.75326973445186	103.2537444479578	79.67696282296593	101.6167453080055	101.7773202016239	96.27249158248091	98.98477719195942	92.47653129494073	100.1035923809021	92.93973369820644	92.19379532416443	85.99860527142455	102.3988540361401	87.82212404683523	80.00159154441438	102.2940747856023	106.2882934568983	81.01294829883929	105.4509206310393	92.50309954665288
93.85387375537856	92.19207678110703	85.04902922139067	91.39606682490746	96.33873156050345	95.34965125205896	96.89958377830779	84.08366021634875	103.6771924839267	100.6393008678495	94.83484860571774	94.72236521718924	99.38440789028235	101.480528478508	103.6986441944631	101.8506076246435	88.05561621505495	90.45958517133771	79.9053123597477	86.46944863418801	93.85823854885945	94.99971151552029	87.32739513949399	97.82450515180996	103.8714466181559
104.5156249051499	105.9379246898979	78.38565603895674	80.89521316253671	100.5875428965623	105.5651450806092	102.4216673772396	74.09345767458207	97.7095892114406	96.56257917751208	102.7376655089714	91.44927748895611	85.55740020052473	94.61641178848598	103.9227599608944	98.02959002903316	74.65890382931688	92.12352970829436	77.09217080902529	66.63604967281087	92.88253516314472	102.0640344206125	71.44329232534088	86.4079748844449	98.48588847089353
97.49671790536537	99.38385371438903	83.92141967581799	90.60108511168258	94.35833571346471	96.89609592075647	105.0579459450525	77.96264252796108	105.8136111838214	100.1039487939163	104.3355837591024	94.73651853120799	95.31585272210459	89.6216098244267	100.3627560649826	92.83642785032964	67.42246153742195	92.75011563714089	76.67646109504047	80.59743442224064	97.58010192424661	97.98894559881393	82.02362277343678	89.06102356656105	106.9844035252736
102.894900675649	104.9709668451717	90.60968815911089	86.6707832143683	97.43930466291683	101.0388182082929	94.08266610578492	86.68864811967538	95.55094519254465	94.82266542234099	97.35449982385143	97.4775659412671	90.92671245111416	103.3231591920263	93.44052124904212	102.8174422251222	83.12494173166125	90.35972751045308	85.39571113511032	84.21243255138134	93.73913515383067	104.9392339060694	83.93006762761284	90.39594583701881	100.3924841053477
98.82333971669857	101.3849580356548	94.71805940559391	91.75046627520929	98.26651408428151	101.2488248462803	92.64430020464187	96.54090124291022	103.4982613149961	102.4087970346658	93.66217255655067	97.33393545189587	104.7324743272881	99.64065870231134	89.98765373441779	101.9829485279799	94.34267217785423	102.8178642182226	91.71511728899392	96.9206577148594	104.5289561113001	107.0626755038825	87.90897238680337	98.0532995748099	102.0555696748609
97.37255373966832	101.728239229002	92.89655555897393	87.31599060595748	104.96930133967	107.1223961996117	102.2240778620127	87.15166517008471	104.1284348439478	99.14370643530997	99.17603272907645	92.72743124693893	88.98243984039057	90.94029137974492	93.30391847796884	101.1607265832786	83.25358327590186	93.68642495327676	83.75397691090771	76.39598168376907	101.4143010486943	104.2837826745213	86.3780774215613	102.0278720816831	99.61278864431505
104.4481266932038	102.6495620611928	93.61965845937573	89.42651090456624	97.91528549668945	105.2690509530669	92.07606247567143	89.86072572639958	97.02432636101864	106.2279223137464	99.04048445948364	99.76285303101477	92.57377994378692	93.08168216703116	100.5250309621946	99.17801683474801	84.91945141619021	102.7962857914714	92.31097449894047	81.58882200061063	107.4725743801397	98.08979476086327	85.27043817271783	98.97585926252376	105.4689064618533
97.21099344478799	96.99924220246301	79.02788968104461	90.52583562343577	96.50196962298087	99.84249603514492	101.3940959886961	76.01311404902576	93.56700321278319	93.03279534125765	100.896742264731	97.01980299669864	97.42819536951185	93.43307963459037	103.2643942459629	97.15630950048008	65.43824084843112	89.90707693480924	76.64223585843554	78.18137459094341	105.3514646310735	107.0973376495553	80.46559070465905	97.06439792721571	99.78318902100781
105.6184134011983	97.19981794685334	62.79074683314747	66.16302910767236	94.7387092318945	99.75934164227579	100.5303640285218	56.69824625883868	87.74650755241535	93.29836223114258	84.96348811458461	82.98855817588047	87.00237155133158	88.40646361865112	93.32277880992314	91.92450038936651	50.87984357626722	77.85184220054927	59.26258834209858	52.87715730038023	104.9678863408653	90.77462809951238	58.13358134395541	92.96558983477854	102.8146794762362
95.55947955390874	99.94926299420754	67.00953876515285	76.88076491455816	87.42932324234404	101.2448005508865	102.2915432336182	66.78361630171464	89.38993891798627	92.21748535715413	92.48182650729449	82.97572094322101	84.27228308068975	90.9771170811933	95.34215196136032	104.1743429070038	50.04624355770941	86.48125933214655	58.92389045126964	53.24609556885634	104.3373009533863	90.35499149748961	62.19733436260475	85.03067450298697	101.5307099843284
100.1670457886025	101.6222665059182	76.85090082812134	77.25816111681013	95.99231546815709	103.2159726348018	104.3527404165017	76.94745725718643	101.712070078709	95.31214261088716	93.29241012774141	94.96892681372539	95.8338377581062	96.61878903100643	102.8692196123368	103.2019109033762	71.4892014238854	94.89898372164849	68.49913046554609	76.40773485617407	96.8122176647959	94.06138737337429	75.96683313278939	87.89391780974145	99.39927199150594
102.0288041864314	97.83038112033887	86.92851068200797	82.87712705839182	99.53407126705136	100.2467543904332	96.56596542311385	79.74428095708348	96.38574108271328	102.2658276885135	103.0546845227556	92.91513146037849	93.23057129095575	93.24624286242727	100.1379158048314	103.4552909238795	69.29694033218611	93.66626998085626	83.39742972334243	76.12725864268857	95.63917394198627	105.5730121134957	69.83519841878264	94.84178965986122	94.61237086096317
92.25117471558065	98.71333955786348	66.1195730934224	80.70401682205646	96.79020199982583	94.7394266394127	94.24842855269578	57.30974571186974	100.7326734082848	93.0734104079463	91.85786376232629	78.95791417554976	77.31138086905659	84.38703134040088	101.2576331754112	98.43277959074204	59.82460662146845	84.33930576102293	68.83513923926213	64.29615009133421	100.4996899155216	97.37254585508364	59.86442954779304	91.60500296336484	99.8212540861939
95.86485856687199	102.6727842383897	66.05274364426366	75.64509660678877	99.52326453451927	93.41043775958862	104.0832780636395	69.89740322272888	89.23042451830564	104.869218053675	87.32892081143943	87.05701775973009	83.34950999521996	86.54544798036778	100.0159435345572	94.92947397805946	58.68948303450703	81.58928777837853	67.66332631663998	64.54049679054023	94.9355925041456	95.48617354520329	55.66965476723954	86.6769233905203	106.6422718010236
93.94988452330099	106.5866564039204	81.68705760129568	91.84964132402033	92.31274999338029	100.9154679198905	99.12100072359182	70.49867450427749	101.0589560912009	100.4528723942566	96.12014641329463	93.48224154717251	89.67268853604031	94.46968607899169	99.54199748789408	97.86333494156807	75.03864638090755	91.72251023143603	81.90890073666233	78.92019039363453	95.38562887595431	100.3762994099577	76.31911389829463	89.20230481811959	99.27415689135353
107.2156392117337	104.2471337177504	71.78869545998069	81.68595401797054	104.5370162861724	91.13145986816269	100.9287564514981	64.94664522163744	97.21179579597435	95.60073990805496	91.41659800854421	83.04135953704986	82.98199326490499	96.2685566941748	97.73996062258279	96.36753598300422	70.82863911276307	97.76546589432144	75.29556982333186	69.11843779788016	105.4858580549346	96.10231743014343	70.27440420684857	90.76088760123487	105.3956689163334
99.0204176167251	106.1913114976628	81.08402165304561	86.88883847709472	102.2763868926806	104.117130093222	93.90549140389889	80.6056548633469	105.547323162024	102.3498132755166	104.5238334307838	89.21319353404675	96.46949693035938	100.5711672775627	100.3343083253475	97.42596583136275	81.36114769316488	93.41484656300869	82.57443845551691	84.78984400680056	100.654252393432	97.00907126469987	73.32668381870076	105.2341542224941	105.7805100002074
