109.1445681693858	111.2343287236254	106.4871143815338	113.2766497868262	88.77048131890167	89.19124408623554	94.79364115213576	94.0479829698903	114.2055103166533	100.6081595127089	87.83439747308122	94.35019280824767	87.4630284987437	114.4121482146185	87.68647468539994	109.1016143584028	105.3734738797134	89.23341892090116	104.6158388344856	89.31337433579804	101.1366958305729	92.83500270774333	88.33910900498054	96.38868192435321	95.11540422038838
100.516797916729	110.1477454878597	101.657555691053	94.55494993249275	107.5478768100486	96.83879848938891	109.8484869262689	114.1624798456151	107.6851530109111	107.0314742071664	106.6599330961865	101.5584702388836	110.6973388818594	92.22253843418463	102.7017266298744	111.0462407030395	97.93040299983082	112.8618548630163	104.4394952528584	96.67303809743916	108.2427744277607	90.5189365884746	112.1727386593046	91.662205065875	110.8988858253459
103.8959971181767	87.31152541572595	94.65512388461872	102.5675291958724	95.62708711252364	100.0161498704066	87.96036346265304	105.7316304432034	88.7141474623035	92.2799863651548	89.44664212218041	100.8328262784019	93.22358197508026	87.7578374314115	88.84151671235961	90.19681954504678	85.31562692081252	109.1316654393119	108.386527620673	102.5539833006086	85.19062032438168	100.8672353602574	85.10779858214165	86.42159234195412	111.9159801725428
108.1332095979693	113.2239319168174	92.14133182747642	113.1774682467207	90.63578076864705	87.59758046212026	84.99933000290841	103.7038312741539	107.8323207826939	102.4543799687121	102.3956505066729	95.20490033814431	111.0664536061211	112.3380086803249	101.1859505885547	99.92930642112789	93.4556910123184	85.09616692661497	108.8327462000538	99.39023161477034	89.99995617081964	92.98464862454323	114.7476292959896	111.2605185725882	94.07370177869922
91.81980698899987	85.95072612757728	90.83004345115063	101.8053026691385	96.59640678130724	110.961949112949	103.2712283838761	87.32191652530886	111.5079695121001	92.00669278683648	101.2447537757129	90.24893657295291	85.60009460811968	102.8021135293212	90.10931562451522	102.2269161029683	112.9923025466883	100.6091016684726	113.8864675450214	87.14345979593615	86.77485282565841	93.02495146066197	99.87677287285925	107.2907837923442	85.95719138576381
92.83355867502786	86.81749520599998	88.99237042004098	104.5764194111501	102.6125224433892	113.1696479586269	95.19254447148228	89.97720551933288	96.53706994201801	101.5937646969994	104.2809007743992	94.77081365086241	100.7137116915692	112.9474020394871	98.28436119400025	108.9815731024486	93.68393592958641	86.7426193300314	95.26416661152294	87.86822201452685	101.179083496785	100.4573649152136	108.7603888212309	92.17697401776854	101.5803350009855
106.4714755935983	112.4653924122743	88.35603128987771	114.1362916888128	96.01706879392405	114.4751327979196	86.32905787796015	114.5144258829168	95.37629181909112	89.99910115606217	108.327637415365	92.59278013063758	89.58254821043819	92.07608117704518	112.8745855715747	105.9157187749565	104.564589707361	85.12122958152268	106.3681051384833	86.60413291829974	113.2582710665411	97.74871320151892	110.8493472190306	99.62481898663272	91.54255450537083
106.7977210936563	100.115085097109	109.0218201623287	113.6801965945793	111.7086842378646	105.8129629442982	102.5318383727515	107.8298013155282	111.3768644447361	101.2237613408708	112.018792953923	114.9120790862041	112.0776745505294	114.0770324711202	103.3656975318453	110.7652433908139	93.79867311978749	90.61451145912667	104.0302686069139	106.8543901075823	86.70840392800537	109.4630916445716	97.38894585365568	92.2909442109553	106.7207594270866
96.99378578521967	97.04619870286803	111.2148365207967	97.53923297714874	103.3717561069463	85.32128960597159	91.16087857835835	100.6174739344099	108.8647239094087	110.4829336420626	107.1806750522492	104.4682888295467	98.17151394499865	98.59004047137674	105.3159460113353	98.51738508566626	88.1760876096924	111.2281818237864	85.24176772354818	94.21577325375728	90.32221241263385	105.3282794521069	95.66714077636593	93.84126634345085	107.3073232812354
99.29850102817915	105.2013005524037	98.40805192991336	113.402555683899	91.79171277056155	114.9347980249402	94.06381191904791	112.7658341461717	105.4379758554509	104.7430210642512	101.9127989305867	102.2804762296525	106.9170699564788	106.5167010300427	114.6966481857067	104.0336596563343	113.6302931120598	107.4101872952628	86.37577473426234	94.32718287114076	105.8675391177928	112.7009449129035	87.46497745773058	102.01278592508	91.07597793079681
90.38943326981641	97.54391232790265	113.9930025690194	111.2730748191548	101.0490129866648	92.9869607906266	99.36414153434383	113.3745386581773	99.29999426755282	95.09746869978069	109.9612592379469	89.97634690504984	99.05607275154136	92.36692604891613	101.1505723851893	85.05834199319206	113.146734713596	96.01312176436944	92.83202932297009	111.9914461616632	109.1833339267682	101.2245943981913	107.0424944714923	88.43317692380279	100.186125343167
111.3462360073346	114.7679922287531	103.9816321970266	110.5470693034021	102.7137387268762	107.4118580587325	98.00197229332605	108.8435188952099	112.3132685485282	110.8031383579669	97.58597054863992	100.3389582488423	112.5716228321418	92.53883888593347	106.2358087401575	107.3568752944227	91.07008923009204	92.97067078916042	99.20939086562929	98.54690433842754	108.2268056264888	90.54937236494457	97.04054334267929	99.61670558035104	103.9833736092845
86.71220766212085	85.03753260767159	92.26111007933889	111.0703871564855	90.55282878824484	102.3377327092757	85.02180495529062	112.8948130715464	94.75128432196952	98.58631727712435	94.35194085341533	102.7686002861379	113.0673475812144	101.2606450447632	113.3388771795257	97.89389054840481	93.2989736841309	103.831631657247	105.4314691177623	108.2086755193685	109.8735848731841	93.86311176843344	110.3216354544666	101.6484879443039	86.78292327866384
111.9729250842534	113.9615629093557	89.09080509262348	113.2159935760402	88.08356943644404	108.1877154021443	89.05027834191279	90.07681242415136	110.9417581339199	105.4174861894104	101.2648346909755	103.2531102555775	110.1937877513694	92.03507101749572	114.7925435818582	93.02304796837839	100.1756140751846	97.80496224371437	86.2119921456253	112.1863863827433	105.427015969937	98.56078367354026	88.90526235881825	114.6309060684147	85.29922560293316
111.1876719245121	93.99907107606946	114.1808622226108	101.2823021924974	111.160889222498	88.83358480296866	108.8212439274667	107.1497109659517	89.4281175497441	108.5881105894528	108.7904208916441	87.90772133039118	90.73117789396555	95.02098047422231	109.6550860842178	114.0077283002475	88.18424431303661	114.3622411082854	103.2388413778385	103.1794164379873	106.3026100522152	105.6423405189701	87.58197707060405	90.6858200016954	92.34414963602265
88.1911196428385	113.0572654161606	85.8485194560408	95.59727500970354	103.235607473318	95.09047661826718	108.077479411873	90.08738528387616	97.2430157607666	90.13569502455249	85.7599592730673	112.829659472316	114.2095302331723	91.55545212965839	107.1330239360158	114.8910647187184	101.7009896812925	107.4653059464051	96.94518216349007	92.29225240720373	102.4881304137911	100.2277382443622	114.1831548140549	93.61494929261336	91.90345148624212
100.4121865689063	113.3108538724055	113.2446707371227	91.94190042330378	95.56003762072169	94.27737652909339	108.0295884157156	94.8458830074953	85.52862292697579	94.61029540135162	104.6717372181653	96.39536816720138	94.76581291854396	97.39637119760376	114.3064459938769	102.4379530385829	105.7911633058341	113.8579345999211	106.7196918560423	104.6598924349886	86.80253552094581	92.00320840992794	87.41700258777612	107.0358721855816	87.2682661109737
96.38354741578299	111.8033483943286	86.89519277584029	109.0243144875876	94.60113708262824	113.3494118326265	101.1300800550395	103.3924700396064	92.70037616681979	99.90591890924428	102.1253565694148	88.22998909643559	109.3328347185474	85.05510352664166	110.3586133406198	102.972593913732	110.5742634012719	93.85929448178648	111.0789775819095	91.00666052375372	114.7069980168916	88.90837761290089	113.1140629304604	109.6409884967788	98.44486838125167
87.92461848135446	111.1053977123793	98.54219323241404	92.17963426499361	96.02719921737497	107.3766001813169	85.38592277705689	104.4402579636155	94.52382584542019	97.33737488472492	85.83183024143514	97.41610802511548	89.35066370248317	105.0451820442611	105.6360430033162	90.98752061098493	110.9445060650886	110.5996440977719	101.9151707989565	86.98859430817578	95.68852864552323	94.3097187919908	89.44131341455824	110.9087458316977	85.45400137503469
113.2460821498895	91.71100409967789	101.1297459150866	114.868732254873	106.6083407167654	108.602036640712	86.73977382350061	102.3991068353219	86.50150014727338	87.89930833415148	94.21724713612062	92.35248763845031	111.7081497791977	95.80247250545904	91.73146007019963	114.3203985481721	93.30071608769509	89.98722540182544	92.0545250258285	103.5821959881132	100.0209301835878	98.17538813169985	87.98453271705586	102.1571852560081	85.95531079274555
91.13435074813979	106.1424535515464	109.788462391758	101.0800023319826	106.561478145953	102.7422269211874	105.2730628365282	92.70810275475961	101.2946097340391	97.60602526560353	113.6051330738732	112.3758569779204	109.9941839501469	99.97924761493684	106.4240253035458	104.7068194266367	89.84897085035892	112.1003362767182	95.68670719888438	110.3157301805591	87.57711545141865	102.3929587171224	114.6494988126254	108.311709813038	94.47827479787442
93.10468493189475	112.9141801424062	99.68762424293057	92.70513948961253	96.43287260772074	113.6540869825502	99.27646410292446	105.8192169826362	90.69722871192606	105.8233936490159	86.66058845769901	109.2799574750383	104.9242033614753	108.5812692751696	109.5463412880297	101.4561713315117	99.69372437182011	109.4415452727674	110.6400535228164	90.66303538941	95.29510195532922	101.8317925555192	96.76077961809867	97.24730181704867	101.57842660134
94.40028860985591	109.4467071848371	95.14704158407088	104.3131793609764	110.2556989469894	87.59035922397628	109.5724211847121	92.41242604824394	96.82589014993172	103.595443306675	85.21103253499666	96.05897303140632	108.6184417939112	92.99228813407332	101.7655609902961	96.78849407197184	107.55216100436	104.5292101282417	113.4357209636707	110.763658278738	111.17446907055	95.65414229246528	86.52387761439309	94.07031013674896	86.18473872688624
94.39896215126824	95.98277109165798	100.721770240814	105.4028634785824	100.2294864813958	90.19626280783233	109.6823784861185	101.4936866215323	113.7722082712297	112.5960264376435	98.72350662756634	114.9421152921824	91.76716009180312	85.33319847012768	114.8056656150847	85.24522438776577	95.32703164361811	92.66090949692718	87.31606264624818	110.0859318263498	93.30705018696017	113.6356934768927	106.1870296621399	109.8836801187456	85.13691768650426
86.47887908308094	103.3876381811268	85.63873789996909	109.7000144008485	94.93617406610075	88.18360583925464	94.9533364916139	106.0935486094458	113.769668735606	108.8134854233066	107.289195859211	114.8306369473623	86.00420752634952	90.47843267556414	90.79438890386243	110.6176627227048	103.0133120713085	92.37018897691769	95.25932185665522	102.1055245066841	97.75010864977598	113.0529798369988	106.9245394337073	94.67604519136761	105.9612262569587
89.56848576246614	96.13482239274384	88.23397928591871	98.80304953290444	106.5128934935897	85.69091611837626	99.73257558332151	106.4947067121704	90.55310419567869	113.7422444331382	87.05494959120327	107.9280961969614	109.7927714182156	108.6016159622075	97.88597163906982	86.09353576127512	100.0376072635933	92.44102875012695	92.21614732917945	91.07554326008153	100.4306321080403	85.22919511336366	102.0767818127722	87.18548572044671	86.71745288750355
93.6105542926644	105.8266763439397	98.9784937979944	96.43206181379344	88.47100987672236	102.6270526849526	96.03695713742628	104.6263661608622	109.8263272785757	104.6777830556884	97.5510466436388	101.4425830015119	110.5008778879246	94.05966398876734	95.83700806538234	89.8151230863793	103.6279127430945	93.22666768434573	108.1584946177251	110.0166003267343	96.3179561297214	114.5480718316404	91.67282249503985	93.61572898931507	97.47971221630216
110.4161855300362	97.23060204609426	106.2540833571686	106.3694177057526	99.7147428754441	101.0135066817955	112.1742855878178	101.0781290860142	87.11843394386898	97.85760258943041	104.0752101214282	99.23599495712915	113.125426886065	104.9684171310896	93.26471864572369	111.425728533969	92.75305746964611	97.85490751208391	102.728614064919	98.50103396723182	100.8313502318164	112.2399936289914	96.86329311532145	107.3007569026414	90.82257105222132
86.12247877082872	113.6422940126066	113.6074145395835	92.2700327364815	107.5248857675346	100.5910499065381	97.94550087393111	97.74277194459141	97.46457255260852	86.60611791251124	97.62358690461058	87.57260916106002	110.3355039663193	88.63290971870903	90.44355715982022	88.98877087303508	89.44289366925791	93.09323006010865	92.12927326296263	108.5333499200041	95.39800586981735	88.9862972855916	97.18150066998824	112.965351233056	106.5472173255886
97.40498305452535	92.88334515952656	86.52476622768158	84.96810266164566	97.10396151081602	85.8328038296403	102.2501478581311	94.41024631731602	114.214914615607	101.3810632111009	87.41358730292492	106.8579285518875	89.22145878826744	103.8530086481552	111.3377684929264	86.22482189820728	90.68550405975581	99.65164152133843	95.61839733454184	109.5438509221624	93.63733484852281	98.77398775903711	89.86864268158962	93.20510898547769	92.46878630333134
95.85910941485896	96.31926733139726	103.1353490851859	109.0422926321605	95.77293275469752	96.05105962944327	92.71548471725916	90.69892516681658	91.38813252437947	101.6365211353854	91.43518394133766	107.5582339327062	108.14383999239	93.21875664413943	93.4948266354678	97.2098235856334	93.60241897544438	114.3967286307182	87.64339642053235	96.32584007810834	104.1847002400989	105.8642667662721	104.587882601788	107.8967405061735	92.38474050140731
101.1198475712334	114.563967519714	85.39892386363242	91.50426707656095	103.2880828973726	111.0519098241236	103.3230187825596	105.4572998731349	92.22471183477802	94.29337957712684	88.48496894900913	103.7670808105763	90.68048274647776	111.7405082885692	102.479607379694	92.89217469980929	103.1538979467914	102.2103132690777	92.73131084787441	89.58951280643119	85.21915279835677	103.9045022682708	88.32359180278377	105.14281018631	104.359111594399
112.3121090192453	86.99629353935619	99.42676509060462	106.4241935214753	113.5524034190965	106.3242049395001	95.09097042721568	104.5064916450124	113.0610516330739	103.3772425769468	110.2327467183238	96.61080705572202	104.3663776398403	93.25104619476078	112.3746648014594	106.6795994542877	96.1117978780016	99.54584905447106	90.22215348355051	98.12852688943511	88.5283032740487	96.12928577899191	85.99795789922396	100.9351934035285	103.6300637218532
111.0611967838056	100.0100256202148	109.4329436126418	113.4206930986642	107.3624867107874	88.98741111482293	98.02951354663496	87.68171552584162	100.4281433826284	97.77052243694551	110.1629533934874	111.4515666583166	101.0795507209789	95.03421991074138	109.395129430586	87.74070495588758	98.71622934861828	107.7247893135561	87.40696751284298	97.84904623987939	85.49297874142124	97.23838400359423	101.1221609373927	93.12140141275509	94.14033697271245
102.646828108768	99.21335890111661	103.3474893519352	105.9901609622075	114.658365648441	102.6065751411603	86.27932262074356	97.69509650664854	108.5550494223882	90.67638075159286	101.4102443712587	88.46922887547994	101.2857650412218	100.8704196066395	92.84783235522391	91.23545530410007	85.84350496639954	91.16305372200956	94.59835630407589	105.8444372965021	100.0400274281336	103.463058054758	85.40488274785211	96.72740527419604	85.91814165118016
88.72034617585318	94.33645564003832	112.4403737473241	96.09818252795471	86.50743350754088	93.46698247249184	94.31489381159373	95.04501974840599	97.11446989894424	97.99516070130426	96.38546596693851	105.8877316119955	110.7811461433374	86.08037187758792	94.88703205242629	110.3914165971349	109.9123658599299	88.39443140811726	100.2400967798585	107.3623626459663	95.22361265675369	100.0411898415886	98.23385398451703	87.86489644121035	93.93687095943827
102.25290311877	86.87780187892548	95.37679651172104	108.5150112911849	114.8037894661348	107.2560318588149	87.0282844711988	86.09089536088824	97.29852609534211	104.7144621217805	89.0540961770798	86.08567992533337	88.48074899926743	98.68591378528809	100.0284907435001	108.930962890219	98.73777051053645	96.57643970280235	88.85294109761085	103.8073669870941	105.9941325570683	112.6795261246755	97.84601765992386	92.37971432474832	94.6379638070499
89.54802325771468	93.49067252803931	113.7404875881586	103.5232464685356	89.65141497909748	99.56610066019066	113.7770727497873	100.7623256900566	104.0382391799873	102.2165022120877	91.5150593824176	85.6033509290292	95.27223085063531	94.21175840435089	106.662152120682	103.9271088634548	98.78338853996598	108.949758077855	114.4241779751999	103.2858412449852	102.0897578518741	107.1377804430672	111.9730411482496	99.28555229210487	110.9038438122793
88.59265423634341	90.43962169937477	107.7867994175767	87.04229344258955	103.9230135300894	89.72113450724945	98.03655143040493	103.3446271139311	105.6055336681313	105.6851772679761	113.4604591837231	94.08118342537001	99.60793714188291	110.7734899547954	98.10173141740952	113.0082979510003	86.84901911236382	108.8462143204727	93.86388311226204	113.6658034342889	96.15077257386982	97.22477714196808	91.9900206071389	113.3622346831497	99.43309538880439
100.7940196032883	108.7272996386655	108.0358137540153	95.70350293579091	112.993953836668	109.8660852722026	88.82776933687956	110.4726405052932	101.2476482590476	100.9419200283154	97.13287184394491	108.7588641949447	112.6557437474333	89.75109061410804	104.66062887706	101.3395945058369	100.2155301536025	90.03704490274585	92.85444624781739	88.40339585004416	110.3876647854397	98.74429307968087	89.17816830222186	99.8363057897223	109.4541391895942
112.6946342045064	95.02859627181505	101.6041390378708	96.0243151115511	101.4424685762108	113.2943810547935	96.26981000984453	95.71234505668133	111.0000403225755	108.7779967400791	87.103430856683	108.0964246991515	106.5939717268614	88.017986333976	106.6673432327768	108.8577829464913	113.0643499114683	103.7123503292044	101.4179100260117	101.9159555595747	86.240012053995	101.1296226079073	104.0322165600093	105.4614386243558	113.3165023895544
114.3156788293591	99.92708773772409	103.3757050781316	94.50514379784899	102.1719043916627	102.0663848060252	86.15204910270133	107.0645333730107	98.74476956091904	85.15415382690354	94.48195164728551	97.64209602806098	114.2918681925703	85.67098391228619	107.9016316759404	114.2241098300754	95.38617550472092	101.0839225420995	98.0108754489016	113.4535207453903	108.5554826327508	104.2738448480898	109.3147133141887	106.999150995708	98.77029309348113
90.18273680180859	109.7094532126128	104.196487997082	110.5277966533397	112.275403203466	108.0884998009792	113.8006810852832	92.63909120223289	111.6456089399591	89.6820804989967	84.94440951185841	113.2615600643059	91.74460485572368	107.6797486464234	102.0511690813026	110.2046186813207	103.0948720144543	94.0899943444184	113.4811655132841	85.342037585778	112.6116675038009	86.42495812152526	97.29185067769986	97.83027125079194	97.78727188540074
96.90331568410895	97.72799682211681	104.0096397345615	100.9485384739869	90.62532996517695	102.3765880378382	85.26968003539878	103.8188552733428	95.39408879771646	85.96697959059992	100.3149012973418	91.01792054252935	98.99853493754236	95.75888940198169	109.4202047911515	105.7289753719937	89.29625927754222	102.4252859676142	86.26527927210081	103.1936036144468	105.2749383996655	106.5802056314075	94.39291606754264	112.8275768531237	102.8086270270351
107.4289533717349	89.8157333352594	107.0714264170712	105.4029047936607	103.6934969285576	87.89318939592296	107.436120973647	90.79939419771767	93.28892528104308	114.5658698002647	88.9365545568547	85.9478498036485	114.3543885837686	99.50442236948939	96.55472095940979	90.56598340551457	91.00713852776818	102.6305407449506	96.14929595781868	84.58173954066255	86.07926834526235	107.7116759459542	95.27159430688789	98.92960504464372	94.47782674960337
109.3930879813668	108.1645960538297	90.16667590957225	105.2529052418824	101.7412767851281	105.0375804843793	106.9143771526225	108.9035702972201	106.7693227385194	86.11413705599887	94.66550061823264	110.9273820674813	112.4367043664459	104.6495554811908	85.5065306834862	93.52564480511872	85.1899493080651	91.28708746721274	89.76361609563652	102.7496536966873	114.6802404329637	97.50298926652336	96.26153908476195	102.7531846808659	88.65261922795493
104.9008284827418	114.329531677239	102.7959982430045	104.4434745980611	110.9535889017494	114.3807095875847	102.9546711360928	97.58184345982643	95.66375589108374	88.97790855477682	97.22310457046908	100.3701930481566	96.08052729629475	93.06153895335828	90.6734277585355	87.78285410544811	92.82304554590175	88.40444042106921	109.9489811733452	111.6409900957622	88.42159803547956	101.0677910544993	108.2284359366929	86.31106060692774	86.80023045396273
105.901100168169	90.21507644464916	88.7716385157176	90.95838695844535	102.222737759111	89.86866959510289	104.3441146106921	108.785212345283	112.9143260312341	88.98723693303285	106.792313685793	102.0658505412775	97.34898907422105	105.0790258876719	87.88716965400789	101.5226223044106	98.47823338326752	104.3332029800887	105.6101877817437	87.32303658562621	89.69202092934142	95.1024282775263	92.81808898726271	105.1058623743135	92.93458807045023
87.80149516082275	105.5720945580703	107.9022891120916	114.5429107303046	106.9753169131031	91.97796331887758	90.6790277196995	95.60649803543583	90.77534458560015	96.99165060320017	95.25715494187197	110.1658441126164	107.9035788429132	85.66263394745046	90.09395026961887	110.7224996082682	112.3326784150659	94.17468740632374	105.7330023706034	108.9977320022744	87.24540246504256	87.49677962752654	88.38682561462409	107.6346127464836	93.83873816677495
103.2787113061506	93.01895660050046	90.65236451909573	112.2702183388608	112.3339840529585	111.0812329384475	108.5916218032876	103.1048459523308	99.08306503345949	113.4937331103754	99.78188069775825	88.01305834274663	102.5518137852747	91.74280997712688	109.7516898048175	96.88857306930399	111.8199899297423	113.3183302494353	93.59278514590002	111.428456798283	105.2494976828594	85.22762340684909	85.32456451816017	91.52151223976882	95.45675134396542
