105.0781494955037	82.04023644289028	95.9092758489369	105.6950671869448	105.3255104969318	94.99062322482976	106.8761508531172	104.0270477013119	99.0190517625736	101.1868110220823	105.1040386029124	92.62454589347161	103.030084205549	101.7801235477628	93.42805464480712	89.35426498535931	87.44269926517958	104.7751887496807	97.26955279000271	102.2782721739047	95.26424519493605	112.4529004572888	107.7698300606396	98.99710049904938	96.75294826699995
95.39523427242558	89.5832169805541	103.9338303800159	104.6873621412308	90.21298788953654	105.0264819334015	107.2130897631327	110.1132902883442	107.0410704982434	92.60424004920726	95.63803705241955	107.6223404367625	107.5358962012503	97.93682929165614	107.1554322488026	99.17735202828813	105.2233613597522	90.36535636268214	107.7049483572641	105.4493247525274	89.89832987700807	101.0054508037612	107.2730345142782	91.88757451741677	93.05622813338387
98.68688539615891	111.9209893775144	112.8634094827219	87.38265926245158	103.705098982853	93.14765979975635	111.1592291396958	94.06258795620842	102.8199942828504	106.9200718515628	93.5604239379125	107.5699297009077	112.3206718155549	85.25827853855253	102.6350642058057	112.1594143427405	100.9329832526061	106.940868523282	94.9612530737793	91.86690631859477	99.35765767204282	97.30527987385467	85.15332848485954	98.10310475884364	108.5563040212979
94.90718472272611	102.3131740979481	92.03051536090105	89.70782714335978	107.7321378561382	102.2489222424209	95.06239861716085	108.4295700052104	93.67192665247691	85.25499127220903	87.07651662726845	105.338434334025	103.1767532962921	113.1763124273187	102.7362316705268	89.6320097710782	108.0448915104297	85.68022530618124	99.32818303995241	89.51976586916228	93.50683667518418	93.55209074571822	111.269745183864	98.38743695451267	93.59231100059486
96.46716209560728	88.62897364129769	101.5944661191163	93.57998633731427	111.4618464522871	95.39664490500262	98.15976797082725	98.86720476892611	105.5460815717698	105.9186829382882	112.2647025650197	86.70480112943933	87.78518347614919	99.2412887842809	96.98802588681659	104.4326926530739	89.68307649618072	110.0067209150188	111.2816103902533	103.0648306786198	92.76211877267177	100.8310890133908	106.4243934540015	102.1906087438153	89.6032533282462
88.25364008526854	94.09577678347291	114.3590326177074	93.29846240624254	111.8286227142291	103.1498029094568	105.4387927966848	86.67182680567925	110.5531295456382	91.28050068019712	104.4708404328712	92.71515267865095	109.4879527180295	111.5244599414789	90.93010879536553	108.2233634342677	99.14394934155025	107.2623331318688	97.94041811944325	111.5817105677299	88.49596560564105	85.3099310719218	93.68110919043029	90.87651671912658	109.603127927469
104.4948440144588	91.09112356147089	111.8010168697274	93.7934016668865	108.4378367334316	94.16525020610862	109.6965780150089	96.56381483729228	96.03944346145343	92.07058434644826	108.5778131063911	97.5470706541081	89.95508041842503	111.1625663441741	103.8977441318578	88.65236028435679	98.67670152761021	112.3177015224194	105.2102307349042	86.19877131879815	93.14163673724468	95.2110437359366	93.48375095664026	102.6737516391736	98.48599524957099
100.7748171943222	112.8684320607751	109.9235551201813	85.21895096581999	99.47920718067735	110.6493660548194	93.55190100461306	113.0247688345804	88.87324357524064	87.32550727839725	105.165782374533	88.07891381017835	102.1163207935088	110.7615018313242	86.92938956379251	85.20089597455467	110.3722707369891	99.99927500881897	87.05818896548159	93.80655344030416	90.49320938342643	108.8875478519547	92.69834490107849	89.86053933248853	104.1540792459874
102.8627327742318	109.6947472385527	110.5489812745283	108.0708823224915	105.470875797648	96.2596557858202	110.012236727615	94.33087499859417	99.88505514558963	112.5269897352471	105.0906897538024	85.97888018312815	104.1049660322104	92.3790123939828	99.05005673163932	84.03172729328712	114.5303200324458	87.8840476780982	105.5126087251777	104.3832726362443	100.9926888810404	96.6535992391631	105.0377648090298	95.27509281780721	89.09250397634028
108.8880385557443	90.54616755400447	97.41064911557413	85.21296956980275	101.7221895010762	107.5234864980906	109.7601880466373	97.34111737419801	103.7930062831206	103.8723358306879	102.5307352715473	108.2199568924617	86.30358246456657	94.44906489066619	100.5598880758284	88.19651065637625	88.88188149882068	103.0950069135527	89.8910726340914	92.33616625290935	102.6633748597192	99.71832020862958	108.0713357547008	108.9448048645019	87.66638262669301
105.3338320841884	89.6711024936431	99.08872418712747	113.3043545220227	102.3688264549086	107.0841511216134	108.7940674361025	82.85199741724479	94.79404456948873	110.0306341774283	88.54123081995225	101.9918168405474	86.46550557468343	101.3739200774897	87.0633576362122	105.9459434846923	89.66642658828604	113.9133673325618	88.12766427523424	103.5575656224949	106.7333844039329	99.6840718981345	103.4577103081882	104.7533079965947	93.72142120157754
88.35345523407398	85.68932291715075	100.4151572698791	93.16916430752798	87.02583313639009	104.7147974689306	108.0253786304872	111.5615205834466	101.2503300181388	108.1322435903787	95.12742164932678	111.5558285818942	105.3769181908888	97.65069323653006	83.84000131726224	109.5688579085794	97.2197874402455	107.929536154905	91.11278352354172	110.5815715224763	106.0003205092351	100.4637364240215	93.12513764300573	94.18965768693793	104.3363829126439
98.2532414513896	86.97980184786442	105.9378058426898	104.9769455473068	90.16040831393101	101.399533949759	109.2487629429225	86.97546967567072	92.136477487451	104.8386251324713	104.8414284934014	102.1668999988319	110.1646319441794	85.4871446361517	105.9157878214352	84.12218205010393	94.96858927586494	105.4402874728319	89.69490153039195	112.5525351274379	89.98772234493748	93.78047852343704	94.18240024685464	89.3087940861267	85.51511432047354
89.55676718803991	89.20429913825586	84.1456159419583	112.2766081015636	105.2916267683454	95.10560008185348	94.04313578888457	83.40285112995579	100.9481382215899	110.4364163683165	111.6654769996805	96.15016501267485	109.3946134172014	89.14432294032943	107.9655171385291	85.34207366404911	94.42747218629185	109.4022977154922	89.07803431962472	100.4605309606872	91.55342382221066	97.20103741571415	88.92981525278566	86.78084565165521	100.4417545464659
106.9187275761421	92.15630939722897	100.003709427246	90.33511416771208	104.0566981565761	107.8942861878368	84.76848452480277	85.50115435265052	87.79667650582486	111.8608400999063	91.64430312973242	114.0265934635792	95.81004025119584	112.2146170972447	112.8133659210557	107.7580006021089	107.4958399638321	96.39804741438141	87.870092489881	94.68171227955665	112.371945683073	87.82751764998036	84.72722987001563	98.46851141048144	101.9032904604899
93.91683364335063	89.00782645933471	110.8466256604955	98.85032902831357	95.47553976657483	93.6286768971396	92.43033487772676	90.7024670583147	97.94556981026831	93.46789036485188	94.7052173632395	90.09569082866378	94.0094111348921	113.8543380290334	94.61272597731258	106.9146825402803	103.4580629893512	108.4239641065199	94.08497955534715	110.2076461305417	97.90544498070555	91.819530720134	112.6704724274285	92.38753374643319	102.1292039401428
112.5968244066898	88.78208578024213	99.41211208171272	91.60242569649326	104.2512962995043	99.70181307422098	104.9884846131002	90.42027918210475	107.3848282768837	112.2455844844341	104.1100937536765	105.1669863392262	112.7198495917717	101.4976873186846	110.4194435736693	102.480138941188	95.88108478410554	106.5389945231568	92.72325710783433	108.2859115639819	108.7071573083689	101.1748479224723	108.0435482573257	111.4056681097629	111.7100582216122
92.37083429430601	103.6535000398305	104.5593884671162	85.04549427855829	88.13609857041857	86.71884780544246	90.45403632410425	97.78876024652122	104.145918525798	99.42795196569614	89.48796434062443	85.65880052988201	99.34762915909978	104.7373552793905	107.0930710955844	95.94564961514948	82.10894113005294	100.6506665987307	108.2001696532549	107.9553679089319	96.52241956836235	96.66039221666253	96.75918230414966	95.50829424890649	100.4511898074407
112.7338055116673	93.57314241924755	112.4647532906382	103.9076634949556	111.7459213827055	111.0774022804171	113.1885482356936	111.4269531165401	93.28784985199653	88.45053529438979	106.5814699539118	99.53742150788483	105.0438125459618	113.1503134323264	98.93178799261352	93.03042113966031	91.06718520368513	112.7820576015163	96.89005032426512	96.23713017106817	109.8146127599253	97.43471704426474	112.7292460875101	108.6332962632009	101.540642213348
94.24131484087908	99.25776812925535	102.6073636334969	92.36116010867423	102.8625737280335	106.4467435057784	109.7603707300985	83.32654863925134	102.4605506808489	89.92083923156427	89.05941863897758	86.51025587338623	89.62754082991401	100.5709399686853	101.0800215477463	87.40660480627217	108.4135340945632	88.25948539844237	95.83144646862013	109.8368120205982	94.87957709920217	88.46255493066896	105.3950519058015	86.64707002021605	106.6911008729008
91.32439576792352	97.56274902375739	111.0831497450806	114.1836184272136	98.66846731664822	106.5873043539075	112.8854887215396	92.20025458372817	92.30862060357943	99.31363441274014	105.6353186283094	96.53168759653019	85.03422632146409	101.7220184324739	103.007172366483	114.1088390912101	98.8079903772598	113.9880356810984	101.8518793373796	95.42809217036833	113.6554669738098	93.57641231744159	113.1356200578697	113.414586447807	103.0235856859158
87.19698864613234	90.85029316430926	95.3946947459571	83.97801720477014	87.98699208805085	104.7881892345266	86.62947090363254	98.25091600624306	112.4251313478324	90.79952855677892	114.7538471237309	93.12607763723305	84.61383067191105	95.25969702342847	109.2109461994193	110.3802935708398	88.41847918556869	86.15533313668043	104.5039290864862	106.9106720849369	103.7779086272742	113.3775771069609	95.29532980205101	88.36596732316949	93.13574350111037
91.24199497274151	92.68901807188303	97.40203365402259	84.9003632216904	114.4584137799524	105.8781579829712	105.3440852707794	113.3817519893809	93.26471574588992	108.8043689074274	87.68881699569467	111.4434756395882	87.03719967062517	114.3461474881995	102.7488646779933	106.9776528898891	107.801233995677	100.4833400906371	87.52397015735288	102.2449448297504	88.87140877237238	89.6213618045908	109.7596413521385	111.4735484607589	110.7043266804407
103.9960431592573	103.2663435323784	107.4348866495864	106.1553648635304	89.24769731685768	95.3010196351396	96.35773999058861	109.9522397212763	102.0831270519642	99.84362462340499	112.3822022294066	84.26421709539726	113.3455721734719	108.6182965106704	88.77619347716548	106.1239256648666	104.1595373638726	88.86898939812738	94.48973121716844	82.87354908031662	99.42259686906846	97.9304893375413	100.6519486532213	99.89297410180316	88.17410019527564
98.59620099319986	88.82594553426205	94.42218975451017	106.7380202935305	99.70347399664929	110.1655702694687	112.7238090249158	95.45928215199244	97.83802304444319	106.8627453403041	97.59428030347132	112.2301431321512	87.61521118479219	112.676506716525	105.237677572787	92.49054974281783	94.06968858107963	111.2158857176926	87.78787096846408	91.65258048179612	90.74628693263918	88.47791657561828	85.62411446889271	112.2137848483054	91.94034317454911
100.9739514474175	91.79446415491424	99.80694888579922	96.49637861534872	105.707089898169	86.90453812739659	113.1247835113679	104.0381401899424	88.26798623586463	97.97029984294596	106.2472515389136	91.1160296348525	112.0357745640386	110.8909387243447	85.27062025135112	100.0572917415965	94.22334574501222	91.05838603499083	98.70357755456905	100.4268658978012	87.37823879398591	85.62242287368439	101.9383115518342	90.45167450937234	103.8645898689392
89.98751395625577	111.3138141980126	109.9110415168322	86.38720965288019	100.8497115472451	110.7263435717567	99.61983641285659	105.6480289980323	92.80408943943017	106.6109869762788	92.47363783273363	88.77833020674805	86.86147700146002	103.341393327751	91.60811830099492	94.95313602015652	100.2674473203399	95.43485936510471	88.8241692976453	91.89326088275493	114.4277123953387	88.11929186187923	84.6369421587509	105.8234208581898	110.4018330833106
87.77761708398607	99.3043767833317	100.1647448094028	108.129420499488	97.05887676360349	104.1031640592867	88.11999817825918	95.98248302987722	92.55350654026057	85.35437718378016	101.4350894209899	95.8104739310257	103.46645986792	111.9404394881281	86.2960564441161	111.0657037027504	95.84281229625728	86.82318174603661	85.97983672201988	109.5190640709303	103.5853241832098	94.10253759460522	99.19497440118496	96.33245790564753	98.47738315757553
112.903907072474	103.5353794029138	104.7061326834065	88.33736592110607	99.80485131777554	95.33539633673468	101.4727750383525	94.69757399643665	101.9267032884953	90.78855978459961	86.74448523521912	103.9700130465332	90.92607439577793	93.30227160770623	108.3097298583476	112.1820254245321	83.39203079190672	89.48514074440602	92.75817300360269	111.8938745198099	109.7580154601365	108.0792389349446	87.82752070201107	88.82179521659997	97.77302661499839
106.874068253337	98.23472301332775	99.82480216219579	105.1855360025928	91.4550221810098	98.56483232123257	107.1185783725147	112.4182889653006	112.1249246368931	89.31968256476979	94.41032135518077	93.38721971761272	110.8463855383715	105.2383947180948	102.4599889399483	90.84029968857671	92.71530988419379	88.4720572135155	97.96376490774998	109.1649108599316	92.67133534456784	85.4556843546906	99.21385778340412	106.5029806023297	105.7840295799509
107.283525477309	103.9191769805713	99.86339535913051	101.5417983950742	86.59806106209562	111.972551965005	94.11287803687657	96.84872553174765	103.1079479959509	111.8004424896384	111.2014968956817	91.35905225359892	86.49046393396155	96.39562627811563	99.14499183329889	112.8047938729607	108.3438003678556	85.29544309275553	89.54312964820221	105.0899127464813	110.288055441368	111.9208113124834	97.16245764422858	108.8292927997257	105.938657818832
113.1312439117116	109.42674580702	109.7187491970784	95.35884651009722	113.1563732721859	87.34857172729185	89.33446204145416	90.32583721614118	110.4986142103155	91.81592236329702	87.87082663948405	101.0469770935539	102.2801583444154	87.47310341287805	99.99177199529265	87.02309539128004	87.86213769158428	98.40449042657968	87.84555404087332	82.11604154074652	104.2847409332844	94.14267350561938	102.1939047195281	101.4290598285627	111.1230660894482
86.88326724340919	113.4054876597933	104.1011109922924	105.4017407436259	109.4665807589066	109.5008342305743	87.19414038746118	109.3421372996182	90.92380363507611	85.85651592147025	103.232209611349	88.85496829524052	101.8667344225572	106.2862628550852	109.6647938961423	109.2886847915561	102.2155960482439	114.8430267070053	90.91748558077218	94.25354391995039	99.63727170827431	107.4306639173691	87.11300116215507	104.5812039685162	86.5163093931676
87.48893510908941	91.82109655905468	113.0261005235369	102.6107418807385	112.6740417395237	88.88784454888749	99.57894895864554	108.5473995522466	95.43401492725235	113.8200812823094	97.01579270562178	92.88468366463013	110.4775564916046	103.4338849027361	101.4609763902439	97.11483580346199	107.3342270801485	110.1173341414518	94.18126483922276	87.21360387056116	106.809844440479	95.4072718227612	98.82238508021082	103.4114226397103	92.17353779408859
109.7134926960909	100.0206721579568	96.14823972756942	107.3245674144751	109.6276059932235	85.1843791398818	114.3963048896562	109.3892266863892	113.2496872203157	93.27034566870282	109.9456773193852	110.1429556763223	97.0379316925535	88.08562701254732	95.99915061188958	88.62354908874188	96.9945201545053	106.2262875624728	97.29604243276609	107.9244758839066	111.6731730533804	107.0604340605963	99.48512987757232	87.22197730328033	101.1726296355269
110.213238559578	105.1473131186624	103.0975505018456	113.8912638088454	86.93260900136292	112.9810792638856	92.8852900110659	93.4607651949718	95.33720693774906	94.71144975093279	112.0712285832571	99.85360519713812	94.88649155510485	108.9925896203327	87.86464602473804	94.40569587707301	88.0002130049498	97.53354301071627	110.9653204429238	100.2530973495802	93.16409655352	102.3935610399102	98.18619247414415	88.65007942855505	106.9218171110214
86.32351765328734	110.4471994324724	99.87993268471224	101.9102380612745	98.78365808246468	114.141623609398	105.0002124927585	85.18431737888633	109.3976465626203	114.171745303824	108.7490222835093	84.79199330307659	85.58105781324657	99.29241531733366	106.2583379073861	100.8996167365251	100.7955347930004	112.3096999126571	94.7035033602447	87.1179686660073	92.26550356787386	93.69832252626104	109.8494551671534	114.381530546235	100.3099175095427
108.1209963525194	108.8061919574815	102.5052929171787	84.51164572778706	89.73689144840618	92.23246605210151	97.22379388267686	83.73336751988312	94.91054153159175	97.71530226739577	110.6188563122431	111.8165917454469	99.84494423857473	88.02292792764902	96.30203081049532	95.1869109094218	94.74372500037379	95.30759139661711	107.6926688532732	98.05338860130931	94.59750078373763	108.0230509110109	93.4638662507495	99.04101299198464	86.51756016314368
101.1706845403927	112.0232918753966	92.19508724730566	98.76227436651666	106.5796775528635	89.75327834103936	91.03085597680867	104.4334454331937	100.3265502786399	101.8617698303264	87.06461315887154	89.22864085421259	102.9244620646423	85.9914783117266	85.32484599656186	100.0227364479462	97.16366345710983	110.7798053979737	99.07719891757473	98.92658446885677	93.21884045051249	91.87481112380991	100.9994279018206	107.7542334566928	111.0489424020582
97.58946280775386	93.959678840967	104.6606798345116	99.45835561790472	105.2584463840079	96.02732967017103	98.45360409361085	86.54318808550985	103.8420205860083	94.67528755456387	101.6727268351786	90.07813063215521	93.50215472922206	87.56687798384468	110.347859734069	106.4657451160728	106.975867184906	89.5458153587457	108.3713880914676	100.2039291730505	97.63021116357457	88.58619491249847	108.5428491744411	101.5210133285681	105.7344565372004
113.6550428436482	89.26191043352165	87.9082323210006	93.85058067770952	103.5062190225951	96.00306143560481	90.31163456981233	85.87616852417672	106.005154322001	85.80847610338225	101.9262124916639	94.00976024303436	82.49866632044102	107.5798580755877	86.88029476490061	89.33586957426108	100.0837701897433	100.3680255476551	98.58101968726615	99.19797450257933	89.63268506431503	88.83147678080071	89.78345202795497	91.63724178700578	110.9490983490463
97.48105831663514	88.61723989671019	87.3647184771103	102.7333953435705	107.0223333067341	106.1195869456551	98.17368445758424	91.6477342405046	106.323956440274	95.50388832688479	112.6418906588322	108.6138730038688	104.9990366231987	99.63390657936719	93.18896834906394	107.8072536820177	87.16703708512701	97.54548322703936	83.50590044734859	86.05867726378254	92.90195758012938	94.51758079489291	87.23455506915258	113.9045650041017	114.3565680522363
105.7706827779849	105.0578786364394	83.0511679456485	87.17102907641069	99.74804220942569	113.7748170886573	102.0946349198761	83.83176946522443	86.64397266529626	99.54223485360639	86.9883764217074	105.0893996827436	97.24286260702634	106.3539986317112	85.7336773940209	88.08952538490287	104.4682845745988	98.8766787730632	97.30347012677167	101.7329385607968	104.4017486129777	111.0806944909274	99.84106968630994	100.9347646392937	104.3486376744792
92.68667093382317	108.4429207354391	95.09317585951291	95.35077323898803	105.2888617216612	110.075754777265	87.07545496163172	102.8573178800854	101.3978497506572	95.62258697502899	113.0386830309275	99.68081893299657	91.43141031531033	85.20371969975096	113.050111615672	88.90113859841688	84.94766957358883	98.63710352496255	92.65333734572411	105.8952206463838	90.44691680248869	93.39992150496839	104.1434679591328	98.25645469399309	114.2124528145031
114.7801416596941	87.01952249678962	98.47173036166811	87.37123144803643	90.640626593866	106.3592445150352	101.0240941027705	91.51430356093783	106.9827231918538	98.42934458096485	98.63888812646759	95.99902778946328	98.68258759325937	86.31852408391825	111.513867912399	91.63539795519392	89.13557141853137	91.77221309165645	88.30686526528194	86.21024240294304	94.98787793307281	93.86954279007455	88.23761638840631	88.87051830709075	98.3365589424744
95.12014571749243	100.7013306173743	102.2804970023879	104.7260607442504	91.24953833287776	101.9933971193115	111.8118990501842	81.39067410056084	101.1792172526922	87.18031982973744	95.25168836029884	101.3763173381072	107.0547340442654	94.01637440170627	98.72827803008921	93.8645998839728	86.40204747264724	101.0433951292668	108.6604612494327	109.0430202724285	86.94271257154388	89.29082675885491	84.44244192182043	109.3654080534702	113.2538302014041
111.966415436138	107.4490481607214	106.2077071052918	97.98699939009215	106.1366973265526	104.1429889205099	88.78673269080899	81.65752969449976	88.28070946526564	98.51014808461446	101.3772083400475	87.26859759063021	86.321214951192	87.01069407548053	98.89144523929856	93.23437059680171	83.98505983809001	99.11334676335724	90.67043281384407	103.9073700226238	85.05489004222319	100.73847754547	104.9473139519246	104.8119227078516	93.05448040413158
109.4069063934592	109.1747346801264	89.6593338720773	96.45386652066068	99.52383542265284	113.6055466533962	93.1624476384788	97.83272941145106	114.1652334105523	105.4233425821264	101.5851572485232	111.2700921527314	95.08206731478353	101.5476251836882	85.79581631020902	108.1797699112598	99.77398145126605	108.4778140881346	97.50463439473943	110.2873692567475	106.6848735676038	113.5457394440659	110.3004158964673	114.3465269758682	107.6863216403173
97.85953862340091	89.354277979898	101.2835740484668	91.16406715462277	97.0284814398492	110.1151432035792	87.68750125254712	97.95167518010493	92.20526775235692	107.9905374933982	100.1365775274867	95.81765746130185	80.75098198366561	93.15389346585737	106.2945168186671	112.7252550897047	86.51388684079197	103.0544696677807	105.4488071457759	89.59715336252791	88.37354297926981	110.8685276766292	104.9929510825523	85.14576476124644	90.55861958736558
114.267159177728	98.29607870260895	102.4407570066617	81.60077047751408	111.2897292087384	109.0080766321648	98.83042714696106	81.38450618096869	111.7299613215479	96.62395583194518	91.82783480428199	100.3015250279088	84.04833751941543	101.5520139345302	96.9653847132208	94.77006671431039	90.42190402517124	110.1454346587518	82.65534016250919	93.54366713487687	102.7546017339835	97.31366324499267	100.2286113686544	103.2935710929691	85.92692142190288
