94.92974872200654	102.3028696209624	104.0841692312931	103.0117740468356	88.82570305999565	108.2349762146018	89.01492241921983	105.0081577438177	86.3705471703354	105.5250260247255	86.47841132185764	100.3625150653621	87.49726513905766	108.1408002095642	110.9245129636862	99.78664159600775	90.63316190851974	95.8225637989145	87.27767509752495	106.5828129652889	106.2863536249575	92.2826737926528	106.43247721135	113.8194045092856	90.04331838230299
93.8385137409357	108.9258634749305	94.91812233425246	102.4139861456362	88.45016168719873	110.0608461607525	110.4641052829306	109.091939245209	107.1593997521208	109.1688117806395	111.2686851728597	110.956712149886	90.88663543079775	92.02472360841156	86.06137933858558	86.58678936456013	88.14552862356386	86.69155866431497	94.90469202171789	109.5473194550715	88.08676949323183	100.2669234047476	87.75393711313075	90.3502797228897	103.7756090511997
111.4705307124568	99.14230191660067	95.84776158901992	108.6852549552235	100.2358478193719	92.89966052598254	102.4323390458769	109.5403657837443	93.98332373436594	96.97646156588426	104.207528657695	108.516323369645	112.9535111900223	98.87162632276724	91.78479193934994	104.495078365838	100.8498465074052	85.56850704432625	96.389222784361	85.95808292438782	85.36288841824745	110.2248535301332	106.3660994487613	91.44105409406737	97.99287680732184
98.62656124773818	89.48788725965437	111.8386980232956	91.46228278634915	99.57096006881905	111.3196462380972	86.41316343228901	97.6196979229104	112.9567710885913	99.38261282737585	90.93991508578733	91.07194710657527	101.8292270128974	97.38182543392898	98.99882905540213	113.3054124793969	95.70700226169238	107.8032334550768	112.5522996471481	85.65991653945494	104.1738194649247	86.99367549080205	103.9987785849205	93.58745137414249	93.31695717814617
112.9022377694635	106.5507908187641	100.6136987688558	98.68259238964805	86.77804306665504	89.41514855611314	104.2394064985981	112.2174341928762	85.35748432028792	110.7711036561588	85.84824703598103	86.65612724270211	112.0918563249195	91.3641797421341	113.6892437989522	109.7678254691018	88.1014198420371	100.4042450137313	103.9068174577823	87.18402489011348	99.48415477692394	94.64915444836848	103.6560841424692	104.480079726242	95.33397799157146
101.2984975710975	99.71323286687552	110.6631201288562	87.92170078856645	101.6637162728407	106.7342643329629	110.4236306359289	95.73996318504312	104.4214636378233	103.8076655805731	112.6150989507444	113.7508152516486	90.51716815493619	114.0182216451822	95.9043789921015	90.67294548123512	110.2125544549026	109.0496289858709	96.2351262940636	95.5622234968929	93.37605230067399	113.1418067106889	104.0878411608943	87.56004985186458	113.6353255748706
84.92988108164298	95.89649800979228	89.54829480574656	112.8595069891272	86.98705305982301	107.269368780282	99.69978488524981	113.185845515314	89.25175157930485	93.4925327870921	87.50000387520507	101.5801451866888	99.95429918641747	97.13928289372831	98.87316398532499	109.5591403759107	93.30415713357469	90.50310376109452	113.5537312041555	101.9818176466383	112.0351222257691	96.79956447632	107.2046148194334	96.65552336895766	96.70117677155146
90.9117009952252	107.0077704271187	92.43698818092736	100.836329649555	88.27728471447807	88.76590774804808	110.4822233126166	86.11953630189095	109.612538146235	110.6667329597046	102.2212238544253	105.7620201108343	86.4229775115205	99.35668678972401	112.9884316523929	105.9942991276081	111.4228974109243	113.2893759574805	96.44398294610751	100.3738175437378	95.86056355161688	102.7790031494642	92.38349429832355	97.23929057153906	103.6681268376946
106.0503379122732	97.92316042386358	97.46314016859758	88.01966659929398	101.8027924212343	105.8994625528539	111.4737634399641	105.192597189652	101.8491618820819	87.79164024439727	102.2252528488351	104.1668222657571	99.34364473645894	92.07010065444561	99.17993016648028	112.0036527074599	88.61907726074202	90.47687400341181	99.63839707826975	94.55041265648583	101.4658017556301	94.17313922733761	93.11020448161919	107.0942086262218	84.60494843972906
89.39665177248654	86.83126446381758	99.1710682927352	93.01094087548421	92.41830977977951	104.8457526987812	100.7155243397065	97.2788615769887	97.5205875088328	103.868509063683	100.7882919144387	112.7323480377316	105.725240973866	97.40677017576907	94.1462526995214	106.2384517670352	103.9134605297105	87.74933650939877	104.0945325409732	97.01647150014048	100.3449602560792	89.65218279759456	110.449483763099	91.82356324209644	112.4605797971774
88.87636540659173	96.24897216745447	108.5816686685929	101.8930627278019	93.55300229057472	97.32262698780447	101.8181724511741	90.64879808991937	113.9889740990396	114.1460137625237	103.1226239285434	95.85272937143475	92.96091162091645	107.2286292400792	100.4778929801895	96.47761874836141	100.9412853147239	106.8386763715257	103.0901516762539	96.25835761392318	105.5020317673707	87.97263118276197	100.29897846221	93.92476358949168	94.56500344764302
93.06177451442241	88.69343995631066	106.2447223425462	95.41317617322164	99.52342607580893	101.2905217987732	103.3901571079761	89.85684030701965	97.06464268424509	111.5389718024436	89.80866861009775	97.78615372215364	89.38092936245974	100.6180984752625	87.52895093664775	90.52467411698527	108.2184839768051	106.4039280498678	93.6718361651748	107.3811191649995	108.5610797681572	90.48402785622601	101.9234017552857	97.50262335709014	99.07778140074822
99.64474663341677	86.6521846678154	93.98761647503075	114.1775485143049	108.6239710492757	107.5581439639628	103.4784288962216	94.65060749271149	89.88804304479575	100.1955534193118	96.12887660261686	106.6112807666668	111.6407507014128	114.9162913038198	94.38958917543357	92.31229579777485	108.3132469801234	95.31874134191285	106.8992332764257	113.1218783590003	85.36124181822619	96.34537707667252	99.40153564328776	97.80903908112778	103.2487072968153
96.22906614072556	93.83430604219701	98.88615827805788	109.053796912315	110.5196379527295	89.23926484460651	109.0043767857896	84.69669489194224	99.38464677261538	113.9298980310356	104.4823733028617	104.3329725930943	100.0476560311801	98.32420522228706	87.31698150065468	96.82797009937278	110.6895102261812	112.9709856692785	104.927804244458	98.76144208240071	106.195902892241	91.40962698311614	95.99968122797227	110.9865876846756	94.20598609217714
93.61523341653688	110.3252590974727	97.33020233860884	107.1603183984584	87.49816207076179	104.4103055310094	90.80605488121205	91.94714635916969	93.447874345602	100.451653006303	99.75216173585474	90.50858805328488	109.597586187074	110.4434696791262	97.63443560905334	89.38381646164333	101.948003598683	85.20299419053926	100.1689014567421	102.6835987614668	94.76979016385613	97.58007116950148	88.19868722208984	97.06019807785658	89.76610367564574
114.633937082475	92.44693574558379	98.04284288189159	91.96053220328965	98.1330617710547	101.7785720765584	112.9986035145244	106.5929851793456	89.48679006860669	97.11897464012685	109.2902102777534	85.27108450779463	90.33231339408459	90.87219112192194	111.1282250025734	91.96993680600079	90.68243846205102	103.4393416698633	90.51705613882835	97.57485519100373	104.6502631440141	105.7445717644137	95.10348339501552	109.7546277877266	100.113448237746
86.56984019933485	94.72374348843861	89.49044632750947	85.05976435962258	102.6076129870528	86.05723815108743	86.02765681766749	99.31460376355999	114.7604879458423	97.74095684417048	104.6857499059548	108.1932473577398	85.33857057701118	102.599021735292	111.8810062082935	85.25067221715939	94.24576193059715	86.82610386485977	103.7970729699435	108.5715106260931	103.5523610937822	85.42658307554359	90.21065684046503	113.5815728141459	108.5163257649492
110.8478656588565	105.326126617443	84.46619661890234	94.95742318881368	113.9154965580736	99.54286511989845	100.4632574412852	93.65880132309603	103.0085509254824	101.4970581161129	88.88728921661975	87.63585461151929	108.3848727319201	103.6009809501715	101.1018543721702	106.9220642539374	104.1031542522977	102.512202929684	89.81164831486991	105.7500918021602	99.96178647761531	97.39248269483716	87.16123117321976	100.1787412254336	100.9106899925518
92.00241327345817	95.43888336341257	98.24531711690979	106.8073340577373	90.93932721903815	103.4593635310253	98.86621919691436	90.51454868447964	95.55194778784337	112.4717608063252	109.1300835892303	89.38446154413793	113.1428724159376	87.3700196477497	89.66857079760786	104.0120753064371	103.1904441703861	109.0090370502902	113.446317239507	113.5266649244449	107.5499927299659	92.44551314832019	85.44749262023701	111.2911168100477	107.9365725388987
100.274636987235	99.82172553212213	84.06765768011593	104.052305404486	105.4542951125444	105.7567735779005	94.47409097424247	93.12156110112319	91.61945953523697	92.78145534293816	111.3209689744929	99.17198608783374	114.2636386320202	110.285348746716	108.0996455025073	101.0213732904806	89.37019474058016	95.73201267531618	100.6980984657703	99.31992715162568	91.99830476669317	108.0769782713215	88.99425460094224	102.4200690805527	87.04227312043477
101.5426385151826	111.5928706238094	94.76410626027291	91.60772021277516	108.1791483977159	91.75424289498594	97.21510609190861	89.25772758244393	99.15129551298767	112.0850882779811	106.3144513304666	104.336573611585	99.37483168688922	85.17814976155503	105.7703415442051	94.31335640965513	96.42779639927312	105.0682295121038	101.7672783094269	96.2243546818991	85.36419400079342	92.36388348265758	88.49449083291697	107.4796142462883	102.1836704752426
92.48395816371904	103.1862645241133	105.2480483987813	104.7521346724766	85.94591339865991	100.4582333562136	103.0731782499517	88.45286363087152	92.76132094296054	109.2701302884626	102.2377639931265	109.4731815602989	99.1368171984182	89.54103317002723	109.8318749936564	91.57205676078398	104.2550637234658	89.37411733254284	96.68549925499381	107.4877878907556	98.3886537782778	100.9995403998597	96.63977727322215	113.0909806238657	85.27226348788355
106.3915892168342	110.4226084055555	112.3089376024747	110.2984763514432	103.7191655698085	94.38086537551646	101.9512285468629	98.13118795943248	99.33283028716909	111.0814780660057	107.0502463740059	113.1387847780038	91.21566113643125	114.4235486201308	93.78447198290057	103.3249682297781	87.44415523287223	107.4983785768867	103.0171204174042	101.3249539333174	102.0123306161787	112.9470892435452	112.0918089848264	114.4571098877379	97.10291192429108
105.9495400055835	85.26885650301315	89.29426397316305	86.13628227447131	94.4097275988607	99.93998336076726	89.54637969082449	91.2009570370063	99.74584130594612	111.2734778265522	105.0880976677148	91.67230024291196	100.3764896704392	109.7788855287463	86.67107405023468	109.319369016156	99.5971051483989	94.36633976969077	99.07897599566908	113.8568663392401	94.84333461821726	93.16536148614318	109.3736184402556	108.3466979848477	95.64797387941465
112.6373164082944	101.6534998430225	99.51430757835379	95.09539669009425	99.9614871731127	91.46880897124592	104.8153774360467	108.8893958405161	102.5463237607615	94.12945973487031	112.9479080527288	85.01902640169077	92.2662854199888	101.3553785476269	106.0935489809936	88.50914897321888	108.1811230302096	87.3266029637953	84.52661206885134	110.1258686013352	91.25180256008544	102.1430101469024	104.1225365070393	87.47981282405927	105.4728311955315
104.8807441692514	107.3561307214761	87.94427281670349	105.9802609750698	110.625301429769	86.07514617162337	113.6372910422087	88.42553892560881	100.2931445205772	113.814024492104	112.722763396972	109.4788200041834	105.1583566116228	93.76196012196841	106.8386045406025	86.93283272695531	92.3437527818726	108.7652544704118	104.2312274796884	85.13489228321434	105.4026794699389	89.15463693961524	97.87340758085648	106.1599728870642	99.3920600028698
96.0282970136377	109.6946851876592	105.3426220010048	105.9488590709413	91.06968071924894	111.8601627401567	112.2669563669888	103.5508731729625	86.19347815744158	101.6906791885044	102.1378895199653	97.83446522179776	106.3342720409408	109.8942756137086	91.07122364910596	90.84612248675673	85.52622402507467	93.10772489704031	99.23385374612778	90.97648747582096	85.08280223758562	102.9563239002964	98.87591134261558	95.08234244829684	106.3554107680597
103.033868638176	85.28660187328757	105.865561621058	93.19234380070668	94.61018105677951	92.31690567392333	96.59693202962599	97.01731848506064	106.9364551475231	86.46613910268695	101.1752844701352	106.80776251751	91.82611639252265	91.01772514261656	90.53478038935214	112.2025880336326	90.64957707172042	97.67360006380957	89.27813233917449	102.8541486386682	91.61247724796802	93.68552290924562	107.5169366759531	89.15070833968389	108.5795255029515
98.82493387001765	101.8714711693224	94.66508837202446	89.096331483209	110.8987677668387	109.1753903487416	92.77946068068141	107.2432188371691	110.141022957564	113.5403954730168	95.52807610142423	94.74184231586594	84.95688509225239	101.550207499063	95.51088716873069	97.59710817323484	99.34905926163172	99.32160902413345	90.32494917734842	103.301427929025	103.3683655326555	94.13479396130455	89.58475438636573	97.62974174112092	112.1374245490696
114.0849171515757	94.60293915442062	97.02166578743541	89.69115643084479	107.1012751862184	106.7491153029555	95.41723955072966	98.75092543657685	104.4423272547806	89.26618300939793	94.88659591812448	105.3430100729035	96.80023671163757	114.6238050899574	98.55509124601151	108.2638365286422	90.8016484800159	112.1317076920739	102.0894993110361	101.7693527386419	98.06815638390228	85.18798805488859	88.99453862143952	102.4252377094429	114.0325942954823
93.92054228129237	107.1806662606875	88.63531991233982	98.31973040618826	113.2428849313601	98.30099110757439	104.9105721314199	90.80067058813316	99.38913381545638	94.9484765414018	107.7770479926408	112.8815012870037	94.39339223931826	110.8911773748553	114.7870740848641	109.5651107059899	107.9092857583835	103.3363646371161	110.7948546575228	85.42041663155403	104.8943089334753	107.3445286576509	94.29002155189309	100.1948110606377	85.4354791490568
85.87734934379806	107.6587567793155	110.0811542482436	100.2530792029592	106.8648803886922	104.9868446815192	103.4931145818523	90.93507670317729	109.6925752681147	102.2123955264304	107.7511654768096	93.34218431099077	87.78544292919294	105.1675966918388	97.19656469289889	111.1848786576909	110.1496907165651	112.303148772947	110.2092425039075	94.52700439807971	107.794355032481	105.7927947932482	100.5991185768868	114.3260549010857	85.59691573279628
103.8035003479725	107.1520347531684	111.3986109509458	110.1055968288451	101.0394662063386	94.24069738801855	87.83393250433338	98.89634318405739	91.62892573912008	98.11101334667664	107.9503336999396	96.67523779393036	89.23910610525279	111.3491576888593	93.03217585092494	87.56033191343518	86.14940092456895	110.1687053223678	89.42537436534158	108.0086762132486	105.4438378542413	98.9020871230298	91.57529733825881	111.4881849432333	95.9217456392042
91.10416087202071	110.2886766011026	91.44598560690662	92.56429593186508	92.18818750067817	85.50402671655461	94.17502844166053	109.2439368545689	106.6463681257164	98.03053854953386	100.3848704290797	86.39308459422868	108.7790114936154	89.36457731647286	104.6219125403098	114.4141983062077	110.6875923455095	91.82090345221609	100.6768468750512	93.93538215545254	96.30760515572092	95.75359388513829	103.4676925270247	105.8242837720822	101.6708831546146
110.3138035745199	108.5812230937232	91.73125533191887	94.64422550620951	92.13471353028517	100.0374576194673	98.38806209905101	84.20310894706043	90.63655307510571	94.7637550894143	102.5497549144526	108.4506404202005	110.1686493036022	112.6629559913453	92.55479378715722	111.3663606703626	98.30220513440619	96.17345998795444	96.62229154491921	105.872620478426	91.40523711580462	92.92119178115803	113.0029818658755	96.76932438898726	86.3889058695696
101.1280420942403	105.5968808571903	97.45718997217638	87.44368753007778	100.9881407309939	108.1146118170731	94.02284831649524	104.0857501837438	112.3747527049554	87.62581874829323	100.348943846459	97.14004168671343	100.0737052429652	96.67496086359343	108.7089678351008	92.33237310678399	102.2126108852033	96.46354830392417	92.00929816066396	98.30157964710722	111.666787588513	98.77906200699135	88.07367205082086	107.1972137543583	110.8818866197434
105.8918562678126	85.36661510372316	101.8044625989161	95.43876346799966	104.8899433525837	105.1130501122387	95.05330563459147	110.5670790309168	103.7814158411296	98.75970745166276	86.8495695399653	98.98612608319621	110.8822018318151	94.01664423005342	95.45145886615094	88.89584857780825	92.99855921446543	87.66400793951426	93.5418301874799	112.8949595003972	93.46002276577852	102.7653433296516	103.3273328077783	94.78573581944998	100.5247203853718
103.5790620364065	89.8972251982032	106.7793035814607	105.1536662824613	107.9093758145196	99.96290613289389	103.9117754954024	95.21577396148223	93.7525005577106	109.4297565403597	96.05779121787688	98.7122438711112	111.590281372114	104.1190932109996	113.964928300697	92.80634053179044	101.5718831507616	97.06536474450998	86.9757937384437	90.60037512954231	105.6929495146739	113.6451181498361	110.6653955131119	107.3168198825365	93.34269926786826
108.5204265872101	112.5865767844312	96.50809878809623	109.7173149723247	111.375767706739	105.0174004301732	95.14051374151849	105.8161018294961	113.4702414654506	93.6183774272881	97.30403862036269	92.50452677144449	93.12347404942403	103.7944083144119	89.84590519916647	107.5146254797806	95.14492252437225	113.4651235540206	91.68430628780425	90.76280561252933	87.48525999296405	86.05516697571296	86.18234089557477	96.38097446881439	103.7517598960087
84.8828903792933	114.1017286544368	99.27052329925625	98.0554395293412	112.3319196490092	98.34368276558344	90.09889407393669	108.5522094736373	114.1104157696782	101.708446656549	105.5745565669038	102.8745787812509	111.8125854652547	113.056090054587	108.8558698607069	102.8416674404313	97.3716219320939	109.8586161722634	95.02945812964413	97.83367914763151	105.6879835854512	109.2483943673857	87.22977680740043	96.07625274733576	86.45288785537778
110.8079722251671	104.2611787058077	93.54191543795433	91.04587229889373	111.3430622450727	85.45303232518323	109.2634490987638	90.38574396371975	87.31049880353508	85.00448053779499	91.16025386020895	99.72101363596472	84.68853099815981	103.0540565419301	100.7021019445251	97.43497975700286	108.5597301378474	86.60432741598146	110.6530611817954	101.0703795638788	95.26501343167359	94.23328656523691	97.61986469364112	98.01273182174035	112.8101240147264
86.1859178036178	103.8811861353722	89.11293696780628	104.5778634220193	96.20430921391741	114.2873647755257	92.13741369473173	94.0998882010811	110.3521591813501	95.76349565950451	100.5588338805831	93.37101439157543	108.108268677225	100.8169478177486	110.7716774091456	109.9050154865753	99.09615362476319	88.64225768947968	103.9182481420716	113.6484613404211	89.43620658636232	108.8999276840348	104.8178335871168	112.5576825801338	104.8911848919851
96.86957426182249	113.5798301934684	102.6465719901135	96.12954913154537	110.8429029196537	110.8196146107582	91.70163891882807	84.17369788983051	98.23668189026827	109.8603350319718	88.53798547314707	103.1440336752982	101.2704496091147	110.3739040780146	96.91900207856077	89.79110401453309	104.7920596519203	85.84359028848333	102.0784801184591	90.41426053370384	92.42296041316916	103.5974148956528	108.0218477390096	92.4704233314129	111.9212377395636
94.57064515611836	99.98248933952175	85.84816873527743	113.7543651606207	91.50302027586791	112.6939311434888	88.0686957306085	94.277581074477	86.76143761062653	101.1378457751565	85.46785629088113	90.9721205812382	92.78594006641613	106.843974300426	93.35110137321908	88.47022814733388	96.97483897669883	112.0555168016899	89.08456796756744	110.8141026828774	114.4472394636015	103.8453940055678	95.07468189135808	91.44334218616072	111.6559041942803
86.98550108706819	87.90957398904528	110.846144886137	92.14089881066003	99.72067730707289	99.08018418968429	105.2845306107824	110.5579351959728	112.7504418388643	99.97694223729621	112.8173714704997	112.5247649130906	100.8425719251313	100.2013659913943	87.00589589442009	85.67314521050162	93.59651805684791	110.7572704103422	100.5703908517295	111.2792247083933	90.35214623814363	97.6222210714168	107.4657615952556	86.89865608546491	107.3849625295185
101.2571318338564	99.89939911152248	105.1141780033274	89.99302612225237	111.874421380139	105.3848123020806	113.6677499771437	94.98142891611248	107.6511019380353	111.0801997377862	85.50294427529609	92.67473109023652	99.03852837111671	85.39327890177167	106.254039598849	104.9060707207173	92.45295743383872	113.6945806453675	102.8890230331786	106.7437060174988	88.38569887312065	113.7145931476311	88.9817388089949	105.663435099491	104.8328248784519
90.19777894031195	101.5882862660491	97.11888179922153	97.98223922936643	110.1845828140091	96.55585073166826	100.7255616280459	87.02149589130339	113.6312667746514	102.4240683952296	97.75152060645877	113.1787895288626	106.5300159068633	90.22441196888306	87.08283568012641	114.2323601907192	95.03034583519711	90.01394108459355	94.13829716589896	105.300705267961	104.2671809034845	103.4009642001926	82.92367709115439	99.38922178493712	87.44214419938064
111.0543207320563	94.9038623456551	109.2205751449045	99.45258537211679	99.29961478411073	90.3672349483201	99.22404066139487	95.7544277696181	111.6942676158272	92.18177766388976	103.2565731243212	96.75054911279355	101.8717764975327	91.89305797177732	87.62047211311032	96.20786158040866	87.24848598258887	91.74486421624083	98.53130432663201	113.4500207339457	108.8499972346163	86.89957679667958	87.18671324717531	88.92763572852031	109.5603052317122
84.94106453267369	97.71170993068027	101.19239441814	112.3849478950745	92.45241044104922	94.80053200541123	103.076642045725	84.87470438485647	89.653034396084	99.06184467981289	89.49475674179359	86.99108006032422	92.88333885301105	110.121721094322	90.23417649168225	109.4107719459194	107.4912847176724	102.4482704611242	99.47959059308215	102.238484307963	112.4103223935436	107.5089914927313	104.0606528191458	91.71415022071965	109.9414800167537
110.6605004362465	111.0675008233882	88.8981705987119	98.72373448316768	90.00506734745851	99.84853475852512	107.8408394207603	85.94605553971074	98.70134699649554	106.3695611634787	86.57429281601407	92.35594478047031	106.2627319628014	100.5476053926942	109.9157204905913	113.8656902098073	103.9864985953384	108.2561759210639	109.2857972484534	96.37058013227322	87.93300633110034	99.39548122735904	91.13326590055743	106.017968500069	111.8525036895532
