89.77675391979179	101.1108658598156	106.2406036283075	111.3946422731436	112.2370321245375	88.0452114428205	96.99356436565482	104.7424759561697	93.14415079480307	99.86924730269618	109.776285464788	100.530643550717	88.6389122960753	92.51803507643945	104.5414212796463	96.20556365399771	103.7122979997853	114.9217453808849	101.090270952395	88.24540234114033	93.92934918233222	95.28372874300669	88.6625347074104	91.84959653689246	109.0104165402099
98.38583190239551	109.5398862389649	93.17184587833164	91.52904653917058	95.68267677934284	110.132095265333	92.0414749975761	112.4421368772944	86.74739387899768	84.46057737067086	96.33486132419441	104.2728507848748	112.1543119167523	98.77084723022269	106.9562824754607	106.2122388574351	87.13738207237657	106.4303813432486	110.9083626579399	98.85806231694581	100.6718538611701	90.43414865536386	108.7376877878214	89.37971501781442	93.18966035335494
94.55052006987583	104.6022565658419	98.71860134188719	100.0875056701532	111.9419191035366	111.1549993132422	95.72263988000461	106.4843839152124	109.8296282976528	109.6691265880982	109.178088143021	109.8898608663656	98.33727459343264	84.84703933610561	103.8793798039133	88.2832559534757	114.8735073386944	94.58980788252194	96.41227856228814	99.02580356375184	93.32681302889462	104.7049902389091	101.3411827087973	84.64302669400497	88.62159780309527
100.9174536908747	91.23736439158607	94.91505332025076	109.5958442715826	106.4753461432035	87.74111312702122	89.31184145464918	109.171065465683	100.8936637984833	94.00110964162018	109.942218204054	94.64629902580643	102.9165661169692	112.2421517255225	90.63975734710104	108.6411046018232	93.41137328114357	95.23039625566689	104.9733419187559	94.14959670457097	93.97284014677393	110.6605351483789	106.111384632104	104.2884299568615	97.02872335031464
102.1731216478457	111.0211932351251	84.84203891321293	94.58144889181273	92.92784695711543	92.51690375173416	100.2412933473133	89.19595640043498	109.8890736768803	87.86878739322624	108.016753991318	95.3616750921577	113.7405453782806	109.5793583127641	99.40115776182664	103.6482532701259	92.81144338252173	109.5746198136488	100.5642036002705	87.94977553710784	109.4480956589811	101.1752436102617	88.97422559272863	114.2257162484257	90.40826769856355
91.6425700836499	86.09310676731562	104.472553920562	113.4284698492794	104.5981369370067	87.3799638636627	83.33464767243166	101.1310743634437	98.48791141941442	111.0458549428073	92.22944408469563	90.64096601235123	97.02482886529931	104.2111699153196	94.80140026127461	95.00967082421272	92.32283653341128	111.6417773698288	96.21157963467097	100.7667934929554	85.32962370144071	96.56060401527377	90.86558729661168	92.59813504143419	90.32571809812254
111.2224478003433	104.8410095238438	103.2328242969535	109.9857176496255	92.61899469201639	104.6639400894859	88.86485010815188	86.8401326965906	104.5639085678087	85.27726285145189	93.70289367452961	103.9942952578041	112.7004668110858	87.69113338297248	88.18489668959045	84.96031815371926	109.6978095861482	105.6435240487466	112.577873187571	109.563465593922	104.5453126424181	87.02383619960301	103.615018170191	92.96285470348354	104.3284487852806
99.25560433950739	96.95346484176092	84.36397074319063	103.4137111140235	104.7809034466115	114.3612521303775	110.5348788301924	99.60380321820412	97.89908022536923	99.75448207350473	102.1825489661353	91.5098230031419	103.962993157926	86.41858296197518	104.1144232726878	84.76777206674069	95.66452378648789	112.692407598507	92.63122284608218	95.32494900256292	105.7537127109108	105.2131215954886	97.29170275366062	103.7777667767655	90.88485226375418
93.05803472260664	84.36557388416919	93.51224797864499	99.94540641916915	90.04887913551842	106.2826195367858	89.82603956274278	94.17323336792764	109.7222219259339	112.2873601645069	112.8200685556147	85.85554399136848	110.5936947116196	96.55825448147489	92.83381138447865	92.92438634637845	98.10057462140254	107.9287023908417	106.1744848108374	99.94959033459207	89.07983553263372	99.34029393836285	96.13896980686755	112.505761018913	89.57126688444679
112.572111592151	95.8035083042088	86.21814645586122	86.52750506357093	99.34519809933956	85.37430606637979	92.87285211608965	87.92483584610598	92.76579485325374	113.3937802738276	93.02399335598149	95.16168601263735	106.4720604664477	94.12483582201381	87.88660897808518	90.53560800744712	90.16307598258088	108.2109724507957	86.55220562548176	102.3815237205544	112.311196540009	111.0799327513243	93.58919951937382	101.5644522666412	102.1915931120104
84.51879057953228	94.07824932651263	111.5088069992481	100.9496647498407	86.30407732145069	110.9401237239745	109.3777523155157	107.8898656599969	99.94573167594717	99.48599238392801	111.0970629666308	94.50680334160091	90.98223528478321	97.68824074408155	113.7673098859144	96.23478805392968	103.8951358982152	100.8347044449113	91.51918631449057	110.8348559737027	91.16023613127892	86.46594745632338	86.73025552355547	104.3669407752796	92.84745966966555
84.75325934394158	93.20991323456158	104.9385113534719	108.8879418811756	97.999447929298	99.86879804537212	93.14333590824138	105.6535865101369	109.823640539801	90.72797827418535	96.08078242295545	93.14476648613905	108.1303669892281	113.1390572135822	92.4932745134723	90.10663277132207	111.4468733219671	91.07258488879316	92.75942831764539	102.8272281094943	110.3559265305033	93.91398384231937	104.4841953250701	103.0732961546759	108.2054034693847
95.30718725680151	94.58308188570508	91.64166440786933	90.92003438015084	86.14079535255755	101.0613301054491	87.64407300761766	112.6574167827579	88.86717180752493	113.9389978600956	88.64475373073675	94.04346342810898	99.35056059469905	95.4397045847967	102.7846271424905	92.74856243695226	93.36078578517983	97.90579656379619	108.8802267939219	104.0524222582884	84.39734202028329	105.828794573758	84.58357115421092	98.96640807346043	111.8182119767472
93.09404629009524	109.2219349384228	105.6791758433116	87.00020749019293	110.2241187096684	104.0291053658178	100.6851634099195	85.79472888927215	108.7667900489363	98.27737867314102	94.9902491394716	113.7379987654186	96.5323711597017	110.81082636964	109.4041119623576	107.4785930675639	94.06890199219379	94.98729884202997	98.34038673379828	95.64552545861227	94.64277467631808	100.048019459007	107.2047383182155	108.8313751765762	87.72906085716308
89.59678363105377	111.594093390397	95.05725815643162	85.38081610781845	86.45730970145614	105.8114480245033	86.87801797792754	95.06107003768216	86.3625917029438	108.7941723229321	99.50849982283096	85.6822851431298	97.48201085590321	100.0144342723493	96.77655969639534	109.2072087148946	96.95054791064786	87.47856839078429	101.7993551079971	89.22852577038168	92.71409303637513	88.67577604969728	91.43361127404357	112.8385856158713	92.417014049437
99.9805563052423	101.9205987664043	100.7283542987625	93.26034955536285	100.0676305731693	90.74118010574739	98.99904868917051	88.83415576248338	88.40026575935249	92.15367360168743	91.73490563852837	102.1280188033541	108.7741247185322	85.49737998862749	106.7068247599611	98.00367758715626	107.5130310889454	108.0009893879393	110.9824701934372	84.60333602029517	93.53279163489086	102.3519774365758	104.9007966434185	92.82975804726222	92.89832986463922
84.51407309686836	90.35475535167022	110.6744882831864	99.94007172397089	101.5048713111633	95.96574398443732	111.2377835409494	96.8576351810746	109.3752782874137	101.9358513136219	113.4183757357351	109.3973859214207	94.20507554409994	102.1521165742239	102.4706100419897	91.09543565561965	92.62472421539138	109.8978136474558	105.1119879918473	103.0024829838374	105.2411794982119	112.2158036361505	87.03078642764839	100.8887537487026	86.4306337022286
89.5382518979284	89.87652235716524	95.64108318299883	93.22985533785138	96.31115511153466	99.94084809806967	87.43106184994467	97.33795680961794	106.415956889585	96.76550920409012	91.46365615408516	86.68674233818719	84.78751507656195	107.9861831887158	103.9845354161028	98.22260804741659	82.8543219993429	107.988833384544	107.0991256926965	104.333013758372	86.35440595734916	113.1431263992464	83.55351536614582	104.6376570570151	85.77195259551368
101.4353708653293	113.2883126671023	90.63585369284488	114.1728584261773	86.19432036607556	113.880251378376	100.2398904469072	112.1117217476469	99.64157806133205	98.47649789379332	93.39502380500488	92.951387268224	108.1335949681585	107.3195377040789	93.90966878855488	94.63034932695868	86.81575214639052	88.9454573266507	110.307255321744	84.93863704972276	110.3121996652725	90.47293583825217	105.8055166509975	96.61993347424344	107.1471749061801
90.74407973626036	97.37664909899738	90.39753675071732	84.6638215167104	99.15362754434776	108.4064090238813	111.6074110885967	97.93370079954786	112.8233339910893	93.90907183207283	103.4524762319554	103.0123870972812	97.85833376601649	113.7965193725591	97.23645196383832	102.673749913503	91.01095475344106	101.7305121514263	101.5047496526962	90.97310440932387	87.79063950592085	97.55075921000102	108.1155240750273	111.4778000655872	94.78665863696608
102.4081147529796	89.453865545881	99.53566012983757	97.40108042364957	100.0386669764199	109.4235356208085	109.5816825448331	108.1791890193141	98.1657184724438	103.1224613234591	111.1273990383815	103.981505428858	87.4134283127438	101.9148691061562	106.2405457039743	107.3216008174197	98.95362723550437	113.9052266276703	111.6913764457089	101.8487682373549	102.986858258119	90.5573941173005	87.45690868089596	111.7436284252668	93.184643041756
105.9748448915785	98.12588075540108	87.1574344010187	111.8583664340191	94.61611611918212	111.375586496766	96.54701326345237	106.0536289674334	85.50316432003217	90.3557112452865	103.4761494693783	86.26357063283287	114.7418866641384	106.8816497947062	100.0339225798258	86.1898388656669	108.3313606057546	90.18458967606378	94.72025078099864	101.6756008811537	108.9833398393085	91.67155646845985	97.59065147713741	88.03603974557957	85.57783075453463
89.50800299225655	94.78662470736292	114.2464460122616	90.23384453856595	100.8424233935395	103.1106115967284	90.21780773280911	111.3980666526449	113.3166469584955	109.2703630690783	86.30470626697415	102.5359968271237	108.6006098833791	104.3617188662484	92.27764171011781	97.14682515178075	91.33972124254065	106.3942627283285	88.30640794983867	98.76534004019636	100.9368453658897	107.3340527871607	107.435314689315	93.83434257221161	96.24417662385468
88.1698338601749	107.6300384379461	91.88685061724689	97.13839285292518	101.8776467400368	96.06254632315138	99.93095342004621	98.89346445833664	106.1192930473721	98.77350819884663	88.84342535665597	109.609018664566	88.66262512245733	102.7116589492144	105.0897566673246	96.57111572692753	98.05747603544251	105.9426356913971	107.0665034036095	111.8293319581392	108.5784089025814	110.5828580041397	108.195494159568	87.16892818362395	88.6657942494359
103.8221608025978	98.9461455659666	100.7949087885667	91.891158838839	104.8169691587219	110.3617051383752	89.60841533889104	87.2570612709647	112.953122462066	89.08366313390785	92.59211784976932	111.0104866562554	109.4007171301992	107.8447084493021	91.34232701398739	102.6200082699675	103.51434078587	104.9083562716961	88.02734888358114	91.85260601581685	94.63447742392857	91.12407180599887	85.31497170543041	85.30940559315719	101.3661707254895
105.743582353258	105.2390207660833	86.07390936863337	103.5634380778471	94.71865352896955	89.06405933699382	94.53088978258926	86.05783808682364	102.5338101961903	88.29869092910238	111.0275813090462	113.8732106632169	90.7813831846418	85.59416781945455	103.6355814930812	109.144160052583	92.84836142210524	100.2398132334711	90.08594002653068	89.5751460323708	101.96024165825	89.60064967116881	105.1380915846291	92.05822160855142	113.536646886857
102.1873294284768	90.53216157603673	106.7742466074072	99.68437547900599	104.6058780054655	85.47906852046083	108.3689998645297	93.15971341447384	102.8427111816744	100.9590499422988	99.61908299680502	109.393494971456	105.5340091610174	103.0864636908592	110.1972391113431	103.9781461423834	101.0240432036952	107.6740251354666	91.68801080899584	99.92067776341804	97.34837343182038	102.6990675484983	101.5169528746123	104.5819143586013	113.5039278914873
102.524225464869	98.97236473975416	104.7424459467749	103.6617865770886	94.25726538309168	101.8429053329945	85.4777607093924	100.8871756124304	98.14453171681879	108.2060025297132	114.2838430240064	97.96528477407843	100.4708503484144	87.07101026226314	92.29434355539057	85.36121489904744	94.0163423814122	111.3107495490709	110.6825801279409	103.0541943017764	97.87631936346082	110.0293234696988	105.2275300323313	101.8844062428335	101.2501240403039
96.8366229660365	85.27313264629441	113.2644562394304	110.1773758970845	85.40236232957676	113.2841821528577	93.76917410722243	87.27084420322721	103.0281361488941	99.71681383932422	89.4802596329568	102.6942926901468	109.540563771978	103.9276151901563	88.99548841898849	86.99580957966647	90.80731551348185	106.7689541596375	93.5912464231094	96.15188908456645	88.79389619277926	92.42751634617073	110.2871616109358	111.5127495652667	96.46064351241883
98.69909771292843	92.64987547439829	111.5302797377205	100.2530530548266	114.419347858395	113.7183065012582	90.81189141833576	104.6363205081483	109.296914725148	89.96165381363743	96.4375608504551	104.1708545245413	101.0860525628472	89.92046044739563	100.0367836456696	110.2880828581079	103.578082864803	109.4055592717987	105.3863362526564	95.33939170321231	110.2969785177262	88.12566096348255	96.17885036083266	105.0291632338105	96.97830267159031
95.8486841527675	104.579166150294	99.21917343493233	109.5032184362953	86.60064025723736	100.0626109141288	90.97051629010539	98.57444673340468	104.6032590549069	110.6067842552014	108.2643999076261	82.71197170316771	86.64707129835253	86.0962286455793	103.0201472614173	93.02157290740249	98.13493618944955	112.0902028243474	86.46218152959115	100.4959845511233	90.01903107294319	104.2070388478079	91.37946403404854	90.94699851956712	100.311947541259
89.70729529731578	100.7811899472155	87.96688563660331	103.7129762883241	112.5162248507731	106.5750190342842	103.0565746753627	105.7309676284329	93.71146343840496	86.40283974075065	114.149846283095	112.969954441364	89.02781137179105	110.5194068858988	103.2087358136413	95.91818473001226	94.40702647313907	98.31960255816884	100.9295486103872	93.3333039193584	94.70223428968079	90.32746093012669	95.92330038586789	97.72443863977554	113.9540352369381
96.65125364344711	89.84036673260142	103.0491563791619	87.51019559675072	90.22588905944671	109.9243844057452	103.1598164690759	99.4028610815374	86.36493587700356	92.12769467914254	101.7433621809602	93.47004954192657	110.0036128769952	113.7785904180344	87.26710307579584	94.86480388728714	107.0238506140414	94.5776131405847	90.04105512962443	111.2192309672082	106.4098505762006	103.4561327372869	99.84065450628927	99.22604414474183	113.8892520021292
86.83581283053506	109.4715891391334	103.8423569512387	88.35086606586979	96.35726632607874	108.5630736380899	94.25707061110282	81.11279947518152	86.95402707494566	99.73106599719729	114.541219286217	108.6382502274119	98.29615082755589	104.2016398315226	99.97508006693231	89.13558143807238	104.0483535594522	109.1439755185432	81.72722818691044	97.71715567475236	90.9483512035732	107.1294645952479	102.4409642415585	90.88139567267628	106.4876446410092
105.6956352536253	88.85058160708573	106.2622293472759	102.7753242116763	107.2278651115472	102.1433932114633	87.68141004046205	93.01392185717414	107.9440514777796	98.51683542299112	98.7019592750879	107.7010187318899	112.8074037631474	102.2160383797416	100.2283146475392	111.9038259973254	97.7281219470833	103.4694301014349	94.48989357911212	99.19408838206216	114.5460294895692	106.3929112595724	98.40500361499045	85.51166900320372	98.18714180149493
94.28003586080771	110.845897053354	111.5010813624938	91.08832023940012	99.71841162202431	101.7613339810529	114.3216572111612	110.8627701355688	107.1509868042728	98.33665497117774	100.2528834459885	107.0651924784213	92.15155696877324	111.9844500668873	100.4805439310374	103.8433503200488	99.4048361501756	94.85946839382375	96.46639684329641	93.6519000353083	106.8787295361679	109.4524050424897	104.0290839976524	106.2098053935469	91.07869521834736
101.4936140390295	93.70212123062782	87.75378017878938	107.8613754636082	111.4677150111304	86.18718944805192	105.8993796322115	98.53869530991005	111.4948233467034	105.1697830679702	99.21537172983452	108.7163128965725	89.19797031457462	102.2159968260271	96.17715994579632	111.3546049164726	83.29629816525005	99.06801860638205	89.92361107215149	106.9986954317339	101.1512576342001	106.4671481625243	110.4493196066704	92.6400874792609	93.32674832991597
109.1973726550465	94.15108669611533	88.20961578630224	96.56774189987817	95.10352190936267	100.1226404142103	109.4515513205289	93.06714722870655	94.79723168898691	96.51641724911082	107.4813034597726	84.58613947675902	92.23900979356796	94.812375373893	91.03626738312859	98.04728219133426	90.2632631323707	101.7637307187144	90.65436157342671	93.24477938648073	110.416289626885	102.4627709063222	99.9286599565996	113.1926069955667	101.5536313719576
96.24175231458983	95.60277922787202	101.839801066108	98.14194823011358	85.15545032858235	102.5168553035559	109.6986161389674	84.12263998513424	111.4715249584005	90.30612339446715	99.79812501480785	111.6589821314076	109.7524211568724	95.95507013309121	113.7328377811334	85.75503134751466	108.0627021234929	101.6374159475548	86.82680295008511	87.74427710703229	87.43400628764445	106.8579129296998	91.01068575260069	107.0872973200998	109.6071417174241
105.8575542292095	87.61689020347013	98.8273820139831	107.6966601714332	108.5458282263174	109.1333025170153	94.72866843622731	93.89219433112316	97.8257487757546	91.88801328123111	94.97412126920176	88.57898113536125	87.66786072890892	106.5616301028364	96.99735775144315	109.3202492276222	105.6822883800403	85.7287496689507	93.66818143024379	89.69396458764233	112.504272934777	100.4000274224239	97.80253281125731	86.58770898762928	87.27899172084766
105.8701240446004	96.90032006228	110.6866820176943	104.4045297452651	102.9821142290729	96.99473364936287	106.410035685295	108.0032776783651	106.180766314182	92.00350711538246	92.67865294811149	101.1170040398628	85.54528047537102	95.1896023984539	91.99515472560431	114.1448496852649	111.2997702729451	107.4039436030596	101.2003937099073	111.1591024541785	104.3404898730871	96.4746012602058	97.15513865721448	99.23202236147378	100.4292845852121
109.4773861567779	110.8392512046946	85.8829319329018	90.84630272385559	93.09757368085701	98.96003488150932	107.5427758185109	93.20874813837166	94.48777540721439	99.51078744396303	107.7096885704302	91.8385077842957	100.6715281071132	98.02186815861805	111.9686168050962	102.6377916399582	99.40641170358475	106.1186242828776	107.6715509487188	106.8154834618774	92.34870804223195	99.2810040865121	90.05528359026508	96.82569148865559	113.5392663429329
85.94686487389133	106.4182557862971	106.2619609267416	83.33294693146217	84.9833482985493	87.11920729312962	100.6317974466537	94.58734085310283	95.12850731438168	100.902596080956	109.4862013567274	88.96742753028944	88.64329458037534	110.702972933498	107.980562126888	100.1251100588456	101.2804577512737	109.6535929848038	105.0520700675008	88.89903893874094	93.43026234194278	102.1904715020222	91.42226131336616	96.15357018213959	96.69961177248429
88.91961267310379	113.3480852167066	92.79927806534022	89.06091766317516	91.96166870739614	112.1268198716287	101.9394542866065	83.24898091600903	91.12676707916366	88.13745795592156	100.9386654631731	84.17236965539684	104.86832282569	105.4485205684622	107.1004181713682	104.9835281884319	89.91579705105541	107.4320831074909	101.2293303347673	89.86124874962712	111.0877537494489	112.7051347482832	85.07396650401694	90.354433556076	91.83315013428901
93.03269170471339	110.9284985933268	99.20165704425187	86.72593170835	97.95647803499156	113.7551365912427	109.9095189915555	87.54959592143354	93.28407302317027	85.64472961841311	113.7772281935912	105.6136983452064	107.8121724173136	102.6641924540962	97.07338876461273	88.15022243405315	102.151517444306	103.3784092761327	83.04266770534582	92.44379030319507	105.0286338814896	108.7273097791481	82.69613422922056	104.9802174724768	97.20580137712486
111.2942253292813	97.66372231646031	90.22887010829629	96.88689994542118	106.8673460784814	87.75095555660351	88.21968954444758	103.974031315732	108.5093855615744	89.85642200025795	109.9266471535553	90.17902990097619	111.300698547385	85.57329312766331	92.17034534307413	108.7574627767804	90.2697774786612	85.1249728643147	104.7510822465053	79.41126790914744	101.9459498051619	86.28382919958011	96.94088389292018	93.25631629860182	98.69442641779344
110.989589019538	92.13937357134796	107.9695835826155	99.56362678531754	102.6109385353413	94.6790124848212	112.1314651254669	101.9685559767971	88.58344982722518	96.6441793074525	90.72699794198833	109.6874046061702	112.7400043877669	112.6426769599655	105.1760542839693	99.78304944402761	81.98081486006765	88.54074024711221	86.15881034293929	100.1070374149057	111.4711171383054	89.22518496796954	99.74585515403159	104.1098058137821	92.6987957639958
107.6881465874955	109.3933117280768	101.9262297950245	112.0512417907563	85.84098804306463	104.1652820065607	96.88168328491381	94.74559671140436	94.15027360912995	111.6826230321005	108.9022093192714	92.70143571372726	92.68162373518172	89.81217814703378	109.2463272948355	92.17307483255669	85.10277910845143	111.7050220159038	102.5576441248957	104.4492872395398	106.5509089033124	109.742384780298	98.76452740132517	92.25751060563479	104.5350478583849
113.1111375890483	97.87253815612627	89.07151088347827	103.2821327508527	98.96212432594081	104.9949355556223	107.6696386596709	87.70829052386142	98.88283096025947	97.72236655430363	91.64482708274572	97.1978481617649	84.25333346239452	101.511247498182	95.74639461643559	108.7068222121204	90.25402565348756	94.12097872127242	88.73813798412647	109.1663645440941	100.9658155667331	97.1076387067292	104.1079012746408	96.39333724780469	85.78503007941418
96.40078375027323	101.2855524221519	105.7190437383848	99.87300487346843	102.8404068159691	85.27987695948258	101.0772116963741	81.52927615372808	113.1436595797564	88.70763448405053	83.92215266236131	108.3844421161003	81.54980453923342	82.7493036553236	93.45159007343999	95.041918511226	82.75612965635698	111.1207151458111	95.45863780662043	84.09916897526615	97.35677706124537	90.82339288802032	93.73988167466929	95.03741606312131	102.5650829752165
