87.50339124301172	90.57825021139763	97.5210796754413	96.16114584622908	93.08020310769039	101.5483710243813	78.58297784183642	91.83598761451672	96.58301173448322	88.77583992998981	104.4019772076306	101.421059919897	101.3283753555686	105.5633868533037	79.1474837989015	84.67767389740357	97.96133014217236	93.08801551879517	93.43151868568584	91.30853264090926	87.973986766346	95.63279883826485	99.37067707551823	91.25732971332778	92.2196618128538
76.63255580588454	81.72395625681014	98.2242946401407	107.0494552361849	89.53933912697373	97.77256068533835	83.98476420169507	91.85187360553255	97.61286349160846	93.55135184666253	89.70573399796011	106.6807862767461	95.94034105427723	91.89684449561337	78.61389901366749	90.3277264718501	94.09202082111996	98.74918571117192	107.1475106946303	94.09974606040241	94.95519900964581	98.04003223882091	104.6360021781105	98.40806479909821	90.30236802569439
89.1822406091699	91.87262971863204	91.08556951587443	100.6849036502238	100.1617724582821	94.35968060872335	90.56981500554038	96.79093029183531	93.1110991085789	97.47441362485459	96.30245831406768	105.3272161019725	104.2005371293525	101.5221658899089	87.59849050541443	100.1733538736111	95.42675277818788	102.6255489514854	97.65269253079271	87.58489114345655	98.61290417679344	105.3250911852281	96.85700380509054	94.40106602381846	92.56863193417767
85.34971890107951	93.12469901297234	93.40037981052473	94.42897301255657	91.51809485785684	90.41585635382783	94.13918530981033	96.53869108372733	104.239568172651	100.8531609264134	99.28397677296346	106.0730701895088	103.0106386988942	102.6085390797966	97.92392393566399	96.87954015229045	94.57944797205319	105.6436922443882	104.5457505307606	91.5084695364251	91.63049582007038	102.6882781800417	92.77997918001626	95.76914567639695	86.45614197478842
85.12473953938827	78.19396955777631	94.86803475912279	95.60538410856925	85.70786113903266	95.18520935603942	85.47257037983172	107.0165379617818	84.06576718735251	96.33925374899718	95.66250360582157	97.22985689979994	99.22016596256086	95.792715485385	80.93326674617072	79.10557542476484	104.3015586177849	96.21215060627152	104.6361422428707	95.70835007985094	91.78734602162149	96.13640590258598	93.96981956623927	95.83559740828301	86.43452548428594
81.78112860513855	94.50723139004623	94.66599832406416	103.2354332937621	95.11025396246505	95.24453926339962	89.33420960355359	91.45829058633231	89.38313043189632	91.039659918379	101.8321609823672	101.2610743593579	105.4689013814577	94.80071071607998	83.01326342269618	86.06657037937575	102.7257932574944	96.82037584673139	94.34422930748497	97.0048136304253	91.97843431031698	98.23767403395824	92.99984322577212	103.7353401203255	83.49789647310224
94.27849438992791	91.02641087700641	101.1016352562021	95.91210679150451	104.9837713355267	94.56631040729212	101.4273037848186	91.25405694599635	98.4784417389087	105.4095920268763	100.3576955210496	95.79357214283563	95.04213477500616	105.5927632417142	101.6341421035071	90.89471094327129	92.55472536422849	92.52926311980782	97.96123644236188	89.97125038283818	96.60636728551336	95.8594119545367	91.47788594649093	97.53576367933938	93.63945608028946
74.82352882734759	92.86844917619702	93.9784259052328	102.0790235530981	96.06499830842286	86.89179341419008	79.78443729375016	101.8443966676649	91.66618381349312	97.61294933922596	101.392674434341	97.94730872414992	105.0061154470047	104.3833142287472	88.79778761000046	80.69458402877827	99.11560295956225	96.73208715653575	103.9474409583585	101.0831544408768	95.62085257411297	88.84344460268974	104.3997808583258	93.08733519571973	87.43577071140089
85.5020348459424	86.57343691403636	104.7016952995978	106.4766223712255	97.54131355942451	100.5383749630563	82.1034322696536	97.19132216570827	93.81708468707859	91.48906977644188	93.39486919890642	97.17939856093277	107.4378526143247	105.7292118650729	84.22428647837503	93.61694994614106	87.99737025192022	94.80519525087327	103.5753706798032	97.5285478950598	99.81175172044701	105.1048858326546	103.6007766218394	93.65801791851722	95.14302622111576
94.24926525581581	98.69276783100858	102.300518414458	96.9491330700276	103.6404577931137	102.8697045583506	95.47410243301647	101.1581098528488	92.9210199185337	91.47657402476423	103.0840832327427	103.7564804566046	106.5905824149337	105.0561351885183	99.47486617861894	90.24184396368672	87.59892940777753	98.98052806297143	95.3976111497235	90.08153162207162	98.49020615150056	94.93994600367402	92.98399926290013	106.9437318024264	98.84371052433572
103.4108289268936	98.11020225951869	89.47232869328997	91.85370790712363	99.04850878687233	101.9953456946805	105.8918101628092	84.38992183883207	106.9774594804482	96.04852981052532	95.8825990894684	89.34044368842561	100.3561597556399	96.46011615817183	100.0474626221122	104.3180386854251	75.99474035127631	90.08033253008119	82.3126356972513	85.23708015596844	99.55726118861293	99.99734849490326	74.60419321407456	96.84126135053434	93.95842936126364
94.49452425721037	91.83483531425259	105.1165996363196	105.3567760973664	96.09269353451488	101.5197571543249	84.70599440600895	101.6752943197957	99.82071418994063	93.62515378638231	94.05187315794309	99.63023319521785	100.090175943212	102.7006622119966	88.68456417262223	92.47122336704587	90.59976034364279	96.70876765642885	91.18606195589796	91.43746397779924	88.51514132320175	94.88270708854792	99.70533211284503	101.0631066283606	93.0969080035859
99.39838940132543	102.9503931045086	84.04071218499055	93.16353036454169	102.8032670300644	103.728801782189	102.7055013779985	84.30061918660263	102.4727475531504	92.53278513868125	104.0744593424372	89.85347300800542	95.8329363981392	101.3330739281599	94.33367045358254	104.0332034960575	75.26283725325366	100.8522565431631	81.94151356936663	87.61772052122853	98.44237352543561	100.4336924672836	85.48390652015264	90.38401049311007	94.65460778322139
88.90841585873621	94.69420096756787	96.58132938797907	90.64494054614775	106.6729051928606	99.00876598186861	96.59986046351028	85.90693614039947	95.87760758819772	103.1621753813447	97.35760775987907	95.61243074257254	101.1883305644323	94.82694389770228	94.6436431347154	103.1169350646223	83.77390320062889	102.9243208006523	93.12504739932479	91.53118769675947	96.03050751662296	103.1714320455761	93.44268449783505	103.946073814942	101.7950665441778
92.36491243209507	99.57677534904364	88.98045097030183	87.54032435899504	106.4148034803852	94.83612521977616	96.67393599436778	78.02550848392251	104.0085279965822	104.8757891832323	93.51446820247025	90.65106851843798	98.13777583530521	93.77695195620157	95.404823890274	106.4218751948621	74.21791134772535	91.98296406406084	88.90046005378855	89.30324488976295	94.75655393750883	99.9089825264607	79.19919346780873	98.13432876828169	99.32731344780757
89.63805788018604	98.52095941609043	96.81484790180164	95.83321930817431	97.65274334319516	106.8731355094272	91.63674175351653	97.3948489321444	92.40314336082891	95.6536304548052	101.050028903245	99.82306820554059	96.63917417932484	104.3408147492187	103.5517950349665	91.73408849026355	80.86946251487318	103.3096362923184	90.48564669448059	95.51288551792021	105.169129879931	96.88038447709239	83.91170874594926	104.6090986160954	98.42189134109294
101.1248066916687	106.5344755733036	92.16044488214199	92.41316866169691	95.34644045138508	95.87676604249894	96.04499427002806	74.65679750810851	95.66130178932593	104.803377168879	96.41742373771129	96.29023846637486	93.17513967848578	96.19957139517967	104.560007128194	105.8051476127872	76.64111664170238	102.5888857504591	85.6989670149336	87.4656618073805	102.869058598024	99.39882493821592	85.14018324531712	91.4846732444048	92.93907188312444
101.052635433293	104.7968849076496	91.70314373077863	87.30511936144892	93.08670632340161	103.1575956457169	98.25978566672637	78.57896289832682	99.86961008132717	95.87035652031497	107.1574051284674	101.238923952758	91.69575078671497	95.14716662215692	94.59376117928383	100.845272272354	76.90442134080486	102.45758280386	90.07116851766547	91.64363818912165	92.82492486762787	93.64115178065414	90.23618987040255	101.6373032207658	101.1056606019038
101.247954652081	92.19248684909799	85.64614902817078	94.00618117236989	102.9283678095915	97.87761866589838	103.5091339294104	86.92555583301775	106.50477605183	93.81417085901357	99.75637528378084	91.62548594159544	101.5697273201908	94.64986724075689	96.73717103066019	95.56495187026712	77.0790558177092	94.52130698829468	94.04698626013788	91.64951316564759	98.24774252991024	103.2864755959691	77.29423259274486	93.5530083215137	99.65289050176915
100.7255736863277	92.0982946519662	88.52006939027673	100.4512685483108	97.98728823505554	98.63234214118192	101.8035457966742	82.90804629821668	94.51639985407347	98.07507468137455	101.1214696443106	96.24341130808799	89.1930089646949	103.1505458615809	94.49070412754818	104.2304762777412	75.77355581304795	92.05925331571383	82.3884996489376	85.98969717288912	99.19518318078461	94.97643213999039	90.44122261041782	100.383683707829	98.91278621598923
89.57172208099345	96.18809338736868	95.03683990231056	96.81644234528343	90.77019806655272	93.4673116813604	87.47490765724686	95.08067452684186	100.6757863254646	91.33796806782429	102.258808875198	98.52828240153588	95.38330190617069	97.35099227118074	82.46966490208644	96.80203075265418	102.2693252241033	105.9571378042783	101.9011405800315	94.73175314602172	99.61949070727223	92.88309930794144	98.41369722342714	94.36144773943332	93.19479374247082
90.77694197914057	87.26377659826726	97.35630469220598	104.6677028688704	98.64226958517631	104.4291855542112	96.42515213330435	88.82529856143235	102.1266478037725	92.47463977768577	94.21804726417102	94.47980559135367	93.88603013742346	95.88838708407941	92.32941244582294	89.43981491456985	96.41326105416253	102.4644181855082	96.2058802985655	101.095564220352	97.65825055886366	93.49215324073482	100.9889864509652	98.62460621334101	91.80310009186593
98.84212249339815	92.49228551036634	86.27039232007253	96.31399676312657	98.39706685668199	105.017312630122	106.7388991415186	73.65395304940316	102.3097260252814	93.40958001903182	100.9499618267461	97.36548473666139	93.17563323229257	93.62034637485181	103.0959014051384	106.3182530922128	72.63245426124148	102.2741686036537	82.42054056658682	82.81694907557971	101.1912242503701	94.26106614520629	85.40936146978264	98.69059993403002	93.80404147739071
89.57638704731528	89.77877375107121	99.87633824003061	101.0086870561012	91.05876378968541	98.45941912413252	86.23199194196104	98.7564721603076	99.39914002895043	88.65165170962982	100.0968691761097	100.6339281453408	101.1859686630639	97.94532272717724	90.1762589306083	96.55255070207234	89.73894383383131	107.3350542589868	98.42263301448079	101.6562535197856	91.78198442285135	94.32663236074843	93.88273410936473	93.71499829503691	86.86507197392243
96.48485564715895	102.2734037344867	84.55930518913169	91.27300861854329	97.54412347423273	104.6981211171087	94.82622979644273	85.38317196651508	100.2256847294693	94.78367693974054	94.9154794678862	92.76890125675719	100.252102335	92.0916561157445	96.09721217330018	101.290385018915	81.33766462162778	103.7959780740306	81.26021769306337	78.45115173525389	100.1329235691925	96.82326732486966	78.98110767523008	100.3882191120096	92.0666541693373
99.99331710382911	93.26700714021831	81.91808752455039	91.86711783489915	102.4719223609529	104.4582865073258	97.8661573408442	70.99610044710597	91.91534017851808	101.0718783353108	103.2212550674373	82.40148257786637	84.53957759174617	88.15303604236615	101.2564526400375	97.21522224430781	66.17287210441582	90.96432537887993	84.8819263234578	79.78256901491463	100.0342907224436	106.2893329025643	77.47200244988568	88.77614780529412	105.5642986661131
82.29874182667577	96.2375238450601	104.036376994172	91.98743787697431	93.85355280814044	91.51232624304211	96.92202222799236	100.6177407795668	91.43544151273787	95.96659386016746	101.4219501182642	101.1808729021516	99.24274306655515	97.38379718014316	92.37787428612179	88.31848718329131	87.87979694581496	92.63087494213045	97.28952016049358	89.82997178358225	95.83920038222912	103.1273779257113	92.67574155789255	99.48300098981686	86.53838351078042
95.41450543477808	90.53126652700226	104.5357057245685	94.30481243541823	103.7123232966475	95.91382914735539	93.76891521302406	86.93897472437156	93.55167468846018	94.15729529504993	101.6523684689332	97.0884522127472	97.73406547230972	92.9666189634267	95.5385571514864	100.2022089194047	96.76241808734112	103.5655875378448	102.1499248973221	98.43649496421624	99.13246101439117	102.4118526392196	99.53006104675262	101.0623213079995	95.41862434650515
95.86226269351624	104.3514539868743	94.06677136799222	87.42702435046813	96.94176704266745	105.1595994069675	102.4190014998555	83.09921412577117	102.4883266197548	105.8166349410522	106.0106663765722	94.00671500276817	102.5622144323183	103.1848305711989	98.27223231754884	104.7696617635252	81.07401028871659	92.2836543091035	93.7573741612663	80.81715728032734	103.4926974196929	98.18400632630242	88.1421887447007	93.89507611857702	100.243630017142
93.15824479409662	96.99941199171329	92.35814718779802	94.65508398575876	101.5892498634859	102.1605845370208	89.60850686062275	92.45031772470529	102.3946401310108	105.689627062727	100.4781819603455	103.0775222983512	94.75919671556564	96.8669026601643	92.24224198582429	96.71153233864584	92.02491180023598	92.53377394231143	89.69571872865241	87.25463076029125	102.864962752813	106.3894575638185	92.67647603852788	95.91397111361495	103.4798010398832
95.25004918401305	93.73874254816772	94.65571261903257	100.146189901643	95.53412572031831	98.94449242559382	100.7683665129879	94.32094007859001	106.0945814332391	103.2955723868121	103.8201975322195	93.31864886274566	93.09547537114183	96.18753399624542	102.1238424934858	90.84818979519288	93.23539924640187	101.537755050477	94.19817076327993	97.7081854952698	99.59678580544559	95.62839670087598	97.09168447352855	95.29460415978248	97.24600754928862
99.93560338820384	93.45579761688079	90.53823263360373	101.3157642425338	105.9051973453749	105.3226931882781	96.32348667821407	82.92783628412991	106.3975674270557	99.42369341017863	101.2157439914492	104.1508071536064	95.99355191192713	97.78741750280244	101.151484619953	95.83713900318727	87.50049712287635	96.73558658707803	93.52301378135067	86.86952073331088	105.2854549006495	104.3415308141211	94.07006407179983	101.4632740615763	99.180409230924
99.09338872160345	99.95124553284701	95.41343570820969	99.47703775498604	102.9296589561626	106.8399099073313	99.02116950427006	86.55602709388165	100.4966342084245	100.2168444802352	100.9763179614739	93.24944632036855	88.88649345802472	100.1973247721976	96.50259317696953	101.1785516667891	77.94654703522235	102.2337374426637	93.3305241309624	84.91806256060653	95.94895350616703	94.41338511843306	88.24784180327136	97.33736963411489	103.9621415034366
98.83443472042212	103.2114266838762	81.70589840467676	84.01665713159959	100.8992963953762	100.4697733560977	106.0595216356975	77.36341549790802	105.4938891837265	100.0792070883955	97.48278426189057	95.7450591507527	98.91287633903258	91.03498950447346	94.9274634044633	98.960706703667	84.89011075557812	100.1295727192035	92.29668759655246	78.52119977059903	98.55130518876553	107.0560020640537	86.19000025947918	95.83113567196405	107.160773917321
97.93228992007059	96.36077620498003	95.21369810868715	99.87947354488216	106.1962151425367	105.9492485560866	90.77230180699924	90.27991716796186	100.9404493255721	105.5565338354464	95.34158741762046	94.18238069608032	93.77154058527601	97.74950729983252	98.6571536275719	101.5851164644486	84.13083117382168	95.74842570462093	91.30584063454675	88.83580569274305	103.590395401132	101.7013317016936	86.51672581613627	98.84577852875255	100.0629879190259
98.53700453855276	97.76593783708249	85.86239382515953	101.661837130636	96.60052799581632	94.55066745504126	93.7504960932645	85.07742098668639	98.88431646517256	99.69687056337673	92.72521355118324	99.09530573642249	101.1923392259705	100.461595052653	102.0420431713635	98.5907500599634	88.17692324539578	98.14681086884828	82.71984117654922	81.84936142767286	106.0968523906095	98.96996878464219	90.16452179801749	92.81787796995273	98.18163264732574
98.20296678764755	99.66312678968654	99.04832076903638	96.75576227810836	101.3360876269806	107.0771986029922	96.46261557847046	92.95623998453515	96.63705182087696	99.25680564056867	107.0503314846106	102.0960124229379	102.0333352727429	106.0021236572153	103.8821174624923	95.58999841270526	86.14271914550299	91.95323550695896	93.28140820131522	94.26743315661902	99.93273998954766	104.1764634303781	79.33743031739012	92.44013951870909	98.86683852192573
106.0517746210408	101.6778462439239	82.91355504596994	89.89650347279019	102.8885495582135	96.55657308939234	92.70904752713048	71.41372729714342	99.66113067098009	97.50699590686634	92.65345049426953	96.91990856264258	94.38993060633358	93.46334311167276	101.2101567788219	101.9976993626009	77.43357716990268	98.18693186505263	75.64180727068371	72.20759170333035	101.3184535819227	97.64363781627378	69.56997741611238	89.01449738218261	93.68756162881441
99.86053594804402	91.50937974087216	93.28669706096103	93.62802137671257	94.41506833474034	103.2997689401491	102.4799189217577	90.06317757018033	96.83866424603988	94.78817466363587	106.183701026249	101.9090443568213	100.2370395978785	96.72990510125436	92.90534069259257	100.3020854446114	85.53813950596961	99.56279048011665	88.82164473178889	96.15074468981494	94.98341210768361	92.58601852409411	86.58554931851678	94.18167635797569	93.38249744969644
93.69666791043191	104.5584685397521	89.79375527411385	91.46739786736579	106.9129734397166	102.9592645843626	91.29518244455839	88.58644398961069	103.6219321362053	93.91645698428998	95.34053487295867	100.3640136756057	102.6616620839197	96.68387856645678	92.62088112281076	101.2681164829733	82.15339648434217	100.591484358012	98.44562091914787	86.73209614351262	91.27429587656881	101.1017237919677	83.79202244353279	96.97491858086327	104.0783529776922
96.44731912442894	103.7620488316262	89.77003933092868	84.06744533237736	96.59692797850701	99.64045226748595	103.9803969592666	76.30405584499788	102.380138303029	99.84909109543334	106.4572536493021	91.30038399581643	97.82865553038911	100.62585822573	94.9197112401239	97.69694032661224	72.85122346760208	100.6414964056366	87.55685515687033	74.15903815158788	104.2572423307578	98.51853218455975	85.31157530023377	95.91180361452375	100.1647162705354
106.713514592018	105.8950137324858	71.59647033841895	79.0264090889805	97.79417437926165	94.08157021655177	106.8204086343024	63.99156142079009	94.51434042295429	92.93127325758873	99.3793495448456	81.96847461430028	81.96614840070185	90.02233877808149	96.58727203233843	102.3634873746549	65.06532153155896	91.53405204832112	66.15133666909098	72.05075248826435	99.88921593201778	102.9772730895062	58.68888193934285	94.68416774843027	97.21437259651258
104.2267538394691	105.7668250756346	91.61177961746158	91.71309325901767	94.3961207032627	103.1811239808972	102.3784232038025	76.33242799712468	100.9675137913292	101.6663649863314	96.85807928901595	99.37116100636769	91.69779745741043	90.99089458274965	98.07992157774508	95.11316087321904	88.26926960721974	89.97371947140003	92.52138822022545	80.31010419389244	94.33095956576551	102.4310896430808	89.83735238727614	91.67790248273255	95.8759468635091
103.5768841914167	99.57839868712685	82.1317145884896	80.61679514365404	103.6325286963743	98.7107101115228	96.06011613027877	71.7862162791733	100.3776621369184	103.6816723020901	104.7559406513776	92.33114668225328	95.68738792807349	98.79562584113425	96.35569439262414	103.6026320875476	64.00215192662836	92.30494577189185	71.75123880712157	81.25109906121503	103.9722681134296	93.77043344229186	70.13797331617816	98.2062216355698	101.8575518532461
94.55484167645672	99.02871984490918	89.99319121534126	80.86887043126052	97.71864540226764	103.7866782881918	107.1869172403956	74.1853676196499	93.70160006702844	94.25558194298407	100.3693182779244	96.86012744034807	92.94677049437279	93.36381488427989	103.3877985697505	97.06824962758412	77.27889875517849	99.89717267697486	73.75088598217722	79.33418230216125	97.55934960943637	102.8288761678279	80.15497179312537	89.79808063821297	100.4780648994128
96.74162527032063	95.19752975492662	87.36334142016163	83.98606102443316	98.4622776704928	103.8741456279914	103.4021169210022	76.49793259172576	105.8501494735968	104.6025878827161	103.6749908491582	99.9429014540371	95.69054590534027	100.6214311250196	100.7609190425419	96.55478392262179	80.49665992778078	90.31999570838487	90.16152259325956	85.63027897507561	94.91704630833168	102.149751488206	78.57859705821876	103.9215051343277	106.0035204540957
104.8610111539901	95.02466613262757	62.3027174373149	71.91049337319598	86.17731195805868	88.15480870765806	92.99390148222281	58.33011106387093	88.49896830670704	89.0858674338815	90.17621328332477	74.98672388093271	84.58304275510918	85.77978463707204	97.86350839917381	99.90316228485068	58.99915442309496	76.13046626042863	64.86813226160481	50.85466011054982	101.3274312843266	99.81158250588385	54.79960730829574	79.95931543604003	99.71568682961001
99.86029853746349	104.8800671265462	67.57491534645679	70.50297937731109	99.32956545087265	94.69214060851114	96.47265389151133	56.79338842057774	98.89394038939876	99.52304924411361	91.31554873898737	81.25871524221894	82.83525376361351	82.72870115985646	102.9252921414709	94.55609857219817	65.84365150292477	79.08230054924235	62.42154157994362	69.84939708505175	105.1999522618449	104.2230622803199	62.65618632253531	93.83561817137432	94.44198411876862
95.26683655835558	97.18108032541204	68.33440078672542	64.8581984316008	94.30897255234657	98.99673632046813	98.74630323551011	56.44914754158051	96.10490098959427	95.28278320078238	91.74559214723003	71.91853805266749	74.97196178171762	85.86643610842737	98.70196581878054	94.12641677207348	45.58512782384597	87.59786351667566	67.38721325384972	53.85495210178321	89.82257520154818	92.38662038210192	50.390185400603	86.15042017984595	101.938211697515
106.2760566012086	105.7491837395605	77.6148655831757	82.95524033824353	101.4989790379027	95.73558791562994	96.67232702968214	75.98588294690359	101.6646641022034	105.9538099700778	100.1074418551271	82.47127461680965	89.74149352175681	95.51531504737333	99.554656966092	94.8957652374711	67.12872392128494	93.63622480011466	75.15534587923455	70.88767226765486	106.8724699234981	98.30014352334985	69.65555289865033	91.99252083632112	92.62974821428342
