78.95308419632752	89.49645644447935	102.6622228605778	111.2754947176655	83.17884044301455	93.61928876705316	77.16237803854189	111.5139086787348	106.9285622030585	98.39017365683027	112.5767767444288	88.04258434510062	113.9659550564737	111.8479945775234	96.00162978611615	89.48011602755932	97.65526491905317	105.2500277217618	88.04699128241107	96.56233005184644	98.41952073276533	87.36358868292446	110.1822682820717	99.22202181150413	101.1948176405206
93.74011898271198	97.76263667864848	94.76202594150479	99.72633722147803	93.82519175296235	92.0170823219003	83.53526920968278	98.54885300540566	102.388866760728	98.40199129984212	92.18819501738209	92.42693586027741	99.21264463713091	88.07861145617674	106.3992335062149	95.80839566945983	95.00682616077928	89.73670327177675	104.5816642547927	85.11842171920895	92.72029492752873	100.3774608002066	88.19095733088729	95.80392219569431	99.03547087200953
97.41444946510643	103.6330562114566	103.2331159965304	109.9580702752698	94.3910820061223	97.89795181902224	100.1058598712553	86.1873547897578	96.72396144233899	113.7576916465221	89.77471012599662	101.4279003301465	90.88210022037636	93.53404540278881	97.34693219667956	87.68235949098403	98.60982514312151	97.36018205830429	101.0071977634	103.4371883965559	88.56484223128776	105.3292743571485	98.12017015912811	105.2798685913931	101.1335342818429
105.6052964270936	90.58502566788299	100.0274832445563	93.13461792353539	107.7506693809122	97.4531297393992	96.46669424671133	91.72618998246524	94.06013358577036	89.49335847510899	102.5640996044575	109.858532783772	112.7276728603337	91.12721467672914	84.40813911867598	99.89542558296441	106.8681296031685	112.8912262659072	89.00693269751179	95.04426909377108	104.4141919151019	112.2753720391095	97.08339125406061	90.78998830589282	87.5646426489111
106.1364064208571	83.94575357648334	102.9149408103341	111.3890565716991	101.9897140587295	112.3461341527096	94.89112124216493	84.52266029089968	87.40585026177857	111.1529716070725	94.43809263056343	93.63154360926873	93.61286410686711	95.80043710430166	98.70835144595874	104.8107082683335	103.0472510339559	110.334909431961	97.5429823035832	105.3235017857285	84.49027557024331	86.81229810963782	108.7877692430493	85.10680820374387	111.1533550652932
105.3532627627466	83.76442477011076	106.5379656518554	94.17565419620104	111.3234874914712	83.44788721513208	98.37019783388497	101.3257504620152	82.79312337599964	100.9063523233486	109.199436643789	107.3663995506704	88.24556189978115	97.63391686026345	104.0364049971492	83.15661157883224	101.8388071452881	86.72918518542136	114.2154151263611	102.3870676026528	81.39121922199155	91.47565823541449	96.27258697354469	108.2010883525808	105.393516104074
105.2281398357095	108.4757216170151	104.067373527749	103.1825478069673	83.63686176876853	89.62371509225886	104.5719538132371	86.59497749271264	111.7551221910914	102.1815637896303	107.1860899599916	98.44640505653349	87.86084942898697	109.8996246938642	103.178495082051	105.9090411522392	110.1034773147427	101.5162021300531	113.3267447814502	102.8362833336979	101.4429117878938	107.2907137304998	106.0311203569399	104.4193650233644	82.01681097656648
106.2155664384765	91.30350108813907	89.41631441127957	99.21131311324433	82.5883557478904	109.2370686858561	95.56567960411633	85.38897095346057	94.83080575707713	106.4076217066147	87.97502097874663	113.7989733099038	113.9834399021993	92.75847743729632	87.40868581761264	108.7386019069974	87.18571090168106	114.6220623807849	100.2560966945498	104.9255149201376	82.12954816214855	112.7369754710511	111.0152142992719	90.38658280578304	100.9775529847384
99.58563696975509	83.14041913582724	91.19375964824566	95.19616064515067	111.6606079844964	100.3272389986973	100.253504884384	98.20815260355084	98.99515658786873	90.19062254566597	107.3989357338564	103.5249315123447	100.7266291059312	97.08515033509839	96.64926219076662	85.08718335903191	104.8418722156388	102.7670097675966	107.1709120444933	97.71707711424601	98.01307429357411	85.1333145722764	100.8267819717093	88.65889274185741	88.42386422342338
86.51117589852514	102.2474292588285	100.5492860168386	101.2383922106265	94.59130566021581	97.90473860157246	108.3364285037386	101.3695543995085	104.5014572164765	107.24716086519	103.5975506395774	94.07788053577032	85.3951750708993	109.2044339184076	106.0026751201781	107.787845219678	84.89703629125999	103.5037233003853	111.5731204772852	92.73038685083759	103.2459657222619	107.5673105745003	94.08951603229032	101.2523760721818	110.3974351550476
86.45537714213563	105.2105010906464	87.93507838278502	113.1831518944621	90.10546044635566	103.5887594736396	100.9137679230692	112.9784889106313	108.640112447579	110.491344157165	85.26292816325549	89.28645426429138	110.1734487674191	91.2038586404546	97.16631233932137	102.5915324652319	89.53732458767213	103.5185725021574	100.0986449862644	100.3323044833593	83.87316389818899	102.0893162534715	109.6766125701282	104.6494877115609	90.08691023937696
112.1566491871067	84.70283092945125	89.70811904578497	104.5814060685252	108.1180012659377	100.7259268414623	113.1663959770198	108.807012660892	93.8448200751163	99.04289748894844	90.68739609964875	87.38635322821723	101.8940956664699	104.3070177624655	86.50099658180775	112.0630490566754	97.60744976576602	101.5295914812776	108.4119703825107	94.0561294131647	89.35434255131885	86.81975790127099	109.8942381388906	94.5164152768269	89.71656622612628
88.86720187095997	99.02078203439689	96.84419284445144	94.75314797691766	113.712620058252	97.33575011365855	99.89547588957247	106.9753508574688	90.28753112645498	96.42670309048786	92.69382627339047	106.7245431191424	96.10623039983237	114.7096646040693	110.0026448271978	111.5256377559463	98.14484510802879	108.8989194537804	104.0801870527541	95.42400050507085	109.7026177086121	92.68967539392646	105.5779897340298	108.4609497110046	109.6434478914989
88.45883787618352	97.08072299270854	106.0903582367768	91.12207939838811	114.3107706162856	99.42388036877871	95.3820135435822	97.73955944953109	94.97411799560336	104.3880232349778	90.69404331410439	105.011272166112	92.96793745289996	107.2158147701321	109.0438388218921	88.4726240595556	97.21973625130997	111.2185474300855	93.74643624427813	94.23147138943359	92.21453043637383	99.60554050626605	84.55079475903639	85.13777330199255	108.5867347779458
90.00182273968608	85.39159020260983	95.21921968506341	109.308002003933	105.3304031607981	92.75072472329531	101.243741781233	86.04738080754008	84.78105765098869	106.9117007313662	105.5870361468639	99.47827114684455	90.68338051863338	97.38878804324182	96.00179284267728	91.12334420761471	103.6301747217889	112.6498439401547	113.183800752141	83.07435062312346	108.4054639514846	102.3398750426518	95.66668691555863	90.68305340372835	100.1272025121291
92.63794841785753	107.8829328851557	92.14857590690374	84.34765513511319	86.9673679225056	95.527822482296	83.02659273634282	107.6343641032608	85.87034606556711	110.1094519711672	114.3964453729786	113.6215581122585	103.9457458592762	114.9351633412178	96.62231308902405	104.0748619061201	106.6826541624451	113.9627738347718	110.6513608149418	82.2278694380401	93.72964824945265	87.85738312917607	82.67498793752496	87.15108829732779	84.96354703838924
94.70167691851367	92.79431373790453	85.92805834521329	103.57307343089	113.2868207247307	84.68683156686753	108.4208332106499	100.256426460236	84.59702122958321	94.08722454811736	108.5546906990985	90.76110564776306	97.89654244180109	106.8632186155313	91.12242852948161	86.67967676785574	106.1937183793332	105.1024412787568	87.07146462426941	97.61476245920629	87.45940430397192	94.31420990300229	98.6672178886715	88.16849188701306	101.341087048082
87.88775792919961	111.2747691629398	98.37454530119737	91.3118099430134	111.9173644098199	104.5286980318787	110.2103051654611	106.3426670935012	105.5499089922105	92.87796570358758	103.5315831362578	94.07824617797267	85.48769423792415	87.94315481508872	90.45064826326436	88.48764220510054	102.878368643058	88.93194867338653	98.29688147781422	98.27686548858694	94.93991141990665	95.89369421273564	89.06408293925485	97.26298708745023	114.319795516899
103.5668459202457	100.7895231498372	109.7295212128551	103.7283645765396	92.92693646584702	104.2587597355826	84.83232719239292	93.6790186175857	98.41687625041615	88.12894531120051	97.73705613724574	96.26044949500631	106.3658267182638	102.0775243455575	99.73596611523993	86.06969029849358	102.037265775487	93.22733712158174	88.33610356965225	105.5489051730563	94.15969605814666	110.2656588546974	89.92373578842485	103.321262669136	96.65333215875884
105.4798340039143	93.02238686817807	112.039306403931	96.47905749247639	93.4839317279438	110.2992105302107	98.9645882061379	93.94835252435124	103.9410568653513	91.80974550904369	89.65503966323294	90.80550610371785	90.63388237723504	106.1221174128713	101.1055880974926	109.9884940582232	99.17827456935225	89.27893978239375	101.9441549897939	89.56507236824089	105.7332083288139	87.58731416093468	95.78958078707575	104.3917084277846	97.3889803463139
95.30559909860209	104.5051864752258	106.0938917972294	112.2222748954985	105.0708573762412	104.3022662933409	89.26908432977909	87.91501252371125	98.06046701110068	91.06421259976186	86.44337087404615	90.79966172573361	100.2706357216433	98.55723956820789	103.3943582249775	83.33923605229803	105.4249744067316	88.94441694289303	98.90084327427309	94.76890257201056	105.9531886289049	92.32522668023259	98.95475234928438	107.4767211847193	104.587649246385
96.10732740026702	105.4001687525986	112.3275082687352	96.65686587262563	109.7845006188308	88.89815232721165	104.9424293463187	112.1850765762573	104.4948192227943	109.6453745935282	85.74050193113797	95.96168541584605	99.93861053477931	100.1718376942919	84.31768118446885	84.12476051812514	95.85380702673207	97.97594145129942	111.4162393253198	91.07520947787043	89.73343765732517	100.5140514972197	108.9524054662532	86.42113133966245	104.8476574352828
103.1562994115188	99.47622223865697	86.76335598586232	87.76285421425258	88.38875422714602	108.4335119017692	107.5867821688153	101.7576949092812	104.8538275538104	99.13826957810664	114.597247454083	94.647273965582	104.7902293540338	88.41227431175025	101.8587357879735	91.42071573014843	87.69396439269362	100.3147375390815	89.48509352236347	110.524205025106	104.302276873955	90.39836022307331	81.9711970916487	94.46981008058683	85.70223020107019
93.54315028422801	93.85699640192666	102.414862966417	88.76822715747903	105.9293145066485	114.0242901430988	101.2387310539524	103.9800075085783	110.6869248688441	96.22288888948475	89.13130298132111	90.396090308597	106.8504410222242	95.26250599527481	98.53074416824073	100.1219086798889	106.697956727626	112.8505954907113	107.1043487635261	105.0857909050847	101.4491310117114	107.6292991864659	96.0458877614426	88.64288976010755	89.67168318614338
85.09167560668044	109.8747790110603	110.6535045936762	91.50702099351842	90.7657469686756	101.2086893301575	96.32374064078037	97.81506448689004	90.90308185874316	90.57827531419554	106.4073365672955	112.943837280888	104.2000561036171	109.3231693950651	101.1735150439768	88.99404175701996	106.712472703371	103.2394269716618	87.54354334349486	92.81806491031884	88.17752283993691	93.37339607620328	82.65222002433219	103.3300292102817	100.1318337150356
108.1500211331977	91.2499457058867	85.9341820512294	97.62661137938041	87.21924196364255	101.5559691255484	93.16256593137045	89.17780024753611	87.82498643535429	108.7098809518434	101.9789008774769	93.88640730699073	106.9992573721596	90.03895918358461	91.32918598680313	104.0204033737309	85.41336890824159	92.04262780718109	111.44598514377	100.937915666317	107.9426088102292	94.2896384938456	110.0169484627978	102.5468144309138	97.63760913532408
97.04633642377847	101.978349675828	103.8858685291301	84.66855822018074	103.0656252876305	104.5518153450584	91.85126346890716	103.7828003670882	85.45931270921831	102.2877346224732	107.1091598085855	90.1157940460905	91.13892687239749	104.0335267053843	97.30885877773737	92.0552891784648	99.39820972940765	90.80521670241457	82.53773474127138	90.65737489597082	91.01581702706893	95.35070336504977	79.57192854460847	112.7597586703818	95.47495889509872
93.39957925248162	113.1069211626199	86.68284730056904	101.8449656342591	91.61631192714255	113.9462207440966	99.96676944150003	97.82809787078935	97.61608297689865	105.5411039196806	90.05538217240981	95.60927713907392	108.7694252790543	93.58850072108152	98.2345233286833	97.0101905754769	102.7032630398219	85.5834652427131	90.06117279616086	103.0097633123775	101.3770069198423	112.1445434506174	97.64967359093492	103.3178055996247	88.64398204886359
98.86344127804159	99.89250124580656	91.75428189803316	96.34688994786667	84.72926075445504	86.57397618571731	110.0525468036152	83.711339159248	84.9101196951916	106.6128399570417	108.3609359544089	102.4278949394466	91.70478220448663	94.3778843496608	112.2736037402209	111.7406924363231	91.34224126086316	91.24146277299251	93.85259567263782	100.5361461532821	90.01367861109725	85.47573132733936	87.70542088010278	111.1769356314994	96.54009358139496
85.92137489434663	87.76028724228306	89.90785585488938	97.35108766622493	88.20707759260576	97.44105300871871	103.8839123672514	92.3880952661076	113.9255043803453	94.01404026966098	98.8832186920127	107.9576196705535	82.92655807206529	108.9207257396169	95.22354633437706	107.6628606372748	92.33337165367281	85.38311941590401	92.52486136335614	104.3869735196174	110.820975515196	100.7808377176478	104.9779999602346	110.550353827264	98.03884494542645
95.12442460684682	112.2794705933434	79.09000633806782	96.76143612826237	84.61071813151614	89.42157811321057	103.779333123034	84.21056346501682	112.5426847100664	92.33491539254999	101.4622038025953	89.97979290791069	85.29551529182434	90.01602118098852	97.09422045114229	108.5654348969789	95.09695471001	102.780127893901	99.57545685214075	89.08999934610829	109.4760011424027	97.83089935381859	80.44750770682779	91.66674954053209	101.1630529498082
112.9473465608674	112.3358278533727	101.7597581416373	98.27811747594819	99.75162165071444	94.70201568894065	86.4081988444385	97.70669810852237	93.74409886128986	95.1297301604166	85.50313979034136	110.2408820755812	101.904873509263	104.5561054291699	112.7870715368943	99.73246203177413	79.39372303906488	94.02619634905773	78.74650189429677	81.4924369183633	97.68230753995893	96.56350557755358	104.613884884038	113.3559978017205	109.3759460821618
112.0482642724471	92.9769327371169	89.59411275715823	101.9973652206239	109.4205893777444	92.53731087125075	95.4255397687092	101.9913977675068	98.86781538523998	110.7630361683354	86.89928866546386	94.4332605547481	103.7362324693471	81.89560409847739	101.3793197790118	103.2437612012548	73.26982907210274	83.06169105163001	79.76608171000952	89.00963523446129	97.7724575838168	86.95172795217172	72.58771882819298	85.86124379777982	112.4039321059278
103.591206593051	107.6863668013727	90.73216029828373	94.4338387726014	105.1325782121626	103.8342065647353	86.97856826637802	99.71571891637063	104.1658656141401	86.87318097119559	111.9713434465328	89.76365566776681	108.0271429553912	92.05858950966184	100.9953029061291	88.19387230493258	102.5870996168318	97.83796314411828	83.81400444552233	105.386882041394	107.9617038721373	94.8958267623147	105.1008800960273	108.2560591307877	89.28291404528582
109.6830282193726	94.29906551024419	83.61015106149341	84.36677703966254	99.39643327533472	99.20783003646864	112.6694908022826	109.2993960408456	89.46049363996764	106.3900844670931	105.1229344428466	111.277664309601	89.45230976394197	99.49752652032771	103.5308804452718	107.5775290339458	89.80969483100574	111.0478528812037	108.2391665274218	89.18536637707041	95.99205582080972	111.8190726964688	95.99121558805646	109.7208984620594	97.1999668614439
112.2136664388527	93.67887506036206	78.63526916410136	106.9990829509296	88.578651031795	88.75204181703079	103.7001545543735	99.52333076080234	104.506191928473	90.14700071626258	110.956654820009	80.75111954242722	100.8936753990473	93.30865618150652	112.5402729464967	95.7933931924852	84.3407399115231	94.02735684435484	88.87108065010096	90.35444803045598	100.409430010084	85.10770814574721	83.47804902060044	82.99857213621222	89.49381208292215
110.731118176643	110.1630565253271	95.59742976890708	110.9657215655235	86.66748843437909	109.4829229039318	99.31119428667233	102.8137086322607	89.0240834683011	86.89267811526494	97.75589810878905	106.6872214106709	98.60552438204837	93.41946022104243	95.36781556959865	110.6271050958164	89.5639536335072	111.0541541296496	105.5491358371368	99.5830686932516	113.1867523601244	104.8433146280103	83.16227239491133	95.61724894314197	87.97482620938675
92.85504972100507	92.29624261625786	102.0039505396775	95.06754307094209	111.3315366448556	86.72919038420518	96.71960832705673	97.56734709339634	95.58312796461671	105.6904010732745	101.8514180938469	93.21756769167399	107.7176754156524	99.15073897235268	85.7761198627323	113.1898803735383	77.95907840837418	108.0069576078381	89.30868107097736	76.92083678720324	114.1002589739913	105.5322341176714	77.10382720336241	104.825061223652	97.03795749776276
98.15097075533029	101.6019578948739	96.03845105341578	103.1790330223949	102.3555376107558	84.77349207728911	83.62435570248221	95.6745041647244	85.70299387428182	96.49940796551211	104.5967500906985	88.11690365734322	106.9859872646211	109.9346520551442	111.4789440385462	104.1388504673385	91.77080977253181	95.74411371221657	86.1058354926158	107.5252614492942	91.73901237869572	109.2583261211198	86.96032877668245	98.31085758946774	83.8554155972072
111.3486270300909	88.19448400439801	91.82330601735488	92.88002668798305	110.9544543629283	106.3677035257167	112.8198764920169	88.81086925424789	103.121175044754	101.0293646251761	103.8134294834958	111.5420105466775	97.08759994423266	99.92148359481041	112.0845097188431	92.66755039957191	92.36040230630665	97.54491245773889	81.20477538818189	106.9357724899308	90.55632263159566	103.3285970775207	97.8611666657018	95.84208883885108	91.51199064359332
92.9457681330945	100.3162471552098	83.81370905099618	100.1781402443896	107.5514078914149	95.28947045318979	87.32506178752902	104.6348252264927	93.2232171112632	87.89597297264777	104.339033239229	111.1599125666745	92.6448955211786	101.3400120489994	85.82946813799677	85.67177679088246	100.5607052173901	96.62294963338506	95.36084371564245	80.54984604667196	101.0366972829066	96.17256094209507	103.7040260814442	84.36903775747408	107.8058305997553
99.94728188138353	92.10267255839359	85.92930081937524	81.22986578807928	90.69469645157746	93.64659559720722	106.0034465907095	91.7985076039281	95.40604598010835	104.0664080999869	103.9638459293069	85.23203021251939	80.28235545742665	109.9932832486836	86.29801884221273	110.1838792434191	85.97579874619754	101.9865601348003	85.07874102294889	95.97007019418069	104.719635989514	110.9050570728882	86.49186693875286	104.6769330501444	91.05056162643932
109.7751190225854	96.11386837110362	92.04774726908883	90.3755827038428	91.4416572247258	92.74551964839013	91.0164775956097	83.45732360254206	85.00584986024867	105.7546130749429	87.74456066544563	94.0864687470204	86.26197627078356	94.67826942640896	101.6011457656124	96.06705452791473	89.3762530630873	107.7577940234561	78.96076863028651	87.94864132685855	104.2642238341471	101.9146908713755	96.04016380440105	94.67491470748438	112.9802906684669
92.99574203157978	95.51845545060482	81.08311633861864	84.94092636489792	112.858772161741	89.40703318840174	105.5902155867091	93.97751843702623	93.85169650895114	93.6424312216366	87.87702246494216	99.39863496015484	90.69715958312383	111.3217380858781	89.87740387080713	102.7309901738013	81.95860267966647	102.9556610007639	95.80039931674911	90.41008714215222	92.75683355862679	105.2442989862693	101.8798210043786	85.93287986554904	102.2646719301195
89.1808781068252	92.47005172834923	104.3049755844563	100.2683524807166	89.92543216445918	112.656247349894	109.3610921941445	93.0662989394815	111.2366429991448	86.27798591709931	92.17891474390318	89.83955115146885	103.9168348736566	103.5701872217713	111.6574401934677	99.88729450632717	82.71066684022733	91.93150239650771	72.87287205588079	75.19803909553818	113.5752519689671	88.93988872567742	78.56005964892749	89.23849444404421	112.0837839871241
104.7878321350718	106.1964931825339	73.85165633583092	86.15649953473674	96.81390154998041	86.49165744427798	93.75748651405743	88.05243276743732	82.41144209585678	98.8421839677619	90.01479966813568	104.5202305665784	95.29739974569858	106.8764062481604	91.78058639441318	90.99312792439109	73.33948555650917	91.157656555776	89.72153388221822	83.78296060345583	87.18434079972116	88.02624911097539	79.66073384380178	87.88862622557279	85.66543980060536
89.50868047255052	101.6854802302626	104.8525862547787	106.6194715444662	108.2464463241852	98.30291698879969	97.72821752683643	92.35077904077434	89.37565759034557	100.6900441557572	106.1952382980904	98.72232929291205	87.29135940050777	91.22615222296957	87.95215055975019	114.9738939659573	99.70473034746688	104.8692019552296	95.07727471455527	99.01107700274967	89.76472204764424	108.9701492444872	98.86160783108207	104.2517334129862	114.185508770846
104.2086235168231	95.75269711367569	105.5866585064148	102.5710338466833	108.9719477083926	114.0419191094894	90.13569028636742	97.86166133243751	103.603874930635	111.1601339295584	92.44178408886101	110.1596984028414	95.45357175114761	84.49834833036095	103.1303106591224	99.57435242951537	84.01060062122983	100.0583399204372	82.27718238566641	105.5632936030427	91.87198753291725	89.71232883627877	79.37869770990604	101.8743918068164	112.8737748130665
100.7002890591021	103.6112092209191	85.37792545215375	75.63800014728066	107.647988763861	111.3077831834749	85.59017007922628	68.06065772507785	108.5310239306305	97.29306204236244	99.88661979270003	92.23967528910973	80.04448416568133	91.35096167336269	91.19850662325354	86.66366350011288	68.57931548875938	88.27614683452335	71.9631842024987	91.97072735193976	104.1422404935651	86.69945778927965	78.3333379476756	99.22250196210281	93.63451052690013
87.99059855459191	94.51545402753156	75.00759151717635	74.26546741561944	112.0972255405138	90.52060732990458	104.557803676032	70.86333230375541	101.0365559421353	106.8847550639628	104.4818405283023	102.2550881139083	77.45879802256934	88.7717005559699	96.4787026569566	86.11801581885884	89.19172679802695	95.76672442119701	71.4682010406581	69.75391500531619	93.25955053823697	104.5542082797672	78.88516016446238	99.00241029825794	100.8875908645524
