99.83190490183438	109.4716404431789	108.4988901896826	112.413906517391	101.6154924668926	112.5887573538258	90.44116534576195	109.3203920841622	97.61057453586065	101.1560642274072	98.52239746606332	111.0259800881923	90.21797690727044	110.8303846828573	95.69207364543959	99.76737066422464	109.3137270043573	114.8529174188031	114.2454539138707	90.74284656970649	109.5082272227882	86.93322261996471	86.73668845234702	109.5975675134886	98.59902743113388
98.48681991710475	111.3863002974636	100.6281083649547	96.41182410836174	106.6149703395215	103.0948269277753	88.88945799869774	99.31482581069659	85.64067624166131	105.3729672090222	113.9264212166414	104.6408485136523	91.90098988160803	89.63143086798551	98.62666109265987	111.4366580214337	97.52786845836866	91.85472217056818	97.55747843155778	107.4854519811132	91.58558737738657	91.26564487112823	95.33146967847009	93.92904244795615	110.4425878613542
110.5291060867886	96.73773938823791	110.2618417354245	98.89283163219692	92.71316020923119	89.74502406275383	83.37031716215452	106.1280011042653	109.4694765295185	98.28384521434118	91.91269653432502	93.28324315235605	99.24469043974136	88.65880407472594	104.9543546170423	105.3085125516503	90.56083934967428	110.865275297546	113.5857953099062	106.7800522357205	108.4211140836032	96.89081101671992	105.9954758567007	88.98424060250453	99.84942379359856
109.9712589194323	94.91467348068026	111.7536990938535	87.95933066380796	88.99280688520054	111.5469728568703	85.98527567450589	96.27099046916184	94.96467238676858	103.9956822679308	101.5955464989016	87.86609075681196	89.0819866109415	87.60289219144298	98.13939392217401	106.5359525748441	107.6568000212114	112.4842967205846	96.86765059252721	100.3941423584067	108.3313104707754	97.34694612021525	109.7151653573565	94.8901692995036	94.72856019883278
100.1323871640997	85.43390641817814	89.5732423367656	112.1713373301898	102.9590109162066	109.4430129602456	89.41685389314503	109.8625469266824	112.9805466921613	107.2163834243753	92.90464380021903	94.14907439608065	105.2940915572403	94.1481209075221	110.7343723498318	109.4360468880354	104.4344276137207	94.6160481972621	105.7576360917811	106.8708459971042	88.50740720418865	107.6486113803244	87.63652478135752	109.0273692359953	86.18206598218866
93.53087739101605	90.18043374857989	100.6561118655775	108.7641137712052	108.4981141211608	94.87382597576855	85.0002155479651	96.73778610519688	111.5908612479547	108.9398907926989	85.51886330077222	91.99013720765363	94.75058804539806	88.68646926937508	91.02259938479264	110.0435836932994	96.68438347926771	98.496798104262	102.2255296219388	92.75171889783742	104.607257140131	101.7725507349094	100.5771914587793	96.29713888331489	91.53939093200276
110.2912091695955	104.8384007548566	99.36499665243187	97.30514480089943	100.4892719979485	102.7713514341188	86.9229248654084	106.4201089770397	89.71197639891882	84.96804940906459	91.99117111765437	104.269946949265	107.5657086456561	112.7737077286578	89.0113862087711	113.1091083436502	105.1845763097305	98.05583006867559	113.6267804193821	100.2221394540256	106.4933895124348	101.3225454197163	97.70627010797548	91.54263698092318	101.476603581347
90.70768007005958	96.76897605932443	90.88074106919285	104.0312394536572	106.1780932727395	106.940397491735	85.84888730925894	86.21676431821581	90.30759718845646	96.71859023179633	103.3747411189167	111.4992472297824	111.1726476524524	99.15086402711624	95.48591014057855	105.4543185199676	103.5996707192936	101.0736855252742	87.17839271711296	112.7980071373969	104.2092611352253	100.9737816297771	84.85680258786016	113.8845347998473	102.6039397764177
85.90879103798628	90.50624800667701	85.87207183399038	90.69440746697654	108.7111850192023	104.0116072095519	92.22507112823649	103.002425752304	100.0606338132624	95.06380267719237	96.24736892004753	104.0623947235909	102.8306952075873	98.33279281771283	97.43231005204873	104.9848508520607	110.2740689502328	113.0352700408912	97.76357810382669	113.4113715610317	91.99169817852408	95.55515978479677	103.4756222313516	108.1371202105022	106.3042097155738
92.42095842457704	87.44084096006431	95.15114601079121	87.42122548221587	110.2729912192652	106.1706740875331	95.83145552429261	98.98055120790521	95.52870377379031	106.2617489370331	97.21850417058877	94.46104931027571	96.76021787096839	94.0565054210854	88.05242685298541	99.12723884190348	96.85152193357094	89.33951318704531	98.75356748162814	101.9546032629056	102.028267419906	93.39018812841222	88.105667961658	103.7494633584094	96.23615761535737
112.6757775643542	112.9226364518241	106.6546359691663	103.4853297480584	86.70613875401725	90.42503671455324	108.4434412171102	96.18057993981823	99.21718528150357	107.5606414958234	106.992424408698	112.4885618520595	114.3236828469499	93.73527297250172	92.0119324768076	87.95436513207596	92.87668443563759	103.1043791557661	103.9339924271732	101.9511799258788	93.43802843566844	94.27633113793181	102.2995043895041	104.8618482771884	100.9538932842113
93.18846463356887	89.17498372336462	106.6810115850685	91.70249665263779	94.76216196299036	112.3444086147629	109.3170880503776	105.5301120123386	113.9175457867611	103.6063709980814	110.1841297962053	107.4534043756054	105.3399164483958	111.1029603413274	113.7575329878376	112.6304967703726	106.3200240561867	103.7123127622061	108.5442245058403	92.68408331095004	103.7184065088786	91.7587389957969	96.4170097863539	90.32776739247292	92.28674582683311
106.4000915663829	92.41713851299616	93.32074512896126	94.410589318728	97.60555106171319	111.9318898687703	107.5413954985016	95.26888533796357	85.87212785400592	91.33972660472926	106.4432050424445	90.09715313526122	87.1826228798282	111.8058605187381	109.4154008740916	101.7696016374531	110.3837120596497	113.2441114572038	92.37857506962533	89.68308820758023	109.4154949987799	89.47379722056385	107.8032397150459	97.97351627949126	106.8653852813921
94.08457604209117	110.9124818018929	108.5809433524923	101.5023848350792	99.02092835580171	107.1080653140652	110.9655504059036	101.3168937235702	90.15818549489138	96.62024016345327	95.36863905706981	101.2855547830227	92.07621505343256	109.5754596116866	109.3757608022055	99.12707882098123	99.8353516633972	108.928344588723	105.0944735773722	99.05441833984115	90.96051436551637	89.11008104298278	110.7793421963157	96.93072444486488	105.0317387296818
101.6291332505743	98.67684688818429	93.48303286554852	105.7669783913706	85.77298750957139	93.12808108811338	100.7602227556836	91.37537818398236	108.1510495605706	95.78310572952755	112.4947301175621	107.3143583578424	110.0137236518607	109.916816359595	101.4672379201895	96.56608245845254	103.617960770373	86.80749557781309	97.56159424217657	92.6579413212561	110.4727596224345	104.4872748435331	101.8840826015794	108.7394111401929	87.23872554084349
91.5572777892736	106.1331863564573	96.6513836461497	107.2705269717343	86.42147334036048	86.92583784005126	104.1824471912611	105.4163313972337	86.65855472746449	113.575499890912	92.12200401583652	96.59361298446173	95.79419020535632	94.28493690153172	109.532808179968	93.77438231319654	88.38540322912738	108.9694237266738	108.245179230451	110.6875218999906	100.3614117543026	91.74961539908425	94.67938777087402	90.93538086359172	103.4717550403856
99.61404861844549	111.3599520135212	102.6580075203231	111.939055153102	94.0281548551411	106.4424655357703	101.7970994239351	95.05532310262373	89.71022432632193	114.0649864404274	105.924612674341	100.0918368058447	98.86483633114676	85.21542398312428	99.32871591479409	99.42598179667107	92.5821800213151	87.92008881289684	90.99800816445148	105.3855769363097	95.55445695976387	110.2897110340724	92.60575363570597	98.20281058598346	93.08916608632838
90.19002063592096	109.8393399973737	91.93027482932415	111.5633314143059	92.35631026151216	95.39286225349613	92.02627210186353	112.4645835432024	108.2161123819816	108.2814876138768	106.309306744721	106.6206375980054	108.2355198659216	85.319298224109	103.8727107104953	104.7593740160042	103.0874813362904	111.7770995887092	100.5734404378552	102.6465494789503	91.4155018933651	93.02238169076551	105.3894150200786	100.1540545245321	84.89117392648524
91.06041228931917	107.0606414385843	99.43171844744241	87.29778040640073	101.9971798336855	111.7395525106654	94.08262838044269	110.6170773808003	104.4596700842669	90.02289890254586	104.0813778377555	96.22214695617598	88.33215595187148	103.7091268653741	88.04457671457023	113.3199490715256	109.4702866141463	93.84841905328386	112.006888636639	88.38568904010441	89.13068932740124	87.82387526885066	85.19519234845605	93.07731557486066	107.7253777539887
93.21637626565145	88.1933839967469	107.4995119410084	106.1711327785907	95.53147526508829	85.73955917643677	93.56630126556101	109.4512826066947	91.72418213139778	101.4703305173844	105.8516048577206	89.93181325730457	98.28247790254643	110.2392645437686	100.9953768361113	87.7596707445463	85.24538655184992	111.3512788535222	98.08754750982651	110.624099027275	100.4632377833343	113.0956587361167	108.1897142806624	101.709483609928	93.95394472681328
102.619614977293	107.5533860441239	109.7402785289282	99.48356773431053	99.73540703291539	114.7378519162673	104.7252469477885	102.0539959095939	104.8216777729172	94.57399292845309	88.08953906609985	85.17830577950187	94.45508249952927	95.67878369775187	87.35924943933824	104.4509492491254	92.39428696112616	87.74909457200614	89.90897844317709	109.3998024586029	112.6977993185398	102.7226059319458	110.7905680291007	90.91095317596293	91.75057276417499
110.9629493101031	96.55095759844772	86.23853310848614	105.7595109085381	105.9487648259143	109.6756628443689	101.1856165247677	110.8361342662509	99.98709069232099	110.2005932802741	112.6655240724379	110.6384086777263	90.01968360955658	92.07524977420447	95.38684110323889	94.60248860581056	84.47107265634135	113.8602003074277	109.30428522836	105.8427768007622	96.88910109127193	86.74924253296268	99.286011588937	104.7111920955071	86.58083492528884
105.6889162296569	96.04917955639203	86.27020809015734	111.3090613936149	93.89391249841059	111.6557576982644	112.3105650203056	108.9310270553463	108.6200206221915	98.75362561489807	95.34779692242995	89.36599564065199	102.0826276346701	93.1226755718404	104.8649943261387	87.0613013820869	113.4345078091696	87.54106147072881	96.35403506308538	103.0077485487115	92.43097277491201	93.23534698888474	88.21464640227947	103.7722909013721	101.1407507800276
94.17863000983738	92.28477418480712	97.05013168860955	105.3117537707568	110.6505634353283	103.927529875812	98.8320686081876	107.6329884533938	89.32152082415999	112.8136986939751	88.32111697015115	97.6042856530528	113.3048230518365	104.209936952027	94.86691763624241	109.4940240180384	85.51572521384776	89.76647390990951	92.39117638832752	108.6679701616905	87.09297145467637	112.3807128570653	83.96330736189	106.0229594124352	86.16080618147495
110.6369545483856	99.18535504900923	96.30967211339043	107.4793645120019	97.98952516098703	87.57821996095907	85.00278571787473	82.68220597611274	90.64138760020417	95.77666780891701	100.9441499569602	96.37452434470116	108.6626591349341	95.52412686591401	103.5759742785516	99.64917371100634	112.0138527655368	91.61811757938725	112.4301961527228	93.33858657791637	105.9920101568326	110.8649594119937	91.32306967966281	105.2000487322084	94.82556029692509
98.26670739362191	91.93216242760008	112.2578432529937	107.4949040855527	95.61000794637212	108.8469565850956	102.4711182211386	89.78200461395851	112.8688790516895	91.06376267181855	114.3174290632809	110.6162228158852	94.56245275392577	110.1919122244489	112.2369552801531	110.0147025101797	102.2973572418909	96.47458296632549	96.32557491729365	107.7110389522459	91.39591077897749	105.2345544168338	86.01684948183431	97.7808653232229	99.5194317624632
107.8657041990858	98.65880219223592	94.90089000931687	106.1627712432836	109.88734665034	110.8612966454074	93.61327668888234	88.83692940998309	95.50132828415516	106.0061249141385	97.09513006527634	98.88139436849406	108.5343711583921	97.8534279365537	105.4057816641064	105.6457093347001	96.38477816060882	107.9338437347208	93.57998347794292	102.3034756400543	108.8061218432229	112.8776788018453	94.71856004861492	107.8284682609212	95.02240690199436
96.75220023442803	101.880189499311	110.9953333544002	94.06530319864058	110.164985129092	110.6981914284006	91.12540380584207	88.41860479569627	97.88347594249036	110.9559675100503	89.23359152450023	101.4796223980915	107.0389850098274	86.46559345077421	100.4689248765966	113.4878186690439	102.3447495187146	85.31249306249279	114.4403242587335	91.38350713528723	88.83763498585047	100.4302279677958	107.7216442683973	94.51532244849493	99.00684115400921
96.0086569667114	107.417862672079	101.455490003512	92.16875780262777	97.50689626544562	94.091140723744	91.26831364670888	89.71723644857477	98.35375506207716	91.50996207523181	90.22669917655706	88.85397101721414	105.7377150618779	90.36476680321749	95.2090778070679	104.8545418796269	113.6569656840911	108.1941324873653	91.74191693728443	90.68283626317941	100.127006724194	108.0292667138782	93.33216385346338	88.08219285426023	87.52360410700534
100.8932105593493	86.67045965123864	110.6402288862827	107.8795040109662	91.97326816501678	97.59071477221389	103.0762056597806	90.94838457453325	89.60271955603845	89.37663939980686	110.311738759033	89.51782564171594	88.44611611955601	106.3437557042956	86.52799595855305	100.1354830517641	82.48839789053324	114.465111981913	108.3100432107811	104.253370281269	90.04025745703581	89.35231474501944	106.5430826908715	93.75901881953249	106.441067529842
97.48191419715802	110.3735631273613	85.38530323543131	112.9442176061075	92.40536562280535	107.1574638531059	101.7454749528041	110.243382882355	88.29944377849249	92.78698106292916	108.1436057236855	109.9814347831322	113.6494594117023	94.35235933608092	109.3980301946608	110.5371191539825	106.1109596923495	103.1506482649147	98.63233224845668	91.6665270639387	104.5489703300575	96.98243245915022	102.6852415900983	95.69837373199282	109.6987821533578
113.0481982554576	95.25615132510511	106.6107356206751	105.3489640333183	111.0403032906787	95.87655552488025	99.55655273647632	85.63164986706843	101.0939826221575	108.0910675478076	107.7295579663952	84.8736867121291	90.85797062855833	111.2212909245885	95.70286935168289	112.3264186264604	90.10653476474522	105.2075078083404	98.5952604135035	91.94100129292336	110.0124752676552	86.04675655443681	93.59018041170832	109.4465912455653	112.4903323424132
94.14180994749246	113.1536304186023	102.7928571346124	86.65216476461062	105.3206762300068	107.0588898268726	110.6953979689148	100.9620251311396	91.27918789387658	91.77266169425062	104.2673690321283	101.8619909998387	96.57593978927837	96.08058720654886	104.9689921868867	111.3156020987122	83.21479750297054	110.4401799930748	100.441189658125	100.1857463760552	91.5778724099312	97.69402559071679	99.89996485027157	92.45145124646797	101.798388001259
102.9803033179873	95.11630750383162	92.42198518474058	93.74593781767447	88.31118556264506	95.72723491937043	112.5490108259958	90.88078653251596	112.1630644796115	110.5247624894907	110.1133356196119	91.70351796304004	90.96440542519365	109.800309164039	99.77392814089156	100.5586366337844	82.84901443698129	114.440521039274	88.2506694983778	106.9499869531104	105.2088223372018	106.9207106106651	87.19813226607438	104.03858190789	97.30046346575996
114.1952143285423	96.55805227578766	109.1033600316101	87.1653797890454	88.44585402277046	85.61242766546835	94.74453453511047	96.32704166915889	102.9723729545382	85.72141017342993	92.40140702764829	94.24022375498191	90.04126765652329	99.45936868465299	85.6864438870016	101.7433021920158	85.69619767655584	94.7115567088384	93.2293471771743	106.984129370196	107.0518752092386	94.98241048956046	100.0219229425234	112.267501698059	102.5303764594992
90.51778733129946	96.0355492388193	85.68580205110408	101.0895865017855	96.96300820370605	111.4036854399101	89.68098228480184	97.21448490024004	99.7230035942559	89.0665157024427	89.03920983782662	89.01575087500854	86.34978327190109	96.97714586463736	110.0688311329296	106.8460819404118	107.2028199400587	85.30998173750423	85.87714628790813	88.47981568186424	97.56097595196167	101.5126706903373	108.7618632660903	100.7607468291114	84.36611177350885
91.52006639195083	100.3204379535642	104.1785461536847	91.53354574407471	105.9249812768	87.88140974080486	92.22614524486033	83.02287275728649	106.3116950063376	101.9774961082645	112.4221318927376	90.35426922502897	99.83727735128153	92.13614578773453	108.1499998086113	114.3583308050451	97.21608560702823	106.0201429674751	95.41042101887771	98.20881732493231	112.6440197559057	88.68660430352018	95.3851864771006	95.73968831981729	108.5819354377191
88.51736266544283	90.66020286555406	100.4895172798381	90.06703145233769	93.04926680487952	101.1609343708821	85.92473169567717	99.4581697347034	93.73119833800968	92.35771153526622	106.9169671839883	95.38036650414344	95.60015579892222	102.7326313267756	109.7635062270794	93.58065070805162	103.9872416987157	110.2814513278659	110.6347061957503	110.0643630807774	105.2446823682277	107.0175293645443	99.7415499775399	99.58993280836125	108.2580512739887
104.5185303070763	86.25884374058172	105.6688857619933	112.7163482400398	85.4405353901092	92.8249797437218	107.3443332609544	89.06703964324927	103.9621727629088	112.0857652998848	113.6764375528639	110.7389250045716	102.5043790409263	102.9432952987477	111.8770238786428	105.2583761236082	87.51917767890546	100.1361358707755	93.56580368173614	111.6216240737598	111.2595848208408	108.1367620906012	84.18908223744143	107.693682456577	104.2616967715765
113.3147170475569	92.27409401942631	85.23255192301608	102.4559585292023	89.77453794739927	101.5604268779404	107.9236135176815	103.0076781566517	99.39198572186595	97.90014136701413	111.5121853977422	86.53118199108113	111.9116702200204	101.8877931682065	92.24269102813381	100.996997069671	95.65071486238	110.0888818590417	97.36892225573318	93.98608619842825	103.8019302573005	97.18674024996176	83.26548568029688	90.9377732733478	92.30668462124295
104.7788424168336	113.9853021761643	102.976706992129	107.2621719901827	103.9851097673933	96.45999431479601	97.29683450043849	82.03172063898491	105.0800670618941	98.3994752025927	100.4270700819488	99.2989777204355	109.6130377666382	102.069085085824	92.7162612495445	87.46153167037779	102.8203125078154	92.35626975544315	98.0724221926133	98.38507795670135	101.4970643794476	87.04162850503712	102.0649128885861	98.59641106106562	106.6940884527942
87.93620115027407	106.5941825835416	108.611660549402	106.4369689307133	90.26239402967833	107.3730834693751	97.39858671538259	90.95080000147796	104.4064106181888	106.9171687325442	105.2076718713889	96.05623363806069	110.5426805480092	110.2403984536577	103.3690904273028	85.90230444793717	111.794740955196	99.34365663513329	109.4208275368547	90.72341714945935	85.63711311325289	111.6015537254395	104.6911166949595	110.7016356274029	85.91105288654234
108.7091980667751	87.65496236637242	89.55817431146875	107.4917741234329	109.4250537030261	87.01527150819369	108.0714234479505	104.3122369823349	102.1664117534008	93.18476803027326	97.45793119459312	109.8482386024287	111.2619855266771	114.5412040620229	113.7192379411362	92.56373589377692	106.8894488164446	101.8286374309223	107.4818527443549	93.62370387525658	103.5148157823429	85.40001862753267	105.2853899675959	102.2310636014211	112.0889058289903
108.7931108032658	109.648455375087	92.65478844359646	101.5548613230802	85.75016093667904	104.4784253244138	111.9336583614165	85.7028351243972	99.64291848483683	91.59624156133948	85.42689567138922	113.165240466583	97.99470455894719	97.55393974893981	86.09897790187618	96.1159405633511	85.03947534666108	101.23834852051	106.5033448243903	100.009403763723	107.5945622398557	94.64075319922219	86.21258794904912	104.2307720197835	101.0578399901099
92.71338371696352	86.48179976531176	106.6427380530456	100.9504802990525	103.8249253654431	97.7780429429943	95.08635663413975	110.9213891368858	105.4097765025477	113.8263984961992	104.722102582714	91.76995110497558	90.03380734962586	94.20514979301606	108.7911542217094	111.1544451796163	86.0046030978409	110.0462141000398	96.1237943099211	93.42037517334251	88.15293219577902	89.53369055421707	98.8651018616747	89.25976123515836	109.2672229700609
104.3329293942892	108.6985740987015	90.98847894881217	93.39213604509726	89.93060638798487	90.31845584033879	93.92370559157523	100.553135549721	98.02921569005454	84.45826836526987	87.82833614206956	87.49776915756146	92.12649104331523	106.2662260816797	96.51316185142454	95.92505251976989	82.42012087825579	82.88633097308343	84.15777957169459	103.7101985939535	98.81125247501056	84.82428238398916	104.3700111791129	84.41997442725834	114.3933483406698
87.33187222805857	92.24175184509673	108.8362904847814	103.1374407676058	111.1499206848039	109.0256342679684	102.5854474411437	97.89048795303906	104.079259621411	95.8396562463661	93.50311355411675	98.57975849288188	108.9276867450069	112.083180317021	108.5364214729782	104.4424060464182	109.7405843333625	96.77733401184345	91.87149422905708	104.054431710993	104.5372424259324	111.6802824792829	97.70682323011111	101.6097253738307	111.5134451507522
84.96950162707216	101.6899330903691	93.96541227881818	106.4586697466775	95.08777101342467	103.8939004750047	107.7261813966349	104.6931905288983	84.01638337619053	95.73489475951106	93.99843838402195	109.641468504005	88.68884089306151	110.0416648320064	87.50270821625567	87.70266390757025	102.5553064408211	87.6705963592748	100.9905310456118	87.27675601998328	95.2072258882117	111.6945305571636	90.02511156843939	97.67006893017704	106.5154248326524
101.214743559286	113.8266538312742	98.41179771502331	103.3085013262914	112.2338595779532	106.5629984827832	101.0967001426181	95.63132010320636	93.21397449078134	95.20191588542833	92.85003918385777	93.96331373516533	84.13469519944931	89.92649184908529	94.16967702280807	112.2943865083132	106.2775389866127	100.1427132194519	86.19001871128718	87.27800122554541	91.34774864550678	113.1871192736663	98.14640214116372	82.62110440590862	90.20840716801199
101.0322123186308	112.7531190585264	90.05197871131949	104.6589951016384	110.5990654766351	113.1574582068423	101.8410420415928	86.45339785603886	111.200188838633	110.7405455924862	95.7885271870132	112.4626512280813	86.11833438164413	90.0078041480123	90.71257398865228	107.9962156744789	94.89721940669128	103.7320990426816	84.85543818490825	87.50999538245483	89.73056717565919	110.6166113777643	97.2833745681679	92.02215957204392	96.14127779982886
