79.38110565565584	77.94686829986627	102.6864243134669	96.3850585530262	86.66657350234631	95.74131315365476	75.69816791399884	96.67568270295101	85.55888949100614	95.57254211609472	92.53882987319447	99.18353689724215	96.96623553800156	93.84732461171092	72.40091608808918	85.71020992346963	97.79110512384726	96.1286290831255	96.90093277352815	106.6335328924916	87.52251056370901	98.81563734223724	93.65026927929165	93.71567893989211	87.88132026906544
88.07834208188409	91.80058029323084	94.33035716299516	103.5223334203338	98.39308625562659	92.61535484086124	94.35217283841746	90.52950132865007	106.5465764221897	96.748394891185	102.8567855642412	100.5865651291478	98.16684837890993	100.2296255062128	100.8796284170366	102.7329359103963	91.06666777434829	92.43511582036271	95.80348849191094	93.13844314142227	100.1657072028639	97.20647790887452	97.37178636062694	94.64470441963675	95.93005566728542
92.91287490802158	88.64988686517796	103.5617195134981	100.9554054667366	93.98581189943192	105.3170305754352	96.76634262456011	99.53254716355795	104.576959325911	91.68738272527949	98.89263667328682	102.7330230884282	104.6013377374548	96.34573821603423	95.85266383665568	90.06459447868112	90.15544832669471	101.6657726012058	94.89644128301019	96.52450022036638	101.5155536373406	95.85054355099595	99.40574023378844	96.04111825710498	91.98168587347436
84.71809653015201	82.66153482528172	94.08181971464398	93.62801460387681	92.67268291856806	94.50223791768909	81.39128443157963	104.0435080689916	88.2543702613595	88.20294178036588	102.6319635109178	95.88655596933928	98.00558185492736	93.95047874579915	82.05272969806413	81.84846953675645	99.5916401880623	95.08712458717623	98.76244934407454	98.50250800124545	97.07246422861895	93.21566312029762	98.24066119307489	105.0994202043409	92.01221717306701
88.79510032294483	90.98381659711471	103.2054796213177	105.5505226557509	100.8474369550983	99.85289726948739	80.62469145022663	90.26230984676315	98.85918683433704	101.5285699986898	102.1055722803226	96.86234018786789	105.1519519725504	92.86859419496628	91.44950415365544	96.30658580508472	98.79860862624868	104.3915799542643	101.4867463825783	91.37740336609026	86.99805348282642	99.45009981630203	98.90341375261593	93.40156370746416	90.18967107376932
80.49532182658353	89.26588939950037	100.3429351464087	94.79273965248227	97.00097864409217	96.31275915394023	90.9787860395098	93.34463291945974	97.00397145622175	90.73251008649456	103.1843350576236	99.29140201738636	101.2553002072265	90.94410482477262	80.19342526202028	93.90200320357057	94.58593970528484	93.04735633029203	101.1742281068567	100.8556478009755	96.09129546696066	89.32273830970259	103.2333386424642	101.2242327278429	82.69939374704046
89.9480665815821	83.60167342532161	93.30772117469868	96.93092734243353	87.23091875828834	94.84454328564178	85.34637819299533	94.63867090098094	98.23491870511552	91.22735816630058	100.0508817061376	94.65793345250442	107.2633799899118	101.70694969056	78.6046768428957	88.31875900417272	103.404516750915	94.59541675928922	96.15674078644054	92.04220557115114	91.04902583284493	94.21363141283393	98.52853925457606	104.4059950232714	90.68158448791655
88.16255439429791	85.35124226633535	103.3221193735925	95.79760161398818	101.4707089043654	88.96392562886173	87.81602225168123	103.2776797088266	89.36192533328894	91.22454803427621	93.81148486172596	103.2384394521665	98.7282893968254	99.23033876450289	90.70817154622766	87.07322729665326	94.42170282693635	99.18068210399682	106.1558330786698	97.49630801782169	91.72583045080157	90.39290779672471	101.4545462944508	94.91172457820896	85.61949209089812
96.38969912144657	91.67794914977851	102.8166965426262	105.3571557886592	96.73601101980196	96.9103318062178	95.54064471204249	89.04403997099634	91.86042169799465	98.67413564523852	98.84714095028775	92.46666891711006	94.07260367369126	94.11238767973222	91.06558015684855	95.61097688214362	90.16469087366296	102.2601820973457	96.81058449943099	93.05171553048346	88.65077874394366	102.0522121985161	87.52438138810798	96.49937100517691	97.82282643243845
82.6293402409304	99.23129989041891	106.1609707248498	103.0236181873739	103.7736931487889	101.8742986787987	86.60009010311772	100.4178677027925	95.13258850281423	95.53324749048068	103.3205427231332	94.26112790517294	107.3243693354236	94.82836381825639	84.28486016847461	92.82773784307508	92.37808225891888	105.0732017288967	95.27394399345135	100.8190210142973	92.38728523098858	96.32052612431688	97.05468386760917	99.67783897806365	85.68097042488377
84.63142994584111	85.55382796645875	102.8781656922962	97.25111238604264	99.97809531244918	99.47721394585983	83.02775261808455	102.801830212619	97.47850728874289	88.14418556249987	93.22045996857508	102.0548072583113	99.14052268163046	105.6999880382511	95.9455752758593	97.06824675024278	102.6513865284509	97.67156417407253	93.42382240391682	95.2400330489061	87.3767878055808	102.2889510729398	96.37951901805421	95.23096372558915	89.66441290274827
89.91374635962913	102.3298356699575	89.14512913251501	93.90716405338542	94.66770455804111	105.9755732319129	97.64785065071521	84.63055698448981	104.0929369163588	96.74218577331308	102.7115085041478	95.27181679069388	93.85249597548827	98.46607407973531	89.38214613776088	98.93163648262819	90.5507786692486	102.876934584782	99.00346343698637	85.77643029387526	105.4614782681415	105.3862797562526	87.4600872697451	94.27729886143239	104.2756482569245
94.79595980048181	91.40902347059273	103.1083304648051	96.54826466466774	99.01333083955919	102.4946749172911	93.97676906545743	94.1128319736975	102.8411050568872	102.9000504501074	100.4959914464578	92.82499069183875	92.78254648457744	99.93910941273725	86.04001659897631	86.43437446943067	95.21164188722423	103.3728813089992	89.21059709410827	99.41935027618868	95.9419099240269	91.71866977496497	91.43182474306084	94.37121885131963	87.32342298651291
93.51202178074533	106.703710825617	89.97101229557323	97.05621120294194	102.3593566655006	101.1507773764563	93.88020391642195	77.58052877787703	95.83501449004225	97.78482780274834	94.228670532867	98.30137582021226	88.87491542434593	91.3648588417944	98.82602453298531	92.45107445676931	85.01119926326226	89.19237343520687	78.77630555635511	79.90186613665928	98.70356251480248	98.44353288248487	84.35767438350074	90.85742314803456	101.6816277158078
88.06807106382247	97.57654541491092	92.14234406277252	100.5479001106486	96.17180167715418	96.00657974590708	86.9675535280231	100.5821622515203	98.39330708857717	93.6657627539492	99.76786579741443	101.567901725914	102.5478705471893	98.95165380265871	100.027279232879	93.90346391069342	93.33281651821764	102.3451993642083	89.90550275511733	87.38768995733331	97.39085804733207	96.51108386762269	94.16904656606856	98.57736526230165	88.31043620447254
99.38757375064539	99.64371175546201	100.5362416446534	103.6941921137722	101.813838204801	99.39720779032888	101.0260480501221	85.17210270675878	91.83906786061321	105.1961096966524	95.85172039596938	92.61369627288711	106.4286902738883	100.1349743302005	97.68670861236866	100.003827117278	95.13191295232066	103.5203904971464	97.98076769384312	99.297309523287	95.42733769624951	105.2531921767968	97.49584351704047	92.95629628914253	94.19691992139404
85.76995681272696	97.55690313782058	95.63972920103602	99.05944811081514	99.36513732768329	91.11448641457649	85.68889528741244	91.31555245401658	96.7048591153391	99.51830572832047	104.7965235598325	103.0411442747182	92.26886119967239	97.50292538605802	91.09175224172792	93.7362739821766	98.12873578458559	97.20262065017826	94.02429628339661	101.7690949413626	103.2466184337237	102.3043870725665	98.9371586039214	107.014856986021	100.4358492512455
99.92522586567047	97.13891216668236	88.14045188834132	95.22680726688029	92.67100684858151	103.6425424667282	93.44165429284952	82.80803837519603	97.13474019181099	104.3154747799908	104.1549008955014	100.4050175715316	91.05997779570514	99.01077642461166	99.50173206162363	100.9344506961027	92.25408802541961	100.4680113815023	93.73602377705471	89.6837435877956	103.7835884878904	106.8856551850904	89.45447012916549	93.14784985378495	96.46968900560881
97.68869470685178	97.60159704919138	94.48422303189818	104.0541309707073	102.5788443336256	105.5098261594912	92.94499315302224	94.58666511679007	95.55161918694778	102.8892204844858	92.37995924713999	96.79436531550229	95.9498714651474	101.8927633123517	98.46325338802797	90.97800423019083	89.00623177042333	100.4650198408915	92.32578758268558	92.06515906921111	94.0832796164879	97.14803397710054	99.08203226297654	104.1834774979556	99.37847905308544
91.10352018633125	90.91827266778898	96.98371395871551	98.86864964602864	93.89353587777788	97.32639087516783	96.346339738906	94.42802706954232	104.9278256299401	99.70520485901471	99.19557054665678	90.44326932962629	100.0667813961101	95.98920898267218	102.9100486891809	98.98301802489442	80.29929149237972	93.09940893500234	84.31729480438428	95.90544013208859	92.77667305141496	100.9257152313231	82.62810436273939	101.4106094356754	94.33176240533402
82.34312683227944	92.26562751747872	99.3365371460018	104.1002936818345	101.701326967255	100.3062058291287	90.80291525201685	101.4849990828344	97.41211398549019	88.36483118361572	98.52944074700787	102.7950124861382	106.150037159388	95.67721800684627	85.53011230167193	97.02683788524095	89.34851915654146	102.1013672185964	105.1773473425125	101.2797120518083	99.1393435716263	93.57712427668007	103.1416009069014	97.06222970351108	87.74860651739131
94.78439835546376	101.7152350975993	104.2165558169335	105.3871009674922	98.22021369729505	98.40684062997163	87.1955750109756	89.24995401500732	96.83845982286728	93.69622100929384	98.86244725329496	93.25770639028789	104.8622429614255	95.7843072009384	95.66888719633621	87.73490331687341	92.5124963590558	106.2371726159134	98.57272532686864	94.52585868621014	99.71621412457216	106.3475175888223	88.3870086859869	95.87120367586947	95.4279670628024
98.75195156141969	97.81449421263225	98.0303465790137	92.97955072953303	91.84229246905528	91.81304954915561	101.5366782953527	97.11385503597654	96.15282055727272	91.96048470417459	102.8165483938133	103.7178242720171	97.33802554322244	104.7563937145085	90.27908260662474	91.61153715310158	93.56230072666368	93.34688479860772	99.03271843921041	86.10610871069694	101.840909948655	93.97866531816612	93.96751445920037	95.33172043020139	100.4587855931955
96.2378770185199	103.5910411316339	86.16817685192512	95.86003222343739	95.88653427227577	92.84454109930164	95.14693071079711	88.49793929104932	94.70285361165156	106.8436354584445	105.2262278560783	92.34759425540931	100.5677709645312	93.67959107345729	105.4657514956942	103.4276148364474	84.32928303681355	97.18739684451425	92.97853010613331	94.10613254280152	96.17243938562133	94.69377746466267	91.03014961106966	104.0178716828257	93.77569031405086
97.10430047883699	93.28111865857834	103.4892164794645	99.16899561055209	101.2207932300444	96.74330549283474	94.8395700335756	95.18377614435256	91.92249243408273	96.52709069269184	92.84173860231843	95.71001265111775	94.73770995565469	98.86675816828075	96.21729775925444	101.1465134913534	99.09984725438143	104.1845457446885	100.5456427574733	92.99295360465834	93.73597185457467	106.210263043115	86.72833061806264	102.6260387019483	99.10117619181656
99.49702466116466	93.56035176414443	95.06453448551055	92.54144643360627	99.49843228891865	97.97914650741025	97.08875955555732	85.04586830193963	95.51258548154573	105.2839554945711	98.63962263192992	103.5174876016855	97.41734627472734	100.5366917059648	94.21262544619169	90.64781045306344	84.7290648034586	97.01309782225891	97.93497097424903	97.79638824007574	104.4079565320086	92.46586164033896	92.2318245607792	104.9009298852485	101.0895620197203
96.97642668492921	104.567099755732	83.66896371515102	98.29067334023587	95.79529463412584	93.86338831564495	98.76305979335636	75.07114008165358	99.30879807487842	106.4618213480575	96.90315967126713	92.13851485094608	94.09775107459826	92.16455369471112	102.0947145356135	100.0376144556546	87.03865119541553	93.55567994924535	87.9941466123731	79.71063354012117	99.03856161895641	102.5927473733875	75.35736512847772	94.06106859854785	98.11305862746948
98.68983259679678	93.2025718876471	84.66150062051533	87.94184830486826	91.64675261803787	99.70653823427463	94.9379188783922	79.34752214792653	95.64350399922699	103.9438591872417	98.57322537368751	83.45306635321684	95.38655641234027	93.62989502733353	103.0377160892832	97.15606090463868	80.62891337031191	101.0636189553267	78.59943635783368	70.983688456651	102.5115940640547	93.23758818415595	68.16498647945811	102.5882360435132	107.2115811888608
94.75905295943694	99.36554308112262	80.61632122251763	84.27357261530355	94.57150270059533	98.48265127904571	92.51174698813995	67.86364655788073	91.30511204139781	99.45811219153579	94.3647463213091	82.30243885737677	88.2149688880199	99.67207294124042	106.4102638032209	97.40810546780499	65.56265965515199	88.93988419055437	79.80336645511947	76.03946553176317	97.72645138133061	105.3906325219284	73.14191258087604	92.92886811512579	103.8277603583499
106.4715385420802	106.0038788166644	87.11880628046977	88.67785074722778	95.77310086643857	95.23157039596137	97.32207551610955	71.94237602708898	104.0137667478881	95.09571024225272	95.69552794174193	94.00236178282687	94.54132644909225	92.78480659371577	92.35249201828161	106.8102343242374	79.09274836130014	102.1350471452138	85.35458832704994	85.33071531212074	94.95098528227287	95.49465536614335	80.90069934907362	97.14570156954576	96.43573702916861
100.3207180429467	93.38342757932811	78.56537473106987	88.26067485877522	104.0515505490914	98.41662394885837	101.6058170525251	80.72655037280414	99.90608835681108	103.7245309081824	92.09283245417284	90.04731829192887	98.51910447574474	91.08663229951105	96.62029194504836	107.1611373363969	71.35338666604548	95.13292287581265	84.46011468920094	83.62123470707736	101.3692652416655	93.64466462076872	81.55682666177356	102.5181034489088	103.8345937055179
102.2203013839243	107.2132681487947	90.59419348099789	89.39666889715309	95.60683695649212	94.63360006148785	102.181537879515	82.54507308084345	95.50918305181952	97.12994201611949	102.7395275268557	97.79695641589001	91.81768236686341	94.93816569657271	100.415755152479	101.8472926368042	74.4659660626406	96.15324977860058	87.12849911608842	72.66801459871286	104.7849475696206	100.0422289232456	74.1149023510591	94.00519996402217	107.1519647310468
96.43354900917339	98.88451071669867	72.42662350720978	82.95248516395183	94.10850570722998	96.8388409097025	103.6051788694077	75.61090197332776	104.7549815583012	104.6967913794124	91.01406136083936	84.99197056289142	80.02581225856228	95.71783265762441	100.5283766358044	93.03593112387654	64.21118125116361	93.00192141759896	79.69108701039229	73.68669330132077	99.59316351773109	100.9785812315097	73.53503294087078	91.81497930146672	98.55399025890523
106.9518197163326	106.2743131821823	92.41056979063687	96.24106228197557	101.2045312501564	102.4902204385636	104.5764327933198	75.63920600858825	99.86902591750552	95.3888907455609	103.5655437865435	90.83176577280855	97.77499420405937	89.22324012407415	94.17509667903792	103.1412928582035	80.98196168844781	99.32147783847273	78.45690431653411	78.09083909613528	106.1653965000536	105.7703433016805	71.73382752744372	92.43735448563359	92.90014639446913
100.7274338094442	103.4106471763698	87.02367061644114	87.41522090600033	92.57122855662675	102.9618080677624	92.28683257639773	79.55279896266512	104.3102385470959	103.8012622234899	93.75505755484635	91.50603954524669	102.866975965037	98.69492720149465	95.81003104740093	102.3592775392223	80.06342047607356	91.60567564678057	96.17421015941441	91.01930795951505	105.8187313655995	107.1143188327317	88.73841952509549	105.5275186142289	91.83307089227567
97.82925525466581	93.38653325399146	74.71760219078232	89.4048600861789	98.85109396811832	99.21354607543864	93.24960839511229	70.92495884089776	96.48504380450267	102.5317172722142	95.70248550630666	81.82160798261998	84.45253990413555	95.73616948795826	97.08563763363671	95.4354799073774	73.89687613011372	85.52066660656133	69.44446444483022	73.59241079085733	94.4989509217709	103.2885474540485	69.9890074353369	97.02578645897759	101.5513438784208
95.51570674675136	88.1196285304096	98.5201426902717	102.4762604495539	93.21534173621585	95.26081692028153	97.79164329967625	97.73525207824174	98.12287487353953	93.56065050804033	101.7822540764081	100.5750808697607	92.87488896175651	99.44857805790309	90.02379650950999	96.88500593163774	87.69818583191714	103.3895579284922	101.8115692707343	94.31924739420398	93.13637633504523	99.22974043564645	98.52976176069838	106.5766489082775	92.22710839992311
107.2812478604209	95.96999515958939	88.91334551099392	90.95246777531814	98.18826094526369	105.2269640528682	103.1570732771448	73.99152284913872	103.6184735702602	98.98036654768367	101.1457084855661	95.98759050977445	83.50569610802937	87.00718926591932	98.37196093926867	93.38027793528711	75.95160184162538	90.72823976658594	81.21928675825859	79.23201777975768	103.9027493327439	105.6248673272001	77.28586673624402	89.14236206507927	103.1035966019442
94.57803004427896	96.0692088107723	91.96015747343596	90.05984740253527	106.0511944585571	103.0230828123274	102.1898448477106	85.68514865079341	92.55626102889129	91.99489971484277	101.9181029566005	105.8079365204023	103.0472577766546	106.7300073918926	99.20974034005738	89.65287561262286	90.02246679985208	106.7080559558668	95.30369301896508	92.48046205504416	103.5799582022028	105.2605165739567	89.75530817122909	94.63306914103156	96.55724850423547
98.76067716960497	95.82172313389559	84.73871847449739	94.12450896296706	103.9869980174402	102.092586056582	99.89722151277647	79.82413146663757	93.19249959278764	96.00878432179843	97.41302747277371	95.11189773218031	101.5333244792099	100.0900766658133	92.02298365991209	103.9597743053188	78.49868466403247	100.1657142870794	79.5518128392352	78.24185024546577	104.9313525233719	104.4213834703225	88.79476709885884	105.8829609751007	94.85647718531877
95.0011257529809	96.6107558608978	93.35320094929401	88.7730215533587	99.49286156539188	107.1382332311155	96.62142846865827	79.12129518473826	102.1283170226184	104.441249504706	92.83422902012846	86.84978295879756	92.2803480960325	93.50503116647219	100.7156632883281	106.1334058985103	83.11474775594871	90.23773319272682	91.14304373691547	88.2803758703559	98.94614042106952	100.6593108675578	79.4190581465965	90.84376460192365	96.23712065428977
96.27039690555368	95.74462030589713	77.07867755389717	77.96215092512662	98.03158243375741	100.7095885908843	102.9594676371321	61.82312206285796	98.41773175956195	103.2061736140706	100.5415475341501	89.97931686941911	91.1346124425675	82.19857060777582	95.40555538383347	106.2395206004637	65.6553377684816	90.2683701701511	71.94137853791383	64.3379391718951	105.5902789727311	99.78535816560108	68.34004481100627	85.43563981316289	95.50624479380537
97.19624487304009	92.57616678274971	84.72839051425937	85.330213283474	91.66195350088751	96.60233668564119	101.5389309505741	67.46611521463164	103.8812917191731	95.33258147543182	103.1541375723664	84.15105477348978	87.02488108040595	98.52521224728677	92.55478341716091	102.6449979603676	67.51441444590728	98.21158510242179	78.77962824897439	68.04416025376139	106.949750439134	95.22878993545936	67.72638002790586	98.04374701915651	97.93850003860416
94.20640067018849	95.04549568752873	94.99714772464783	93.27471240218851	92.38873099832608	97.48303594353868	97.18942376682564	83.23823672151362	107.1662093498657	97.9387527381829	103.980123201456	86.17118695155324	94.93734384024782	103.7496800131478	94.37905828609453	97.43211787151525	78.70914395727803	103.0112923951272	91.22565264446526	87.7419106787256	101.9160545889969	102.3069927986658	75.20450260663736	97.73802563666591	96.7543215642195
105.2869131859026	91.99769146125003	68.25991878439022	76.89132880471406	101.3436622658465	89.92714331819039	96.05340355509287	61.71093398491222	92.21006057661789	93.52205338898494	102.3023642740222	83.3559803795431	77.63461900436131	87.43752626333934	99.44645033098807	92.66604220953792	62.28616630825529	81.21076266347524	69.94352574272091	57.97985690434551	104.1551129581442	96.03299833078449	69.53880310815296	97.13712118545814	101.6374582832649
105.7017814651097	91.8112627259313	63.58286227821183	68.51863572403718	99.69345512585203	87.91074053113805	94.3243813337567	55.22210429190375	97.43142118537318	89.54117135581008	98.78899882278449	80.10168409232355	76.0115225807144	87.84595131381184	102.0893990695626	96.24435455103713	46.20063287406	83.54223212805759	54.67315568650645	63.72051060637801	102.3008533692947	95.08841701466429	52.03356796056797	91.74126121712486	93.68524732102816
93.34400410956549	93.28274785734112	83.96785575304993	87.82021545122277	102.2704042513839	102.3726531239241	106.2288967104698	65.16256350376854	105.3351086694683	102.6667523747783	96.10053870001818	93.71386388175313	81.79540638433156	91.12179189053774	99.92220291015282	92.52773156342673	61.98293967839037	96.4108223986706	76.70721093464621	73.25398707185195	107.0877858027257	94.33753051065023	69.06997812955595	101.0413973718677	101.7279913710316
98.89252412357436	105.1349556840132	84.26906880952748	89.77692737416216	97.98005570979615	105.8788842728098	99.67780904292317	80.16932291038776	103.6951510276051	104.7557984839786	99.65872394869724	85.70622273849834	97.74713608179083	88.73670661222872	104.3441415203797	97.63950187440227	77.07954879078032	88.79902088063628	72.62536389518758	83.70131307315978	103.9066415776725	94.94368023072103	71.27557115388207	91.62867726388949	97.95434719587199
104.5509504358697	97.2763509898173	68.35452606842065	73.01138076344853	84.834649581205	85.19303243872214	90.66845114587758	49.44120409655741	88.34228218162814	95.96211446713589	82.2642720226854	73.76191153247805	77.81145241908732	76.92306609429963	104.0951984878256	99.57906686852928	44.75610697848592	74.19510339137578	57.15008086074525	45.53625902144623	99.15798295651885	89.20780502060654	51.21141262045229	80.92055132733041	103.5600850857631
102.6372293846688	96.42586868166775	68.0826363774338	71.33302184776534	94.04939958555637	92.64212428435444	96.64200199253379	50.46931497953311	88.04383693738653	95.82945068838427	89.08024854225124	84.06749376663892	74.80395975078672	83.07945626070345	94.77609481993893	101.8109624999904	49.19713978358454	80.43089746601613	56.65519252782849	60.94049642997956	100.4602399073256	100.7324216953252	62.55962178615253	89.30774984737475	94.61790185241898
