2.669990908785514	2.406245992101873	96.96360670518987	103.6945769745925	0.9757271901182092	0.647691733221103	2.515547922655674	100.0781551800478	2.659415464004178	1.728875685318337	0.3739803413155239	87.88946777527931	84.38950336458053	23.75093352751396	0.8727170451366451	0.07126712057686449	96.25465107337065	72.83663149597672	93.48050036671746	96.60608282281221	2.894810587185382	0.7609866338549269	92.77701503456754	6.526367594088498	0.4257575579748119
2.504825030421509	23.34390846859583	54.93421475050398	64.34565403998162	82.21087453229168	78.07335045604367	2.350059541044164	2.987726772917411	83.4276066163935	65.83397801826057	96.84020085420615	94.44638285548822	95.50365464437873	100.6449269615741	0.9621672393039038	15.019190114749	2.841217757320882	93.67223421150922	19.74534782243938	3.796374978820364	49.76784445821752	91.05387568503392	2.939453399075006	106.6790468269126	38.20323444934596
2.97943307093319	1.671858763876312	96.80181665988613	100.3357166629109	17.49913032355724	26.2045753563132	1.901379827305939	71.62308093222734	18.21060806984468	9.41950734239872	66.03773240286128	98.21971170023834	102.5101295599962	81.96730607972289	0.5952416722777973	1.764495428136644	52.49228035571182	96.47823541440233	77.25603504976758	73.05295797199521	2.011319052697111	40.60594245532584	56.11885834865166	74.78979875269843	2.170227106332629
2.343448014195338	2.566006966846867	98.40246259113059	97.28615315863814	2.239772942166339	2.609670169087864	0.7279286104739762	94.27410061150113	0.5295978643872374	1.672444192532595	36.56162389519771	102.3027358046043	97.17555657602492	54.90998179010977	0.5010557206875492	1.43163867766119	84.43473098734542	94.04090508066882	87.95610922945744	82.34391021303793	1.141988148049575	2.428058076255082	87.35032248333808	44.21500380555405	2.985748699143679
0.2008724777842216	0.1068822365913863	100.4648496999155	92.94826787883319	0.8803062623582767	2.814504270586659	2.401522237179497	95.31346787146713	2.109208265155568	0.6430196657582892	9.968912428254164	92.18204811731499	90.52029262455733	37.91581379561372	2.365355770756029	2.162446123495466	91.61631245168489	91.74925452054208	93.91567964858758	90.21729764625186	1.965536305636856	0.4684749766388637	95.60178638844162	33.05443212362002	2.294895641632363
0.304505676669917	1.459480046473201	84.1992589932475	93.51275128986411	42.32595932861134	41.76732127110246	2.680517318930602	57.83443022851981	37.92169449602713	25.86870837648632	77.38240652574946	102.0119267376983	105.5426471975952	95.5478597108612	2.974497634091121	1.959659435516063	26.65909287809173	101.8724379963718	69.15755466739112	55.8098659857161	0.6879335983649566	54.43179759167564	40.02943974727437	89.98060930509186	1.978285344861389
47.14097984602665	67.65162494411354	4.417221351179382	33.49131771496592	94.44084460997551	105.2899922816624	47.49133143663004	2.47545321003154	92.77891218426181	95.65949028463601	96.36239682794032	60.57281681530367	71.16313506314084	95.03964718789933	59.76264599625506	63.79753792915308	2.487491543093606	91.4417782562933	2.519897267834239	1.328985263900311	86.64705302452839	104.883623078907	0.7145240808449949	93.88023660936329	77.84902034413665
2.427237074273615	0.6545523646782738	97.75968037355268	106.8298152458316	0.5875960689915374	17.50955886674227	0.02055891616657193	67.73723321549271	0.3065280588997893	1.121095957102359	53.90343779345548	97.71043456737982	92.23163440841012	80.65680735573571	1.887453018540048	1.162437177226668	55.55202642432617	98.92783185898824	80.63934634080621	79.49462197845783	0.7661240952387702	29.40881645835933	62.58703684159032	68.16336246165231	1.386343428522201
2.669073899311272	2.491532746614758	98.06341427217012	106.7561478196731	2.467132187908257	1.01819287990048	2.145892709582953	83.42940278142626	1.674550544154722	0.8904918489957605	37.83965997944813	102.1757132033698	98.66743586372559	65.67375074280365	2.627105997376485	0.9789694491799701	76.88995097204196	91.64694945435237	94.54464684696204	81.30286629863591	0.2952590190465375	3.780950430116665	83.14490000160333	50.93557702461052	1.400021339482093
52.24948498746836	79.41877021408766	1.939716279288785	19.90068553898779	98.99591417614866	98.70073891682124	53.8885469574472	1.572839614573799	93.49028662241236	103.2171991981957	92.99618423612371	62.9516854378769	61.19265120670366	88.77107022694756	67.2392417667533	64.99612937535824	0.9796747415067426	78.85171917271741	2.187769882636491	0.7203009788937498	91.54997642106594	96.69945633428317	0.8215872833374969	94.10566790906414	88.39925205967356
80.29595416072027	98.40319449412199	1.082337880105074	0.2962190342221925	93.94786205448477	98.22713399011964	90.7166998235779	2.541394803990196	100.2593543435772	99.69117633241275	102.0694407863008	11.35752286798608	20.2183527931227	56.63243803182914	91.24210021303577	91.71114370906044	1.367298357131549	43.59891316177379	0.886133552093094	0.02937649885896467	94.70908996975062	102.3850090283268	1.169310679665321	75.79183773193402	101.9200356375552
2.577693090383444	2.679867920313103	98.274794904334	103.4173073541741	11.87793463494097	24.23643098292976	2.848998418281852	70.15871360078691	15.12437849015404	1.201082489142754	56.56518143991822	97.36361561900782	93.56262044511078	75.79065306574807	0.6425951173979216	2.235719980375963	49.1056174348897	99.691471790804	79.86752311208814	74.72634506625158	2.589692311570889	29.68782407602728	64.76054377905004	73.06124797841032	1.975955970077382
1.514458636680356	0.7139453442120576	95.87278729758363	90.60324817913363	25.08929259813597	34.24008139221982	0.3273337430332159	62.59496870796279	18.90223781762916	22.39871316981795	71.2409612480666	92.41778675116717	98.15998535320857	84.72457180390731	1.788453734007158	2.109286872677981	51.35226176739664	102.2514040536308	75.21239025141841	60.76104224559114	2.637945229570852	56.21435820799648	48.05580932122638	79.71104900942532	2.24648773984456
82.22386330084758	103.0857524084771	0.8637480608822452	1.774679404016307	97.9248406322257	103.3212410757103	84.61098305054114	2.433766416241203	96.48178132825372	93.66490417286175	101.8464366696902	2.400777353999048	7.428281923310971	52.87854312692586	93.28510143286979	93.75307556237247	2.671098982625912	47.41165744554946	2.791006205748407	0.5355554413946151	99.86329494879122	104.3149118904604	0.02969390375945349	63.2037617525115	96.1180416021369
0.3247623165778136	1.750533736844014	82.14652147524114	97.55391480756136	46.03967030152489	45.38423733260318	1.004317604081269	38.50579108830324	45.57295266978813	40.25879197459139	74.489182985268	100.4583574592319	96.34922779813692	93.07012683205575	0.08068614968566215	2.199741759258146	29.84381356963146	104.0376176647152	56.6169873813617	45.87120570735281	0.5627084433470451	68.31580512261576	31.9152898092355	84.64743270653693	2.755107123786794
63.97412786929166	78.52799993843769	1.167152043841843	3.81795213209792	101.7577720380165	93.61558356520457	58.47809007295368	2.918590337189803	98.83307698529248	102.9497878013249	93.98750111671231	44.18361444710616	58.66695484810572	86.13313902084508	60.42832000240526	79.43502083206124	0.7735566459394074	74.79021153405847	2.771144106207732	2.623303794644623	88.50350288019838	92.09470909914116	0.3835718056876657	92.56749756201454	87.83278089109027
104.3696637600687	101.5532133957479	1.027744136114081	1.42670439909743	69.02261973809918	90.75996477255177	106.6846202194023	2.373172520037807	69.20861543547878	88.6356638104517	70.89357831886508	1.828189130012662	1.656242416829742	2.756954031662854	101.2266380972923	102.0010275986869	0.1674968057548949	2.967750127108836	2.27426302940423	1.978001677592121	99.30510187715457	88.62945855771834	0.410078852916472	11.298565683741	93.09640569902119
96.38137044836979	102.998008833761	0.5844355783290653	2.704668495497094	72.91958791668576	79.93482974820068	97.51986895685569	1.047544683951374	71.21980382245036	95.84871003556231	63.28500408007912	1.014208693924041	1.215527669861209	0.960637323186881	107.1929217548597	99.95151690047462	2.944538374910886	2.534942452604648	2.259141740444705	1.447828026383627	101.5065080884698	89.64802314491044	1.7967001179564	9.178662723335862	102.7012071014383
0.1315199755891707	9.58793997952408	70.26144732015901	85.36249895650175	73.65135598044017	82.86256281445692	0.5891270459557425	5.442743238177762	68.12468399575204	66.53139894410394	88.92559749537402	98.38816147284291	99.22192302621058	106.3183577328818	1.582816189416731	2.874636484133912	1.347941798824202	93.28975642072979	25.39071971109389	16.64363542095172	39.97964833512282	90.11306202933869	1.736518461730011	99.09519221976846	18.74816308966944
95.65774370608551	95.45754019329135	2.863497231566067	2.601254539831576	67.09687828987408	86.17232736335605	98.82899005251258	0.7294366184763332	72.00728309484337	93.01201263520913	64.70347042068002	1.104259414403124	0.9830191615778916	1.607757770804885	105.7323643485907	100.2831709638665	1.390881582034629	1.784019020634112	2.302412701665665	2.162210825146006	103.1137761201392	90.37989887120742	0.1253132100606014	2.532552336466019	101.4406709421259
27.53419606386436	63.05132161324889	25.11064428446485	51.12727474362932	87.70043514821006	99.89180511042031	34.27263234161225	1.982680724366874	87.41147716666003	86.09739535090503	102.434149071575	75.9906206190217	79.67075911129	103.0308439708853	35.7957118437635	58.86911834919277	1.615884920090571	91.76741923336536	1.586095666331081	1.863605797192688	79.9743036769505	95.17965111607289	1.240853591500807	92.96636991919063	61.10122848927142
88.47838847295836	103.5079172268682	1.555892818981365	1.848537037445857	90.6870973065258	104.1538946829209	91.24060192429822	0.03355590700920988	93.84305750346492	103.6862728937018	93.54156476363636	1.998462150514193	17.29186523386757	51.66878589853489	86.63101766557413	95.81544521673376	2.72925484506654	51.89333022805846	1.016566587583233	2.614883926580025	101.4272886545924	93.46756538281382	1.613041320875406	75.73910751527806	103.8772480108691
13.8426983953776	52.16586130412612	31.86017278783651	61.72291993403753	81.4643594978418	91.40325205738151	28.70979737774894	2.28536328683488	90.2015820604654	85.77224743368247	98.42752818360437	81.16175964739878	88.98565172409755	93.86568593438675	27.76391692118627	36.51089054004083	0.1145217377039913	95.61063454749051	2.743417984471366	0.854983741253768	70.53639956452302	97.85672227491446	0.02955353124409568	97.35941961454154	60.93596079306235
87.75059415571032	104.0344811904588	0.8406204187114246	1.744610706263546	104.2692582642086	106.3361685777096	87.23618412594186	0.4066606376450558	92.05980888083843	92.53396051011426	99.99135196481018	0.7001096986797961	13.92247492492034	47.25534746228033	83.34226553202483	94.41115384076505	2.093077314947929	46.90134770283838	1.661491566698106	0.4759855551016099	94.68583389198945	98.65155674805494	2.262907121094506	68.45185462765848	99.92055281407141
65.26623559782298	81.6775691077361	1.986255144437624	10.26388687877613	93.44905116990196	102.9257161097234	62.34558712445475	2.394973395291469	95.8657860334577	91.4880270648803	97.85027161033639	45.14099290274407	53.52204401178852	77.94651318972636	69.9949300574022	78.11461394917114	2.99658524113594	74.45698272024897	0.6851985117771804	2.172750635253402	86.86224975019148	96.65648645265769	1.599815848187975	96.78930154011084	80.70562069875018
86.88329746823638	95.33719045803008	0.2805143866041768	2.92112071104293	96.21788121908362	92.52626005659819	86.46473818625343	0.8691009097544629	94.25891603177287	94.95185848831198	90.93913517109058	0.3901221853136437	6.027520421825091	47.86502660372336	91.97444166345815	98.00718419331977	2.023510028541645	41.89075831282285	0.5256849580386698	1.789436938175216	97.45994334570771	104.0600219414897	2.754058444335786	59.9650663075126	105.6703933442047
105.5711029751723	102.471654513647	2.414664369789712	1.286581420652369	78.62241522196834	96.34493833854903	100.9193036406965	1.069878407522995	82.12557075210998	97.76878697407085	71.69911812491254	0.8379984639959301	0.4861571433803725	6.119409928721328	105.9998521936499	92.65509285518891	2.62349738435259	2.525240316651122	0.8861570443960822	1.221175911402327	95.93596681026952	92.22504660976237	1.066054794765933	22.86299591334066	98.9650518310533
93.98713414759921	101.6109679225369	2.265015353845233	0.2416582271774315	89.63873348492368	89.01208837248733	95.73499761983274	0.7314130901594242	93.50515177975201	97.92838598760524	81.46473285472537	1.753751879009955	1.419416753743588	15.70934939890608	105.457598178821	93.44341198493525	0.5335738263639451	11.92881569466965	0.6339808254476045	2.332091374582119	100.2080902571263	101.6938727271894	0.04826225014437971	38.25835191580295	96.18892885117378
56.63641844456308	82.53721241257522	2.814582477395248	2.628104999105964	104.1091959377608	98.90541101836989	69.92597749148736	0.2179394539077786	96.53947482016063	99.68033420112882	94.76661396180909	45.87063486641026	54.43922458940732	83.86492100016662	63.61412997863113	84.61121755090133	0.7944937395868097	74.51001930962252	0.6598731606698833	0.3035755309504308	91.32507444217531	94.4366059792801	0.4406512217431413	90.11344460701955	93.18328185329119
72.87378684579127	90.52689453416623	1.825072825335088	1.618307315964998	98.90729646007517	99.21218760026241	74.04275836291421	1.587075164958749	98.04587880745724	93.30041134268698	93.95996133119647	41.38988153946342	47.27467007197683	69.78745980998511	80.75414960413636	82.25464792336328	1.27495413803194	71.46619343614718	1.732841658333507	2.910204239552653	98.08830368247567	104.5893129919336	2.178062415225861	78.92241209331311	93.76006072147842
95.08417056466058	97.76321305952193	2.793832707913707	1.831567045316382	98.97801917370296	101.1105297504902	99.37506979164066	1.530470342888503	93.06272442583706	99.66906177116398	87.1653539150269	1.832009098436572	2.644254028769328	47.2275998539339	95.91753098400625	98.4517883122752	1.765369364948545	32.76306855332668	2.4657431037762	2.507240698598661	92.90945484278302	100.8914113435927	2.91252878310866	54.92593005984244	94.54974243323989
95.85262789231368	98.38495781049291	0.4385272963136759	0.7701515008559492	69.27901792136039	90.13676598534303	97.80433646654896	2.061002774037039	72.39411204287146	84.83686654263866	62.28065771953065	2.484256858673407	0.3161233257393899	1.358440514726186	92.74769689531765	100.7885080347713	1.691701910063111	0.2964874432860808	2.719214193614495	2.578176924684694	102.7476123182278	93.58779277727396	2.987020161156823	8.171243532822691	99.83210521859564
35.88454224590463	60.12630884342786	14.907427083031	36.76771540020122	93.92812420643392	96.16690909526204	32.43871635263089	0.1617446157406589	92.61787194087276	90.20816611932294	102.5036008828474	76.91911599415387	78.47337476321219	88.6565848357491	38.14037237862775	51.80956038070519	0.9436894477129949	87.33887689224076	1.086976411011723	2.824194844494701	69.62098318698268	99.79889594590614	0.8451804392742708	93.91575905894499	68.21118771247609
25.99971107584045	55.93100390591213	22.46378118227332	43.62568153327216	96.94060739650077	98.31093344672033	37.18321301670874	0.51656354879688	94.09979498169452	93.56832062030838	95.78457812807443	71.3931682262793	77.89526491348109	89.75973812344198	44.168061423853	49.27413368217343	2.143973113142121	88.35186673226066	1.093073666018133	0.4233908155506355	83.37309921936323	92.30427287748269	2.851834715867549	97.4467437954751	65.35552364227635
94.28139975341591	90.86180116333752	2.974836686671267	2.690162938002546	60.46773254881423	80.25973445876039	103.4027954762901	0.515101960851776	69.38599348758667	88.23825504868515	53.34872962996427	0.8614166637305387	0.8055591317034394	1.181193352885722	100.1516884897816	97.53145774114616	1.060577201457004	0.9903297057630924	1.723577564062871	1.216813182430493	95.84526685647701	82.50374082431621	2.809509106272855	1.290636097671389	102.8370597590715
66.88161398967067	84.38314858973504	1.472502892121431	7.68866116925923	97.90151041470304	97.70511590175951	71.6959875456801	2.470423018848622	97.14426129370696	102.3945841235056	97.05101853918985	46.68453914675747	57.41737452506479	84.01283439659414	77.44051331604869	81.06415882604881	0.2849868713192881	74.51337004480233	0.2358522001448837	2.499723792191697	88.02283489179761	97.65832834715101	2.672089824002289	95.51871002973792	90.08875602103397
61.85010818370546	82.93656721304973	1.289201545253628	9.689064997030329	100.7511565711344	103.1113467744351	62.68748772479405	0.970993255771244	106.4316900592749	96.54485206278918	104.5075107680151	44.78847543439549	46.35639458865127	86.91046633537937	71.05936212828858	76.32675829757282	1.831126773370114	76.88247128321808	0.3906433200662027	2.515071893953681	86.26462093090976	93.43147161984396	1.365625519920321	82.24284608098284	89.41233356449229
94.6362748343969	101.8185133750401	2.638811830443544	1.587294644296602	88.70488933084968	91.8930464307978	88.78082136218546	2.051591462526184	96.16586513254083	95.40114497446108	83.015544480559	1.000224595583993	0.2833515835356705	35.63219831338332	100.4087101147718	97.61882256501738	2.418414840792838	16.87025996700726	0.004475536768354238	2.544144491360679	92.20070573218601	103.1943171900212	2.084908755891984	47.5536327589987	93.78059984940913
90.01959048308525	94.26180454093301	0.5824957048083446	0.7304706487032082	102.7499275570397	96.50683719112089	91.41834801957691	1.498893906632951	104.492345659728	105.4487998459801	88.72819654864203	4.743022507039655	19.47343660919708	56.14419449784034	96.1676875426248	99.21686664567773	2.902552983352769	45.7983107311806	2.812988706596595	0.3526479447583647	100.4606329607607	99.55293901932002	1.564115715259998	66.87761742794194	91.91346963088748
12.23911691138825	40.53425090005376	31.69933200144051	59.14077198754154	87.99332077387565	84.60825287856876	14.78924425292496	0.3581967729319951	84.59385501330495	88.80061672191133	94.07020899535786	80.19115352916103	88.94005886040939	99.66662766182539	26.99054122211923	39.63970169246115	0.3989227399145289	98.5685175429317	0.8142232843579051	0.4292524119198803	64.81670907610091	90.63363639471436	1.989670872999038	92.67455766887858	50.46084013970871
81.5490668234339	77.4734501756944	2.254961495350753	1.301812338740552	10.07856087744162	38.04059732897976	77.33154388497644	2.908174518428416	19.35270432353093	49.77855128421763	2.980267038894794	2.010041520465201	2.795078967196535	2.909031110473565	78.84882219429417	86.71772916712159	1.379097934075493	1.103953599081511	1.684652939711112	2.183158201530601	68.07809557765887	42.30400720808939	2.549943982908466	1.462122932660253	93.5138738369895
69.25354462472316	95.23500450611284	2.692359218665505	0.5049826812205869	102.0112306714388	101.1932620512418	77.41257556751232	0.7102141261611408	106.1782182031653	103.6241089547976	98.70870901361127	27.30061358762506	49.4144601303171	75.81394875062207	79.23040606721032	88.21246786017674	2.119532097924171	70.34574527383262	0.2725990963566263	1.069883759123529	94.32581838538324	91.16955619813429	0.6327266610290905	80.87231704667701	91.52397325169402
96.26007017950405	90.11149656018576	0.4228198347744022	0.5246001286415041	30.52726319415139	56.40454593531336	91.87060070288727	2.779151493747672	40.21246257757211	68.03522889454048	10.50068991452851	0.5081470794703671	0.9487327661665157	0.7563967589635929	84.34586071585331	92.80360386032321	1.255861433343284	1.650642202333957	1.404250143500868	0.6755492839312764	79.88398963436661	65.90437380637277	1.473359802843405	1.409345955337799	91.77139530468546
104.0310497523087	94.29372883547454	1.439953320067793	1.103337254635624	85.29664985734891	87.24342839867579	93.15063345456841	2.00839015063023	86.50864305240439	90.06190279035462	76.46441709323506	0.7015009671749219	2.41840870922129	20.52430011551331	96.31907934420883	94.16392057405429	0.7952351310369754	5.462751924965449	0.4380647343517659	2.930153396231711	97.53123753174692	90.92879131726684	2.066463471398649	42.5726456651899	97.3394985476955
95.04108817356217	78.94904632445709	0.685442883050871	0.505436008141515	37.65978966916075	59.10477636708933	96.48551469654325	0.03381357200569571	43.30002526949117	60.00418181665155	19.19731705929448	2.292639748993083	2.825070165671783	2.661956221138337	83.95626853019766	98.9744794402676	0.6815545325134795	1.943315814195063	0.9747264425207287	2.989610084756557	76.71654257791761	58.12547351694008	1.398648534212673	2.948431122257495	94.23645675714536
99.17923298195906	95.08608223977905	2.544651634020386	1.220575822764578	68.20119069434388	77.34620148264931	97.27436746990485	2.6839136970579	72.44754662995371	95.44895305525591	55.91688591942138	0.7895849274520144	0.9963127698941934	0.930598498654077	99.21483469505284	105.6566623675666	0.8050942788876798	2.192063386516596	2.956551015874528	2.009672391046595	92.46674422444741	92.8182616102804	1.568817316751837	9.625632226866021	97.93643320865922
51.77257795775475	25.12398985047323	1.67871780653063	1.761423594666305	2.202943805256741	2.473650800966667	58.24875598926458	0.3387426641836291	2.059073979651633	2.155225974998215	1.18126695244673	0.4778280233169821	2.683822907484701	0.81338015511026	51.25434063090988	56.6709106107009	2.494511775509525	2.5533359222021	2.214343857313517	0.02008832518841843	19.38987174801863	2.28683252118377	0.6453090688629552	2.293675715411393	60.76179091691672
98.06604133495426	94.37909818823489	0.4003678323801069	0.9729559428829226	87.29957287063267	95.26868727720279	92.59231550334113	0.9391445824286015	90.94626300309713	90.60878908180413	82.93688211678159	1.232373039153311	0.6013042822850367	22.67740924127872	97.72239873105771	100.6761643464196	1.677916823574357	6.877829202373633	0.1141963343348128	0.8480047821904866	95.62339761213961	97.9557485192491	2.987045392959912	33.43270741125248	101.5571753162212
38.78442929208617	16.83525846868144	2.360634778828024	2.397297368522874	2.005924144786533	0.5931511989299987	43.76570188381053	2.266537672216522	2.619878969942242	0.250365807863141	0.5725491330404826	2.537044064299961	2.917146412963166	0.102954345528323	42.36418785599254	55.52983242765524	1.637961516198658	0.09452369585271704	2.639160940509106	0.16061999230653	13.82331716431932	2.980053987251781	0.08075445339778378	1.216935870886535	47.71956822214236
91.9530967442937	77.57281106987544	2.376927333591597	2.735339146341152	6.698810830075585	31.33696525017806	85.92369353644878	1.633228419360685	9.746632586819423	44.03463347760283	2.18084826986941	1.730534384252413	1.368158272684982	0.1056165343981525	82.68296983581448	92.72788986052933	2.629180465562095	2.7365768998691	1.591094621788304	1.900104403411971	74.68827238844796	48.37496476693299	0.6760756385685176	2.110536323520544	89.04742965641935
