86.2897143316715	87.75669060848668	107.9419996363831	89.84978484519452	103.4728957635545	112.6385819030662	91.59686994383068	96.55759898928835	90.03373805430668	83.8203461376973	99.7927296663472	100.5083141597994	85.19259840145196	109.6908412428985	110.4616225915725	89.6828490438327	88.10094778805792	108.8215930767967	101.1880048820131	105.3088202749468	97.98848642449799	88.69418062796869	92.248055739157	94.12326622694971	89.95187085356632
93.71175984214238	90.7402503777999	103.0630723613169	85.48529538437478	100.0734280389398	96.71277887741732	112.8050371360238	97.91174446272778	104.9739408102431	86.18171553077362	100.8469445268177	99.87478895839251	109.306291716653	98.45339096419774	104.6206197583879	88.07370945448146	90.86502150194302	104.5925354200205	95.72006739953899	87.07649469673008	105.7246114666389	94.12084293497824	89.37626674987222	93.88497480949157	107.3332469971189
99.41311087463092	94.70466970902066	84.94215094937935	102.2313829011305	92.74943218736198	110.715166176413	101.4229639288235	87.01904909536158	106.0149213922152	96.69455221081245	92.06916160124318	101.4584716534009	85.2020603470497	85.3444435077982	93.68520481007455	108.5954935106302	106.8182382241539	92.19668972557834	84.72582407250755	91.739731915459	113.3499032528453	98.02991009635188	101.2394525053676	93.95555423734163	102.3662388899265
104.6374712611061	104.4594715402317	109.2290494471342	104.5354157285706	99.27810258971584	109.1991607266306	91.43251913290133	105.1533233210918	106.6932981444116	87.7007390596527	102.6628690302963	93.37789132994664	103.1666563118855	112.2869154191791	109.0421782572676	112.2538437021167	111.7704336284615	107.3261316315741	110.0574187662941	85.37048393249867	94.88300934609964	92.06637115090344	99.09416175919306	99.63034969593004	99.56059402267772
85.44634354785281	95.46140210846883	98.92649126361876	90.37908795235536	107.1346517682112	98.4836022632909	91.57390572725615	87.62218081132193	112.0458607342789	103.9416943827011	93.00163088178655	112.0560335493956	95.10120631838409	106.6303236493198	95.910115461293	112.6403867695216	85.8447444645635	114.2054234875724	108.4702433764522	88.84092721953428	89.04834995186818	85.58605528057895	85.84878201119641	109.3557988687676	109.6244279534552
95.60246515298131	109.8554999499047	107.6594266444817	111.6749567005895	91.28700878836413	113.5555794277473	99.15482622032765	102.5023900914662	108.3570645219089	99.10069663691493	91.63383722947887	92.29346190662829	105.55640605151	114.5490121771905	93.89725055013974	108.2632820473386	104.8853423961021	91.66009367933918	112.7436141611891	94.29582617451602	104.7248225629745	111.3433514530764	89.75531448191069	107.1409354666152	110.2972178918139
105.7276780040988	111.8360043627165	104.4324530927099	112.9628177389456	90.76106910037926	112.8667932661979	112.3580073928383	107.2976640832229	87.28214291832197	103.464770246495	94.45582609593993	90.86293217951724	112.2062744891311	98.96235287648976	91.43011661107917	86.23619966846957	98.91948803942519	97.90092474031334	99.3892015851484	85.37965369205658	92.77711824823099	113.1413896215649	103.4696782261911	113.1296107923762	98.14254748304619
89.01379841311689	95.06950453781469	99.95150819530534	106.0363496532671	85.57823058340347	110.4179356561231	108.2064863444565	85.9197022378259	98.29842462153064	87.28291790895994	89.66824038438156	107.6336915489752	111.5346469536148	113.6702447589211	102.9908740970701	88.76676332545162	97.03464896027222	105.6783879599992	89.48568933552757	96.04776951652532	90.25346250930828	90.99140813435818	101.9160759135944	108.3457087048804	96.24513769992581
94.23046391528943	89.74764204644899	94.01624435860781	90.85820448301003	104.5833493602015	105.5203552558526	83.8088534809427	96.59885143138695	108.2199079236897	111.8558106107067	108.5394790678224	111.1885995876296	106.9744591433338	90.27455693132381	102.9132965907872	107.8092785894295	87.19135362518278	104.3631741118889	101.4061684484514	101.4148635729845	96.30741150344387	92.10290253957882	93.72426423529328	90.24077669840923	108.9664162227643
105.3384323602447	93.07376075950829	111.0552446281752	112.8871155076806	109.2767582329996	85.53376292737853	90.76125515850575	107.5316653693283	98.62056429469139	86.60102229796323	90.52486694717366	108.4924474844624	102.3886870294021	89.89630799498302	113.8741716479025	98.27455462303458	93.68336188135083	112.9008835100014	91.85505302354483	97.53444732903729	108.8270703954638	97.38819414777306	86.05837461312319	108.4133456429608	96.70702642915367
105.4047957626867	87.13110930838776	84.43710890829929	114.2439701443268	97.50610129386392	114.8453468768372	94.70553562007267	110.6892476183808	98.19565505965163	105.5600457714104	86.74720543132808	96.22411977224213	99.73338543597248	110.8884925617457	109.3972299603608	94.36910489596131	89.16754881351899	96.6777683376778	83.97013466288467	94.1316462160981	97.82508733462785	104.498879175585	111.1448235474922	87.14801610932986	97.39444673734204
100.9102841771357	88.15650104906882	97.21707713447492	99.21083656539317	102.3453826757661	98.29091036982668	113.8920416496134	103.385454711615	90.73844264289946	111.961922115741	108.3318328564197	99.71524512478955	95.42899055123698	102.1512073404702	113.1796066751442	93.19200035863393	89.50175346267339	91.31305683578223	89.49502117613017	92.86689234702389	114.3483451708021	108.0802818468752	92.97693131228412	103.3223745170234	108.774741109885
99.53872705548291	108.1270258338838	111.1905107882149	85.24434098707118	107.9571646032615	89.6375896301389	104.8327150280598	98.64367011134046	89.76663452738192	111.7676675141357	99.65651100252197	109.8049930904221	109.0521488298012	106.0011687862257	91.09949481919742	87.27749727995534	82.95804772397072	91.60851182190196	95.25504447331464	111.370508659324	96.08738220101894	101.0292284269495	105.2798221814945	108.1410555783489	110.1363449451555
84.89399461395836	111.334282049663	94.4902370683681	112.7363295826317	86.23253687699278	101.1613954151688	102.3815475103666	103.1467108174287	102.1775853046239	96.59341141230416	102.5331558778445	103.979124614582	86.66002145987333	113.1672770704673	94.16472637726712	99.32747259662639	103.7527130029564	103.8807885492384	88.27825391417852	100.749505437477	98.68515504717558	107.4570808149266	84.47309803199114	87.22119494217071	92.9151341197651
96.84950602435212	109.4669615355402	112.2531274207423	109.5290153375338	98.5673266698995	96.73209591279742	113.4109363890303	87.70833292700217	110.6385983028461	92.75206992603754	113.6747034249366	85.97029650968184	97.88295569381671	99.83117029305893	106.3466291499101	101.8221861731453	101.0216800405012	85.76356371063235	107.1930044506502	110.0793076780297	89.4663069292079	105.0242553171439	94.8668882023028	101.4399011877442	86.58723712911112
99.61197701418408	107.0137925010836	91.55494845596854	106.832465397909	93.3765420409736	114.5350478336316	112.8302171085427	92.56863854111363	106.3227519581659	108.4866504373653	99.02224714584547	92.30273093186146	88.21117944847919	85.08340896718911	108.9282706969231	98.38159823515909	104.6417212689631	109.2789972565175	98.93463486907159	82.76285860342335	95.56727937996871	113.1637378186479	110.5263051857185	90.70240025828018	105.5335384370997
102.1735137897049	112.6877117310765	107.269083064892	104.8740491112115	102.2299742574723	98.85225074346296	105.25531538821	93.345411898243	86.68387408578403	94.52402558978596	94.51508898663067	85.76382885286218	103.4844511228665	108.0058709979429	112.1154477453623	113.0704879856893	88.51513352700854	101.7493417564494	102.4896407456152	105.041760343555	84.89686419923426	109.2816225086006	83.37984347405522	94.58189477989777	113.2358976730675
113.8960451927329	113.9872693377655	105.1529143651055	112.6419609901236	93.59644162935892	101.572572632634	87.00101078986677	107.0781662475372	95.75625134559759	96.5699399593345	85.26526633208212	112.0639376352964	91.14443670830194	93.59262769124278	100.316221085052	99.56650077228954	106.8889449462189	89.45948636994152	104.7746725087792	102.4232404085131	110.5102080401361	90.41012453173551	96.7488999793334	110.4812085890696	94.55881207643699
107.537100426232	104.9602334958173	89.60096508045817	100.0495753247505	110.513485150847	91.23500539500215	113.4812074043507	109.4593229276281	106.8435838083314	95.82268244973532	97.9088477103859	108.6609261129615	88.71945895859042	95.00696223990136	97.66281745748674	97.80426798337707	90.75364856552898	89.85556374728846	101.9613540056545	108.9016974626018	99.39097938175442	91.38880068909906	107.7871684369707	103.618353327997	106.0379225612404
104.1231543989132	105.2338615099724	99.09079741839126	98.40142322767809	85.36393499434729	101.2706482443424	93.69704658246332	112.4032661344036	89.67046407753431	90.79031751412998	95.43280626358197	109.6031513961094	89.37763816212457	87.8231110525018	111.8273060145573	107.0791911443289	109.9819957735515	93.38510625847223	84.96230730860798	92.02167240432883	102.5677602001458	95.37502242050488	85.63181627074654	100.9418331668578	104.1657178109072
86.31287476715502	111.861689176873	90.67351944873964	105.2836775009337	94.52241585329404	101.450567556801	89.54347046462296	93.56586098023196	86.47049682120935	101.6954255121	91.89005974898085	112.5108187140458	94.62757051427032	105.4354936032519	106.6913204935646	97.28500043975957	87.14295091130725	114.394042536203	99.18660329027747	99.47288515688078	85.12974741923458	105.7945418773514	95.64240333766359	98.35091100875732	105.5927128779613
105.9032749144211	107.5534457248688	96.81971856408455	98.42738531477569	88.29532623127787	85.13812581780309	106.7841488996438	110.2951515355757	107.1623730285301	105.4143720146142	87.27883622894318	107.153667127081	107.9038686703413	93.96618783181529	84.40388462415983	89.04519094541899	101.2652164319323	96.36367088877208	110.2606133387352	104.1489174493872	114.5301722694481	111.4242302509762	104.1064465762008	103.0554593521683	97.48073468106821
100.0839402374138	111.5845588724324	89.88670314809859	108.9937210579596	91.82371783729253	114.79089402749	98.53622228203788	106.9573190642759	102.9060811783841	112.4408697246378	96.9011713474097	97.70361595423043	95.43498625911452	109.6849186764842	91.02855346004023	91.00674299309694	95.90410052275394	95.51152284345936	110.1749957595075	89.63865781015927	91.55896063282074	85.67906257632545	98.5209298902999	102.2986183703718	85.4747985143037
96.82585571062411	112.2484982629948	105.2160280659635	111.6571806111365	86.57344885540829	89.90057541924308	104.5594683503715	102.1685904193364	113.193541312908	112.5199950230123	111.8556242468578	109.0758061585478	92.59877908059566	100.0595910243238	92.55697858253112	87.30641241139256	108.7710613740564	97.29572929042969	95.83854609102374	102.6518054961653	98.5204178064738	104.3125681960571	95.27858622006677	88.72618915027311	114.4177559210976
86.115008581079	87.90316104527274	99.37921917116911	106.8629828820162	92.77760778132904	89.01093061973354	94.52553885977817	93.61879240842171	102.4806673437159	95.87157822660107	106.8668693218739	109.9484046709526	85.05993319417394	98.77274524620907	91.56294883050109	99.49593612907218	108.2610220543568	99.65012249527076	98.98126208249658	97.30843128712658	102.3522389379996	85.51437083154094	88.32524723923929	100.9264523522532	103.1757857867907
114.8919277032446	111.6521115344751	109.1004886773164	96.7935636992427	94.67526905971678	91.78742470132215	107.3709193306562	89.32444322009691	106.3717474569169	111.2116198318668	109.7847720353866	99.77559012166473	84.31012395173397	100.6168845734497	90.38729580445076	103.5756045819585	88.01390443882732	94.80085754016991	106.5259872554963	104.4223142841443	102.4174819855346	111.965294480314	82.9872533837832	94.53933503644507	105.8284774516584
105.4784095352941	105.8819227806252	113.8298659994208	100.8453585759318	92.10697920888907	106.5272401274047	92.58980283721654	94.98135705803371	101.83347748981	107.7277121266893	111.721767250933	104.4005811598139	85.02639901025734	89.01766015344096	104.4739896896742	106.3131335074645	84.28791617655817	97.31949450802189	90.42081819576336	84.33880535586491	108.1493486117616	106.6868691979259	92.85106868343377	100.7064593251229	106.2823929481644
101.0713577500068	94.82237540544683	86.12629099922523	105.0620570388436	104.8476284686086	97.80800237522739	98.90106081788248	108.8222556369197	94.28685840777689	113.2681042939421	91.13006351235217	89.87031398328949	86.49853075386578	92.631033938153	98.81366508773615	93.69424309183178	95.93675493722782	91.28929892995032	88.51281424605176	102.1143981616262	104.8886994914604	88.82786391811777	92.48618407041739	104.1213763107457	102.2505613016654
103.9309813030261	108.6861278135503	84.36938463866294	92.5824929248044	105.4249101699503	99.78220686773624	111.8346471894424	81.58081942369454	106.1244945094904	103.1445182727017	97.0797393018517	104.2041847522013	101.8512568983421	92.79104417342306	108.8253071289406	99.73823928970552	101.3418436946681	106.3751849369162	91.32085342589843	98.56730108390772	97.10462566145905	96.25808991702331	108.4516048711689	85.2904971180194	104.2319388591777
112.9013158916485	113.8789923373766	89.95738309739059	105.9855074406387	93.44391854918375	113.1765269744658	104.28499724127	93.10340282315912	87.83563019961058	113.9677644714844	92.61405888391802	99.69434169275992	96.71167898649313	98.58885365678249	97.02958061394011	108.4464196609248	106.167277615667	113.1155460905646	97.07257482311807	104.9811898105316	103.5056435834629	90.89677455735574	105.6592345054442	96.53543078043221	99.63154598229077
111.3279255137015	97.87650224726485	98.94430209436612	102.2130793577597	86.42059052933828	100.8316333420138	93.4875353174149	105.9265499183609	110.9459551196364	95.84426652832383	114.635443375571	110.5541145993303	102.2454319079038	91.24903380207599	89.97632941709423	110.9661990482115	81.45489632878886	100.85358697352	85.59131323377696	88.48099070280128	97.17500656112469	92.35670019710402	108.7035142871897	88.74439111189668	95.96779323311064
95.47447384977298	95.04229437693536	111.1158930434169	105.4835718673277	100.8059681052581	96.57657304683111	90.03290422793094	103.086955225536	107.9371910877154	100.2972712962266	114.2092814873247	85.94188154251646	87.25247179396005	109.8758066121462	108.1693392007011	111.5574228309382	87.88933729985969	103.7500027297326	97.68805487722858	103.3089982711331	99.87712167634447	106.5939689587661	102.0796915761157	106.2066305912637	91.48373737465288
108.4833072412793	92.27095816790651	91.06915856923742	109.7137758238864	98.54835589901629	95.94027547587126	103.4251249126347	93.41251922795749	93.21610764020794	94.46348658704269	97.2763193684081	100.0799186459388	99.00564596897547	106.7719728322416	94.01499918116841	90.86193955958994	85.10344065187273	86.45359434669344	87.46175608648446	88.69086338293781	86.50144706381035	87.9864686094666	109.8996289173546	107.3975333992468	113.7174103695377
86.29968820502224	108.7701105711454	101.5840515128612	98.71217602370682	100.2068094005614	85.79871798160251	112.4768830834333	86.55551596664418	87.24339105254694	95.13665449059997	101.5636016019834	106.8448063405186	102.4019939452036	109.3645613218353	105.0872330167063	90.15510630336141	85.062643477541	97.99946202543235	92.68766053381295	107.9806342648168	113.3887305595412	107.1739319300643	99.70704270651581	103.8808618339959	98.54008605442235
100.9704088968767	89.63899460448502	108.0014805085649	90.0517290258645	86.95745261952757	88.55531928309709	112.9107793458427	104.4425350123864	92.46804805039078	106.3227895882777	104.234025282213	107.3948157569166	90.60115169576207	90.49511123708633	86.1855468101935	110.2939477000404	84.18293219448847	109.3587284636754	85.61717929690208	92.22525039275179	111.8251553703291	106.6647780996832	98.95463602963561	111.4775063186184	86.89718303323728
91.58749984886323	87.76568683539642	109.1472742284529	102.0743222688876	91.90461064849424	92.33719538304285	106.0493737168397	86.52177289101114	93.73844666861277	96.64880647302573	105.7712259233915	86.76749540959013	110.9090900496024	90.04309484500206	94.71875246288924	87.03296417532569	83.59996434532307	106.5049812179007	85.22396054697863	84.966714914919	112.5479823774847	106.8440879598678	106.6401990496975	112.1632213002034	93.64234800739443
105.3966680425027	107.9475162901113	107.329094501227	94.96182969274207	99.1745782184307	112.9622810945329	86.79558332247663	81.99075410635729	102.4714961112706	85.44563011367511	112.2982777433376	83.89376409284155	105.2345218028233	90.94976764480175	95.46725953893053	105.9819369215573	84.44256942332667	96.54846053893641	106.0706404002239	90.92731512306521	107.1194262025258	87.33336330764186	87.24593895488633	110.8497362730707	98.67372636932062
84.26484256272626	92.51183435552232	91.65407352709003	91.59227070038222	104.363377145442	85.02072172404542	105.4118898452356	110.8001320895179	113.6897023281751	99.4568447418057	114.3411853441405	100.678203748317	97.2438030658419	93.36932645107288	109.4794776140781	92.63969115247701	83.63716295064556	106.0029153009798	102.8889031455582	90.43818583305378	86.44525218090001	114.1973928331679	108.9801385545667	89.68776905197467	97.23532482748404
106.1982270640585	104.170254196639	93.21951353188898	99.74310502747575	90.48815135056178	91.39099727336549	97.43456748959021	87.25604390841849	104.0278903107724	98.56337240680715	105.9018092240997	105.7209850764067	96.32440129744589	103.1318659680994	108.7972571206541	85.06627490450202	82.447297723969	86.84003728490561	90.04312657186188	92.82344814810767	114.8117674207325	114.6668132063955	90.33534628603913	110.3074324040986	114.4992152028186
102.4534862369713	90.24443901372794	108.2600249051952	95.1275113770521	86.60979238644452	100.81804181082	95.63558849605364	89.99411067816401	103.4715912498365	111.8864333695364	105.8350449848954	83.29280589564279	112.864870600143	105.2443133617565	93.52199056083244	89.24525521595778	87.47398629014634	95.51709986772799	100.7820486505119	91.28019149859784	111.3046493366323	86.74974108765156	102.6362191408979	90.70877647753964	108.146183208259
101.6108247006223	87.67932794641007	98.21137821428914	99.55436664472177	103.5990396723951	93.00665011274378	109.5482570356418	97.69766882857682	111.9066118771615	89.58541568774913	100.199467037785	109.7206439852692	89.62746145815962	98.73415390127951	111.1882656850159	97.23469794128034	104.1784723018615	95.26173666606104	98.05562012381557	82.76553677837181	103.054451242375	111.5970609817922	104.9262030276309	102.3755247529878	109.2970050984587
105.6776959208393	85.32625733482583	93.45693994855016	97.11352194424887	98.32176485399023	99.00580721755011	85.71505235363848	87.61760436439307	91.31480650995795	99.09939955203541	94.49493162663363	111.09196808559	104.319071618477	110.3626601332903	93.71401010081749	103.0314960506746	100.3130525153817	109.6765167101061	97.83438870138798	109.7873682991336	91.45276833344833	91.59830709897602	93.19979315817855	102.4393462064078	105.9499019658869
96.02719315347875	91.15886146019957	95.65094485409605	97.40737778275832	90.36849455610258	98.26126679448302	108.3209337677435	99.59324558287935	104.1921350359783	103.5880553125224	109.5690010401744	100.4136975220126	101.8060296520577	94.5909683967201	111.1579756846766	98.92067967092808	90.37223419590889	90.03112666466023	111.1314930121196	102.5124054229187	102.9360905521871	105.8807156634516	108.4924761182263	107.0201622430958	110.865017398208
101.895750288378	86.42946990706575	90.87069794537253	90.01930710045114	108.084382519592	103.6912896295151	107.9954447075695	90.10016160199766	98.8337180193505	86.75782591206969	107.4267309419179	82.54831764310742	86.40250304322915	104.0937554566097	101.2768715787529	103.605062286146	88.30737360591276	98.96993706302247	105.5433290455093	103.3397620157213	91.39387177867995	92.4534499896068	81.1902537148631	112.7476312078776	101.9271784696877
111.058764578374	90.58393148910842	96.75578914713844	88.30970916260243	110.8556994190949	103.4294859467072	95.3449310381064	88.248181998449	87.18682665272812	107.3242301670169	90.37176282334356	114.3195602192327	93.82755772780047	108.4840153446996	94.394240114289	96.7255526087323	99.35076353814848	96.05518087841328	85.53837785530644	84.74507355627429	85.021052104235	101.5507838883827	112.0397001817684	102.4738505938718	111.2866935454677
101.2997263166261	108.1142023952098	99.97666028032654	110.8518307423298	111.0956747353259	91.97535362323978	106.8936696732566	109.9435559539064	106.597859559933	87.11561656942106	94.68302851117649	99.56026508682487	85.78742045932198	97.71223783123287	106.6401859823121	113.9598165632794	99.49898202310695	108.0969571129914	111.2640024797444	97.6085568892665	93.0845032931248	110.5583818102953	100.6195555387575	111.1365558275516	92.35328931206591
104.5714786975211	109.7547260448106	108.0920960080162	89.91216433806339	94.66227196307563	101.6349519635509	113.0015248101474	87.54029794861346	109.606539717912	95.08244459208734	111.6093700332976	106.2899538694564	111.0565284383711	96.94532101832462	92.41221899483055	110.557150068883	100.2365261778144	104.9091979419173	106.2927823800741	87.21274085515162	96.25095037750421	98.49094627894851	98.53466558667201	101.7380685607693	99.72613096670956
113.9844609596157	97.07940773761879	112.3707437995141	106.8284824430144	111.6818177006377	88.27595869340352	109.9343571064859	95.4535398514785	110.2226905891879	86.40168718181853	108.2547503634588	94.28138139093741	88.50929384271561	109.8105478318558	108.2385905005975	97.13233277837949	104.6777003683941	86.32077078459284	102.2283475289469	99.87566425799309	94.63674569785731	102.0263564886895	90.95267156827579	86.95222331108313	98.6042459299217
91.99167928022196	106.3686005295456	102.6673390690145	81.89015995891855	109.1563974962245	101.1905045302436	85.88226872768655	78.40827816633941	109.0253622660148	87.55326057308105	112.5234137710385	92.55074614482223	107.6386362411964	104.1898757134138	110.4207640829816	94.17166738033475	79.92746903249653	87.76655281610809	94.58058635921068	85.76694506960422	86.75987364426973	92.02020663835775	95.66301093587768	103.5020983899173	98.73524136619568
98.85833372603162	104.9120423891233	106.1971994073701	86.75139472690945	106.3371606240662	96.38494157924652	93.93243826561714	105.9535507521655	102.2405301622164	100.7754495869732	96.9304939880891	105.1222024616524	104.1224542460969	109.4239506184533	87.00506318328969	98.59192663862804	91.20157023956529	84.10687351237239	98.73912062281502	97.13315253786728	98.68885344212016	101.4040438072121	87.13249428993154	99.38368765963133	93.85092183822951
