99.6801818824145	99.76163036453048	99.98506250911761	99.99554438218051	99.89421610732148	99.90349929044	99.70091480041029	99.93173472925338	99.88877804625803	99.87549587538915	99.95833426494481	99.99846516161094	99.9979169120512	99.97974867819536	99.70859073797739	99.74835752469995	99.90749468257457	99.9978307153677	99.95761742571754	99.93649263290746	99.82066261473547	99.92513476523392	99.92407058864875	99.97138648488828	99.79112786054627
99.74444046026271	99.81292381630888	99.96836464199855	99.98454066525278	99.92519322150901	99.9326722301424	99.76069163766735	99.90066138027748	99.92372753779539	99.91537485469914	99.97837128859096	99.99864131342585	99.99958905795609	99.99267125806416	99.769553699502	99.79993716191143	99.87062549504971	99.99665133288536	99.93042724383608	99.90301024310875	99.86358347410136	99.95149598560349	99.88750282030985	99.98622866360942	99.83925633195821
99.70859169661736	99.78851069870727	99.97657361493701	99.99147337339748	99.90908450764748	99.91683864364546	99.72879728664856	99.91812617823715	99.90425345937436	99.89501442380624	99.96788483289168	99.99960328032942	99.99846413169443	99.9875749125607	99.74018414846427	99.77336662184572	99.88843072377301	99.99686704215171	99.94310593109735	99.91996664585729	99.84158383273017	99.93713738959849	99.9070605041737	99.9796555669229	99.81099570844013
99.86130711710013	99.91103471238546	99.90346406489807	99.93532740088136	99.98049024095536	99.98490186990499	99.86978987854201	99.79950142712759	99.97982074354556	99.97450445395039	99.99939529713215	99.97215743093258	99.98031872831622	99.99830580185929	99.87719702308895	99.90358726511778	99.75679369589616	99.99580024293728	99.84001506891596	99.80340240715218	99.94605048705577	99.99220901280759	99.78120804415794	99.99956266360083	99.92842135801435
99.83881017839883	99.89509240255997	99.9187756706928	99.94697067858792	99.97182190489896	99.97675118981529	99.85176514347098	99.82190066803184	99.97071548616414	99.96523208306785	99.99767226492916	99.98098495714474	99.98790638174998	99.99944699158469	99.85820081300673	99.88586350678665	99.77971116460238	99.99853139199377	99.86431318525919	99.82557244622268	99.93019729840488	99.98691441697113	99.80657870577427	99.99946930263573	99.91027637127409
99.91889121482565	99.95701563272702	99.83573129737415	99.8806219914713	99.99711023877151	99.99867571133792	99.92602354272894	99.70951005632652	99.9966576710022	99.99430972135269	99.99794516206035	99.93518371951249	99.94763110840539	99.98218131611887	99.93240268284242	99.95137534262396	99.65413957399332	99.97621912241704	99.76338941388829	99.71469376799979	99.97816401683255	99.99918079685091	99.68863608296758	99.99211018534749	99.96846857710982
99.8021389261885	99.86232728837547	99.94045109519514	99.96630117339468	99.95536574841148	99.96231154796843	99.81237033103208	99.85444192030307	99.95324698849508	99.94626795327493	99.99235870087324	99.99082730800797	99.99520702036334	99.99905132702838	99.82677589048208	99.85261940419305	99.81827229912261	99.99900195682071	99.89222635089348	99.86148020456213	99.90511934574209	99.97430424010922	99.84543618134266	99.99715521130742	99.88366878355514
99.91776625348872	99.95434419799719	99.83920786378795	99.88296254995021	99.99693193764621	99.99840703773295	99.92737261608771	99.71362875061565	99.99669576734624	99.99392996974407	99.99789988051185	99.93638413430533	99.94847532249983	99.98426635662211	99.93244850130448	99.94825227009846	99.6627401104796	99.97724703697901	99.763805474878	99.71837582216855	99.97771833362052	99.99944414809517	99.69024354601687	99.9928238143718	99.96531868277353
99.55567607492051	99.65369106300949	99.9992468529914	99.99886372144182	99.81810640120717	99.8267367303406	99.57890208609913	99.97509954395898	99.81145618689459	99.79635718557104	99.9070912267084	99.99945423354133	99.99816259501014	99.9405547991859	99.59035869611263	99.63206053434988	99.95737572246254	99.99386147110148	99.98874737198959	99.97682355293426	99.72615914499639	99.85594341156499	99.96891058322782	99.9259232726663	99.6877035596637
99.8448846955371	99.89888601733718	99.91455535400569	99.94489851348625	99.97425769464597	99.97935504188359	99.85498391278489	99.81599904461108	99.97168035521464	99.96558025180731	99.99803869884676	99.97876721874491	99.9854518635577	99.99921462974395	99.86543438799963	99.88829273779136	99.77478535807921	99.9976963432065	99.85985905606101	99.82234166118883	99.93519223138894	99.98787469566874	99.80147667151823	99.99960110560406	99.91491255556268
99.95891764460964	99.98431262655345	99.76325044498839	99.81895688139826	99.99958909818419	99.9982305495127	99.96528106872626	99.61564386537722	99.9995127528498	99.99907414983301	99.9981149241094	99.88885258513373	99.90349119958303	99.9554236420619	99.96855089641343	99.98011052039715	99.55563799176417	99.94413366242266	99.67765196398673	99.62164365157453	99.99560451330952	99.99557657572974	99.59344870433118	99.97054924499599	99.99040166600221
99.8771037174855	99.9266564908089	99.88726145495094	99.92146993309747	99.9866526721645	99.99041443245017	99.88809061581951	99.77431140272884	99.98581505205395	99.98248115384588	99.99901793313903	99.96477255267774	99.97368922034141	99.99539020860438	99.89760352575871	99.91773208007844	99.72631771198328	99.99178678509301	99.81809300057812	99.77722841420037	99.95744298521055	99.99622087414569	99.75873182413505	99.9992147826149	99.94018636541733
99.88174887500993	99.930083892979	99.87856210301499	99.91594852370953	99.98826528584601	99.99095572255278	99.89490813360776	99.76891803792461	99.98688870422933	99.98282911519823	99.99869240235677	99.96176561498656	99.97085050273054	99.99415642135592	99.90033141719229	99.9224309500465	99.71746324836894	99.9907839758945	99.81217430576514	99.77424647152417	99.96010267864521	99.99685799683702	99.74941329382146	99.99872996949183	99.94314870526789
99.92859091373029	99.9642577498484	99.82549823482245	99.86904588273742	99.99862420524252	99.99929871499653	99.93590583414489	99.68718548743739	99.99806508079678	99.99646646435002	99.9983237420246	99.92613388740216	99.93847856313889	99.9789772909558	99.94054286479482	99.95800121857862	99.63801780932835	99.97175623421268	99.74762010824999	99.69896931823902	99.98357531553384	99.99792031319383	99.66831974191642	99.98937686791835	99.97353126691246
99.94385004589839	99.97388206565687	99.79678444900445	99.84790813293026	99.9996029173019	99.99897683501372	99.94978116410729	99.65220547757696	99.99958978535311	99.99921027974715	99.99957844214215	99.907627732365	99.92558092679434	99.96775017236455	99.95593735318728	99.96935627671355	99.59786235992347	99.96068989166295	99.71261298632422	99.66153680569407	99.98982925764555	99.99629257963019	99.63601909731989	99.98092861659721	99.9818202860497
99.82499369858586	99.88278129895191	99.9265668818187	99.95475789324375	99.96705582814074	99.97136254667149	99.83583313384106	99.83596457536198	99.96525489962369	99.95720678690559	99.99612299813217	99.98533954029214	99.99041234988941	99.99958218307327	99.84895381866281	99.87015961539343	99.79672238229881	99.99915679886688	99.87614423432409	99.84017994722007	99.92293277310466	99.98355312600566	99.82259275608745	99.99905332530716	99.90071230411741
99.99247607076821	99.99955374802406	99.64050385903606	99.70590530742881	99.98354821026703	99.99615936351938	99.99431125623485	99.45320414454504	99.98765831016684	99.99869344502555	99.97597594275062	99.79437718575225	99.81853423576676	99.89349682676189	99.9963730322474	99.99916765780796	99.38067689776096	99.87550993858116	99.5317371827478	99.46531242208236	99.99843057180438	99.99899208798696	99.42770907405405	99.9181076346251	99.9983604891879
99.80672504842306	99.86439382983303	99.93906649274122	99.96540896588118	99.9567672585234	99.96369592892533	99.8180950481847	99.85143788637268	99.95505874260093	99.94700162111147	99.99243152765001	99.99038505521102	99.99474766184487	99.9992992928721	99.82754025078744	99.85516299966929	99.81705884581891	99.99927591932615	99.89242310115564	99.85812513369488	99.90760125452562	99.97653809683952	99.83991288389572	99.99722610912315	99.88774554191008
99.86987637878599	99.92006512601861	99.89243391611143	99.92675762714612	99.98390294057877	99.98752879648137	99.88150307620076	99.78127049210423	99.98283204802294	99.97817066499415	99.99960336459594	99.96838488090923	99.97608081635404	99.9968601132737	99.88962596051371	99.90923299633583	99.7411224434784	99.99397503576304	99.82944512470179	99.78955208322753	99.95121085808957	99.99485059231984	99.76868599379857	99.99946069000841	99.93496021503864
99.87266941850211	99.9222473521374	99.89088531600757	99.9248844899839	99.98427773545374	99.98865521128893	99.88390985687617	99.78124929094905	99.98340520874582	99.97920575301701	99.99951991200824	99.96614488917544	99.97525749111772	99.99637838291351	99.88893457238738	99.91198462164859	99.73482196006476	99.99291867604438	99.8305594893155	99.7864256814956	99.95311922314494	99.99501548181455	99.76339002112638	99.9994926067792	99.93466037688262
99.83592773245353	99.89135656038665	99.9196161538791	99.94879765860772	99.97189190585924	99.97622769132839	99.84736442786051	99.82678034085768	99.96842982328559	99.9633483121028	99.99724331229937	99.98292848238619	99.98811746295505	99.99951875031209	99.85836929322416	99.87968277101486	99.78733042428098	99.9984574770963	99.86758108945233	99.83042950512503	99.93030108888912	99.9854242141524	99.80887270423501	99.99942730573764	99.90778492929945
99.87716904354129	99.92497583617276	99.88836912658876	99.92065354255421	99.98723081552635	99.98991438993301	99.88841706092853	99.77798286010197	99.98528848083197	99.98170264255988	99.99911895239009	99.96375243505916	99.9735920350343	99.99557305181955	99.89373575218848	99.91668583155521	99.72913747744229	99.99158353253715	99.82316521764267	99.78164728238572	99.95466386065689	99.99561078244083	99.76106821125038	99.99921344437436	99.93966813747541
99.73088725325367	99.80573722237823	99.97013266362571	99.98660284278102	99.92213824798768	99.92881390623629	99.75116040878024	99.90676060412497	99.91786772560825	99.90970191809261	99.9757569903618	99.99924739566136	99.99933926786936	99.99074660577996	99.76147586607101	99.79336349392831	99.87616558458964	99.99662745393843	99.93593966353025	99.91079495330563	99.85560057302693	99.94912024437662	99.89510431032194	99.98389300042251	99.83101333774933
99.89020222453335	99.93668493969794	99.87048396527568	99.91141207302422	99.99118452044787	99.99309155421733	99.90149542825873	99.75694986089215	99.99017405173223	99.98654890915743	99.99827922522945	99.95553693120681	99.96721971456572	99.99227630528542	99.90825797734263	99.92716321814953	99.7068257830403	99.98839049651733	99.80277228761936	99.76068195971391	99.96260396500828	99.99816569936853	99.73665995643523	99.99797607762942	99.94933050345476
99.96167167853096	99.98650040399296	99.75635048260024	99.80808911034644	99.99925663020862	99.9982439737379	99.96759941943338	99.59991038257442	99.99959750985585	99.99873370751561	99.99761158644287	99.87914279118935	99.89949582016125	99.94970757915239	99.97131357026339	99.98302381903308	99.54507319632592	99.9395642471916	99.66685384566811	99.60823107975017	99.99659456007713	99.9955899922746	99.57703284961278	99.96857233455364	99.99181187900498
99.74209216479771	99.8160073009594	99.967580506155	99.98426319724526	99.92635062194432	99.93361009976927	99.75926709968958	99.90098820581055	99.92198460200949	99.91506595198585	99.9776378511428	99.99872264247728	99.99959125969411	99.99291196014501	99.7669277839555	99.80147193911272	99.87104311836508	99.99664314256717	99.92924739332901	99.90388539525489	99.861924790144	99.95302503360502	99.8893479631945	99.98597487661823	99.83517142820396
99.79898260083067	99.86376996689336	99.94233897915464	99.96499006145834	99.95584209666113	99.96086845038924	99.81712529468876	99.8541558400586	99.95209122470806	99.94605479702182	99.99210115752265	99.99125691371876	99.9949918112487	99.99916053153348	99.82417432619575	99.85345580006179	99.82231293556417	99.99901810933184	99.89429595869497	99.86106899596871	99.9046261130279	99.97431664383568	99.84149039238496	99.99688030010635	99.88448650853378
99.73646424110588	99.80879799060652	99.96994865375991	99.98499706859492	99.92444845988506	99.93092563157111	99.75717014872998	99.90353093486245	99.92039187616855	99.9117506614005	99.97707445010059	99.99878047888522	99.99960330906808	99.99201988788798	99.76431075520227	99.79883732171707	99.86991033880798	99.99662984728333	99.93109288803493	99.90489226433027	99.86064888179779	99.94960186073159	99.89062923151495	99.98631411934363	99.83456538950333
99.76009144600923	99.83217866394479	99.96054249023128	99.97954165712217	99.93588362939049	99.94493540197317	99.77800138048204	99.88776789850138	99.93320194055562	99.92477993152113	99.98253659636649	99.99710661475079	99.99892240333649	99.99588360056454	99.79052734992869	99.81909608663678	99.85380554048159	99.99700858021487	99.91859174458209	99.8882463760694	99.88024308271851	99.9610066162975	99.87254640283959	99.99084246245414	99.85283818661192
99.96491639144784	99.98802761282512	99.7483093209112	99.79898197113161	99.99910890533303	99.99832726982197	99.97033611719239	99.58933909377896	99.9994095639497	99.9985337402931	99.99675572572205	99.87375973377125	99.89259447757031	99.94799143191963	99.97536269926498	99.98418013124457	99.52677798181102	99.93696217529265	99.65417581806831	99.59695929986673	99.99762642299135	99.99567672448272	99.57000402194325	99.96447149168617	99.99383172044159
99.97825047822617	99.99441373790341	99.71132208692349	99.76625741832844	99.9959021758181	99.99956751321508	99.9831546651882	99.54104139089462	99.99730636770884	99.99848074391163	99.9904900438313	99.84450650272962	99.86764543757771	99.92757379744199	99.98533277563595	99.99263822214104	99.47858115013165	99.91565879210414	99.60912875118724	99.54576955929699	99.99954453200918	99.99694707729107	99.51839914873143	99.94878872107114	99.9980032227116
99.9995634804791	99.99585671453572	99.49479524792291	99.56877829820615	99.94453985878208	99.96860057680384	99.99950066058592	99.2787981447055	99.94949243648333	99.9797553106234	99.9287358186395	99.67685877114309	99.71158079087328	99.80423104116252	99.9989582428842	99.99919022694715	99.1993118132384	99.78298714948576	99.3653655428847	99.29039024300911	99.99485787283156	99.9810899172937	99.25103327598755	99.84143560962792	99.99857777311809
99.99775217433987	99.98966592680689	99.42944157838724	99.51264926258646	99.9227755830486	99.95430177271631	99.99716722028525	99.20590622570285	99.92901389738162	99.96769592899945	99.90425952674245	99.62887527003753	99.66478417567205	99.77099788383984	99.9950581189463	99.99874067556935	99.1211038871761	99.74435964751891	99.29176200382365	99.2185580954864	99.98742049056017	99.96845002309797	99.17464531780308	99.80761228487519	99.99911098237878
99.95288268851621	99.980583933709	99.7798195533492	99.82826622568413	99.99952888679385	99.99837631965266	99.95900739122149	99.63166633861196	99.99945527190476	99.99960355375876	99.9991172143253	99.89774831398123	99.91314416129362	99.96141235591418	99.96393536930231	99.97615425851995	99.57564382510644	99.95048814566233	99.6889854870512	99.63429185845962	99.99335009596442	99.99571106229197	99.60524505417709	99.97517663385707	99.9874317628983
99.90338435684237	99.94574230092897	99.85633517268052	99.89617666873569	99.99420010619036	99.9961683389632	99.91193418315184	99.73710961265755	99.99392338598453	99.99101306908575	99.99787199889408	99.94674173399056	99.95913341963819	99.98898055808117	99.92097729621049	99.9387251777074	99.68331358678093	99.98369400585324	99.78721587297055	99.73800641619835	99.97081621226592	99.99907203790875	99.71392128849683	99.99607333582726	99.95852310186682
99.8104154428199	99.8705478297036	99.93564013046554	99.96239628626739	99.95970512019852	99.96492970081873	99.82329510949589	99.84946805428288	99.95773186162296	99.95205756506682	99.993634589965	99.98899178619639	99.9940096115368	99.99947883639693	99.83552531268516	99.86072465011424	99.8107913010939	99.9996001302288	99.88451945055411	99.85263191473035	99.91155959735293	99.97741546441745	99.83297539254745	99.9977724559288	99.8889823614108
99.9996024713393	99.99612075406795	99.49510439012134	99.5679031033016	99.94417577951266	99.97115258260563	99.99954486164265	99.27817658486435	99.95202758499111	99.97991314688367	99.93050473844272	99.68184858236449	99.71386692533125	99.80712201234897	99.99886735156616	99.99910235886985	99.19636142915107	99.78613681293173	99.36323770653617	99.28854417359774	99.99461751099061	99.98170802898261	99.25240878083791	99.84347446726449	99.99844737207975
99.94177568392791	99.97323652600127	99.80126367542253	99.84723627309639	99.99960359260136	99.9989907695193	99.94949225826461	99.65686231513146	99.99951707096774	99.99892107154562	99.99960075999657	99.90760550300716	99.9226863001704	99.96771453399109	99.9542130034808	99.96965322991008	99.6035681775034	99.95947068696942	99.71451838401477	99.6630621028666	99.99056189761259	99.9963104295917	99.63774842668614	99.98166603067055	99.98284861379784
99.91433904544135	99.95281872918699	99.84392697553098	99.88681475825436	99.99623864621188	99.99813319540419	99.92271194661593	99.71925140921851	99.99599275645467	99.99368233751119	99.99785243404611	99.93896093391305	99.95081662675013	99.98432364015314	99.93066420686949	99.94693176051842	99.66661544305333	99.97873583662768	99.77312946370688	99.72059238311655	99.97553414779399	99.99960318733392	99.70168715161455	99.99391032304733	99.96372356554167
99.99957025637944	99.99650637710103	99.50037665208883	99.58067467444194	99.94700719207285	99.97284657501943	99.99959005437681	99.29427185741207	99.95419526072571	99.98234126884941	99.93318034704151	99.68651727866988	99.71500148472271	99.81423861910331	99.99921615195161	99.99887423121784	99.20635097253222	99.79048747960078	99.37925429672366	99.2988185955741	99.99575667890433	99.98374241500618	99.26359705736877	99.84933485856438	99.99810730088285
99.99059421239483	99.99922629941308	99.64941434327623	99.71226062895681	99.98639174706122	99.9972236529339	99.9937007466058	99.47003917355916	99.98878754291232	99.99921609123376	99.9793194550532	99.80418777982257	99.82785285906456	99.89756579428469	99.9953165476922	99.99850918352212	99.40319144970539	99.88393801570945	99.53928628019183	99.48142235732985	99.99842217209788	99.99931061599841	99.44061435309398	99.9238494469094	99.99891677068514
99.92397986881376	99.96224648249222	99.82764026164944	99.87002541950328	99.99842542756247	99.99914628306966	99.93508283933645	99.69136346958922	99.99809550847122	99.99631009606696	99.99819975897142	99.92939870167518	99.94342469475626	99.97927821604452	99.93855616623006	99.95511387009915	99.64217898248371	99.97319975253147	99.75014263259369	99.70074318415503	99.98266708986718	99.99823897725531	99.67802940064982	99.99026698785003	99.97240894558497
99.9618248071525	99.98703752961502	99.75522814524625	99.8065755414182	99.99934434278946	99.9982495896538	99.96850971699303	99.5952580843155	99.99955116001679	99.99870262242717	99.99725975028801	99.88000712405163	99.89660373841241	99.94969913463542	99.97347765700253	99.98232409434894	99.54415714799978	99.93854794447844	99.66571174512748	99.60363087558515	99.99661418410649	99.99559919750254	99.57927494312436	99.96706322520022	99.99193491350815
99.9946373022529	99.9995162923793	99.62753776286691	99.68980565532509	99.98040381320526	99.99457160063835	99.99664035746758	99.43866563504693	99.98384528940726	99.99794084147578	99.97202976013399	99.78529376994858	99.80514760032091	99.88256518268783	99.99750683224264	99.99948188454478	99.36963296838191	99.86448219331683	99.51365090371652	99.4431140702344	99.99858008754178	99.99812381736123	99.40987481587587	99.90949074531252	99.99774275988059
99.91469820353181	99.9551005488516	99.84278368649265	99.88471142948666	99.99687313367883	99.99794465170142	99.92501171297447	99.71067604367728	99.99630575699685	99.99439560307829	99.99788086173226	99.93888458163264	99.95100119661102	99.98396557292921	99.93236296122319	99.94715428142335	99.6664527458457	99.97812956777821	99.7690374429916	99.72094024679082	99.97721707358319	99.99960252226015	99.69811637103308	99.99262874189259	99.96488522088043
99.95573951885754	99.92936631881362	99.16160594969311	99.260993387577	99.8086756903473	99.85918778676825	99.95530454100692	98.88348155670357	99.8173084103255	99.88390608403351	99.77780072791425	99.41445090732661	99.44965594399073	99.58308533514693	99.94502371761945	99.96281990914471	98.79196246657915	99.5582601215738	98.99781399466193	98.90346941972396	99.92500692947797	99.88517676246354	98.85794228959975	99.64112832118826	99.96547922175135
99.99036939499904	99.99926895176255	99.65584933295206	99.71878150796149	99.98662805817622	99.99760774316633	99.99240241167735	99.46861311965277	99.99052933508062	99.99934330282024	99.97992481483084	99.8072965052549	99.82781924707076	99.90185194894794	99.99490422411824	99.99811052997249	99.40738177089396	99.88297437677583	99.54421466414209	99.48642607372872	99.99844438231924	99.99953107367585	99.45297524658037	99.92499560289106	99.99914526352765
99.95505559062173	99.92834314723731	99.15873600571868	99.24869745070892	99.80342938199092	99.85332515059795	99.95254140382579	98.88209242621622	99.81374445314817	99.87843149741987	99.77671608470932	99.406411449347	99.43964700794129	99.58420904272526	99.94578677172741	99.96144063640132	98.78253658636393	99.54915493906653	98.98887636936712	98.89597583625124	99.9237543851673	99.87986166074975	98.84892355096959	99.63345191684286	99.96288887789844
99.95037799626057	99.92503429213824	99.13678028653516	99.23603227398931	99.79496680978721	99.84823216364217	99.95059624169016	98.86654998493142	99.80595952164975	99.87524367495787	99.76809619979674	99.38856832643948	99.43419114438642	99.56729912484737	99.94142187536289	99.95858606656653	98.76814088545794	99.54145053469516	98.9716459224618	98.87993159213647	99.91922591200817	99.87631465171106	98.82872830892101	99.6266270023438	99.96011341146838
99.97933848813733	99.99553841648884	99.70282509727201	99.76496265533409	99.99527934303522	99.99960048238162	99.98387086920718	99.53940460256344	99.99695782693318	99.9985448437991	99.9906704700652	99.84627304138118	99.86433523043171	99.92733762525695	99.98661268336868	99.99319260401791	99.47235015597469	99.91261266221935	99.60390430105596	99.54138202736451	99.99959502449424	99.99712260555046	99.51353180563618	99.94852061600945	99.99824206309231
