60.3272471252257	71.32119359821961	86.50571985768451	90.66439865797459	93.24938789673405	90.68626722349468	52.59598629990074	51.03608055868008	90.16620736744082	88.96722868415748	98.13959362832465	89.68967833975687	94.43543724265668	106.1955433169982	56.76353458324185	65.92632330847444	43.27951081080734	102.698793153512	65.03763506922151	62.71795281890182	79.565692787366	90.0043100454442	50.69073959968762	95.12869167244216	72.80634464125616
79.3205634730833	95.75767814842646	58.30859991237087	70.41238434932042	98.98077517975318	99.38254759022333	84.08683192114566	29.5418361795336	103.9823996753198	91.51290876247039	100.7874972645694	88.43208388993138	84.74857362077356	102.0344630658771	84.80096032660916	93.67477033305209	20.27128166001856	101.0255449674389	43.84318214830677	21.05553276116612	100.4275427802358	106.3782186409025	18.81343111720925	95.21488597469049	93.89681563673008
6.973667228397723	30.38324149874074	94.21525841782959	105.1118377891334	70.8975795851197	64.65455842045962	13.93663981457058	93.91731505969894	61.0669795213702	55.22710506069207	83.80663015707478	92.50791111113851	95.6263278541619	96.51392375338843	21.18328091588477	25.99453813086582	78.20513247588698	94.73684653340364	95.71907170691688	96.04296327005804	39.24573628121047	69.24793309733535	82.41728323803068	95.02156882445833	37.23157340836681
1.994041902870855	7.976539887906451	96.88542975755742	98.87930563366966	49.67492901456861	46.66789843989515	1.883646061370261	87.90431091457766	53.52016147044816	49.95303992205694	68.01691160982479	99.5123974419937	99.81966654072997	77.88395763276029	2.546699726894362	7.634939636528978	95.05621211992614	102.1922880617146	100.1057164996606	88.55285648938461	21.08280190999846	63.93107517148808	90.2799745506654	83.25323009342679	12.28798987009118
2.004267586884565	18.96826561654364	95.92997620996617	106.7096491050093	59.54034227499875	52.42614962933568	2.747091539088142	98.9269530091117	55.12647233378866	54.88930900181408	81.13273240696687	106.2306477447997	92.80172530518391	92.78634752175959	1.635187148561462	9.734050051660311	83.49994048824179	106.3926325679741	95.22907002038491	95.17274740831809	28.38784751662813	70.64327271070218	96.10527005455648	88.10986055919511	24.18254573143066
74.90233767243438	84.89670108183395	79.59706336892265	86.44239677486112	90.46274713616403	99.3574359238042	76.77493035873269	46.71351499047084	94.60737309722148	88.52852056437352	97.52802152553731	85.96392297236098	93.54886602179039	101.0688273982187	77.3095399720863	71.23680573569411	41.84513121969506	99.80213451850977	62.49511348805196	42.88338595710444	93.32074870967571	99.42353051904442	42.86082581322766	103.469138556988	79.20307028029687
21.40856924385717	50.93811999156392	95.985168953071	102.1554110779294	70.0285361848842	77.90883870570829	28.67912121241893	76.17560969819567	74.57471631547419	77.45129167796141	91.81911713842906	94.55282785716858	103.0724719411918	93.53350839677731	34.20283100262112	44.8778425907621	79.92417481932812	97.89399576973265	91.80135176876219	83.49164566799996	57.94018403257007	85.13443989391462	77.86404256344936	97.93435799932585	45.50398260554058
2.130158916359828	8.827932435695253	95.19832126665851	92.55952620662731	49.57310333563289	59.9033047276117	2.16276836776859	95.46951091046066	46.80458146155176	48.19909448034175	74.34157123416942	104.7417075373472	104.9557380994063	84.7833133915853	2.441762438044545	9.30345783619741	89.02173721011073	97.20255456965566	94.44598458008434	88.19120294985252	35.30664202503729	71.59285936954504	90.7437337803207	85.36351018404538	23.68501756275413
62.80912248944334	81.92577301876499	70.37361458563193	87.76413658549754	92.34630479019839	97.23400888213257	67.43254141622623	46.50578382997511	97.65845724724049	91.68015074205447	101.3190083418974	101.3645258086956	97.68941569660282	98.45951409692248	71.92080411568205	68.89707725307554	36.27771476550758	99.04228356161809	57.8711281358455	48.59012086889257	90.62246379192615	103.5694466957132	44.64651309780937	96.41230641375729	76.32834766771637
42.21537257481657	54.34867114969756	90.86551293511361	99.90485179078212	83.89999925521001	93.49556103771252	46.83194947675933	74.51183483159818	90.65393370164919	84.92300990378133	100.4161037054339	98.07468040013966	97.80390805975567	104.7779604209682	47.82139026744198	54.19044067412798	65.57233620157835	96.85526055501549	72.68226382257205	68.9178519506614	68.56961013841487	83.82028990405968	71.96064491801937	103.3011051514737	68.81737019956168
76.72681908881194	89.30552792809642	53.65992085337701	72.0724353535695	94.56406694325217	98.24578118252401	78.27944319148004	18.26275104503022	104.6877408439684	98.02142907146343	98.03973699841033	76.16673724846892	86.88730091449904	92.44591078727551	85.08890853921193	88.16750412807363	18.70963482582698	97.17330765956164	40.34777706062944	29.38867716784814	94.7511170457196	104.0376742999046	14.76618707149297	91.95154935279993	85.71092062637463
68.05573681884535	85.75693144815646	67.71949806583163	75.38558315699456	94.07089447936126	89.88112125600483	69.59983624054625	38.1594921099209	94.55083252331841	97.01054501842505	92.86780438733621	93.57745221890579	97.39564735439073	106.0210197120042	70.591778570565	80.68551024508618	35.44224931450029	102.1660381892181	49.81112510316052	41.00445064205247	89.64308119372679	94.4490597518071	40.05312440916913	106.1273486484641	82.73297956130594
26.57113414688715	38.37570804103613	91.64186164913104	100.3875713915477	74.09297377441142	82.44536363167592	24.34863898969495	74.64213525927617	74.03627908397053	69.08950969039292	87.162147848068	102.3092078101092	104.1045247590693	98.21941703334977	29.62651532997877	44.54959950869698	73.39384885143727	103.8957211652836	89.40684695134279	79.34326179974444	65.95976504777582	80.75421936566491	82.3820441795271	97.58240887363945	51.36936579236692
93.60151576501696	106.7921156727257	25.20625681834068	32.87015390830277	101.7218136260197	98.12316175378517	91.7622067584918	0.8425007126777084	100.9870714403607	102.8859084115818	89.53932138193993	54.90449342293343	55.4514324462569	77.90226566813372	92.27707634352399	105.9298222088221	1.464097122254528	79.62796996788391	0.8746469950135125	2.407229534889779	106.4529509146881	99.80540103792447	0.2913289793498285	79.95087691871582	94.33418158306004
92.85615689687685	90.154493937713	45.08092032595283	57.00764469813896	96.31115018042519	103.2750418111687	92.05423258548721	14.63300165099285	106.8511803233371	102.9516343059229	103.7440834181753	70.28196369847008	81.88386878046491	97.13702646600852	95.32407713809579	88.43583233112754	1.692919408042	92.07247454608185	20.04973818937038	11.17041497384637	104.0353725597975	91.6638656145104	8.060239827705383	100.2562292280366	103.4838286904775
46.81331447758303	64.6194547459192	86.28561785121046	91.91475719750881	84.07324938806077	94.09863609545818	56.25687292065883	65.90029069047408	81.6582800055092	83.08538132181566	105.2026824105867	90.55552434547621	98.37414835516617	104.0627596633312	59.28652117654903	62.35998346120557	50.11375647094593	103.2538242113896	68.95976366111478	56.94831227932025	83.05868189446188	99.41672837063541	52.50715144633545	100.6835228606706	68.53619313813304
104.3054805032283	96.64722228061473	1.979500153109562	2.998753188778641	91.94852280013988	97.77284171647798	99.34244098815047	1.81444746351354	84.08172888581916	94.12880561707993	84.594362055394	35.83459570672827	38.08600743989114	59.10864809307898	95.04553894001927	98.89704609015301	1.771491413732373	50.2002942251581	0.03582428192114864	1.884422595314361	96.79494442304903	90.72499598173147	0.5216678214122745	73.24369607057874	95.65954043618295
100.2485432600845	96.35331233119754	5.30853333307129	25.69758710568127	96.09567453418337	92.33909247831203	106.4638094015949	0.3615804075812359	95.68107849782764	99.62741339491879	94.99634261952858	41.30881688057799	52.47246727727862	63.76037690662443	94.42965427810792	98.52599985458831	2.438317736227989	67.76197359874932	2.873138006720264	2.416942738788537	95.37978404561989	94.18033433901067	2.944568170293756	73.83444493216868	101.2754951154495
102.7940512344019	100.3760182708262	4.13805981017406	14.73804100771141	88.50468606621536	96.06201473310097	102.1386803309464	1.791475381772527	97.16466484661562	93.54291164483027	92.41214671497244	39.52779580028639	47.57949313343339	73.79856066288369	105.1874710153664	94.88402813715872	0.1177230626138395	63.45259501935091	1.986177832331119	1.47365781284195	106.3345655201988	101.856244926175	2.823637535163583	79.31203696861625	103.6399277494289
93.51540236061675	104.9459317671848	11.00857883293698	27.12345900258508	90.3973675634073	104.3935510930596	100.8578696818405	1.187593776367024	100.2379742628775	104.7725185320231	94.16462946817784	42.61703690367109	55.1608897338474	70.92023287842483	94.56554305393891	102.4041857367865	0.4957969525549239	68.95409198374635	0.3903602983739164	2.385708042892539	99.02659231897107	106.9544956740801	1.609596326369983	79.29046091868368	101.8076275677159
49.52587756076266	65.48899871872675	90.69858587938879	89.94788583942697	84.4271101218617	83.43570972916669	56.80930131966106	66.60645247591735	89.3407034442597	85.91056949306183	92.94071860696852	92.21435156695141	99.64790650199431	99.18441643810024	50.33592845993871	64.08794196345846	57.01112559282402	101.6214891210905	74.2352165578511	67.17134965766249	70.61639363600307	96.03221889362216	64.18995521563235	101.0882745423596	70.83348938406361
27.54228579142912	43.93716995344666	94.43807523827861	93.88248829219815	66.89456366019566	71.83555332946655	32.32332034721654	81.21005148793482	77.6253858565142	65.12420981938087	82.46571592248695	102.0375545844135	103.2438525981481	96.24832707566378	25.03507377731602	29.88371070796058	71.16372242859352	92.87629976219841	88.70552915627856	88.04809649890606	56.88939710359682	84.98973127062598	87.74639765280484	91.30367044398466	49.76125482651761
26.96671477180963	50.10758654587601	90.87207919258515	100.5946815074666	77.25849847989842	82.67851700968579	35.88389495750396	78.89031798619401	84.76281528352514	79.09808382046855	99.75766355620006	97.64568480862445	101.8592539786728	92.66653082808067	33.40881735718167	51.2880983354808	75.55657014946991	104.4358501275941	82.57996144983801	79.81315597721148	62.13863344640851	80.32088240802852	72.34339498524393	93.3116160783113	53.48313144335285
72.16297426128416	83.61704033483726	76.77825727547489	79.25754227896617	98.32792578675767	92.08660442144445	64.72612782680895	49.02345310189264	95.44689830907399	89.01548501249205	98.3387146743633	91.82604066284264	95.64393144458275	101.1379604862961	76.30901218341096	73.81468143486136	25.07054835368651	97.62249220891813	51.47008013676172	47.53967137622664	94.86750863304441	104.6957560714425	44.07595773576678	106.7656158400907	83.91630202085614
52.94320480176599	65.85954134428924	79.433088871832	85.68410745207257	84.78132435890963	91.00814922437723	52.45083208146358	56.89168573283233	94.48365453289178	89.64267940259533	100.7008420248044	99.08618145287521	93.11804085694358	93.54514029892192	61.9298543736116	67.27501742529307	56.11281670104763	98.33590671841813	67.02934711026957	58.6328987879734	70.15012698179817	88.77963116177632	63.63805667924416	101.9885956333054	70.29675994606728
70.79455087302762	80.99772709848867	78.79964631617948	81.34407737083525	95.00352043260349	96.76878184090799	63.85264877212784	44.30988116173228	91.18750918327015	101.5341054383984	93.07581343218078	97.49821174354436	89.06236506837352	97.46116123845192	73.79152428427165	74.50606977699559	28.51942310857973	94.28695072702364	57.10579871534638	41.85800909870907	92.29864502329558	100.2363413430901	33.96319808146733	96.8296305090777	87.90207718619696
80.61474321276609	100.2008861981104	49.42925369764938	58.04762674460868	105.5750336984398	97.9895606345944	79.6026417455671	12.52472734823037	103.4481701115654	103.6985699481832	98.22169627250661	74.38364994600195	87.09624557307228	85.41012362769661	84.07067439468986	92.50457594892669	1.773346839847327	85.39174380552606	24.30370288378555	12.28696017298563	101.319451153693	95.7296811233504	7.578575891468084	100.7620576073755	88.20758282336382
104.2183211618191	98.34549401484091	0.2363313502480322	11.05949562668575	92.13347454902396	96.98954546576992	92.43542002036874	0.8263335572885391	95.04305027217649	106.2960357247528	94.11863123750017	43.64988558343896	45.69248809059332	65.27557845705921	96.19023326642146	104.1365858863973	1.950726627639557	62.7746268692373	2.713286508935946	2.364987270063814	102.5795288036162	105.114819304865	0.2106608653740264	75.18757577305071	98.88897482644174
48.61655237893856	61.41391488875834	84.0443485975924	97.34747072855899	87.94382913977275	79.82485177482846	44.68995306564707	68.44593705764031	91.36329884911736	82.38073590847604	94.23006366178031	104.5534213499137	106.5785817759768	96.52414658605997	46.89596051878821	51.74712628354938	63.64766830948966	96.7686975303933	79.00034144690291	75.76163812983982	76.35765713460023	96.93907830528801	63.76096225561341	101.3097359571528	60.48115187648037
84.69645587492691	90.34780138742165	61.68234917623653	64.93756149183135	103.7587281488669	96.78528426477017	88.26463928904855	23.10287133661883	105.87018434997	100.8762346906548	100.4250900874857	90.97803509618676	80.67484142823396	89.57560443203003	85.22160934786699	89.64954802469288	11.47582736899442	100.4888746390268	40.34079592971298	33.90659266201942	96.70050985912454	105.7364247213218	29.26741625935178	98.49795928337683	92.2612251024795
85.37133620950178	92.61139986564645	54.72971198851003	65.35847420258261	95.62098051728712	98.55483697386144	81.25787231823629	15.90624544456374	101.1532601932187	102.7278518542794	105.5438022926017	81.64868455624369	82.26300914399731	88.48134200086893	90.30018680404191	92.46077998217639	10.56753100830916	96.75162992368033	30.80217169383493	23.31564638116964	97.252494348363	98.91356744724416	17.03168869986116	97.33513730794348	94.09197831616022
90.98931309112916	91.27332654204506	54.95072356127529	61.52277698206299	98.28678010928573	106.2397018507019	89.65317159062816	25.58332391163744	93.14452427833767	103.8241242953208	97.2855324498078	81.3428011998918	77.81074416166	99.72266787778175	82.80303567694428	94.98148420476393	5.055580067055333	88.0955695862442	35.65243744844524	18.38799543956112	101.2794485447594	106.489690585709	20.94807608571518	102.3562897951916	100.1563682291963
84.56090048408383	97.97371812516066	38.95884447791148	50.92544741207423	101.5165741720031	100.4677329087779	90.56776678507177	3.193604623501251	103.7666862569306	102.0252865232247	95.56616939860766	67.60587665189627	75.28973421794799	92.52326379316342	83.46142451319196	89.15960683369862	0.6228761325078052	94.7518232631831	17.41924343772495	4.902213129959264	105.4214030704972	100.4646817178218	9.166173643086633	96.00657443751481	95.49672907037998
95.85082111794836	95.31684627912692	38.99531373259423	45.05065559555284	94.24394767710143	94.80360839443293	99.62616742066407	0.01057503372560744	99.19137010812341	93.71802418832449	101.5088140609754	60.23483316561658	67.03846530622185	93.09030158978314	100.3865235530884	98.36304405781786	2.873053599553935	76.68689302756475	13.53944376316091	2.020045191553666	95.13493477403804	91.95632931729935	1.958793138568023	89.46464701159948	94.68123650516159
102.0662596346964	98.32170902980086	0.0973016662152565	2.590938845303453	87.86442877425327	99.71240838157493	106.7955798684878	1.073136460851611	82.7985050501686	95.59415531055863	89.81152939339925	26.23073601790342	22.46093910762502	56.81047688442865	106.6169112119872	99.07977540903877	0.1447334256433933	47.65315242762152	1.890454519204766	0.3047953800585128	92.89440120745584	88.77901155905811	0.3317776011570888	57.06944102857172	97.94885669720226
97.60114091209378	97.01302071845244	6.322382220191159	21.57724692189861	95.66700055139088	104.0908539791991	103.0214300419124	1.310744773942914	96.30519461274962	100.1163277802912	86.13337791033707	37.95471787822645	47.63333087608014	74.5995807773304	92.9140230239688	99.86386042456952	0.8235719945488627	66.12895507362049	0.2068295776681297	2.118215379211982	106.9284626208164	100.426780506559	1.347168313608829	78.86554979151248	96.93831915722872
98.00332339828245	94.01493633515679	30.55721137668413	32.55736128933965	93.53766967652722	92.63686522503977	97.44282449895371	0.2013226194611077	106.0491082227665	102.0929336988136	89.64841047061154	62.15189537841682	66.01565417797786	84.93032238941727	100.3034143901525	99.4886659977098	0.5725694813151847	76.0417701808406	2.668361127669429	0.2239826306567191	98.11263198839832	105.7217667556512	2.020713641753676	78.8747522377667	103.4044479401466
82.42069949290922	90.3306574691978	71.92763296748265	77.78854123294482	102.3427303683924	94.53935077129847	74.46472108636753	37.3799101670884	92.45807066722028	99.83424862414287	96.68864349727518	92.35671424401795	95.43796759537123	92.50355499443594	82.85582193234671	86.99823569136335	18.93936776697268	96.72803814207961	51.76437495143218	30.96642522330696	86.32231616421417	105.2873724213854	32.92575128791694	104.8320705784565	83.30556524134906
99.60020793972186	96.78126816468294	27.12235249650938	33.53937105354387	95.47950784115267	102.8685751098453	101.3076140973349	0.8045111592182996	97.14081020852815	96.94128502060649	91.40202671954485	59.63538377007905	56.77040655438201	80.06703199052097	99.31693547412634	99.63299844252235	1.21055364704116	81.38127023204463	1.504259933160064	2.378412246435298	100.7934350730368	106.1425479453296	0.4614796606452665	90.99286062785646	105.1444074056516
97.86778437856009	102.0671722180335	27.33753049899558	38.16647287028023	106.4019596476803	104.0809164627402	88.93297238213684	1.966321372007885	104.3078652264322	102.6020196770489	99.5666233780231	68.2650210935992	63.91845375728873	89.66472561945444	91.97613622668014	93.97082754341419	0.4925498649253624	74.5738067680761	13.73037487572502	2.576164775025964	106.4651211291592	99.1041868444717	1.232292655480268	91.47062062158147	98.58358226475526
102.9576751821627	100.0964446975241	2.33701461745041	19.06014914602323	88.83118350763128	94.80617568000503	103.2763692929112	1.456857587839379	86.77690569882508	94.28254957877044	84.61013556214751	39.23222818903995	37.39598085177167	69.31463994283781	106.9674924518256	99.95581365317365	1.736066468302905	57.86226359517434	0.7248464992047032	0.82951295691051	98.95622822899576	100.9157430719013	1.30066244253683	76.56859417533981	106.6764085715611
97.53168816458187	86.56637039420585	2.417402348630051	2.238144256269253	53.63616923996597	64.98837939107041	95.59691197215676	2.257344029532387	67.48255671357697	69.20790818607016	53.7826904382539	1.866722832380135	1.961304080841292	13.10046884759631	93.17243084495968	88.50756808874239	2.544382653431667	2.88383743427665	2.974743339931961	0.9268535910304703	81.48280779270004	77.84749277241205	2.505825584381436	15.07326313869893	100.5009487854357
86.47792604630008	82.92495813852605	0.4767328319226832	1.981979709245524	63.13103057568939	77.21715856277089	91.96998829491723	1.17212582700483	70.91671151111943	73.4257482639337	51.12074701816726	1.745719449283106	1.200929001825327	14.42254029351406	96.07659521245961	90.35423062296103	2.257032851627046	11.1939782650398	2.032380019110288	1.336977549939343	89.15924168095766	78.22826015120228	1.333626820015423	30.7418658752734	98.66945641511988
95.61715345722841	92.6959197376753	1.626545088056237	1.509074545508482	85.37616861822292	97.07361694244909	93.82910026855285	2.549788185718081	94.729493682277	98.99532237298122	82.71624374596327	17.95181407431593	29.08354639191361	52.00450461641651	98.88327737917949	102.8929298813775	2.062156904724427	40.27727257576196	1.300131978088706	2.401459928975027	104.9742566011169	101.0607057993117	1.192218181412384	56.30075177528307	103.3281298684061
105.5801181220508	103.3735442872142	0.3588017380787725	10.34247680968203	85.66326731742737	89.47818761009323	99.25528194512998	2.161794071748317	99.52172249113248	99.39953361629297	85.94223491237376	33.38697635898274	38.3920730641241	65.0328912791192	106.8186482060188	102.6404759476212	1.103559373369432	49.76646211866739	0.6481724156905775	0.3036469864183834	97.4319141971956	95.02318449108385	0.3580735503993796	63.8511635539255	98.33519313671971
88.67717185629363	89.21144006801575	1.411154359102313	1.559996262561996	72.70862269303495	80.32121221451233	96.20219081672724	0.4441638671452656	68.29275153220908	87.07244293279187	66.67253352005915	1.086342522468963	1.099665309953301	15.88213347797927	96.48559703253711	96.05959603840381	2.690467902984802	10.97255150484032	0.4287260451412933	1.930770877445921	83.58580958707974	86.40395466367914	1.367357078028731	28.84311652358542	99.97061604805626
92.93562082927096	98.33224963868487	0.1590267595000631	2.461870906761439	62.17744018428145	72.61792760666452	90.55988559604624	1.792852886532497	70.67999116544092	86.39462408060831	61.48770227722471	1.28565529768943	2.136439901459856	23.13146859191156	88.27984580045445	92.71759681600416	2.712594222512038	17.80010153287543	1.43210283249312	0.6941199284905077	90.66890538218497	81.23369263466321	1.624220489594696	29.34989039264381	92.08274141856033
102.1058116879512	103.4606090153965	10.48721939570277	15.97543289141767	89.1671750701865	104.7200685551383	102.2928874450896	1.904859556360722	95.84141648502144	102.5928446668422	87.07863420651729	42.45011524864775	57.64169091391655	74.6013452645349	99.03101452710224	96.23872773900385	2.229352345423464	67.51346356209437	1.13118895321687	2.58152784480528	101.4952835779923	95.29326375133635	0.8502546525059274	80.55520983868811	102.5972089777293
99.56563655339758	92.87341594908362	2.94232359634622	1.739566004347438	89.47424394455645	88.93010751006037	97.29701988546866	2.33815389379532	85.99269076622497	86.60778208280909	79.97272672764012	11.2966606565308	20.85634787550501	47.07760692528346	94.46290065695483	98.63887524414113	0.7282601779743052	41.01383329671087	0.01333868457161937	0.0844084087076247	97.23180076419222	92.34264183848424	2.312899596497426	49.59001528452246	103.6722620470312
97.23575959083938	103.9516235875269	23.586548626466	39.49235815768072	105.9865198670715	102.6938306383447	102.4941310634721	1.911578497266891	95.10959060761813	101.6588598060167	97.0732612233236	57.33879637741234	60.88210328604625	77.96834786854247	95.27144644047739	105.5121758259603	1.966907145474978	76.23688992071234	1.416966288724313	1.273446196050934	98.73498176012365	104.210558089052	0.1543308935866187	86.88874152669189	98.27899866750374
