33.39868396857234	48.42218131739988	86.2850251537815	95.46693262078105	78.48832643810356	86.37314870305232	45.69387794588207	75.78993534982644	77.6249922122193	85.30299137978969	91.70294764831426	97.34818094925501	107.2964710636862	103.5127399342898	49.70613735148579	54.79009306413958	61.68126324137594	102.3786256012481	76.52341557717638	79.5486209884038	69.13038524921393	93.86391398553624	63.45550895474921	99.04023265322687	59.45427555395933
26.32009248636019	38.43729118660521	98.7095528458421	95.8041520532544	75.4237218428418	72.75342795090582	29.90911627492201	76.33801321683718	78.73557160932114	63.71482529470434	92.48589358818288	96.90612465101364	100.3051826597914	90.3977572713025	31.37584595610244	42.90379377918868	70.96650762170896	93.79376887223538	82.26803000590891	80.46762795344158	59.36091659870269	81.98608148993688	84.89475043464348	91.46897627717006	45.59579589408933
1.896048319003393	0.1819938955991716	101.5477138332861	104.5571125745395	42.66009136006892	33.17092912632349	1.234661879418566	95.79385915978574	35.76299382404403	28.56985106374386	59.69935739175557	102.150200293977	89.90401099821835	76.94876625960399	0.04970518667484361	1.887511552833911	91.15815130352885	98.46496567708195	97.36113249581089	92.92986916721559	3.924888368484051	49.27047860279393	100.6069083035648	73.37292817406953	0.4750729326273557
0.7219202966374123	2.662651397698448	106.5725161806598	98.21788601345834	37.22302270786099	31.60123885249201	1.647259233010063	102.4937535651446	31.78373386857523	24.28140204102436	59.19371087036671	101.8419114519393	101.3076879847748	63.59374564344523	0.5276869111570648	2.341807624277084	98.87702849020621	94.30213183197407	99.72236736819829	92.09287582197582	1.221103364110232	39.04318331614179	104.3123637634511	63.35275596078432	1.61446790585972
40.90685136026885	50.15032367297795	92.21023256328834	101.5187625142105	73.68809040479168	77.12079472906755	45.4876126175409	74.08516301285461	79.89493342740279	74.79228936055466	88.12903060600102	102.0848994665969	94.2698918247025	98.61667048055985	41.34191532782775	56.07446963582458	60.84468198398294	102.5054539054623	78.72657806474277	77.90812330323254	59.51689936798908	80.79644926736148	77.13075637621759	102.2923483979262	52.25460788924502
23.65408535025327	47.93682678475847	98.8724860730827	96.71560299118542	66.96201346147504	76.67615022849647	20.1095296089171	83.53025717279145	74.19705714026998	76.86474629589537	92.97926228103628	99.6149434416366	99.59669885721792	101.8089891194608	30.807084438053	32.54485085971064	70.78968178392719	102.2720749464691	87.24790907886991	79.0232534431543	63.20320738337989	83.69292628468493	83.82670973421922	97.20047333446217	43.60480132108052
46.79233643523054	61.95522571185472	88.61407772450079	91.74218336543662	91.25707144948282	95.65890466055414	61.16343460611796	57.79509083188034	90.13794424583433	81.89539877254366	98.95039158544404	93.5730524624929	92.36213358087625	96.26375849461634	54.08263615982481	64.94563510409199	51.85936383704304	96.47410295587628	66.33028195314176	56.38296915166109	81.0322484650119	95.56013638624962	58.5571391912931	100.5960307245372	73.98299937836569
72.07287959493516	75.22836328336567	75.46538803336318	74.16682326515289	94.11158937967457	98.0725022773869	70.946038179361	39.79942304683048	100.2929017986684	91.31978383327922	94.55706041064649	97.90078122011531	90.42135953286646	98.69087486956269	71.10781078952272	72.12784584746434	36.68992579549659	97.51255738226787	54.26391800090799	39.44701032290095	86.13023047440221	100.0986756519572	38.0479438574387	98.25463859986844	82.32578916318492
60.59095161851226	79.1109937915446	74.04872075339171	83.64620300494936	99.64785990694452	101.3421767725041	59.63950062095199	56.95421959112514	94.49375389972074	90.54189344673483	99.04864115727068	93.53758295475163	101.8224523696142	97.05206770793461	63.27945795790738	68.91935465151641	42.64956864724749	104.1889689997452	64.13235344883763	63.11850490839153	78.69067664400404	100.3139374718757	56.56687949778635	95.46208603186714	73.14345635009312
15.29763343180793	35.39213826527455	99.89448786111554	100.6007879184413	75.4158029056359	71.03339933541109	30.18130200950218	75.01814969571093	66.92812130141665	75.56332085480722	84.78635929355508	96.45881681004957	94.32949568541868	102.1671053437078	28.80452598209732	41.37233396231593	76.15730211379622	97.50685003636876	83.37396632725675	81.75524748821489	51.09927441224358	78.01839845853978	77.40831951783471	86.81402917473139	42.46701852461939
57.54639153913556	71.61674153312987	85.4006126745536	92.08059450539373	92.62985486393534	98.83467489835378	58.2932141114424	50.38118903509847	96.32144154049359	95.75040188230929	99.1614212280339	96.70263697386866	92.57143695340801	100.3356393202239	61.44053979016057	74.99003129332169	49.5809679121799	93.25336195014134	64.60270140355529	47.89180372075653	77.06235831379212	104.2654510100851	47.18519182359667	99.95326484216963	71.80923013726215
76.51221786172331	79.58595896679985	63.50398343246052	79.62235306061187	102.9131042341681	95.66362762852059	76.78627027904982	34.21636531075213	103.9358337534452	98.61332245468867	97.63340112566186	93.54934128388115	95.40402570433811	93.36988948214712	73.3090290958898	77.44205586772777	19.42784161307382	91.19344442967846	55.59449092005049	33.60662567037836	88.58399070923379	96.1486916930595	26.84913362080649	97.47813731475208	91.80891868253634
30.78857160183313	57.28980703098834	96.95491850208647	94.04346006226956	78.49760798980478	80.6709326064004	43.40419831753661	68.80090178789176	84.61021428689268	77.89062727796635	92.46873546893802	102.150601457607	102.5720177981605	97.33939054122116	47.93125547392333	54.19086007731162	58.13577214771236	98.82833188856341	77.98878247912718	67.56571656502487	67.25700549286688	82.44160622650494	73.43990219910175	103.1446560716021	65.44697699608875
56.01399000215519	78.0248934565216	80.87022448323941	85.92439510745552	101.077875003396	96.40452661707052	65.3440728023768	53.12740991906296	93.62639618128	93.66068493453969	101.9194729407785	88.35738245667994	96.18122192228721	92.84704809326358	74.51356542908597	79.65823587349102	34.40670521875099	105.1100312513715	56.92340390300876	51.73517615675473	81.10365178436733	94.14268785762532	46.14368220503418	96.01791367873975	86.76639150217201
75.80102806656342	91.96015587485212	52.04388090256758	73.57256065816351	99.85915694269835	103.1204497345937	75.09521714414201	28.31596415331877	102.8302040002112	103.6518805255502	100.4028965675502	85.61619638283241	83.62700306225584	100.8532605349785	84.13560503555259	82.28533875218706	4.742656269751457	89.71401308816114	36.27445900388712	24.9223846494971	93.25766495596022	93.06983010817288	14.49648130317092	104.2243287510616	91.5532772058211
76.62245532793065	91.8637153065947	64.31808081946022	80.35627090467756	105.1693570936934	105.956491001151	71.54892059511216	31.60094548619645	94.66920039501331	91.81604860009693	104.86330780135	89.46060597494194	94.99119202312647	102.2987021603523	74.54594797032161	77.99078492637749	20.83585509313805	95.47863332587085	54.11399116612066	31.47278466248395	97.43567698801154	94.9419136127534	32.87096495137335	97.20904948947276	92.32750453999265
86.01396123809167	93.58041428737555	52.8133027565356	76.03733609963967	102.7335508639459	105.9806619854146	76.99335091427766	23.39088384183691	106.1970334600418	99.92745428683631	97.03611331001589	86.8491175729966	80.62054954989567	89.56568278891891	82.80605921531986	92.19145973279504	12.16912593392234	97.59998158784848	46.39718609337638	27.4779623491934	100.5411241115189	102.3090479971644	26.56259000009354	101.4225987053487	95.60048941643953
90.32722688716062	87.82536939474227	40.44981011683134	52.49436993641554	102.1717809416231	100.5729933628609	83.33004523489417	3.920107069672719	101.9261106037107	92.56110812562733	107.3005601695884	69.61720286350752	79.85337616354464	91.9562136863522	88.59322672142008	97.4860169489294	0.9918023315925792	83.95624368494204	22.05515607789446	15.10914881290082	100.4430824341956	96.45354311179325	0.2690999793882668	92.28355671375158	103.8464771949361
85.14762478084873	86.14202020844442	65.59286959535419	76.14283922333718	100.4916582180534	93.48974423278024	79.26781106935256	23.1574598858515	100.8980533314537	98.60943535591443	104.8210886982382	77.74223873098556	91.66305490571636	93.61576303966118	84.55659025267305	86.26746445580696	9.589744001567503	89.9589261980711	43.09849842371482	33.71594406048389	96.69129850991787	93.5193809077885	20.5340854902841	92.47604742001357	86.68820581251427
73.34179161968952	93.30398431978543	65.8554259650285	76.31010184764295	103.3529332216245	101.3378241426645	80.40113765201494	27.94053686662926	104.2162732169901	93.30551177313305	105.5579061358857	79.18399535565324	95.24660431345485	92.94100796651422	85.63064116466614	91.88995371933602	21.35626713949997	97.10384272649141	45.78301551582572	32.87268017965694	95.4575279149259	102.9555940478671	30.13929383591351	93.56461114598366	90.31292653301917
49.76321147681855	59.28955712005704	88.62879180663575	93.8751875063035	81.62492305794565	82.94022813977246	48.8346388086452	67.20269635194744	78.82928934090083	77.41771079939534	92.38372409495409	103.8736188552369	99.90170900534554	99.51053217239617	52.04695579289471	50.44624157192581	66.70655897969333	93.62635109592198	81.38797856869023	68.83663675720295	67.77320507163331	90.56031449736851	64.46140738624761	90.97314174867883	67.73405520996945
81.28194464643062	84.44064092355924	62.96024712227177	77.94790732561047	97.88492826609763	98.19523156708055	72.67853332024164	38.46633704188324	92.38875989397715	99.13351439060267	103.59080525136	91.11747827467926	95.02065108901989	91.25880329965192	83.79577926832104	82.5202340825937	29.49689528759462	92.14908579310537	51.06710208778686	39.39750945175763	92.16626567892845	97.74396216458675	31.5536621285642	105.2551376876106	86.76773198681281
12.33572633390033	37.49830163014721	104.3368288520915	96.70924951392951	77.2696425683871	78.16133884094894	25.84325041233623	89.05762853672715	76.41983451828142	69.92491656502719	87.81620567635335	97.48254769089301	103.7769996765835	98.11085339418904	18.15780293792076	35.04497686314269	80.2838395629837	94.06777207189086	87.30792852178028	78.6622889975358	55.56870726675034	83.42933429896961	78.07857509151853	87.70078580475564	46.91668123070507
52.67009194544497	68.11074388975904	87.06079094233964	90.06226006920726	96.10695567601947	87.67883023078483	53.83701050518415	59.44137939711858	94.84815731419172	87.07306815135463	92.90934192347036	89.5635544111443	94.95918086730801	104.3113247758751	63.0672088346669	74.55262680632146	42.88620881111868	103.4340931161559	73.90477375533713	61.15341287418943	75.73380052608488	102.3373121404013	57.32363808965179	104.467267365181	70.21153242879689
54.96971133665996	72.20535378468864	85.20610188835029	87.34439897515195	95.60055936982845	89.22407040912229	64.45906277636703	56.79612696528034	89.92255863540738	87.15805452705763	104.4210525286859	97.23133480829361	92.12556701132195	102.7009537329309	67.583389854064	74.17885911268685	40.11988534505485	105.9436084465654	67.83375801845546	47.66230166917031	78.60946583351372	102.9976443426004	49.93450909466316	95.20384148947528	77.34221865479198
55.96385099260888	69.51285217137425	88.25017959095963	85.22704638066659	90.05391039674535	87.96987584422273	53.96528011799376	67.23128256895956	94.06463370897217	92.53099311457707	99.50240831310769	101.2991369373487	92.79042951292469	97.30705180148998	60.50615720821072	63.31086301830751	51.97236155151198	96.25741546481201	77.63056532700558	57.52264682327137	75.54712122539607	90.83617743832606	64.73288918198293	105.8254805658115	73.34178377453959
42.75256304367224	61.44759694181789	86.14855674788905	94.31211586974399	93.86573993463635	93.82075104127406	58.24593193159362	61.62743515429631	91.40920493818139	86.77602783428728	100.1298601137047	90.96348478066676	98.84874959562127	96.45822448966989	56.55340624768762	60.80418614024683	52.76831099518085	100.3368376901506	79.70652021332481	68.18763006026424	76.56770847302113	96.30992150684563	66.78984142720421	93.5007447948017	70.09557713389901
42.85843508277814	56.5116128071454	86.26102685815772	91.54867975752083	78.84634449933512	86.25774701836293	46.2425056480822	74.67381020439902	80.32436668430196	81.99006218221156	87.94415540016688	97.34374784488439	98.69758920669364	104.9935760233238	37.16882134590529	50.33602642836529	65.11997667590634	102.9156568590838	78.55591958433683	78.93817094078858	59.45718302246603	83.33344691248463	70.98422050841283	97.41751624266089	56.92771367327744
84.58938600788042	99.89422427918815	42.52897516181873	61.14538068746057	101.9179595094736	101.7481023760873	93.88983245391043	9.864836269405838	94.52116705196704	106.3059772923213	100.3615169291332	65.53660229105044	76.7356823158827	92.99461717809692	90.74122995590832	91.98063181318011	1.028746129039158	88.72245581772495	23.91835307745268	1.424249933613893	99.14132614422657	104.7110781758549	1.389875481920345	100.1810837568216	96.9520167757066
106.2970285286804	92.92707734811297	2.680240992688883	7.360140826870698	91.89876040560279	89.49788108767443	95.72168667160938	1.207807871391319	89.41165016887864	101.7889724440063	89.51313431459452	28.76944709008631	32.30598451490445	57.39659454423042	98.30232553499339	101.528711442505	2.883605697856369	61.98758566672326	0.219632187576187	0.08181135181181834	98.02599522762901	98.07261923470978	1.264742687991703	66.93814143282081	96.94930854686697
106.0337992565174	94.46424816849114	1.083198184039535	0.2667641971768655	73.48357670456262	85.29275106828119	95.38248978963452	1.77744749174182	87.84580213067154	83.61193903112648	66.24721413720724	6.235235150986705	17.55916302056689	36.34613694801442	93.12682937881169	102.5529504188371	1.519321830488423	25.91938268522985	1.923375874790783	0.6106812957076928	90.87495799250364	95.64565707949768	1.069376531009096	55.48404764980448	101.6621190655741
86.06295251112115	93.36239978821062	57.3175020045163	66.36369060429767	105.5800171682772	95.49063048164396	83.8165557537159	21.56994321217228	103.69275658414	97.97709349660819	102.3881055047501	72.04768042212709	83.60268439726266	98.18151957440503	95.70973432821894	96.07800592144619	2.632693393866117	86.5291973901909	23.34935461315516	15.59717589335047	97.61960543623454	105.4937107767149	15.32365940764888	99.23898419301948	96.49471323537171
72.03361015957441	83.50313948336701	76.25208627005571	85.93060483433976	92.59514053424087	102.1490112344249	71.39724473937841	43.15966903013425	97.25655248820516	95.18368871625727	104.5619972637476	85.01718296301401	94.42724161866525	95.18371882893985	69.48878820249459	86.3370892680573	31.14658883812776	104.9395158687206	50.53987527901907	43.47244978510044	86.46656296249108	92.40792984555576	31.72438071485424	102.160255119509	84.39117568680166
102.3748696257161	96.90850193829129	0.3624677963235766	13.4597143267025	98.48511339203257	101.7759085036629	94.86515037216958	1.020384304248479	97.95225063048551	95.89656313445951	91.95814582625283	28.35747810778638	37.86874006079275	55.82349979722144	103.5006086669803	93.72492742361298	1.851643661546926	51.13026625022496	0.5056983072144541	2.2437402359882	93.96708987284795	99.33264286231172	0.7035679722014547	69.45862385083231	100.9511847279754
73.41815837525617	78.22610218255555	70.99224822575712	76.47572208429203	103.6341973770655	101.5779590815286	77.26561915484385	38.40721523925124	94.32434422017882	98.4837104700934	105.7586820925121	97.05816953013905	88.60995449424844	94.00847584925067	76.50512377230494	77.35054719243857	23.18099021104902	94.65565097469629	52.87111364454309	47.51637489456675	83.46380095923263	104.779595268994	37.55466257815271	106.0185221786749	84.55219407398069
88.13671401214737	100.02656142456	51.47602054802783	57.34962147528832	95.74698026096094	92.42085345326997	81.83565651840061	8.212259940067685	99.70759621130001	106.7243759140833	95.72075922462236	73.77394761815059	79.00545611860204	88.67747355863203	86.15171820979577	87.31681146409208	2.622380602877447	84.80753785795532	21.21153330431104	10.55342403317242	90.87427614359332	104.0865245726488	2.467674657158749	93.16366696760872	88.97747966310747
82.59449024694236	96.9940764342559	50.88247502780727	69.26022698942135	103.3569053248605	104.6908906866309	79.03421699251943	24.751602180817	92.56959705873507	103.5586108743464	102.990546417703	82.2124304464953	85.12371270870275	87.36214983810775	88.93367158759878	95.67319079518076	2.193979753695688	97.89096052241818	42.39481510215367	20.69701151417536	88.38488636035829	95.46991344239133	19.50268658852398	103.8280074702125	98.63560471898015
94.24144400276015	95.03683635124742	1.973887774633331	20.54376210051019	100.6628138540681	97.46199170193238	93.32174205642053	0.1432566699069507	104.1575151357214	97.95143666639915	88.76018956786844	51.16938503460104	54.3998228413224	69.49453627468614	104.2830221691331	94.94985303520242	1.448755439487261	75.3069580469238	0.9266602308240217	1.365518326364218	105.3887317945743	104.0895745861304	1.493584198806494	84.85055488415469	94.02450578474824
90.40293004498818	98.09140995961064	28.45295710022674	46.23978246107389	100.5579404079874	93.89527909066597	90.0065835929542	0.1363720366704858	97.06920504698824	92.09853551971723	103.2799940430094	71.72544534151137	71.26235238138598	81.9569285961812	92.6001734612872	98.36237305116707	1.992148915296907	79.07001915034083	9.821982549161675	1.524044711691126	100.2447498726255	98.86581144330667	1.575984402119502	85.02482263449961	105.6816759222805
98.00004809119788	100.287810311587	2.59558041981097	1.236587166606199	96.82435739232677	102.1528067243744	97.46790891504624	1.43812279220934	90.46678725423359	91.65630434738777	81.75786518489338	33.20269769431327	34.5496907097083	53.86970690833302	103.9033340641312	100.4314611040922	1.276990992927501	51.58982909967789	2.084637463312073	0.9145516141994554	99.04102346991387	103.0225292871409	2.425326632450001	64.96856107935133	97.3941773442905
91.0976067885564	94.17864593430133	20.61771719059052	47.77034833692755	94.60145000361665	106.4405800300185	88.38710739121774	2.118496457730414	95.33860765774332	94.95578240524345	100.3674558258987	62.64037857755461	61.71677624516724	83.30509825119876	96.57523754589374	104.1080214756208	1.536705508981728	77.73733275684594	8.712991376817705	2.80522139623899	103.1400093445776	97.2573010999408	1.552390189001352	81.33692779118998	96.44495340011059
90.306688945074	79.40839018099496	2.217394447569805	0.05718227652494393	62.83587113043885	68.78188728232681	92.4381243999447	2.836148586898544	55.58340262543934	73.64427438105089	49.361418736045	1.899965601365272	2.082139285746574	1.537140909630869	87.89697526898991	88.31140076195766	0.5800015234650713	0.7793504877031303	1.915775658405294	2.840545432500706	87.83971476298633	73.48479279337461	2.863662762414831	15.32151291183733	99.49034193457724
102.1866717213927	103.0187860629909	13.00087370171087	26.55158400782992	94.82534496731181	101.8054513879734	94.84750906831974	0.01302643062838862	95.76557904514227	94.12962883157284	91.97099270277702	52.98866127415008	64.90792964740004	72.95091001659874	100.3680032969554	95.7922563068563	0.6052584286240918	66.18910924625668	1.895016284753296	1.052369190445837	102.9296010947614	103.7894853649734	1.239618203370308	79.98003863254469	100.4868084769212
95.66899176102778	100.8421696871256	6.89257894712012	30.00990693044689	102.7888169288784	94.85978318618919	94.05902659929215	0.1001757368243654	94.10222488871275	98.61627968223928	91.70900087585913	42.52581014721387	56.30612706143435	70.2108901239022	97.85852619466742	100.5599024974996	0.4691970107663319	62.77844777583512	1.189379444978234	0.7672104730072407	101.3083767393823	98.3735681391484	2.930911360237459	83.74253355150435	106.0528999190893
104.2714874819522	98.60393999087871	2.883310517179518	0.9196525058217828	86.66696084570064	90.4957527332696	106.1250963194526	2.685011626037873	80.83417461468345	90.6150757039743	73.66108631711265	16.7706341099033	14.51484216541446	41.71099877952058	101.8484043151472	95.62115480349857	2.485745807543291	39.51660850160978	1.120451399710082	2.634330291114409	91.40728605217637	90.83475315375981	2.254493727998817	60.23985161910318	97.5636419429419
89.86332746323455	82.65944416687491	0.6099323574591606	2.205170655336785	48.07431937506196	60.88472304774884	84.57477158604931	1.908005472210154	51.20207222827391	69.92362672776859	37.0868689549277	2.785433232496248	2.387091543384953	0.948780470380181	87.88731937350713	95.54532800779511	2.608590625471273	0.8678780103433279	2.800599095388856	1.40741002099687	86.32909037982782	64.13183324616458	1.480873505457449	11.22509593409948	90.99000591688753
94.70675032713707	93.46701860083223	22.98817458850087	41.81501602393227	95.84703951645702	97.07021039829564	89.69364211504654	0.5537488976948839	102.1521629824808	103.7097271883671	92.51015283159751	55.92139943130579	59.53890119736513	89.44451050023699	91.04404285078367	91.6833227840975	2.391641861253081	76.32137602887884	0.4125798118187252	0.1078858646602918	104.5950659481368	94.91151208522992	0.2397294088110251	84.62947838302296	102.3316267946701
99.48923021578923	101.2047415673131	16.37930660700887	33.67118613133065	91.04705407832603	106.8617530321953	90.45899074237362	1.420655898538273	98.17102392234256	95.52023873372201	93.43375411776941	56.4774159317697	66.50047030303573	72.79296616539591	98.31572613986734	101.4983762624984	0.6622971473659669	82.8495867213407	0.06396024373906309	2.286300991769986	99.78279881467439	99.93612256834128	1.488816342462976	80.91934273834916	101.1108031751409
92.09903662413527	96.92366495746326	2.506044643086294	0.4153309826372911	76.86718822505502	77.99151438473992	95.22085996762988	1.769891412214834	79.3451055826674	91.2291800412392	66.96175240477932	0.2755670326776101	1.271709575053236	33.50584028379913	98.68398103289752	96.17808374352731	1.512265855734694	17.22112913803148	1.447822820940694	2.001368616880287	87.08351267589251	88.52022572839965	2.117281189929257	35.54958651838349	101.9042758328437
87.88601735089335	76.74312958358556	1.863322287698382	0.313954171124426	47.54595509427156	51.87697453958764	86.65215135070329	0.1502131203653567	48.52159584039139	61.2290053435192	35.42314262613163	2.567468332202737	0.3893295952267525	1.512505927219957	82.49027902362887	87.26813257996874	0.8604075879306421	2.132533437859144	1.551189458223156	0.234237261774744	78.97059709683596	59.72723781590169	1.208596057554522	1.205605229898089	92.0641885022999
