94.02850580361012	84.41760047947386	84.90385942443093	90.84704755386221	100.5512599795882	97.35686994415417	91.9821887751489	107.4326306718347	106.2277714344771	113.3457452663928	93.30079630707154	86.60831774662778	92.44585878237135	108.205647585304	88.6418396447423	94.25842588826083	109.3252973181852	96.16878308545611	96.48180009558972	110.8403772998849	97.42737335501229	107.1806490602015	99.4399331684221	91.37557563472724	105.3171811951159
86.93627854265742	91.06076456389971	86.86363931559661	100.9986959908011	87.9756745389449	91.26721750911616	90.6861156041662	99.59356345354966	107.026059828147	105.0529934319485	111.9343549388483	106.6130999858919	91.90287992827918	101.8628625446511	85.19024140494136	108.2997988433072	110.7799164154748	104.5363583907981	86.51835403245352	88.72748344169929	82.98608337885865	108.8419325625376	110.5978718094526	103.2259745760773	86.75939584765617
103.6314301524798	102.3853777468512	88.68272576287653	93.78597601931027	106.976531546208	89.75688746017401	105.7650894180084	95.64127058958496	94.80360252007183	86.90668516577061	111.8801040001617	87.40030434062579	98.31671987187607	93.53025889534925	86.02125749242543	86.30468520254884	90.54893690771505	90.26025553890942	89.76723983514482	112.2598281299805	104.2167876782849	98.51098716411478	111.7260678476682	105.2887021441298	84.03703001393595
92.05182887269537	102.4732339173728	93.57750127640504	103.9932544604389	90.62366796046487	110.3241146014068	93.00702630630141	91.4844127829074	109.2396228284581	100.0511791389247	100.3120112475329	111.9973694918261	103.3290734007898	105.9742839164283	103.1969917220011	81.70892188813139	110.6760420193944	98.096226464488	106.216284891001	109.7897775028671	98.41993477606513	108.3992744409393	100.1873741245464	90.16424350707095	89.81051088187108
94.49447529039199	107.4825357241234	107.3230398055215	89.94199916789776	87.97248290419095	108.9236892491293	96.83120581563762	106.0381919082315	112.8980200852627	85.10071260740838	114.5803563368111	96.68715703414213	106.8929292811608	92.28428351104088	85.51742094531259	93.47339476030751	103.0263668842683	89.97412249559953	103.6282248737784	102.7722577990886	90.14601120794865	89.82235949289917	105.6726437317703	86.0865513709293	108.1855713986953
108.4075069065726	97.53924736666838	111.7214419311165	87.82402700356673	107.8846192245955	99.31387744384078	91.64967529906585	92.89765158954779	95.84724676925569	97.87710766772702	92.37662510561825	102.2672245485932	85.83464169081282	99.22226246277781	101.0120320272417	101.1552261859012	98.28897257347658	111.1247866695652	87.56098185663237	109.2102569633448	97.4701604329921	93.54095217505825	108.864875488795	97.6517319614746	84.12767119376663
97.32996300353317	83.9606334745756	92.10556922668734	92.91366918119647	109.4955932224645	105.5428346524543	108.0964572736642	82.47880230134791	99.93487121582697	84.29960273070422	87.76279155184618	98.17855387305154	102.1467981848049	104.6866349731595	98.66795113762841	105.0716407155618	102.0832566134005	99.03905803200939	104.6184189697446	90.79971158122864	103.1974020250211	108.3010430096367	87.10002754038017	110.0020374368348	98.94551653452339
98.08731665140014	108.3310091004898	99.46106563512188	108.6497483695791	86.67804146595716	110.2076716830238	93.78065713766284	105.2281016399293	92.13018328995179	100.0111556331738	97.19545379862784	111.8607604710185	106.6387382168482	111.9860886414668	88.64358572445619	95.82151143676182	91.62227956344493	113.836152595306	93.35120037659495	87.2484523966113	98.71230089763722	90.37550527787727	96.45960115440631	99.69567994734945	98.88213612304548
85.91931048813966	108.0230260299866	88.25475869274383	102.4898405525803	92.99160768067533	105.8571896570981	108.12416406374	111.5231321440547	106.397573996598	87.3203556943927	97.68506975427961	113.2593068275932	103.2109257466963	107.0581460688902	95.51152914925296	101.4645187648942	109.641657290686	94.42420426630558	99.69372409534073	111.9795013474857	86.34331693301453	93.62587018329501	108.5337696241259	92.75677138769262	86.32501199141183
99.16216216524862	81.4469690385623	108.6131088734386	105.9868986128088	101.3551464515185	90.38215663780146	85.17674807850813	97.60533043697446	89.41789588173874	93.72250326846932	89.12631529946599	95.9534163505071	104.0288594378624	97.92394240297071	102.6730727454673	105.0722201197916	112.7753016465156	93.76347889978264	108.4534695397935	86.06337442629348	96.39855075040225	106.8808578008845	99.64637814396812	107.1144727614374	100.6425992340558
108.5823391070772	109.2700663711395	92.2757063633336	109.4817964045658	92.97070311385356	108.5713261305967	101.9362746168554	96.40484517788146	101.3881684742864	90.15302638169503	104.8438311394501	112.415711591721	108.9103687237601	87.6632835329634	86.78852384122342	88.74766165193593	110.6428153174789	88.82509446095619	103.6116868271063	104.2897730691029	91.08270835607448	109.0891003604082	94.36547422817713	97.64392139113123	111.5645691605954
92.84306028461555	93.03581843972142	101.3316560825438	112.5012062141869	106.2183310484027	99.30197296530116	103.0021675005386	86.07086553313458	92.67352539779264	102.5858700094765	92.33962306068059	105.4261679231756	92.03656059196319	86.78950557794248	97.25239604170535	105.2660494163828	98.22539955254766	106.2583026723139	109.172725100451	108.0046245264086	110.675365603111	92.45245529816016	102.731855064668	106.2620114187909	111.5138451607585
90.95732309820579	111.7619745571237	108.6823321369869	97.94308249426403	91.86148665027757	90.64088732858797	81.63044409972777	98.69766272016396	86.13572246291537	88.47315882293144	98.58028258276502	100.9562983833891	88.69878772111223	89.28899163884982	85.32559656382359	90.52255636394398	92.00343686239094	110.8889000203766	98.30168892776597	108.8335953061857	103.7898247439158	94.25534493683757	99.50480128002134	90.09430998064101	111.0863209208184
85.09032533548597	88.8196599770145	113.3225954133283	111.4569364881804	90.42105118936701	94.71152320203865	112.9169190704303	88.95193219875057	87.5812511794729	85.68978592889889	113.673170711721	87.47713908823542	100.2272651357832	98.20484500646687	105.246757465166	105.8230486897381	96.5158554150413	91.29203047213267	109.4807547049724	106.7861681613344	84.93357108255007	88.38946276943737	106.8955019859472	106.0263532883301	93.75584797991566
97.65597305806334	101.1428531914561	85.29396123668543	104.1740143385521	111.2787347146527	98.28559033991525	97.31406591918649	99.45502778250884	91.23337311827132	87.20392400373689	95.73956210382309	89.23767892361346	101.8366560602598	95.15052039564488	93.00938923515551	103.2408418295588	87.60691629458734	93.18510116449043	109.4572618784015	105.0433263678631	111.4606774818447	104.4340717200411	83.18259616729911	88.16117564747061	92.99345694663533
107.1262479927522	98.69102767135747	89.58291771723972	112.0186170770687	108.6133840144215	107.8795830635914	91.97338561937315	109.6267133147679	95.27844363820944	105.3246932580055	102.8388572062689	97.1321205404239	102.3186645896597	95.67051884981868	110.7171093480945	110.8541933552167	80.24919789961611	114.1804872346283	98.60108281359338	85.23919689064958	88.69878286929062	108.0211075142448	86.87579698178403	102.0969605570293	104.3757890014874
92.66587245759355	94.40237888283309	96.55809978981367	88.0463720116303	108.7154677414807	100.1091004255366	92.64407529565523	89.33996172582623	107.2106198709276	98.01448521248854	98.46610330242788	92.9509010443868	107.1097827609184	112.9110789516979	101.9253742947505	88.05279561466115	92.24512238580154	89.8467668957271	98.27476933565856	108.0501942136918	107.6620694432787	103.8406236588094	81.07305969708896	92.89598864646648	94.30405077142817
109.8477845054888	97.32747032909728	102.209239188474	91.64371076901185	98.74322355486358	94.57461242390789	104.4187413570387	87.86292361135675	91.71850942195765	90.91847530802447	114.0540951712929	98.24046488301485	108.589442845554	98.84975463987612	89.82898367821015	110.4445501963019	102.6888477028439	84.37146658806799	94.77189721745079	92.37365438446247	96.17503281883857	89.16949928659177	92.25601612719245	111.5795544557628	104.556622788362
88.42239145555776	112.9825526238266	92.60951537563355	111.9843437705267	88.39610669822349	106.7687586828796	106.8254725554678	96.87958096741072	90.0498431833888	108.1863027299348	113.8927343230675	111.2308636007815	86.45791027775574	101.2799240761632	88.39311102812611	84.22805788535571	84.08200493215976	101.109094046075	89.40814126961313	85.86228655098228	108.9616028050677	94.22420643100523	107.2447006842574	103.6605221878546	104.7650863335441
110.1672528566955	89.04832491034919	96.05299800108799	103.1458946524832	85.0973189065168	108.4009336994034	98.90620076864681	93.10595075862675	86.45512445145341	107.7877444020808	99.35373679501116	88.34505219827703	100.0938605838149	102.677983928316	85.75791722231075	99.70864228914331	97.2638157887659	111.9635001466377	87.20755779795277	107.7919406823909	111.3071107924059	98.64016198723048	80.4393316949709	95.57178930997141	112.6285375890819
97.21285401132607	83.07325973453382	89.28466891311277	91.52569064532354	107.4000343986373	95.62996628138266	90.41468794143793	109.4588473590145	95.79438571631759	101.9690351771478	102.6465557105218	95.19197392726184	111.8289690168789	99.35112714478231	84.18118481959313	108.6623229298918	108.1725693440387	103.9468534187923	109.9010184074167	85.55689751014327	98.62551894004082	99.38977468451898	108.3758042662512	110.4038275006135	86.90586083451149
112.8030271998694	97.00127378929423	97.34743126896478	92.99714994970469	100.8530532955818	87.61454874731525	109.0655617713383	91.68970403507777	108.9613120039774	98.50333559427118	106.4285766864503	113.9137096449161	95.41750889755241	91.89326614737173	104.8559580905579	87.14162952726409	100.1116697171357	108.011549688631	101.7076290626539	88.45880732647315	104.8056918639459	114.3510886748124	94.94416180059442	85.06156303452237	101.7736465729452
91.27556504889522	85.86254686129675	93.05977798646647	102.2936043503178	85.46604623873806	84.88087427120183	93.77907012652774	90.09756133184824	103.5025484279604	105.5490518205719	101.5635779875365	111.093347251628	103.4970213552317	108.2872768982072	83.69356035365858	92.87056306999642	105.852808309386	87.31656916736678	111.8762412426738	86.75153675386755	82.37378713764186	112.9669351142857	91.64247832357049	88.72768460706943	96.77182849072724
88.38182838395205	101.4036352922254	85.55449867065886	104.7950658392282	113.143739714026	106.8734326624724	104.4436955711137	88.62180486769256	92.06073276602051	90.55866504241541	98.91384416484259	89.84720960243031	113.2158453287343	90.0887226840792	101.7484987711914	109.4142138993712	105.3918956321532	102.6973491510431	96.54220922700357	108.0055831886448	112.0556953413728	96.41225000255248	107.9908820283639	98.1540218021931	85.52048227476909
109.8803860758455	109.9306680795225	93.85938916142227	112.1561880096679	112.6231222702929	105.7963109878553	88.4010180502806	97.81536520712743	114.3698022902784	108.1980232014321	101.5798877176558	90.00541208118946	104.5029254199104	88.40997009073941	97.29891460583246	100.243803937612	87.38724426967102	90.12066930012546	104.2579206116686	101.6848369581921	92.27697252419323	101.5437922134805	83.40894337348662	114.888741223314	94.85619324855921
98.96640539485428	97.22000577683814	113.7215862077283	95.03626065893887	98.76693797494677	94.03165239762826	94.44317722596	91.76749270877868	86.42248036428262	100.1710941279174	90.22811595581759	85.65001736566389	91.71967345802476	105.7663079969075	102.6672078866778	104.4657042241687	106.5494417169902	89.54959892147178	102.3791625188975	96.0567598256625	110.974747222876	95.88398649047762	96.41494109197482	104.8715696139637	90.8132957204037
94.8187459167507	101.2067190075192	109.8384301292386	85.70746985216478	86.58205773218306	90.81370176721721	104.3296807571558	104.9610321365971	101.4498623045451	99.48208275885651	96.77551123015687	92.75621072033749	104.0110028249292	105.3481035746959	94.01627808036501	105.8806999102387	95.49017936663252	94.18791170423484	86.09832827368105	93.9370665495253	95.53177700177184	107.4520301652957	87.35080382520196	95.4106952489108	97.38847580498893
91.51381077950511	102.789716095591	102.8574152970897	89.39377341494959	86.44186612814768	96.8241548622417	84.48770682907944	90.1553082675548	98.08664659189195	96.93587434314477	92.53177212938756	88.69300114534934	97.4231548282872	97.53046749161661	104.3562054774204	104.5644978754393	104.0711310478421	95.15206959639536	95.66843081722546	90.24135202504263	101.9128011809596	86.62366619232657	107.4128425898559	95.14426307163899	92.18221352622814
90.85935408798233	85.38666289819109	84.23158544965095	101.2360519708264	88.41449044214636	100.8664853867008	92.68377195807849	98.10923085202184	92.10620603680537	109.1205904332255	86.77095582528	99.40567669485448	84.90469320709788	96.26045534820808	102.6887189923084	88.94046145956726	88.86172420272413	92.84757491056625	92.3873995330777	108.6346774516887	104.1833395194707	113.0590889114106	93.80777409113013	92.20227310188436	114.437280359539
101.9825883244666	106.7043670439671	104.7426922187812	90.60493047164847	93.19134565473178	102.2826144790453	95.8841371293132	84.49878172221018	93.261211526822	94.42794604438379	109.1811227440719	100.3773976975953	82.78193434233189	105.182323656511	105.7675948445613	110.6101726718292	102.0246603312766	112.2376125828761	105.7348986428631	76.71699685499314	112.4642752072705	109.5552224375714	86.95318842145345	92.96715151658918	114.4839281068685
104.5479673711635	91.91016594539465	97.38845395005166	77.3395812068684	111.337542333086	103.0629949681289	89.43149311799317	89.40949246894751	101.982460019909	93.50722102948866	96.71543447342773	87.92947099570394	89.93308704020539	88.49516631062009	97.48210044534304	111.1940541596136	76.08333003238539	105.5503242974375	81.82420087923839	88.03322095699295	112.6942399869665	91.3112920727246	89.4879721224094	87.8955114672512	107.7459819139291
103.292853840872	111.3685139284388	93.60000069666343	102.9630978949107	101.0197453987053	89.23005682351126	113.1215937935864	84.30223251650663	109.3904120974819	98.1796820053779	90.63137024362297	87.73477064087791	92.26206002205845	94.16825740930037	99.60489455278523	98.07178893290451	105.3020574537961	100.7532590978385	84.51335909251623	98.06146140988011	114.5651582555552	110.1481652133076	85.67756287698009	101.4540521377361	101.652525495297
94.74571023061651	105.1779613436874	105.5634660649636	85.26064611871718	99.46708544762022	99.97588206684179	105.4340919765536	92.73213340342011	106.7505586623741	110.8846045426756	106.9745418240463	113.1948188389558	87.81406765846063	93.18956949876946	90.44141663513174	86.14559788657596	83.27419314187348	106.9673395885289	85.63187863075179	87.04981739434831	105.9175729413243	109.2360464685239	101.8844496451485	86.75350198464903	94.34252463596198
98.56572979267563	87.9580020305763	103.204967301196	83.85297802743088	112.7861425991511	94.3922827468708	89.26100739723883	91.46604432458457	89.38952754869683	99.92767148694962	112.0561711617092	85.92244516226916	99.47713644596458	110.2832328606523	94.32821317422179	93.12228956513404	78.42054462207665	84.29605876637781	103.0385305165779	102.9592120158165	108.9449227283912	103.9973379059303	103.2866624018599	95.56176223844479	95.00722120882274
100.038342947632	100.1315309761114	109.4828256950641	88.45783802161877	99.48992381529757	86.94020165570608	87.48755667850237	96.74899482971423	93.59484347083298	102.5464508305133	99.87510559775598	106.4898553493407	113.1023280697432	99.72171169812482	101.6492539988164	110.0512470693183	93.6019689974267	91.96969835013127	94.21616965454993	88.79406339512352	101.5101317519369	112.5443823184278	98.09663331816776	111.8041197365876	89.55736056764638
97.14882695685934	109.4013008469221	99.99907045189315	84.27427838983765	110.9660215560916	110.2455403218613	107.3011658268257	87.32588134945459	104.5440584046804	114.1889856407403	105.766428423641	96.32992892137736	91.75594593706703	91.53872520842523	88.79343350634335	85.74374609498885	89.25185000419256	85.35718339311704	94.14122004621623	84.27901348470165	97.15983928702595	96.78689209643287	104.8823290913936	84.88295405714859	106.4487373318347
100.6272795739859	113.8833243173855	96.50959529746123	89.58284144477834	86.00849049148555	95.83270206701228	108.1882741933359	82.63446302330355	92.88303020392141	99.54938831652464	106.0978498914974	100.946546087278	112.0415492363079	106.0312129571502	95.29708257319231	99.44005802091129	84.66502259648162	112.9507128982278	109.5836634097236	93.1601846478579	101.5620293050176	92.88735918680666	99.23116611351665	110.0913578827462	97.07512923993765
98.74346338636553	110.1515629307525	101.207197243185	96.56709743029809	112.7486904718355	106.5467778599614	114.6481276579169	84.50607774921579	98.73673350690882	104.0983384490319	95.2382799962743	99.3125129742223	95.93065307089887	98.20599379269284	85.22831189277666	94.24070301113261	90.47747401523621	110.5610847944322	90.93278585910249	78.78976164829699	107.1724438345172	88.13424198176057	101.2725245182161	86.20452014024245	109.645892957708
98.18230617625804	92.89865218164286	88.02947100135117	109.4007268202818	88.08921686755602	93.28983987602774	87.96191307696033	95.82423926939288	110.0089239326531	92.14966614990513	90.85926841957712	97.58963800804044	93.05740204513239	106.9467813742641	91.98598042053945	109.827715567906	88.43137851341518	95.64786598150445	97.33729405915339	92.68326117267635	90.10719420500226	99.3978900808042	105.5002651786274	99.10927717128838	107.0640050912513
113.5526576848218	113.1919278658678	98.85975959126343	95.23295565558718	91.43318308393621	104.2772647704325	86.37511449966506	86.06275362940076	106.5085992643165	105.499912707043	87.25679247008478	95.47236211032546	109.0158383145652	88.29215041806761	96.40003341785037	95.1305014862329	95.36162026312446	103.049480376679	93.42165009732047	80.79282366799241	100.0166521596454	101.2912249065223	102.1255464493439	91.33681426530921	86.41443043858641
86.27943505182063	109.885553193595	108.309930426478	90.03158270848157	113.0650741731171	107.5740696681006	114.1571795370109	84.50801314759376	104.5118277174234	106.6522407989778	113.4581078814224	90.06581030989868	102.5777591613062	111.8571578871596	95.15449620207016	94.77685469069198	104.8698980455363	104.9265538292049	108.1468209126061	106.1656708072742	96.1374576888465	95.25791927902627	84.6362900174075	86.9587048401287	92.54636171504001
106.1913971142741	93.17887283383196	81.10023480019588	81.64426465492808	104.3684709020425	97.67249241830142	99.70319576522343	93.68742654191678	103.4686758132887	98.96691403108557	89.35200227234252	106.2562482134658	99.04970943566666	79.55742850067021	112.6013310406586	107.6433652746044	88.11389728673981	102.6107304523806	78.51911679357592	98.20737199550362	84.20403670844433	108.4951947544639	85.7583743343195	89.88723319491849	92.60861006247535
90.03136326576869	94.92872621398142	90.58818482146096	81.82735014193609	88.38838058663332	102.8747780903298	100.0128297867605	87.23511065659467	107.7051266586276	99.05007375761551	112.9157133484569	83.01660897970389	99.66424844653038	104.7183996782806	105.7257829559486	94.80565231391132	83.84166623829152	87.74920500037818	102.3535437755451	78.92920823479889	85.87142979666952	106.0164446381713	96.0323357503768	110.7417620454404	108.5409072544073
111.1806939424397	105.2503777712098	92.151745386687	93.99632926364244	113.1751973647829	106.0696256247847	93.65194442662575	80.8166819638614	96.6310947723464	106.2280030276601	99.61206989907085	83.3138829984496	91.235423206928	112.4960325011382	111.6413965167804	88.52815631012463	101.0198550578299	91.6089119230019	86.57366531500031	106.4678559422358	86.65062247669464	86.05890389495356	85.06681976709032	111.9713711175768	87.52671188743398
110.3478776035702	87.09607956399599	104.6305280554903	77.99948013642701	103.2942720495123	103.3417217914345	96.3763292519904	84.77646908922435	108.9747235233769	101.2491874449588	89.40029369723609	93.31448979048029	81.19200449166001	96.3932948478359	107.439077155382	85.8898154732983	82.32882291253263	87.12608404329444	99.77063003059463	100.083423434756	109.4292013816561	91.18880703985403	100.2650269690828	92.39396623565803	89.50331415532911
113.0149645474546	104.3298945409492	92.71011645193219	102.3301408087814	102.1555524336221	100.1293396520097	93.24601942448504	75.69694664192683	83.59309758788199	111.3785797802291	89.973817250034	93.99508210574315	88.59726616782699	89.95280966074297	110.4689372652533	96.13165673810278	66.57823510193096	97.94125108789893	81.34368896068925	87.62187689578366	104.9005313753968	93.28416155716639	81.72224986540473	105.1683899419232	87.89656203835386
95.46281524684822	100.2707734343822	88.91308454729267	89.67322881474595	110.9632353252194	92.82325799501113	106.584941978171	89.94886925817134	98.17831525142617	91.77179018484475	87.09937888792578	88.67981636554818	96.94076903072902	87.01481160044131	109.7306060350653	110.294417149703	106.6962849608728	91.19919610092811	87.82012235599286	78.29053268782476	98.51835752059388	89.44858153300356	85.93053383701753	104.3909457884221	102.9685112918382
90.51023100428574	90.53055869781986	80.02955394949564	101.3023708720633	110.1735134781701	106.3734121195893	99.45876940688082	82.05805260122695	88.7101400916149	105.301392536903	104.930391855787	108.7145825310927	94.43135275410242	94.7429679468794	101.2253295003514	94.00968479078686	100.9329529395909	110.0309487762586	84.34627678882471	81.55757174424934	106.1869958625487	107.4829125700151	94.54717830533002	99.4700596485781	88.82868487616426
89.93770715892786	87.15720645299254	81.77545592924166	93.62998131840689	96.55084872818736	112.7609007315748	88.14001636477798	75.74064454218465	108.8121017034051	99.54999249450529	104.1398179065522	83.9672461803552	101.6266144230385	104.6913039526248	113.3346003083189	93.36189988692075	72.65781381503975	84.86306044642131	94.53592162638469	97.41165581917949	91.36000750907488	87.23384638591344	91.99819714219187	106.7273165296121	114.1690694917339
86.61564658395048	107.8962477726409	94.75560431338263	80.05321062208478	99.3398190009115	110.185296644856	110.097661118374	69.62558945748931	87.49977166685314	106.9167465003641	90.17831406450294	98.26551735462778	88.68643302948935	101.6058833469041	87.95098182599226	111.9408795155906	78.36324810402296	91.34176964425232	69.60454670605716	85.76610011592564	96.77475488012875	99.28559917826757	78.54357852293603	106.9823936253671	101.5720369221617
