96.97302924595031	92.25637718554714	98.45559839379696	101.1235232507321	104.3961337666992	97.6099743414469	99.41639337584961	91.26269621749118	102.3253055400793	97.89872194210476	103.0542513544669	92.94585753269823	94.78233436492573	96.0011891108154	91.87927176054819	100.6998997974582	95.69473626784016	106.6771549201644	105.207883729681	95.51021860213054	95.70843647120165	94.0319538576824	100.6919362639051	97.54138895532496	95.96437240206816
87.68153453271476	97.6419545315439	93.91828473978866	93.44475267613684	100.1380398915412	96.1954759327128	90.57410057611128	92.48506700160738	99.13846809085216	101.8925943665534	97.24635883315619	98.43431556958893	102.4084074517434	100.2297064082251	96.8931454987504	89.66875204460837	91.80856834195605	100.7480596543836	98.47176478341889	98.51439072029314	102.9106263618265	101.2610098853134	103.7324707476969	105.0627671653772	92.99418311532934
88.60141914946459	97.60458066227817	103.701013887791	99.22016269360202	95.72509815702537	92.54742887570266	88.0537131384088	95.93853377573878	94.08562101993947	96.33524114343481	90.70394209861367	106.3866685425103	94.670463649675	102.3635767165202	93.34474869942686	93.43714044621298	104.1118953383962	101.6112326779268	95.37081748459282	104.9146071405829	87.50026794556824	102.2981416703895	94.9364384891265	96.68804895928803	90.97165492199554
96.65927911723885	93.15020268165378	99.2151849684119	93.87759084965315	92.26103436319723	98.41726272366726	92.19252789946367	101.0211059508044	99.00015237770903	95.58381571078671	100.2941108993019	97.7642034769293	92.49942630766381	92.86245942797611	96.84914339054299	99.52050674165027	93.59419943537114	102.8913087851818	98.03922236722146	107.2289602926663	100.3516028657728	103.6720601665053	103.9271393568318	92.10633229249045	98.97160614635155
103.1836973427305	103.1367020170665	97.69392220848925	101.2430469018262	106.0083617002434	105.6972897135665	103.4176134416413	95.52123685520523	102.9663772247507	101.9175297759655	103.7246788540514	103.4731004567506	98.3730547748131	97.29832764703879	102.7279744206254	96.09053396279513	97.10008390299483	99.15411312414219	95.98311084356578	103.5654402666398	103.191650209975	92.74765020033379	99.01001898951424	104.7248743291267	93.40180853780289
95.3966720928601	102.4302349729913	102.7863278088073	102.0469230611274	103.8734241234177	95.60044012665949	99.75117671446752	102.2860727623026	104.0383113678063	100.7578813754559	102.7283854906311	97.24361256382058	95.33648210301803	105.4441428604987	88.83665117536164	98.86553806577665	98.97743491902594	94.82682403773043	104.5344313897256	95.15084853752467	91.87479037526646	91.33962672356768	92.40614981866516	101.0529458016064	103.0824198336349
93.53504822076654	98.4025527076391	96.99749884293202	100.0699292269517	99.07455850193585	100.5898465919628	101.6340189313427	92.36856345176699	98.80163844584116	106.5951205415381	92.85534824473831	99.25728534783546	96.20981161915469	104.7000559815052	90.54690560124224	100.4283979843829	97.74151984989717	104.3199712527115	100.9897691763198	99.9058871559281	95.92668915886057	94.98575461628485	93.14689126378607	104.4434312162462	101.6846237656365
104.6841302662236	105.1361396034521	95.92990623726187	93.55327194459949	97.68791090512438	105.875364819939	96.62536271582255	98.60706571624557	96.87827856987505	97.93412020450828	98.05401153140799	104.2072479573816	106.4897148973807	96.03663056910801	102.5257781920082	97.89444580708937	93.48654930717505	104.7743024621479	98.44001513851771	96.36808264424832	102.0173788809579	105.3718927190925	88.98768750322033	93.61028614437916	91.75792010051504
96.26497868820692	102.46891784239	100.9806028437234	100.7853635906925	93.59252058576217	97.90828693271871	92.98333973857076	94.57594061835169	92.29144921806294	101.4853520098502	105.8880677431081	106.9054313385292	100.667521972278	95.14736493941804	95.66351802763973	97.57937071835072	90.42589647196918	94.86748423409847	102.9550810192514	91.43498773983903	93.42684887929097	98.50890951441224	96.54775306352664	104.3037561900049	96.66005881191113
87.7869713826598	94.3833578114851	103.9184362064121	106.3589463637701	94.09011318626611	103.105743132655	94.90309439224879	101.3307875253195	97.43305796936751	92.94299629051748	104.5844051871098	94.1088441899407	97.83440700964965	95.61977217845202	94.43654131481595	103.4474357509977	102.3325705640337	93.57691960812417	101.3822284680024	103.9310846728225	102.5990122725924	102.0822897984712	94.59456608175758	106.4061227223602	101.6915853971077
102.8448654392113	103.1221986019138	105.1385099047304	102.0765351132864	101.0314149339814	99.53635027143751	93.67775876092902	99.43636650745711	95.46636329603778	104.4235969697229	106.5728099197299	104.8051923839353	93.95990271513071	101.7573736918014	103.5210544831813	93.71246889414695	96.32621196808057	99.63249651455575	97.68521956954572	90.66495033936935	104.6638957043845	101.5535778992719	98.02836046438877	95.81597069818187	94.31285870129531
96.81915035291033	95.02104900600622	93.05258062576712	101.1756060283666	100.3073455119387	102.4795860885447	97.90864133504671	95.3568247056084	101.66833656012	101.1928552739823	93.56901358164393	102.1514788542328	93.87894268073777	101.1190650659204	94.10238146680561	96.83527312996968	89.50564120426772	97.06890847261984	92.9754555869487	102.3351498295291	92.42539245287188	99.21147082966692	96.61999975348182	96.31507396867535	95.45536764567527
88.99042173587529	91.80855054825074	97.36539797758725	103.3897267915444	96.03008511453204	95.63751603892315	99.16166210517419	95.47370925936444	93.99459030459255	98.66512570440221	92.45188221428045	105.9278856835024	95.56803243206863	94.45206485279823	101.6062863261434	96.52796544578334	92.59630049824594	106.7230280585796	103.8083508077537	98.76344644437151	92.15091883933087	100.3701117183676	103.5553615668437	107.1883595724837	95.20128765974704
102.7269832197128	92.56968799304887	96.52678803761158	105.9308488424411	101.6453754794272	99.37746298735625	92.85865122103543	100.6067740449177	92.72007574186551	92.94607905973967	95.72918209553667	97.05122437000472	106.2536144921916	94.57214177712154	102.5766407444661	93.91616225089388	101.6710051095692	106.7134451978878	99.57121031233984	95.35845394548403	91.67208134622452	99.39201526491564	97.04785336591264	92.80742130345705	92.75061295975097
100.8531536048715	100.0282892884267	103.5476508885522	96.85726661045621	92.95864278074899	106.210941957585	103.5082160018801	99.62966123845507	99.42105130690217	100.0098509636194	100.4181416805989	101.8218474868405	98.16857531088802	98.87404843257072	93.79823629441096	98.19523294267918	99.38846903114552	93.88238583737083	96.84182261602217	101.234744980728	103.1685336505995	104.3435810224362	91.71578931026141	95.40673338922694	106.556635719764
101.3644234131292	101.5013750624835	103.7932843882118	94.93384715663542	105.3062482464164	95.8489946018632	103.7521907239531	97.3559802334342	105.9538670016632	97.50492510616608	94.4110560881377	103.0599998474701	97.14883369941364	98.13302676820481	103.2726749307777	95.45825072292878	91.77284160900861	102.8903191247506	103.3188411663432	90.3684930357102	104.1027485992225	97.26641376346318	97.95399712884932	94.46224392557951	101.5114633970433
104.6212287224219	98.06500077993378	92.10580980152434	90.98917798375371	103.0413216278605	105.3404925748334	96.83711219152245	91.89482749803339	101.6068336813473	95.90285275373368	98.05463322605569	100.9067846945482	97.35893624806658	103.5007987158901	98.63539366147197	93.66675931039799	100.5820329399404	104.7791912493754	100.6540044160313	96.85956784624931	101.078798506368	95.06372955620961	98.42384094635042	93.43801248875575	96.57252097097111
104.9766786573362	100.5157010622951	100.638882556773	104.5958623705997	97.68742982855967	101.8037525053276	101.0634179002756	99.95294356155566	96.58773220353177	95.54932735947914	103.1088413148453	103.8168191976097	95.0619090681319	92.72696941262822	101.6623542381146	102.5860322675319	100.6110366908365	104.1063785153683	91.04665527290649	90.59914754247512	102.1391705862932	93.76382440743694	99.5599327967648	103.4074237760291	102.2733326297429
104.1920424269603	94.4160853731447	104.516267563305	105.3298082812703	98.1250060936668	96.61287835177546	99.03723170523462	94.06262179432633	102.5468645372562	102.7069361609863	93.64697273131543	94.76723981482417	98.6405232465863	97.32273644779771	94.19877965316078	99.8148786998695	101.2384937643307	97.01410517618224	96.41849626737377	102.8064540757864	102.3221781697319	102.0588910802852	92.11010801935225	97.89361376410085	100.9816374912958
99.35368384337373	98.91901884458861	91.43176185859315	94.0060249938058	98.25559621800157	96.85374976806479	96.59687221291655	89.52006444659243	95.55246913897844	94.39429357773659	97.25822170554196	102.0065171502632	92.40862972385392	96.80540154665833	103.6785969155803	100.4183946469596	95.03267890440031	104.7273711680438	94.05612554633622	93.4009882520034	101.9447966809349	93.5441783227997	100.0840236562277	92.71760583222117	93.15657187154034
89.13322773668266	95.13871025227289	94.61344321642801	93.72586399231697	104.0312935530271	102.2829189007281	100.2263323369451	94.79987262416519	93.11267407058592	95.86188267037609	98.9426125681989	104.9799068773474	102.7720082439132	95.47402253904518	93.31327282591928	98.69120760187378	101.427752535794	95.85248464310689	91.38484593873029	99.72504716791624	104.8649579329972	106.581959332503	98.77866461686425	96.01271266430585	102.0272642517466
101.9934975871181	103.161294874938	94.66113069115295	104.9619243578719	93.63437647048474	98.28372279982953	93.05960723465832	96.75525053202693	105.495073791671	101.0003546004805	102.326738706085	97.60404941482102	106.62249127875	99.16918054821548	95.74784726755641	91.58062073214739	96.65608003324877	105.8921106162601	93.97270230108282	98.7969842639622	105.4207750151512	95.87376434101611	99.28144697351229	95.23585313673897	95.19133552344603
98.80557689309802	99.77877882995239	96.57312889802675	104.144672180015	90.82900253822736	97.79112132374129	101.9342548920265	93.83328752267288	98.31811161586052	104.7491879036005	98.40098836873565	98.51049543644152	99.9272397769995	94.88707829947707	95.94062073566539	91.65605068423318	94.93178309230822	95.62617039611942	101.6639689192959	96.49462729540116	92.94437868885773	93.02340541899984	95.44606940610115	98.33632737610881	89.13664029445813
92.03800060532441	97.86286300331757	104.7762481276283	104.657634788858	97.78547041665102	92.54303575416573	90.79180664573364	96.31213418388374	101.0308475875441	106.4516816676884	104.2778213122165	101.6139253962619	104.9610339205367	106.4465186063123	103.3510468652428	97.35054920717684	92.32284063786952	95.40792825848155	91.6760106654158	96.46599349344136	93.22636679489912	94.56933486506617	98.2424736231783	104.6663533226715	92.40786447058285
93.89861748481644	101.1514134842209	99.77440174883674	93.14235682923275	102.8130629930883	102.0047418507605	104.0538590014529	91.22437691656742	105.2663956323812	106.5098957977494	107.0114110621201	93.38223388622077	99.51559443286928	98.73326129147048	103.838222620893	97.02522751183064	103.9730948342463	105.3291100449109	103.4443748005378	102.1253599132231	105.4768450669576	98.59710423482046	95.32645807819185	94.50966881407146	94.3378716694031
96.15198190331955	97.80764469651963	93.03498856143504	100.9897572249648	92.38858676601825	103.4412993187552	103.7139726729246	98.27145946613112	95.99367896236869	102.42982487843	94.42932084016394	95.37206714468842	106.5143519683564	103.8553975200708	91.13639707069586	101.0924106459584	102.5462363790507	105.3058473862156	103.8767064376928	95.76072252081735	105.046236233884	103.8953381664228	103.6941288603261	101.7771726139354	96.39453943503982
98.22680073245903	92.65870341702997	92.49447006365715	92.3974635730933	95.57302035005719	99.06269842394326	101.01387898658	101.3760332953179	105.7497975244666	103.1953731783325	103.1320986118084	103.6138733788485	101.804951830503	106.1971808095135	92.02614107087173	99.65657836381131	95.81587945098975	99.07245833527232	101.2956192426877	92.76785907824333	101.0316466626471	94.40520824876597	95.59326497534154	92.96119960193076	96.94947995411083
95.79491959408148	93.97397132813867	101.4220523575101	95.76310973791863	99.11910364334133	102.9103729944523	92.48527057858045	91.57291761127321	91.65792907925274	106.1209910969936	98.57846089284925	95.21019550871249	97.56757780893697	106.5003486566656	93.68807022131136	91.82958907796863	92.71915728223205	103.6786687062259	103.8522926701839	100.7465767372327	97.20742729963311	105.007153603261	103.493816050064	100.0170822902109	104.9167605790907
93.91793287552225	92.78018570284829	96.43049437980156	95.60357967214368	95.1265801988435	95.95692677623263	95.51079100307031	91.33810802036905	100.3128330358282	103.8116587145747	104.9707574223213	97.66567491122311	91.81258873069234	91.88394860430867	94.3982145094633	93.39438202708091	89.28580929633736	96.89496840392162	89.12394136686596	92.5967792442168	96.4633464686447	95.47611973055086	89.11002210229398	104.4862756884586	99.41787253430816
101.3325430843819	106.3016355697406	96.97268915130411	93.55247563131343	97.49286267029015	93.55060936152894	106.1019196870297	91.85989402787078	101.8159550314706	92.62810174764097	96.56742864444988	98.2012051789322	91.85610027403295	95.65466277190967	95.28087465457223	103.8212884605555	95.08669547048105	103.5091681218128	83.92448091146181	87.72197656477287	92.91725441326798	95.95152029689284	90.85802651287311	105.5173026032006	98.43788097147547
104.4986031397031	103.8596101566229	91.28522379399666	86.65395365834685	102.9788630508207	104.5552244643252	94.61046638613543	87.42931309864406	100.516448977555	106.1051180243075	99.50551827811623	88.28726036713311	100.1376160194792	96.41207392128501	106.1471101999927	107.3110569877883	83.53754534522844	94.80133137979432	92.96147456312193	90.24895982126249	98.32035534948557	94.62480505970801	81.17586568657843	100.1636178770711	102.5945860056924
94.05571131515472	104.6151103184861	95.95777674999309	101.4413613621033	99.31503720043607	93.56600851203227	97.51611095553237	98.83886408746184	106.3085673979005	93.87181247259146	93.99237290704909	91.78700728941625	104.8254614363447	96.10266594151587	94.59556818368105	103.0582313331185	96.85200323866906	102.4445281515086	99.20101428159346	93.17821549963747	97.66456500151132	96.37229639387105	94.77959391162585	102.8570664544335	96.90759412478336
98.52929182870616	94.30813175959604	101.0428780391647	100.2951893462951	97.69713029230026	105.1748166266243	100.8234661372894	89.37025553708551	99.94375979077972	101.7379511435263	96.11123198948891	106.6910458686444	98.38921939631919	102.9733659908299	105.2651238719697	103.0401497844927	94.04158551283473	98.20574871213799	95.78534946048403	102.1444541387872	97.28869256891866	99.06125024401207	97.941900048946	103.3988322089138	96.82734175015659
94.49933400429978	102.8385704988331	96.21787119957665	98.50620338001877	94.97133472136942	107.0907829154023	106.79849872561	86.40215057547489	95.52101602090934	98.19367579312186	95.48624417657398	89.22001096697964	93.28156169813383	92.9928875375919	105.5139796353502	104.8189435233622	91.85784578245962	97.35264368438685	95.02328651099695	87.96939774643157	98.92936655467733	100.3540732043697	93.82355132613071	102.1086308365164	99.8550260150221
92.80308631424649	103.3815579577863	96.45921926171685	92.47741658185738	105.0904551423233	104.5361092764875	92.34262216197335	94.77475744609151	99.95039218203607	100.7437523068171	103.6140094514376	98.29344451150169	103.1505788943576	93.66487776877794	103.7457973701884	91.56689081581015	92.55187304728474	105.6203009087916	93.21712628341609	100.8567726204508	103.1805717076765	94.22656696251957	97.19506227281798	101.203642045263	101.5587056986576
93.40919434290127	94.96104073704592	90.7800987735733	92.92478613368857	103.173770092026	95.75392572926957	100.8638036436562	91.25906654299907	105.1988850893611	104.6150812539991	92.88633937053923	94.89887783322355	100.4022071849007	101.6010553439361	102.922519989415	96.00706441925915	94.5817878714646	103.257181697959	92.73562845946671	89.95909177601514	96.38920339184889	106.1351582799866	94.75044820492322	104.9684298402363	104.2407083015313
103.4296650652242	93.61168591786796	90.17301001818538	91.75227239854124	106.4905158257324	93.78053337169182	104.0318539972281	95.63349655599714	104.4447790003946	101.7037427043592	100.2722991021778	99.97264677537231	93.33365540889808	106.5101181458738	98.36960380871922	98.38413132075084	89.93601259501445	103.2709833498733	95.42105547376599	88.54548007162389	100.0140083196976	103.0563820918799	91.6248504526653	103.3984063711439	100.0527315294276
95.20439005525193	100.5298700126663	92.65020428142385	95.41059897022055	93.41185861834383	96.03633822680578	97.58333973378768	85.16861875201793	97.31259362667899	93.29283688301038	103.0032082399805	93.17784575395507	96.03196047242753	97.71427693447897	95.12853714330008	94.31587503471839	91.09489572951902	101.4554099819568	86.5005401152214	95.61783508097271	102.8079928125551	96.47102249362278	91.20730977467964	91.85212270995925	92.53149133613353
106.4950394565851	98.11919037462125	93.78401795842541	94.63585022450542	98.06366726671038	94.63371853998652	92.27027068432177	98.62781480229076	101.7499290777368	101.5862386514493	105.2533399414693	102.0166044738958	104.2794433008529	100.8601973549586	93.09550182961057	100.2736824768655	84.73791731470402	104.941629405881	100.2131375535949	91.23386388570626	94.07419111360629	94.8663918890304	94.8964992049967	94.06258787774689	103.5641233571517
98.17638605061711	99.78076878992655	96.24336309667548	98.36244440465745	93.35770428514778	104.2939456793596	95.47388627822173	83.20315148877008	106.8446818822486	105.1269849805445	104.9598136950138	94.5797368366327	96.04531238864601	92.78831005195897	104.8932587916456	106.9953750236268	83.28890558040119	92.706831066193	92.62926677086394	83.55669029275661	92.87552836500464	98.01174670870135	86.32948601684657	96.18725019410269	97.26880612648658
100.4388063480976	92.6419402413986	96.82064758515743	96.49813306585911	93.77023186172094	92.7985857220343	94.44454359001077	89.22678666045132	96.14067942288024	96.66508722175148	99.668586864253	93.8031661318218	91.40942087636353	105.0477159888298	93.62258637590318	102.318654758816	84.55232048149519	95.77431411976113	88.10072557404587	93.46320240335827	97.1402495617058	104.2172208405021	98.26563711421809	96.63512441533133	106.0352148124789
96.98870963600994	106.4248415569649	93.34952642985202	89.45678258781689	101.5411122815692	100.3820414917846	103.6539751624383	85.9028112121396	103.89940175777	105.6979368327404	98.60135056187931	95.20623565523638	87.05674972753508	98.09030988385605	95.49855369656379	98.1370781412551	85.30249121619448	93.16215390182357	85.30248639095163	87.08327363854684	96.86483162985999	104.8210973936218	77.07754065733415	99.54151326759995	97.34005110766515
105.5820205015311	95.27139172832359	102.0627745403214	95.66145104322561	100.9628494776729	97.48303137237947	98.89084382814235	96.82501468031771	103.7750773430646	100.8613104436862	96.3408768221537	89.8128296721908	99.45070850568221	99.37911113070822	95.52764981988287	100.560559331655	91.65153423088675	100.7134702848913	87.77862955564217	93.64427296643541	95.5784750289468	95.37236595964919	96.75205023272352	98.16735155220631	103.1359275017157
97.55311578038693	102.7557562297071	97.91628864339357	92.52402347453891	98.56579621511106	97.70058593059578	99.91604482709563	87.47064296988509	99.57894177018649	104.9166613202379	94.99498339268665	98.34388163993263	93.67131237535851	98.96688022989562	94.11178371928163	93.8561698959177	92.49551618788647	97.02359640788939	87.96320850534897	97.2400549082562	105.9256008779002	97.08384478602821	93.47230922030391	99.87909504478672	96.24578957048764
93.5978292588014	100.165590053716	88.62197570422252	97.8518234441769	97.38364633548561	93.602624086288	105.3939108177438	88.42012084586618	101.5126954468706	101.7431290681236	92.47433244509358	91.56370894536988	97.93583729429326	90.82422980426144	106.1658566834141	103.199738029797	87.49929572356046	95.34631532573377	93.66253081223853	81.91844877668134	97.86869427954066	92.57136447185741	87.86922279998258	99.05261456002219	100.8518463356496
106.1006601140004	102.9714156837679	91.40863143038425	86.91619568373697	94.9735267309286	101.5543726743797	91.77560486031669	78.25635949502937	90.9583108064614	98.51705936791426	101.8711522779542	91.35936338594148	88.32501732004307	87.82565638585791	94.94178799288508	105.7431654423158	82.99479976843593	86.50598692656524	79.92561034872338	84.68448065313568	105.3792916818323	92.24068134826803	86.72914867803783	95.28722341608835	101.0591988375083
96.87755451316616	106.6294305903822	95.12481961102282	97.52607341719573	102.7154170476109	98.16448154321543	105.4217640056946	88.17343184590656	96.37400613767893	105.9563942350857	97.76447782299269	92.71073177176612	92.59151086461715	97.77424174666709	103.9996882713792	103.5486648308177	86.17663592222624	94.39785893269226	92.24576642366527	97.53062095436238	106.5526255347919	101.2548685840024	90.29871055453957	94.69349680170386	100.5853677354751
97.57232961800214	93.4362441834358	87.57755642074842	102.3535107475374	101.0577214036588	101.8232920249678	102.4781574256111	84.86990112881627	100.8408269606128	100.6079090898333	101.0943448537688	92.9179629424756	98.43325925441272	92.15741168365535	100.720774986859	105.5074055770649	86.00955256339094	98.22207064510879	89.10544350164719	86.35560357568308	99.03672895875077	105.6680029989123	98.59246223888573	105.9142089111233	98.63236940360599
97.56068445573231	101.0635279395069	84.38879027480523	90.90447406891326	99.38792789650273	102.2618880363971	99.78699012237017	87.97823484663095	96.88912730085546	98.18476182906031	95.59368459108664	86.86456276976475	90.01070266857867	98.23188931295897	95.07963742462546	104.2877647920673	89.15489750080732	98.64934240529801	91.17127058097105	85.49810544998613	104.1282121958763	94.76570081793238	92.38851709539962	95.73208631496792	93.04453849219196
104.9793903611935	102.0095403714611	89.58343394068562	94.05546052170362	94.79851134453814	94.33412067904131	94.31813162322796	77.7013915837848	94.80719715005901	100.0354282759273	96.9348557064062	89.55257065991995	92.27067559243196	100.2510599206711	94.50887486950299	96.32711397420567	85.5281820703261	93.20546505898074	83.96861869301701	83.30033999055388	104.4269436458742	90.5385074523535	78.58555441494944	100.5353489096696	94.85116940959429
