102.4457414813739	100.4739311900198	96.00976874225501	105.020110606566	93.12117826048642	92.83689829427369	97.36120036524881	92.58962738965784	101.2848844033712	90.89625590304017	105.21847278259	100.7339788352778	102.4762460048603	103.9966714086783	97.34389184908778	101.5934730225472	95.07008728820256	94.19712018765138	95.64876892055022	97.7809014340955	96.46350351682106	105.0621872048559	97.03676125715532	102.6681413730308	89.80084937432183
91.32604855330801	92.00836722488218	92.09222504115182	101.6292954410894	99.87244829400392	97.53714702261951	99.88217289598191	95.62465192224569	101.8264300745707	92.12236742993322	102.7806284059747	106.968195230192	92.34740215383498	105.1052780497936	94.19914875983913	100.3816553884626	100.3977663832537	96.86692571582464	99.15284492511296	91.09159194970847	102.0065734998198	98.81691550127341	103.1826877092093	106.8591829958513	100.9665114612666
89.81643939327617	96.57796936314138	101.7972305158839	106.2151865611589	101.3622185201232	104.4434652181523	98.96786463709677	98.39899283727452	92.93629748130661	106.0117616680456	101.45544267644	97.00866585344708	102.1825635451641	93.68168199529936	101.0241111064671	104.0745508091154	90.37942965310771	99.45943305751476	101.6006383365571	96.57775385357979	93.68622717400252	101.9159178981947	103.6286772724518	95.63273406212149	94.04314802118587
87.10201125743737	94.41816274678769	97.74610795711894	105.6826643446419	94.0102014677674	95.17772038124335	96.94308185823647	99.90499043425612	102.708285262139	101.960992878053	98.66537441114346	97.36502973885064	96.03438147162704	91.16374366418565	98.9726117945541	90.28461568100712	96.69965696028473	99.61887210794943	106.8693839400062	104.0142712679423	95.91589785177268	99.01939340980141	97.77530360717726	105.0324296940345	99.55738861770574
93.30064790105681	100.9912378549419	98.78140143645398	97.16436053068141	101.1050306746485	96.53790896588006	90.40188296351496	95.00531070851981	96.76930193324611	98.20775423170893	100.8876136664312	92.84222639493647	101.0280765996777	99.70835896927025	89.067761619688	92.49914614133442	96.96781971773623	99.7577298081635	97.29825984018696	93.98751431777742	91.1410618704446	105.0746152791845	98.66207472154933	98.61003797631824	94.04425370378308
101.6387016686839	95.89448630320446	92.11956700362475	96.32158204927629	106.0921989977797	103.5123000833644	102.2579565660526	92.10225380560809	101.7905065895969	95.11920798892574	106.2921060836024	99.60962272287203	96.61404589809007	106.8283469456363	97.79927751166885	94.75344753458039	97.36625442818321	99.20601801767789	87.97039475786765	100.6668203061681	92.65788042281538	99.16327293806552	97.53691163146976	94.23311580139438	94.57935528507898
91.26222789616712	90.45395442946096	97.74668212326451	94.42513360639362	95.84977070380455	94.22693188475806	87.95408834641559	92.00500778758915	105.1875461044736	97.69981675054066	105.764683164089	94.30657523923982	103.9962421178089	98.14866680593339	98.19483037212098	88.94398433274384	100.6356050334786	103.013244129646	105.8805986206734	105.2107924383289	101.6988666538926	93.95245969559727	104.6848698625201	97.0565131780691	100.4380389382911
90.15239987048915	98.61050713895187	92.46926989439235	103.0842915212969	101.1012793510394	96.93908926263529	91.70221691637371	95.50037136533255	101.0432111249852	102.0345495647339	96.03439342802116	105.8090612026211	96.54687033744662	96.44876771447146	91.00908442963711	92.34472208238257	94.87122061884659	100.2265509548127	95.70725411265489	93.18197552052978	94.99490835777175	96.2150464503688	103.153734144814	106.1703088777855	93.62865195326778
105.544557792363	99.53235468141634	98.80592029823262	89.93921781121769	98.38362579883372	94.05634438237306	96.82996540558462	94.75939846661782	97.37740554818713	95.324264071036	101.8955700310406	103.5647895556253	104.6237920316176	106.4769769035906	97.2280432603574	102.6260568117658	99.07796878468992	99.80653038709106	90.54927062645362	90.85609119906309	104.8300632398291	105.1258053993293	89.27848319805207	106.8787830354974	100.1218037374817
91.54519978177852	102.6337442346409	92.2263347751548	97.62439849295295	95.52893973762453	95.78632282500864	102.7070459467117	99.09829802706156	97.52040788596364	105.0215370657768	101.3247782949341	103.8371998148902	100.6988977555259	107.4912058988529	90.74299876516466	104.644688514409	92.28226265834124	98.37017405429216	96.66028682333138	96.34320239083394	98.72323410796206	104.60897637993	93.3502024795241	103.1053950138134	105.0742455453494
97.97040392824033	104.7806274411397	103.8298631547983	101.6753803794449	103.6949369214339	101.5515207274867	103.3879175778322	88.45962255848411	97.04516821467209	93.74396737318655	94.06980535264978	100.9733382624066	93.71443542684482	103.7528969326553	93.26574164433656	102.4940290771603	100.5122702511911	101.9048757000927	102.3240906339315	95.59206704289205	96.62721169579895	100.2688743969812	100.5703782432735	98.88996836588088	96.54217905294765
95.21387880231508	103.5303300488855	91.35556134799918	94.71269864526927	94.98484856601713	94.31913669771389	93.09683268008206	96.10379207399646	97.04848011838985	100.6746290454898	104.2439522743254	103.3164472558917	93.67150371243234	98.31242547791123	105.0295310277629	94.8302337174721	90.72043616959974	94.85016506284687	90.9107920245918	103.561401026404	97.32244146419298	104.5778673332567	90.83383425539664	97.02903442305126	93.11610707653348
93.3548900854309	102.2540464148198	102.6056190764644	96.5421064864222	98.23316257185654	104.2435866275758	95.86105833996798	105.4834677556726	96.61184962596747	98.52759853589687	101.4502790674719	100.9878510525699	97.40455314439556	102.7760910127301	99.83827925835344	92.27471596737331	92.5206034459963	99.81924724231052	105.8551887696536	94.39514101468735	93.43596121136183	95.51687760491157	104.43969829599	99.88406012475298	96.18228874966475
105.0549568143573	99.49954421229319	97.31988040774603	96.92121345208982	94.50212547201957	100.1272827817497	98.3823186648406	103.4001709072469	94.25829043365177	106.9903552873147	104.6750534044487	99.28196761090214	104.8332995173504	98.37310614901932	99.15791884763424	96.866183589625	89.1474332851981	95.88103114492591	94.08078843074421	90.27414548811615	98.22068091955433	98.86816959231037	103.3967074161034	103.4623066543604	103.7844765848443
94.35127475738756	101.3565566955626	105.2168670326299	107.3699859442909	103.1209305748471	99.35158351180137	99.38496532398231	101.2656287228653	100.9049159752038	93.74609045750711	106.5603952318642	97.32070827242157	94.73388653509386	107.1512156751495	88.88292916183765	99.51180356396122	101.51663367028	92.76821411603662	95.90247945142411	106.2456902855887	100.0777871352436	99.71212097643607	93.21042468938472	95.37144313056331	90.66582688637008
102.022885136816	100.8858478016125	103.913700685604	93.05741119487345	97.49312433859565	96.25106563247742	93.04270807576748	99.69649818520939	101.6975337861859	105.3003588937095	97.3492682632906	97.23308135994326	92.41666952483494	100.5257247183013	92.76881293786816	105.4520166999292	87.89895886461704	95.13350842756532	97.27992677886274	88.37757344969162	104.4169454379585	103.0949743197617	97.32678367706283	107.0856601265203	106.8237218383689
91.71685428478381	101.2444775435223	105.4291873019768	105.6257486238664	106.3911506580875	101.785846485982	97.56948473637382	94.35991464271227	105.2886018045203	100.9647631931043	107.2902641378971	104.961160317991	97.12626158543583	104.5436342516019	92.8751559687779	104.4029674302086	100.5545318345473	105.1450798052845	93.5027465035966	93.96116810097901	98.21092006415485	92.52489084661973	103.8026201035677	104.447492106662	91.87500364486327
98.23037706581657	96.27191959329663	99.53075532454925	100.802728147057	96.66119098120106	106.6620190636586	101.2993980234449	103.7167727648022	102.6232614616335	97.18713522115951	97.41275963151632	97.83223538978794	97.76551522086731	106.1513663342381	102.5905080734815	106.0238680851133	98.02289585007493	94.7062699820255	98.92323352235456	91.94353064884281	101.3947573267727	101.2643898298258	92.30925509236661	98.81583501735842	93.19782578333268
104.068468193626	98.01620145022497	99.00261753450141	92.20742220442543	100.6805797140675	107.1651588843747	107.2716496703922	89.07910857146707	103.9117629788081	104.1444396664162	95.12268910724535	96.02650599968256	104.368551148999	104.5297802425389	99.85837009987543	104.3923259601076	92.69470499055394	93.06649274963149	98.92136854353851	93.59605670882689	101.1178555614883	97.07254171209905	97.75154853784542	100.0707680957415	105.2985623515171
93.15948056400832	101.580057572847	93.48898390777703	89.919367347011	101.7009488244522	102.0867933166155	103.8811583035177	90.68369498286036	93.73186126185458	105.9188281284482	95.58329260803464	99.98485936500994	92.1610511204906	97.8419305015949	93.26481221505836	104.6465643072279	90.95564515261657	99.98227016537049	92.44620158613724	99.56500047342936	96.98356739532143	105.1941652372582	85.82463524045377	106.8222943867602	106.3722346443769
95.81934061575463	96.2070643738855	100.4563593680491	92.43106699401591	94.89737574540862	99.14038575509124	97.15321340587268	94.11943407818887	100.38466288196	98.44338201992628	103.2783541057505	94.20243709996258	101.2844102184997	94.25623522125721	101.0424017616176	91.47136833299814	102.6078803780268	99.90715249436859	96.61920093246188	96.49967513417199	105.9151246190884	106.9789078294124	98.08363081631592	107.2443574538638	98.87407589780962
91.9405544942682	94.51138213883375	103.2475119301689	101.6094265675794	105.000231740703	105.4802004349026	100.6381899816831	102.7485085256201	95.11069615592592	97.01406299645856	99.52744621382415	96.86633902461355	98.79073250937782	96.36399355922602	95.97938338861526	93.49880617125689	93.79920349918734	96.16242105015554	94.51789339440626	97.86361205778164	90.70263322024314	99.58878477029035	99.22370986051804	95.97785431922998	95.05599547772506
99.66369796205515	98.55637648522087	104.8071337216381	95.43720564088477	94.92098884853795	103.5912415025448	103.9244211151794	100.2192784153189	106.6943826163045	103.5650229130404	93.1558811843322	104.1124145876544	103.500509133101	93.46586237775793	92.38996876077373	98.81241165928705	92.29343830158361	98.88462825738009	97.11314138623368	101.058049135366	104.6148947179562	104.8493877081319	92.31610815752958	98.33560718861665	99.89073480335843
96.02399991808365	94.11191032020164	89.46407423330486	103.6517168631529	106.0122678617259	105.2951373605255	99.02557167665361	89.84684265274269	104.7321843523471	104.8384649930932	97.91635623094373	92.25250957344294	104.5192285247843	93.68932645278433	98.73004699500572	99.49241555865126	86.34514643570954	95.71022384686331	96.20555642321625	91.86969100065184	103.585159216655	102.1367204601022	97.68674869005572	102.8567441617295	92.56351174697409
100.4237197770756	98.06228439609177	100.5984543176399	101.2624237916373	106.4010868104509	107.2951373275855	99.50957238347004	97.17048137302376	103.3275439802426	97.31298046626105	101.7332821863394	91.59813291681586	103.8388156984667	104.1570855107069	94.39648997643845	92.07429796251827	89.7696503041892	97.0765970170378	99.80339207882857	101.6602416027742	94.52544169672251	103.3667832196243	96.06759619174306	106.3018559465741	105.9389601113771
94.33893486577465	92.9181132436653	102.70581624568	98.52983618904763	101.2737868538946	99.33791007901824	92.41436303130804	98.86890722168647	105.9830639049878	98.24281472417188	101.9403704979608	94.41557046328306	105.7979458827709	94.31141357039091	97.41140825903724	103.4970854224348	102.236599199493	102.2242021880864	101.2793218550263	93.13942979659949	100.7168431506225	98.60258273841647	96.86720947382533	94.25317918612311	99.2173236657683
92.74310815506473	105.6736077401471	104.8680100224055	94.73938168120607	104.5498129992124	99.93043229378743	100.5865552973316	92.20316995759391	99.81525292409745	94.81387034595699	106.3138946893457	98.38950139667509	103.0792802342744	98.67264821132443	94.15963003074557	103.9889415695606	100.5243710321777	105.4748498268392	98.90470160366201	89.79088477743257	96.04138589946484	96.62170201995622	100.8997304704753	101.622284171649	104.3336530195678
106.6649579189327	106.6152989262599	97.41753720047164	95.5336956466863	105.9510034890939	104.571903457211	96.21765551838573	85.6337117109977	100.5672022631936	98.11589642007668	105.5113397669718	95.16641616734572	95.94898414875156	103.5599829961962	97.98304866861982	98.73883011808023	90.0621124230896	100.4188616818663	92.43059442034873	84.98935515922058	92.63490517891061	93.70329103526682	85.87668216705015	97.18009799853741	95.47695271951592
105.1162271758641	100.1361011724159	94.3431721058694	98.17335758433006	92.84845822988093	103.5964972956494	94.65384817612579	96.19474466400857	98.48125678182483	96.91008651361868	102.2309148342272	104.013944748661	106.8861857641045	101.1376928523798	100.2015062398584	97.7439354061693	89.32364064781262	104.307450947564	100.047909061305	91.11825324154415	102.730623171425	102.7612296355217	96.61437686588113	105.3625569810032	104.0569144676609
96.18378772873939	102.9921125639883	102.9308814833507	102.0549838158463	96.83721792151769	100.5368768271603	100.1011282965471	102.1291631014399	103.9970049747634	101.7150666483636	93.22860890606057	94.45584754029105	97.56899611612651	105.0709879406083	101.4453399417953	104.1551786787397	87.73595753734638	98.11329499821284	99.87594602933184	96.05038329616711	101.1067396382407	92.58399043240554	99.71105155193173	103.429705725899	106.7253251677461
102.5219697052663	101.7753168115829	96.37595598922246	94.96114651475695	102.7606792053419	106.4704765273426	103.0139880893352	97.39455078829693	94.60599166848559	102.1693853974441	101.9566759857184	98.30938282533367	90.8502892031198	96.43492384953993	105.7581613219819	96.44357409061173	95.77353185892434	96.96148897724181	95.31710852287358	89.543809873236	100.7087826830617	100.6183398233235	94.8403710747701	105.3897792526101	100.9516131469153
104.1435417570337	101.0223840099979	97.15691917164946	98.08481554117905	95.51893964953989	99.49065416975617	105.6117619698381	92.43710704105563	94.67901889536118	93.80449580446515	93.83472917418362	91.75380854658351	100.9677829314103	99.27310497386918	95.62063401584206	103.4360994106293	93.09892775387395	100.3458226620478	92.78534786025266	84.12597003320903	92.67386659245015	100.7842636524911	93.14597592144955	90.77929805380714	97.38076515018695
103.0942166746072	96.46983160571384	95.85490385267619	88.42029754096289	96.62815098788673	105.4597732394968	102.1806282231867	81.58611442568116	92.45193156153749	103.9655697346957	99.97789217317248	88.79828827582604	88.83960221347233	97.12957866964705	102.0829760639851	96.29396482153909	88.10994047903	100.5846380692927	94.78686332638047	80.22408008592858	96.29641974513082	105.9543953798334	80.20359625098872	102.8954458978318	93.20592640166615
95.04068346397983	96.51834936975308	96.41715973555866	88.37504701262556	93.98345282629083	101.52971114992	101.323069787882	83.22427300632224	106.3848070618758	92.96054451538232	102.2901074002314	102.3405036266101	90.45101927891697	101.9830193297831	106.0619189024899	106.5362368300797	96.12946880858814	94.33796299719067	87.46237149207406	87.41812735176759	93.34999560232437	107.0662569382308	88.49702856513385	96.32431012137371	100.5245677533326
101.1923020505265	95.35265734771217	92.55033778758413	86.19332215683953	93.69194498570343	100.0512501071588	107.217579692706	92.65928092980586	102.2177539319773	98.60803131504538	103.0839837909052	92.32075870082588	88.69530225848675	90.85898605970328	105.2008793614638	99.96150358395377	83.05228722600519	93.554773646611	83.0229072063045	90.66528927733712	93.1865999944564	103.7757804822913	82.56778987667136	91.45381014575594	100.9168456847203
105.1753659094372	92.89964950177634	96.31211036577713	91.83213788413573	103.9829414216523	98.90703023278252	101.7841750757472	94.89552129220138	95.12233557358118	93.03361871455327	103.6874032200793	102.3909841116438	92.43463061208884	90.91210202655355	103.397898724655	99.80743237497403	94.30591491942151	90.52696302538405	89.46672532376829	86.70104967591925	100.6351300428185	92.41238243337396	82.60415836236398	97.64026288622422	98.35974460536775
92.49350142582476	92.26350557152448	103.1381982939535	97.16432149742127	103.4521469970291	102.282632710592	92.58726344323888	96.57972083966239	94.71809177967901	101.4535927404331	106.9271890915371	103.8559887198464	93.97445735240602	101.713093428725	104.0837075939584	98.20097596132774	92.80144153740234	103.5641115078845	93.84890782360897	103.3578817588921	103.2314550520971	104.2035387209663	93.11173083324952	98.75544967745125	100.8838383497102
104.2464554260519	95.08668731330506	101.7437253062682	90.1434230898212	102.5481818897231	93.08644857657485	100.8229497622576	90.58524022572665	96.80235112307065	100.2626520595807	100.7716183067704	99.4943201758048	97.57838238639937	105.499489212393	104.5581058059823	93.06435452818597	96.96281248265797	92.39715124176244	86.83523326119692	97.41327383405607	106.1568413138087	96.80211898955773	83.69223224767801	94.88666370638808	100.3013644643294
102.863969212691	91.64373852087094	92.82510128284601	98.71690539265532	105.9172064867084	97.62656840777761	96.4640203081274	90.43527076682155	96.28358459719719	104.717830267712	96.35262369145319	103.4460518667435	101.3222644667487	100.7432151694987	102.9193346073072	97.30655038199633	100.2276758987148	104.5879984874595	103.9671070473186	90.71655669481329	95.58174982840977	102.6890249866875	94.63745544562646	100.9828413530886	105.4483870781312
105.5045773444924	95.04695730432725	99.51528052255024	94.28440819148236	94.76889330980394	96.17317911705929	102.7775921464607	94.59678263600037	106.1536897026225	94.2139843584837	105.5982117902344	91.02519433180439	96.50921620747256	95.25801774731617	102.8220221843105	95.02029413400041	99.00799733575144	98.14885269861696	96.33932569348151	92.62594504614388	95.80931789026501	101.4340234380191	91.84529245319804	94.11094374034893	93.3603808318661
99.47696667827609	94.8132807714066	90.64908933560494	93.81806712096615	99.42865628695782	103.8252200863014	96.24249265513424	94.81015472906064	99.40319376904941	102.0311939084565	92.82569851086971	96.69314807253805	100.2694159081441	100.0714335254821	102.6386851163556	102.1945740902657	82.48882057884458	103.6614916416268	91.29266899629695	94.86833622694201	95.81476933879419	107.4170730896689	93.04068524277291	96.70926391328082	96.18114630815506
101.7727511778259	99.82957554261122	88.22032249433916	89.31150682303441	101.6846010627945	106.6668317734087	97.56544290773562	92.00506164119962	102.4725050873335	96.04912201675805	96.79971567321445	91.62419293532044	98.84364050337661	99.0012101445335	97.18879096257537	94.66028628438434	94.41134365674392	90.76637541635149	92.35632951480152	94.45898878614484	98.20159179609887	93.9145622277638	85.76706080682995	101.3637498591357	106.0444583128111
93.34327113650933	106.1714652567101	95.47289146745025	101.6413710158004	106.4995121366688	105.677903955811	103.4894974650828	94.63225128230343	101.8558101864233	98.36348754142077	104.4895183000099	95.73541974339075	105.4444364778794	99.72027664157085	102.1513933634756	99.1903277572503	91.92162204331125	103.4213793925156	97.27530919525522	95.42678732780541	104.4201362065325	103.1962443475787	95.02012881169125	99.00297210440337	93.99154490386073
94.55181227085346	101.6371177412224	97.00962904863043	95.9853902895989	99.52954435305493	96.04221079789951	105.6287174330606	94.73067566209174	101.9053392143603	102.7868551374828	103.7313514786297	101.3602088238639	97.46864477538921	106.0533700886363	100.2291812540282	93.0874865728892	87.97938695713938	103.4062974060556	94.17573251173719	91.01725851647738	104.0747990202583	104.1125218154201	92.44808354127503	95.89499684959137	94.57385663868365
98.29868865294388	92.68943226206065	94.95274363734833	91.39014917553436	102.7804944697104	104.020381684945	97.43612679401348	95.59766673476798	95.98611445802666	104.2605319282677	92.85108558162567	97.57818583031727	101.6834776586561	101.424362290889	96.25999144807859	103.4770668328858	88.73345255767732	93.73054475560055	87.35374970850133	92.54545876483942	106.3969730923856	101.8283885627589	95.92314316807651	93.61663888107955	93.70491308247934
98.51967044831693	96.58073417714373	91.68731351804495	95.41092222685413	98.20980107222637	99.63194759292868	96.34611764511041	82.2043419078486	106.1999234404355	96.13348793384365	100.1244852759312	91.65846120901534	100.664701302081	101.7342159721978	96.07490660803475	99.10390598280351	86.97947283024526	89.89308163295284	90.55779209262208	94.98357697689687	102.2242106519417	106.8324639635693	92.92950877672212	100.3044116852683	98.9215588183438
101.1446195288182	96.68436399806778	93.02428008915638	99.21086198604942	99.02380712507966	98.30488874765283	104.8834125329897	97.75631233593732	100.368590922357	99.34781144572381	93.3562162481814	94.28906751457585	103.5423704951352	102.4986218533742	96.18455702558097	102.9536918499808	92.89757372913074	103.1156771369792	93.62848480172808	89.23787403467982	101.7501967275211	106.3955786307569	93.93295473109154	92.70443447058052	100.2946281698438
98.50357824509126	98.52564886343112	98.02727195791741	96.52728920189612	101.4511701098558	100.1936475716597	94.36432468585916	91.44517012278386	105.1388445866519	106.8863550918891	100.0051637094365	102.1932799671604	102.1200357138138	103.3064419661458	102.5290859092801	93.02476373742147	86.53525862224019	92.43238843411036	96.57055327912413	93.57221248667456	106.948038732834	106.1119587627758	96.75976447789644	100.1682425760836	97.09762110544899
95.91216547328229	100.4775169972943	82.4439089933765	90.5039847921168	91.93189538570627	103.5657027795542	99.5210821614766	85.4954329422705	99.85038102059134	97.24383251631764	91.64950250753773	92.63992491083974	83.84620090386456	84.37403666458516	96.33750614386207	94.29919946062206	76.22292733428468	94.86455751115848	77.50240049194549	79.35465422330118	99.64516997600992	92.03611901717753	71.27698413639307	84.52618955959636	100.143633499822
99.6623062248309	92.74427658885172	85.01000008480747	82.14356718432064	91.66151890811746	104.0188951356017	95.92172218691452	86.19837045997136	89.94349772447495	96.56380110780388	99.23514352412442	86.1715350387603	95.83312571748958	96.03711060478125	98.41531849062649	103.8670095082009	79.76788000498419	98.83503031792053	79.56428774420813	75.69382822324656	97.13500817468626	102.2197462468268	83.64307987490041	100.7844396222792	105.0396067821656
