95.8451039137278	98.98859118077343	97.00787990365892	113.8701516119751	100.7541968128346	102.7736179528799	108.9537728165259	94.2046604744606	105.9363922581033	84.74584925474683	104.371189581657	109.6773776281049	105.3821079601745	91.92502519572362	102.4804858063341	102.6420378361985	96.17985657701574	108.0963201861061	97.36481879418943	104.3205043728729	89.32746697911992	85.40612889485996	104.8953017071753	104.9649813992989	109.5162482740996
103.4161816341702	113.0240765864844	105.3048044462662	104.9383731883203	91.33349471783019	110.936262908213	112.2746758008415	100.4715552618444	111.0700402673742	112.9466999171091	96.78236108223635	86.88874488265358	94.56727034367944	108.4903883158942	93.87759072204952	111.070503483185	87.44657479234272	103.4398490531187	85.72712216978655	105.7814744759877	92.70029814672492	97.61684106556505	111.5472149521631	104.3635582599506	89.73508084106514
106.5216404011779	106.0819860596316	101.6982109823036	108.875743190227	89.54986341034015	110.9839098075718	110.2672860893132	113.3597386083366	106.7150560011858	91.2097639803487	110.3074574723902	111.7277059715386	90.39958418926939	95.27685145107139	108.1830191463145	105.4125987043383	90.41549845660192	103.1123652877697	93.28331743676974	105.4725653072129	99.48215811296325	90.70260582784087	106.0178523554674	100.4848268178613	90.50506552121499
95.55253016193048	101.2593668329894	98.41336877630195	95.51889689398666	90.81521448790934	107.1222173824401	88.13733207693787	113.853620178349	93.31006386909341	90.29366125440627	106.211517234522	92.84284642783608	90.99386647715299	104.1124346854406	90.28713120453463	91.00086489718012	107.8501007456765	101.7599646906175	88.33198352485832	107.723882705904	111.978977507104	104.0555833626554	112.7591178204826	102.9649635976429	102.1550892828345
111.3838420780776	97.17129083069706	108.8794824746549	101.2259680708463	113.4093830653465	90.65614129867267	92.17462171572025	113.2796460246648	101.0226782044915	99.99303599411954	104.8143704743776	94.5287525920708	98.86488328855559	95.43354151911105	112.328910028618	95.31606756745252	101.6184374775799	89.11867333389843	95.01143961543403	93.91924735566243	86.57022779100352	100.3419207408663	107.4856955178473	94.55308618530451	84.12358637766179
89.79663794340368	85.37511825854112	108.2106349385089	100.0084445517323	95.96382123542355	89.79736665701625	86.20089701828947	111.3448498670747	108.4514776976702	100.2824508177777	85.5563504448665	95.58527748453372	99.96233500039099	105.9817588725532	105.5528575006749	110.9377618944568	104.5953019977571	112.8868748231397	90.81187033815758	99.47886255613375	105.8611651195002	100.6996353235671	98.8102958878148	102.1278325583229	105.3044291799071
96.97110157476	99.86881045751838	102.9126798902773	103.7768595781022	109.7370367370305	105.3913688989382	85.29766573106249	114.1277958527622	108.3889079504375	104.9500085894175	102.8526451798286	94.83614900398132	113.5648817110932	101.6083497181137	109.6732430618511	108.1685612798895	87.15631974920335	105.8448629082481	107.0507841833722	90.80872719358754	108.9860510955131	95.76653972387237	98.44212417402831	100.4309756985509	91.61545738742322
99.22445560013513	83.38891241559122	87.34353585463222	105.5918866576822	99.46835787842565	113.1025503982643	101.1730231158272	85.86729592584335	108.2611772813177	96.0024600247061	102.5512592895942	89.91621454425132	88.90458001227069	105.248464537883	88.36345898080131	110.7009018583755	113.6052714874384	99.14657238205774	110.2874851867373	105.5812568778958	107.7902975984417	101.6693535523401	86.03031086137611	93.58863683469694	94.80477481671352
92.56615815764644	90.37941684198569	92.67856743017568	85.88949361606903	90.92808477462597	113.0162334814044	112.5189004553873	102.2008823817554	100.2926525976492	114.0533434544334	106.4061420503195	113.8093410431362	92.37051191675359	98.64142102196801	112.0435091408695	103.3796178266938	102.9124997243425	85.02267174231682	97.65909264006925	96.84514447219675	111.079835559345	112.0101313230158	94.93962193733798	89.15464145625215	92.50192780681206
100.7587615379694	101.2751301945526	108.3385369611904	88.85671887913966	96.50228168400383	110.9258800832183	99.54128535244038	92.95329566179365	89.60499998778744	99.82468671884715	92.44638774735888	103.4916870993943	89.78279366746381	113.6172216019033	108.4106269324242	85.64978983068349	88.20417308213678	95.82779024996566	106.9870456329053	103.28568433272	108.0806318595977	106.7307534804723	89.21495857171531	105.3847798506871	84.60408294177435
88.77538242669313	90.51072292624288	108.0882166000442	94.70137594467268	99.94872719242802	91.17764948356239	106.2287703283014	88.80498321082007	109.7844920632535	98.25121908118453	93.77444176719096	102.5304188771361	92.11801927852868	85.13776179668602	99.04337049507485	103.0172443129367	92.32504137451411	110.3092465425191	107.1214325286617	95.54687699582931	98.27073259846782	87.69267818860867	104.7621206705257	101.1280958712354	92.99915932167437
105.7938661051455	86.11839528797292	85.40108862795914	108.0522708778527	111.0072091441693	108.7665491621161	113.5971244727015	101.3258793163511	88.53609298254173	104.7741667910138	104.5605339020907	114.4882677821491	111.754403712977	92.90984639456728	86.54862224011882	103.6395190059842	102.3923621252059	113.2735405667544	108.5991460030833	93.73560731702895	102.1237508593211	114.0402966393073	85.02462417694167	90.41757609268799	102.5386384178705
90.43358075313179	84.0598050189402	105.659212153839	91.16399118151229	96.97437035473064	112.7966071180865	103.7373541170138	112.0465962086379	97.40878390915988	104.1461513482706	98.83944851114565	86.52611899557934	93.18716887095407	107.5478158453902	86.47694955435743	93.66574587728687	109.9738785042504	105.3864232934339	110.7025769759509	105.1770863470321	104.5992630727081	100.2209141324342	95.51603608447374	86.55690038989117	90.78418053863633
111.4854290666102	99.29163902209574	109.4183076889586	97.78662492559053	105.8643936544114	92.91486009180633	89.66934613956214	90.13968970349939	102.5171513252038	106.0337246427983	99.96184493334508	108.1995808509244	86.31689555868141	111.7867281966813	101.2455992106267	104.8075610925944	101.5939319733054	97.66553944550444	107.3937433448946	87.38635089853689	106.3026290941088	103.1639119856251	109.8762949215257	101.1683451367401	101.4488916272911
106.1979905523041	103.1491356127378	94.43689201831891	110.6950979230247	112.0259065578586	92.39929761112998	106.0625931848234	88.78266723215579	113.1054412164531	103.0687701662327	113.7404969415104	86.33870251429416	96.40445556803816	94.17368698607021	102.5044449333	110.0265603956183	109.8862237833162	113.7617003983466	104.6329786911266	87.04740145594572	102.0911186005057	96.76412306497828	95.5903996148603	97.62393880850547	87.61041496743782
89.97273746248443	85.58060320819878	94.47802567571962	96.40901091809852	100.7032577668514	96.91962025863212	101.2135505320231	84.65688412883874	106.0532515946246	104.4590126117283	95.99558502258159	99.77864869577068	99.41543489339621	109.9011450121218	93.55361983038729	112.6826993952342	106.5470806826976	96.70859852745674	103.4780233689803	101.4046140697154	85.68661331672389	97.5793043331949	92.04666286674779	94.02193750036145	106.2856763918852
94.7262696789779	107.7493702941422	92.04989087319885	100.8457835028387	102.0185010442733	96.24546360150445	113.8454414035039	106.443995321977	110.4646175776929	101.2258512717951	91.4201464042831	103.2211336097806	87.41184754212988	87.36411614840281	114.3759549747121	104.0805915969686	92.03338107625841	85.38464535605353	100.5276510236901	95.4242821883729	92.82588776261076	112.5014161041732	90.09529940367452	107.2521556438701	105.2286350795037
93.65713583443377	97.31754730640637	89.00702272969704	110.0319125881028	90.19757495078723	103.0935254392926	114.0020058823906	91.45078710024953	107.9135109239834	103.8691997550537	113.1887039341946	111.3654195200724	113.7287578092587	108.1214945477295	111.8258496839294	92.92712384535983	84.35955074152905	84.27524205212555	83.30791828695479	102.4252236311785	106.8888109134222	88.02616969074049	109.2215330606733	91.60319667343742	89.33865856377237
103.848811499015	90.39465623787228	111.7400773543377	90.16154546692322	112.4478550650132	95.77578312162994	100.4612129121554	103.851038438175	107.0254751036531	111.9270140290065	105.3108557541181	88.77594020792831	107.4297368489465	104.3117982049291	110.5012167092287	109.8789244549424	91.89679896717547	92.10905679191424	86.72882892169923	97.87434669118379	86.12338353800199	90.39043204451492	85.58103321293298	86.38993468953339	99.70376067242309
96.03746692103607	102.5418725787195	103.5507859336548	107.2328773095789	106.9365631818452	111.9809628654991	114.7251638689079	108.9365863526656	91.89373260987114	86.51429133328273	101.6394681937314	100.1310829126517	113.3381728397866	104.1245971202399	98.70897450168049	98.73198427848462	99.00437165449237	98.59852951836618	89.25975156173688	110.6306946798217	88.98367940584555	88.50427069605325	96.91716428505252	102.5871632720865	89.97615207938875
87.77709262033564	103.4198113361977	103.8133558948572	105.3372402660262	105.3794271449129	88.60164186068286	102.9372739426488	110.4184804452657	98.77440310988058	84.70678598369909	91.41771964678381	100.3508384167302	112.6880049192935	108.1123712552297	113.0076839281681	102.3358381110754	89.11319765591529	106.7872758378497	84.70060400780096	107.6903290689953	111.8414832616673	86.59577066966284	110.3139546786008	89.47788261161017	93.88571199778713
86.50989409344582	84.52046345407558	87.00678814750061	110.5188775760115	92.45649744844376	101.7723144764732	86.14498245006689	91.50760777926314	92.09239611598461	91.90314924006047	103.4893961728044	108.7079624677265	105.5540151690119	99.04843779794712	97.84753687410094	88.76799445013188	101.6684815349402	87.53018836181523	96.71471984793973	92.52811706512082	112.4473857851763	99.28045582060622	113.2671357548017	108.530338352292	102.7517480348314
112.7057098532967	86.68074629029718	87.84060679250464	102.7689362520774	114.4567657670082	103.4177625935504	87.80028087802519	108.5009102203655	90.49616434694299	91.76982209269374	106.1680582095494	109.3229598830454	92.22710240446251	113.9478155534117	108.5562607047611	102.1767926369248	109.3211902555412	110.9524531240506	88.05430959659272	89.42404941091606	85.0089460900859	86.33722334288431	104.3721217223971	107.8696058639865	99.59766343436807
95.63205172284441	110.140349788802	93.87793593668368	92.69330628348024	92.08958345534315	92.90258530251378	106.260540851365	90.49154312136595	110.5359819280646	97.81004673208733	88.66970339889758	105.6696345234641	97.5586054365362	98.64224967402252	94.36893886637873	101.4354447265266	92.55241477715728	94.87620626106536	100.5846143945887	87.83242137106927	94.61626204649374	101.4181431826868	84.30699786260786	91.70973895455917	106.5361245416031
108.3594962458716	103.2936429918474	110.363379175282	91.23149935887061	91.67545388238386	90.74963744331586	95.52509475542347	105.2320395829925	110.3798741034357	113.872301292468	110.4138226046095	104.3290101638361	114.169283362234	97.46272988332042	99.0500465382987	103.7742936249612	110.506521050261	102.0425116962151	110.6529799825681	84.16420774923907	100.1584703064124	101.8104804693054	91.50502322857142	110.4857914549008	109.3478105105753
86.70496430310293	104.137365116311	93.94160174756925	86.78110227179074	93.69938515943967	112.2180085880861	95.80792930038845	100.3933232824586	87.41611208522171	88.91378213697944	106.9692722205995	111.8004038533767	103.0838394885686	103.25816025242	85.53470230703643	109.8794828626523	89.08604273673052	114.3802799028791	98.32686868771155	84.1068988751651	87.06607392054634	101.7838857456629	94.45034763869099	114.5174844164617	101.0701354837955
93.77891151046191	111.6118834097091	92.73762011473366	92.08496027663203	98.44246904304659	89.66784265230197	102.0522818683406	97.90097265221156	114.2397619889169	111.4586822202521	90.64500727166762	97.15396552425379	87.54285871511786	107.0433089993385	99.08213567266978	91.13766522823575	85.69035012993017	110.0306061037611	109.9601426631127	88.7265140200783	97.00422603397031	98.61607670454522	103.6619776301252	110.0363606919615	106.3472218572824
89.624071005356	111.0698314091862	94.27671601278416	85.28391285432059	86.37481326394426	88.34534359294319	100.1199865577677	81.77920867499839	92.22495561528632	111.0705881589628	106.1272100282051	108.2060659647146	88.50429582274685	84.36199279493765	99.48627708009691	91.5658276280044	90.71070584255357	109.0216576045763	100.2392753034379	86.78409453484063	104.9039266106528	110.2659179015583	89.41326099362124	113.4450081515735	87.12421546506791
106.3035091096759	109.6326428939877	111.0592706081448	110.5555184304863	93.76439021393188	107.7907805061061	86.50292065505872	90.03216868101622	85.10157051210834	104.0344253006332	111.4650179419888	99.18761817398571	91.48046363283503	107.9001069764638	98.28604759210437	110.6802702755384	94.69424401783215	85.69487756180025	94.99159521122986	104.4914406016058	86.69035223440918	99.04626663270898	94.37046275564558	113.0256542767836	105.432351005795
104.9843421097776	109.248064019643	92.40055180589383	102.2258787919641	93.05998922587199	98.67127716992343	109.6754220422999	87.45482280925748	110.8711867165342	92.07650996092691	103.0361526906552	109.7167430243898	111.9327067697892	102.4038101425817	113.8683820627391	103.1216251866317	99.42955787410401	103.4036325069729	92.38499843274101	99.12472981811469	90.34927672546269	110.4736911400085	99.47608006747872	88.15273420338035	88.52837421227288
97.98518338059328	103.8428818221653	85.93110176980666	104.4111391614794	87.65174115194588	92.58158672251959	86.09432608139097	84.64352890745357	110.2627578827864	110.3734961144591	101.5172185670243	99.50384000468928	113.7829371588391	100.8846831175347	98.07429657933554	97.75427925982687	100.9092496920364	92.28499449159283	95.72560101651162	98.85924283669064	103.5229066370056	97.21969579883556	87.94617305398467	89.93383832406052	109.4176372107254
91.26874900715438	96.31148666002588	107.1960083631763	113.2044190030258	113.745842189106	101.3167096599459	86.98235466742739	104.6003552115973	114.7360147030112	103.7094384884231	94.72990840549924	112.9489144311579	91.08018590304137	113.9651840096906	98.75062535815047	107.1188798733182	92.06068050560276	87.88686355957059	108.4600358125813	86.32002248011338	85.84775426685343	103.6644464020585	83.29888514421722	87.33772967723411	100.4284992763386
88.23688632642722	86.49769427889788	90.19887727029379	97.847977614098	100.890289961658	110.4891346021903	106.8259153787532	109.5437387408955	105.3493777980803	114.8280850958415	105.2425914123922	104.9874906811065	88.38439807237407	106.517620646175	114.3350615869853	88.41677812350892	106.0121601345404	101.0927453072694	88.78996187696211	96.78397646164083	95.90632424343474	112.3587980880336	101.2300624254448	88.67857939389376	88.25724822097285
97.9100186992674	113.1162563346795	83.86043700067347	109.3605172097207	90.44563608101758	113.0363985121692	92.29626256413135	86.38250211539129	90.09588038250892	86.19260589983669	104.0867927220312	103.5398178211461	101.9485214278736	111.1569269077406	86.85976669506026	103.5790980973889	101.2145114513025	111.5897600134771	93.51462731704986	111.0050290062681	96.82878246831376	114.3485639207758	93.88337366800883	93.37292191878396	95.99499254627709
103.2035301907985	95.95970965973149	106.2026675406822	100.4280708924974	110.9888403028787	105.8270045598092	95.02126186549607	87.61002689979946	90.5650317063847	88.33594874070606	105.9803161803094	95.86630740912462	107.3005503919786	98.76830202490839	91.84902970537797	90.29380311600916	84.62638293976683	92.79683434228228	104.6060037725488	96.4667107369051	114.0711471868195	112.4536420470307	86.62745645464068	100.0532385246402	87.67694823880966
108.6172588772322	90.0892683560579	99.76966479721816	102.9875420891257	96.35770069260555	111.0650331243765	93.55067902419758	104.8943639539448	92.72086869018032	99.0441610097219	103.2702630070494	91.29366831173516	92.86584364990593	104.4597717244852	106.1545885972451	104.1433229574672	101.0952755158886	89.37958592350641	111.3004758654674	103.0182257299993	106.3841236984933	100.119254780484	99.25979765295264	103.8754806349126	98.28378185709374
90.17706315430331	86.79664971164766	104.9361332785389	107.0318894036576	110.1836776728022	108.6717033850889	93.86181625799858	107.9756172558501	107.7980758054113	110.154413761041	99.36466800049615	110.5658906955983	90.13552504084906	99.91648311831638	95.4790856329051	89.76303416789767	106.8655038927432	105.1408138669829	87.1455696243427	92.70068355413547	86.8820619999796	88.66810207677275	106.8145322319121	91.25848015775621	106.5822123864745
103.530114449382	95.73231121312426	109.3071964473711	107.0677737470401	110.3354337469989	102.9003015251583	94.72329816056379	84.59879655714681	109.3952100303882	104.5805185133832	106.0210423871518	110.5827469683594	85.08536609113915	107.4382849692598	87.84593403938565	108.3633093900791	95.58714244582346	101.5914089422202	92.36168934861811	93.41265071820391	90.15245373986265	97.6866620065833	101.9062677366828	94.31073494015051	107.9085647157536
94.87597866169256	110.9913218244329	102.3588859471982	96.23932251638769	103.8565694969312	101.2345204768744	85.56838393784633	103.4669063880855	95.11075028123184	91.3817295103201	100.2767018744882	95.67202277364783	96.66163714907388	84.7882338834232	113.413362493987	103.2166163493624	87.9255291169448	108.5962736220854	102.5404122514091	87.49562261388706	111.1265377835857	88.28585172112345	102.7305225452281	106.5615859482452	107.8291415037263
111.9564296645708	92.74022916646699	99.54206540988675	95.99107775567927	86.04352864607876	100.5254388744313	109.4343040809215	87.37297406032533	88.99091287290199	103.6078009217438	105.8496191682496	111.1534859300787	106.221682928748	88.735868761576	113.2534524672091	85.85153845326047	98.31645023059323	95.49072050224311	102.9648952462317	101.6576977700179	103.6784002863422	106.7405937758115	97.48856061711241	86.71808022859712	107.1386318901756
114.2898928239694	85.29593770361957	84.78931838126645	85.03857873660201	100.05253309965	96.60402896155823	106.5710474022299	110.1465454210558	86.78118754394552	96.27412642390426	91.89353141108037	88.7516782895643	102.6519567307455	110.4594086334506	106.748097394657	111.4285526802193	85.60258948588208	96.74027820694377	86.67125880441095	85.569001710024	110.4735128997561	85.68895932926252	102.5292785719313	104.005471610958	112.2110660670002
108.8927733122725	102.3712119397929	102.2664784243344	103.6008925120471	112.721291018723	93.37886161165534	109.1437741231457	99.53028173704641	98.47504905062615	108.8449141119536	100.2639291061712	102.3397806278613	96.64335677753768	106.8501856241288	109.5911745045042	88.65071264125355	95.57979576113063	87.5620155143387	105.7470670161199	103.5664429915676	108.3249390483562	89.07887399175362	103.8801095892063	101.8182782558631	98.4533522176098
109.278751200161	89.00695996329387	97.68381880311235	105.2585118330926	101.8421106144058	91.61340030390707	85.23053055482322	96.80776478674113	89.30716755750534	95.48565250916425	93.94008112214354	92.64151817747032	82.64841473785812	110.4188733808891	97.38143590905077	90.50449039583305	91.27855766587123	88.83506342500672	97.1173911652628	83.46824513041744	101.5513776012226	86.30525325354694	101.432472226164	110.4403088345362	87.55904761232549
102.7860408036819	96.76125298263337	99.38855768404667	89.46473266832464	92.7743222432607	104.3374899293401	100.583322545381	94.48201807108757	111.6145233662925	87.02107640587536	94.72676871629804	86.52876116569034	99.97894025180759	91.14316527965119	106.7969386252063	87.60068086765523	100.5047502726104	110.3765322963231	99.90554575791094	87.15227248828158	110.1933464863267	103.3912064995054	90.46803595633232	106.0887126777663	92.98619298486287
103.9110809309451	89.08820518602435	88.4142657162774	89.91858086145929	98.76084027899427	105.9750725032564	88.36639355995126	110.020232687801	93.29655377009935	113.8742521342798	101.1545813844659	106.9611454723443	93.64905283207312	92.29529692863251	114.8430854639781	106.6252320782054	93.38303678717523	89.78897149988832	95.30003440054547	104.0462912263734	88.95905443773853	91.47686913744555	101.484179020422	91.75183320504343	94.9582991808729
109.6503658741578	100.9999185636115	88.1203670586501	96.75330817950538	105.1008447237416	104.0213562740782	85.42410533155176	80.20435134779127	105.4959195766614	100.8406897269337	86.00442579714633	97.98389223036111	96.3170369254658	110.7679134900831	104.4011967269698	111.5277538115134	86.42208868562091	91.34520404809712	101.2939488396163	106.6214447923672	113.4601074029899	85.5598240598115	107.6139898276083	113.1021002782769	105.9745037095723
103.4429937623215	100.2377620823628	102.7808920856855	102.2689947287611	95.48887695992254	103.6632993985163	114.6243888148796	91.38449339794778	107.0287216318626	105.9037250572085	99.3272997820509	104.5893339252979	89.46449022635454	89.21646670367906	105.9158651275713	90.33437700805096	80.16989440059844	112.145493899555	84.39434958707679	89.4416558781638	113.5015764057982	113.7660809526351	91.5323921291946	98.47406474608451	97.60469771751426
108.9938242192338	90.02175385552485	83.51279223068514	104.0927414026063	113.847646977723	91.0021009791292	94.11105364891696	99.75653929214158	106.5116966412434	95.34068571777379	86.23462998624306	88.63517678012212	87.10962291420709	95.73638944123709	112.4053021261396	109.2844793150332	108.4938649020369	96.2478359392247	85.28472698815979	101.5039839301387	86.01901358667685	86.42000517245836	103.5540825662789	94.01485625167963	105.9072763604745
89.91046042676429	95.98794188486814	107.4739072813863	85.40779607448968	103.0247989799011	113.9728866022425	90.09238442850933	85.91094906116777	102.5766754972131	103.747948392532	103.1271832302759	82.87995142429816	83.75908458322139	102.9951409995596	95.77791570313414	99.19666136682548	89.05688146377599	90.90676721354849	96.75741476144782	94.29941009093577	96.42821647877663	97.48411254354303	100.8936216580062	107.0942574173556	103.2529060372796
108.5359945080272	104.5048397081329	112.3839775328293	108.2964772341168	90.46809780702571	106.8915275851617	110.4969579599493	86.07876604550819	93.64446747253119	90.54424167204013	99.36923194121076	95.2729246990318	90.05421381656124	109.1209358618497	92.07138947534614	103.064640689542	103.9879976025618	94.09679327189382	101.0697332583561	84.13067029228621	93.96331056385958	86.6651093875027	97.73423831490753	87.44245849709338	87.50594807859358
