106.9925335198361	94.42543069079139	100.8208762862784	93.74698263132633	107.0191677362987	84.5983299883668	98.22270448913686	110.1294803610853	99.29584292445867	99.74894343771118	94.50062249027469	86.43158514691932	91.89070560265841	112.4870207560791	99.01653130208358	96.88422486959999	96.9622332710176	110.3789452394544	85.01143665683865	84.49356937918439	107.457782270526	84.7642427655708	85.1101279434189	92.45776298789234	99.16272391017436
80.20835444285662	99.00518402131645	114.305426169006	95.15991390302503	101.349562532388	81.93720397730853	79.97507264819198	92.31216195196691	90.06191860059316	107.6346177126204	92.60061382418441	89.19555191170082	93.30035041706391	96.01546984383467	80.98487950133118	89.68791967149622	110.2800468733436	103.5420177226409	111.7962545690992	102.7423870095786	96.94546466523914	88.55234023814415	93.91275567690299	104.1603949016434	80.00758881880652
111.3833184844733	89.81362824163855	102.4134931647297	104.0364285886722	110.3995406011581	100.9704157700338	87.40519118729001	94.46962977723045	93.42001588091877	113.2096176159509	90.9149250203216	89.88028020151435	91.92742597336033	102.9011717690018	107.087375761656	92.76039760451448	87.95581785079732	87.02835766693265	92.47660641349709	87.93234687090472	91.96958352745702	89.38414957659735	99.03358406554894	87.52334465904379	101.9962915501445
85.78790495356448	101.6784541495218	109.4927482735678	114.0681567495353	101.961881029142	91.88680247844803	101.6322571330193	108.937219289279	86.96945753311238	90.70979535996557	100.6030173689575	100.1166826738827	111.8153740833892	111.1875438897922	86.15346918341106	83.74219496127513	106.0987437378518	85.65204494382154	105.7996128709318	110.887183605353	109.4758976834199	89.63139848887549	111.3064604094992	108.0266687569947	107.0741389807547
109.0438980576857	113.5339526615293	83.68880633648006	96.25598662764205	103.3586330451268	86.66149765959049	102.3973031901961	109.2837388899677	96.84379210129453	91.21138442588311	93.84153108615604	96.24238490610361	97.72009282034622	114.1330797631205	86.0985609423623	87.43648227138199	92.06251640786641	113.4476719701648	102.5913895522374	88.13624069269854	92.81861747498968	90.03191072153753	89.00366768433756	113.5222271488271	96.05931128233586
80.63624806071141	85.62550206541933	109.4090895293617	101.5428625964915	86.32720454496882	82.72742581488559	107.2037767673105	97.07062014852421	96.71540281449352	90.68516187874343	92.38611320335741	96.62040074504824	103.9589084443667	107.9601505404681	82.55516684278271	105.8618891309259	88.47033438874611	102.9008113952181	98.50851166086733	114.5985347357242	90.36274940244203	102.7913921414693	107.9782532901716	111.7495466680887	109.1999367908016
100.8562669288782	92.84633304915484	94.01596375265433	99.84705935979885	96.11343738776426	108.4968694769461	101.6837545068941	108.641118455766	89.50491195801888	96.93500016571151	102.7916845648535	97.4574988471186	111.4459381497502	112.4736912706551	102.5098939348432	84.90332771891197	104.8200728963242	108.9883022206197	85.94734186986804	97.93740082378059	109.0047092061039	107.8034292289336	84.25575529010534	98.61291341511973	111.952638582066
96.18137235359933	105.5800787049034	94.01917371832494	85.95394540262373	93.89801848609839	93.48631645318628	100.532848045857	86.23499643134615	92.6639426919799	105.8806736939192	103.3208079574034	97.64708227189607	88.19671708658025	102.3891929173599	89.22682899470442	108.8077358775935	89.13594421898698	87.07694551435199	102.2464504062358	97.71205289449827	90.98185599059664	94.92940571873918	94.66572222325938	98.7200205682902	101.413953978236
109.7380212506999	93.48656335920404	94.07510962418003	85.14302675667648	107.359727627346	112.9035529216498	97.90527582965618	100.2414107730659	110.5228946605011	96.2009618033015	96.70655780280968	111.8443416641155	94.15767992002034	91.94124071271941	98.01555698974879	96.87285966099981	86.17447322567132	108.6523976738389	103.6977260612219	111.0911126459648	93.49994399577666	108.9413774766524	91.4668325938178	105.3114972441618	104.5656273489661
86.75454832354045	112.5651630585659	98.70678887831217	105.2441030885606	96.26216817112405	90.79922865299751	98.30494524240525	79.99004251808353	91.66156962731922	86.72319618785818	88.67307390688019	88.82087586433308	86.13232555839282	87.25781368584708	97.37837203994847	109.5756180875979	91.54919481372372	87.01117636877025	95.23773172499175	96.65061818673584	90.91309273935619	93.99135010367368	93.36177322085851	98.55746789591305	85.14102422258712
97.69246645011243	96.89904627033192	103.6089256051782	108.4742060685825	97.96731882711524	93.35656334641969	112.0784480899111	93.84291609165322	112.4138437328663	112.7805421785826	90.33246218196399	83.65038229154985	101.6198438780601	111.0811737743127	103.7786767650317	91.63691306087186	101.2788486362577	110.3131738790481	78.40613043890863	94.04483145503613	91.9775243737858	88.12554804793292	100.2296927247037	97.57948663510915	91.90783314474584
107.6472472592235	94.99497976513375	96.18505749255097	110.7420306568485	88.56880049575145	106.231129047087	87.2411913227823	110.7583877066516	95.8102479793384	87.23435683487732	99.68496986458155	110.3750859815971	92.22144553544335	94.57270015482291	91.94529611688216	106.792664357055	108.9232135793917	89.12901042372975	84.23263120011225	99.19545515700435	97.98854545354278	113.2961392716607	86.69672630561452	87.88782899657775	84.39271716606189
110.191381972474	101.2266654933814	81.64166537221665	84.3950533850582	85.94046581535871	87.41229413534448	107.8890860763615	99.14427026530909	102.5830007241749	100.1416717189861	114.5670963566782	95.5313438787928	110.6927928737501	92.9989003595433	94.62041695366483	85.46681027368474	84.99011947464095	99.61152641559704	87.51307427661519	88.60390871023019	105.6525756430554	90.00203243896257	103.2423352007368	97.45117120429404	94.41197003549303
94.48769380619177	101.710786723541	113.3509096504006	111.6597867684267	105.4629878311761	85.86011961317489	85.46807700754366	90.87295377045794	104.4323485306351	110.6815123652583	100.2857939990445	108.093892449343	90.85859824318744	112.1276819184479	93.56977587816132	95.2317797228846	100.7560249761876	90.23361030826628	89.17698116398428	104.6888224295332	110.3319968309087	90.21886683290532	83.66886564466333	104.1069368746334	93.2903428975204
87.830697424192	112.4456663019594	86.83884540317204	96.29055294873437	91.48274610218743	95.98975973972742	102.1935572347942	88.10958776235566	89.17697591072366	106.5511544474555	93.83594092733179	111.4154186895317	112.2731224837612	93.83879950823403	108.8915739090735	105.5160905945354	92.09678003506086	99.89173369421778	93.08792171365306	99.54463903168687	109.2712843573094	97.28333486970877	94.43699385198289	107.6103343758041	89.84664225221275
100.9677889574849	104.394596534231	91.85046998475589	90.18442542313299	105.4394558462586	107.9675876907433	89.76533741188082	73.74900916590828	112.9464603821478	113.7605348142556	98.15104707348139	96.97490207232124	89.751080347659	87.88595798146922	84.99870516814788	99.50795444278781	81.59754774193317	82.18086671214805	81.81291515191144	103.8854446247957	114.1792490658858	93.13344729123412	78.72912803147129	105.9745464489116	85.15881197694685
88.27434058967785	92.75266152736938	107.9254929730887	102.3143843190632	106.0677443013687	91.06800774655184	85.11112611264859	101.7267717818822	100.1364060832226	107.0684740887952	109.9502694509772	89.46704746614907	101.2838158760432	105.6833527245514	104.66246701877	110.1071972148659	82.47755011424066	104.5306103000187	85.71357297410522	87.8531571141633	97.73780247763858	113.1009689466175	109.5095704479841	94.55432794789843	110.698085553722
84.82927400799942	96.14062365374397	84.12412091515338	86.7690094972329	103.1345123100015	104.2433195187432	101.5254252040974	95.51177251113511	93.57833418078998	105.9756173709671	106.3949328123276	92.69216783521289	89.51573590585834	111.1006584209433	91.46304286662701	108.2379426034429	89.29721186938048	96.98112370756969	91.08834847353789	94.89129854036146	100.2562469486048	89.6949865045781	93.84034648823521	96.89302131415053	91.09728764199301
94.41591763815472	85.30394149794679	92.13743158606384	91.21975327557912	91.05525341368768	94.98094600856915	107.6914535550069	86.44509850701428	94.51816396886021	91.00494051201312	94.06299881106433	100.4643823512285	107.4549339108622	111.1119144535596	105.0441635713956	94.5189002518234	85.7119950067447	93.23972120105171	98.63926855902035	100.6695845205655	112.3506794433837	94.09914314170139	96.2412121671764	112.573779087858	109.2872330289324
93.66920042315661	86.91372844650586	80.30876915990083	91.40701111356088	105.4744319329303	86.99572411915675	106.3796269931776	83.71203371870401	92.55035478340714	106.7996636930948	87.55948635527827	91.86155431914904	93.2198728431899	111.0794110095318	92.46549798322792	110.1377340482979	79.02803406485445	99.86605192860009	78.94873115718239	83.92783207549803	105.0639652353115	89.38078834364995	88.7212582801434	97.73508379105445	90.73445684783775
93.56920390892148	103.9895812910004	107.2708972093669	82.87486596665904	98.52719398041688	98.49254920166089	93.89223441311533	100.4774272020771	96.6957121297565	97.92323773691399	110.5498070158441	100.6517408121026	92.58737692941473	100.2385951709421	85.39882665917928	90.07108609525586	90.90359846428028	104.2446476040575	104.5602674863443	99.3313810896518	112.8036043640955	100.4570508133663	104.9728815762496	87.03411275921609	85.27048978859662
105.7492977204066	92.70120375999211	93.06995116550775	95.8816996044045	107.193493701144	91.08750391008573	107.2125835370532	87.27312130620625	107.488017656096	102.5845840090618	114.0257162904625	85.06487188166317	88.42540417134072	92.48740311522845	94.31186987831794	89.38822271757235	94.92840895025695	101.4199274805877	97.2104580270807	108.5705940742358	110.2262608126132	106.6188925503961	97.07164342184257	106.4819166758579	90.87298693990506
109.2395122468453	87.07490783241651	85.64856048374006	104.0282519199382	108.5205971155351	94.0732875745836	110.0569952394515	86.84249239584791	107.8869314613177	106.6740449466307	88.88661566163915	96.13511531124865	102.5142756191951	91.38408167160438	104.3795288643026	94.59986526550831	94.99001517088148	114.5250614721701	91.82185315682254	106.3702622556324	87.67585806946678	112.6746832492898	96.6113503900915	109.9329575309908	96.96879304279156
105.6960698890233	107.163129809739	105.3846236572595	87.23038000878336	84.866238901641	95.71921373817165	89.11297108374153	105.4179574545634	112.6629659858554	99.53126875784909	114.0409802124829	86.93363946261069	110.8073708988844	112.7670597016147	95.21553548877439	111.7741433190383	93.5320563856144	95.90033067783858	112.3480439490221	86.51212186565682	113.3777324664378	86.90623237958202	111.2691903622716	87.75254167340081	109.6638968762551
92.28453539239378	90.10484620527615	109.8602665095762	100.3271450912217	86.09026132199254	96.20042324974305	105.0967622042833	91.38000282025638	87.71523907438342	103.786288115829	110.0510783962474	89.32077193983301	109.9414741009094	113.8587506698641	111.0781882868312	114.0108318014323	84.45261360974868	93.24968118608022	86.33041124247586	91.53358285374206	100.4637632059086	112.7068959172184	92.96318320141179	91.7949691458321	95.94635352085108
86.36934325724803	109.4554446850777	91.04784480806126	86.51961032035679	86.08834559144297	107.0820661862384	112.5891830347329	89.69054989810424	91.44977673420043	107.369340858956	97.76448427947632	108.44567842971	89.45664624058234	88.27131424089373	113.6211480207828	107.0077177791559	79.89198374310638	114.2145620592142	97.72135944606497	86.81795793699587	109.3724862046784	98.83752221258992	79.71824564108125	86.93811812668267	86.25402740651528
107.4152277051769	82.36577333272245	103.6559196475352	104.5537164325548	106.7838561688558	105.3300538758598	99.3679379916056	107.5477371878654	86.30013855015039	109.7470971369214	94.66738973386873	113.1504273126003	94.65917804015093	114.6049019061887	84.79057253127012	85.08021854669926	109.6548938126732	97.26995567977652	108.4794203891441	109.7542771137088	104.3270868020234	107.7430525511792	92.17203177561703	101.0369634052766	104.3348378656036
105.1385782557303	91.35539884764106	96.59031803778696	110.4412343040711	85.64485769379756	93.09314607117116	85.53950605853082	84.9481915771421	113.4810026091691	104.7302634977925	110.757577372361	100.3944017521982	110.3304781473928	92.29861822704754	85.06839329498565	111.1231037713209	101.9272187707066	94.83843373573235	109.7976113465871	88.64081433142762	111.4246813113589	101.2268042179924	109.7012512283439	106.2961059671291	82.98939133400472
98.52531275411916	94.65644146988753	81.12912991678401	100.3628835105375	98.90711311816608	102.1624739353187	100.275997891292	99.21821438026059	95.07086216332335	102.0348692370359	107.722295269372	92.35267752540746	105.1846599382487	83.2161976343274	89.77515657438872	114.4428961876735	101.467618902261	91.4746330980382	83.25924729711998	105.3170706358848	107.8018191734202	93.27080763744075	97.50061405341611	93.05277730742233	105.8064738556206
82.14570661909849	99.04841103242804	100.4467333478718	113.7587245465834	88.98095406727217	106.888429688028	105.1935337894104	110.9662747542078	100.7786828847626	113.1270978886041	105.1922591750712	114.2947350018616	101.445941717939	112.8142727950596	88.25825731830417	97.25900451147432	99.97961254675154	92.92735653748944	97.54094968585278	90.80017295974692	108.4917177185124	102.1521953645073	86.20288280751393	94.17088736832982	93.43019686816049
87.45695410378939	112.3083321826651	94.50799034652442	109.0182306832368	89.35492536237376	109.2252126910197	92.51891643843167	98.10346304279564	101.0660369697617	95.43792793723811	86.61429478553811	100.119245659202	86.37150059438584	100.6562183927732	87.67177247664763	90.64264795493663	100.0543703819341	92.29482150553402	108.506016693567	84.67776871385431	88.08419469694496	112.2324401645594	100.8017525840659	112.3144698308987	101.1794041587258
98.95511204954457	99.61747735979267	108.2125881805154	80.32770390165996	101.7801849749232	88.32612683730973	92.83743885386848	99.75410227718886	109.3260120782095	113.7264080916967	101.9580217160101	110.8096652561697	82.96701509396439	110.1309456319078	101.6532635224989	102.2566670801395	75.1515861733812	112.3722609612288	103.8768675829922	97.57774192022654	99.68436310166328	99.79888463386489	87.59768759526003	100.8175792046722	86.44867867657868
107.5568122436555	85.94425867415312	85.43379186145401	104.9246432011702	111.3770378177262	87.19887733266263	93.56574011784363	79.41181744706935	103.7560366615838	110.0742172449132	105.15040946529	108.1254266574566	96.23917529457793	101.7592833887059	91.61151907937331	99.02590062091224	80.04642917019648	105.1400963651238	90.09997299175859	87.75711220288497	101.8210637461784	86.38779407503633	91.90029597668662	107.2478523318202	104.5390684161229
88.23579303343959	100.5227214791579	94.87981302321947	103.2483740975274	98.94902172132379	97.45965649272341	90.5319940596648	102.6027586244256	94.96690086651223	90.51998101318128	95.10283627758966	110.1913831678024	96.81526225719269	107.0261670186109	96.53795024865001	108.8142750351886	83.85147554076154	98.76251566094429	91.57930990057419	86.04105209525653	93.30503046375711	102.330221711314	86.78116249393193	97.97681196438548	95.8996466871142
97.73426938202903	92.32845534030602	83.27795252064135	93.94189364579914	110.9491873681808	99.72407417461928	101.8545492554572	92.66098217543441	91.95640915972147	90.49427500436356	95.27391044049831	81.9198359833203	86.37635271152344	108.949497153785	114.8982343367755	90.03412217886452	88.55612735703012	111.0860406785583	98.58154764935831	85.39634446969644	97.75341738061464	88.90819011117462	97.50108256237975	106.1630356090362	88.2410121398684
107.6104790675032	89.51085977419616	79.92387475936711	87.43902839759423	106.6871557524662	87.90061835973852	104.0000125927314	95.95886997446068	89.19039943340718	109.4640003412441	102.3281552777649	85.39018883671801	105.7444551196964	88.43745504033674	85.20693829033209	99.2283035372173	83.2159090046154	112.2927239800107	91.70021895524931	77.94415984200754	113.1408341867435	89.98212569657895	86.24878285918142	108.9023287818474	97.33487645632931
105.2959860771082	100.4918240590308	103.5715762649166	100.0274888286596	88.59767201809181	107.10046879628	96.97333023791751	106.2500552538874	109.1837830990157	113.6449275299714	113.1554019933989	88.91105619236859	91.64699204055511	109.3910670346001	113.9910255825265	91.02393874745917	92.65725576432274	93.00424586255657	81.45295201210645	88.26209030038521	97.65261539076735	93.73446753564158	101.401867690951	96.34820756104031	86.17736553744056
89.9689516882168	92.76810477120091	84.6964505195435	90.65669068803231	106.7041529347415	90.43397082060129	110.0527763017244	85.4475555448869	94.06000909037132	94.21928824801847	105.5028220776351	111.7541169536458	96.475260769315	84.95424319570158	109.0537144207058	104.7606984461185	97.25989458924116	95.80057322360553	83.25221791105885	94.12154358371482	112.0277494270138	99.6035451733475	80.23925080247284	84.94943636989215	100.3482536082269
90.25581467649329	95.19263876693364	107.1476886127267	86.73293887966167	106.3372331984151	85.341356757009	92.87255044200988	96.43102237450219	113.436343351296	95.71772213391522	84.80942933049215	84.68812737186289	100.4557519518172	103.6925996545695	108.5937210503583	109.0631514752416	96.27865654013713	86.59247029276771	104.1779016058263	90.66018811528504	94.21645063885262	109.0386838932969	103.0603182551448	101.9150580431007	103.5373703039751
92.32504925555027	89.96836399085393	110.9722125172585	90.05767265997125	100.6099102507437	112.5427052497368	92.79601844543238	105.4317761307059	94.6245067893129	84.7601231177282	97.23544438701254	93.69984421411401	97.65341223706439	102.9482747945239	92.93990857154965	97.36223689487377	105.8117839922432	85.02778997122093	100.4452566210676	104.5178569583694	92.12741671756912	113.2354427787312	100.696634386453	99.44553051417725	110.2954664497533
96.04328693707993	87.41715300393577	80.68049370538689	84.13100379757911	89.85924207201293	101.5224351167277	108.7712693126202	76.73912787319401	102.8050441349014	87.33554366773924	94.49534062719736	102.0439272589785	83.19427077802659	107.3044028077437	85.90022462734896	95.56030051591458	93.22920024447413	100.5030030703455	99.07574721000144	96.76790980442178	88.07014330045037	85.92867241385842	70.73477340773253	90.1097066760106	103.6752553814234
102.2500215217059	88.10662779657204	105.6166703167512	103.1874254033624	103.174513335208	89.56955598469116	112.6784255354412	98.64763249972597	100.8796810656911	107.8929309466541	93.54034771548274	113.0402033837834	98.65742122724575	98.37649752773993	98.49801483131937	97.64374565476133	103.211126996272	91.97117055108325	99.58346231050974	81.37075780375926	86.99230378693969	87.06992747351485	90.86015492007233	94.57443277518469	106.6937402447683
97.95713642449948	107.4887380325205	109.6266219516544	97.375705083382	113.3846523182193	103.7668205207041	102.6242522228687	98.58954079346285	88.64173899749368	89.34137641221828	107.0554566315006	93.0641936861872	92.36266502905161	88.74847894599195	95.69363699386942	103.4197163383575	91.06852960161542	88.42726885072689	102.2443769128186	82.03551948432876	97.38108971639487	102.233039629617	84.57297444283596	94.75315705199839	96.089504986096
105.8139694763813	100.1013314504608	85.4784132037351	106.2883501931575	102.2496711984033	113.095864922639	97.88038494456697	93.90878321851596	91.66714254890795	91.12545331534757	104.528009231109	102.7755200315724	105.5746558404309	87.53321907970394	86.82694746247422	100.1375846875261	89.30102966577215	86.60931200368083	94.40050864247345	78.05994470169111	96.03355513357054	95.11671828246459	89.64854224826688	87.77324767161113	111.7866244089723
110.6571258703343	93.21216800462389	106.2613919631338	92.69611088316697	97.72515341196278	86.67725054706017	111.6435581451142	107.3765259348834	96.6709181361196	86.47646964626178	99.9936264848635	86.68199497054403	91.37779380349319	105.9652289366246	86.87255228370267	86.58460263946645	92.62859110726164	91.74152950129459	99.38706580554599	83.23338762598067	109.1481763381015	92.57622260932702	108.5110943592039	103.9190192436023	111.4232128462484
90.43307241143604	90.00492653758178	73.47489386521708	81.43513117092816	91.9624956818444	94.3385198455917	95.86514350547796	72.46643601076016	91.63212180935334	88.57673852938602	111.1837969681208	100.5886707411568	88.45088330859863	88.01895124040054	104.6491637148721	85.0410327223866	70.77715540782134	79.48840528723176	89.7661192236379	88.25780508145283	109.9806025657165	92.24716615143778	92.09191179354504	107.5787882109378	86.90241775172325
91.20573270630679	89.41716675784289	96.9790600875281	83.36176711889229	110.0347785455232	98.27682040663473	94.59039406041023	82.96509777601662	102.4646936974859	105.12875023425	112.938928766354	85.42081089455135	104.0795572417339	111.4936537479951	113.4443537827869	99.95869951060762	86.91897620469497	85.89229953114672	82.96298893101418	88.94012151399926	92.77201224699832	109.5130653259299	85.43899773518368	93.04158921632593	103.1051199599702
99.39830760902889	104.4428080248442	108.3234961776196	91.32194826831068	96.12062007860391	110.5529825486638	94.21800389888412	96.9653097880297	101.5888571771955	92.81860333375631	100.9427754408336	86.01618829035311	82.86600449727703	86.60145610008985	114.7170723936651	91.21932680705106	79.62044546830919	102.4142901661215	99.93827301483996	79.21595743894133	93.42827926854085	99.42522839891454	82.83493483544186	84.78343776612098	114.0436152765567
107.8586417654177	102.963643858961	95.32332425425248	74.67162499232555	90.81787480758926	105.8729632907687	110.4529948449278	73.23534758247783	109.6792198116697	109.0804335042656	110.3518075086105	76.80865332783179	81.41644779466867	85.69675670415225	95.01661620994746	90.28177409313761	73.32143735163979	95.54110174787735	94.17029033037434	89.4564958984955	84.40956259812125	102.7710017028642	69.95057317005276	100.1237967671984	92.64510634345218
112.3062964140673	100.611058430858	96.40583496981618	80.32534900543091	108.0577557949365	88.14892342685454	109.4113733590779	73.15013038181915	94.62004042588251	107.8445434557059	87.34934680117711	89.56561164665112	102.5340105913883	89.2205104143837	94.00728889162538	93.14814991956217	88.48352384836052	77.90846756919821	77.57031907966193	93.74658392383226	96.96147577391582	91.78889303795383	79.77885183214114	89.30119305514521	106.8439598419194
