96.96199251645787	97.64218788969058	99.99679639941574	99.9944020850605	98.68771570571469	98.78159271958062	97.11142510969425	99.88450416907104	98.66484388284192	98.55800564433117	99.29513979339031	99.98692923372691	99.97472400299357	99.55800945695685	97.19916780416852	97.50213511801743	99.79278226828663	99.93715996454216	99.95455470342235	99.89256845530133	98.0887673719553	98.98095001725757	99.8505850588805	99.43581348713143	97.827484581741
98.45162184101314	98.9146674113175	99.75459051059123	99.88158621366865	99.57954193877544	99.62926308342293	98.57739504076099	99.29225664133524	99.56558254470119	99.5010630144488	99.88451917701214	99.98413099308479	99.99543833742592	99.97148823983795	98.63845609517548	98.83898012560688	99.10441695387652	99.98032966568779	99.50412971994685	99.3328330559974	99.22739702139469	99.74291875531127	99.21918113812599	99.93725074895654	99.04407389909609
98.98499765585125	99.34550539699507	99.49077035050603	99.67261374477329	99.83143592953697	99.85249813791576	99.06946780526557	98.88201705036194	99.8175378568758	99.77502589369274	99.98688188725781	99.88486916066951	99.92122507147194	99.99692461472146	99.10166291001221	99.27575599738276	98.62960053711225	99.98790624217354	99.14059559676411	98.91198093967007	99.55663717800172	99.91666535113937	98.76621007945003	99.99676533067324	99.44213570782001
99.23858293799609	99.53935078633693	99.25291428712808	99.49613635832635	99.9255115749262	99.9394183919398	99.32391298653386	98.55943310303535	99.91137050150805	99.88988556354295	99.9927001381365	99.75538360952511	99.82721385595696	99.96631183974209	99.35250647766371	99.48320598929088	98.27229836851127	99.94228406103568	98.84532208685889	98.57631119427568	99.72611245943294	99.97775885574816	98.43050653541034	99.99258019521177	99.64345227280849
97.7838540610244	98.33480008903449	99.94243713414681	99.98687776528641	99.21234072139661	99.25447059960142	97.90084992899635	99.65460265074304	99.16967414971555	99.09756570639787	99.66152940732221	99.98743815688167	99.98812624092048	99.82377835774871	97.98578273228765	98.24742806485607	99.51278409771402	99.99715932309289	99.79764522372986	99.66752660009318	98.71843742608242	99.41619349747496	99.61026827127093	99.75225463226101	98.4984765344913
98.80244052741709	99.19742707346337	99.61081415603297	99.76115844862476	99.75174100897273	99.77918356027786	98.89823538609022	99.0571337920874	99.73779282195507	99.69378570362822	99.95886264104408	99.93295033268839	99.960043381177	99.99711919877851	98.95638779486819	99.11951873061207	98.82021714756056	99.99735596792044	99.27870296718717	99.06805863602817	99.44779571315591	99.86607151040272	98.9614662954456	99.98464891901618	99.29783175892101
97.33859275391455	97.93924830856321	99.98734674572684	99.99408220835235	98.91630254625532	99.00326031043424	97.4584359943	99.79675310535031	98.8863291371926	98.7977442165238	99.46889453246889	99.9964426412149	99.99525444177333	99.68544206148988	97.55003969766554	97.83434167716788	99.69206371355438	99.97688054416028	99.89766050176931	99.82139867561159	98.37377456901123	99.17469270019986	99.75701905735917	99.58886020415963	98.11703543035622
99.63668593273171	99.84046940694428	98.71841909623039	99.0173074801608	99.99749803406173	99.99351151044588	99.69020115502778	97.80338158892215	99.9970169342762	99.99490466524306	99.9972902647108	99.42360193781347	99.51665751444885	99.8072670972723	99.72015328239284	99.79706280625582	97.45543211613418	99.74701442797287	98.17954447968908	97.87302378895689	99.93655769561273	99.97658006607594	97.68155544760492	99.88487577851544	99.88532861725663
98.69341817319565	99.0974132240687	99.66831325291669	99.81170543364856	99.69330640014876	99.73433848578006	98.76069470156089	99.14412963031226	99.67836126549992	99.62441288958409	99.93807654452642	99.95643994631739	99.98032233587011	99.99227435547243	98.83788968365107	99.01137351988075	98.92178420325899	99.98916153334959	99.36929315310095	99.18261901042048	99.35589178048745	99.81937545000217	99.06503317878645	99.97188839527307	99.20957750876173
99.308310268809	99.60772881861051	99.18264913503654	99.43432737414496	99.9481567364699	99.95846922136937	99.3860072599085	98.4260459163622	99.94064424152739	99.91966237894846	99.98877429434604	99.72165406891355	99.78038468944932	99.95457228947132	99.43869784278102	99.55800113890285	98.15319653200457	99.92366357433175	98.75586628542689	98.49322721090641	99.78208350157168	99.98919467194274	98.32015274914136	99.98463119678061	99.68399504166734
99.39372010070832	99.66063488782856	99.10942931011824	99.35114200614613	99.96399281246244	99.97325675749501	99.44842963623553	98.33887259211558	99.95810466032734	99.93662559837792	99.98666267276793	99.67298796807333	99.74413541592432	99.93294720291802	99.48373401474898	99.61237157523952	98.0296193783046	99.89191211821243	98.64883073550614	98.3714900598869	99.80640051977747	99.99501913731996	98.23907281432344	99.97668824002183	99.72368510290305
99.82582897678253	99.9525593905405	98.2773452178175	98.61933310462437	99.98530286026269	99.9924020696904	99.85714807492158	97.23388953429669	99.99155421856921	99.98944087969289	99.96387215823835	99.11130531365164	99.23410897962017	99.61082642996172	99.87563012195854	99.92797643189814	96.83885218977487	99.52844110522159	97.68661569354374	97.2848017640146	99.99424336832874	99.9757998878717	97.11884770721856	99.73035236040259	99.97714375603188
99.51590505553098	99.73228402627944	98.94557020875837	99.20999144209063	99.98598133909556	99.99268427820442	99.56845717914508	98.12686118146652	99.98282203069313	99.97030152645173	99.98756895858925	99.57549312054522	99.64918101988953	99.88868144571934	99.59145002437818	99.70477156716365	97.81916926231693	99.83845116956093	98.4839652470519	98.1693318007694	99.86963459169937	99.99223856898128	97.9908427221586	99.94752819410104	99.80465705039401
98.69945025370409	99.11313007390532	99.65634060432539	99.79605120250224	99.7064170554533	99.74525556190946	98.81535124520592	99.11939108683228	99.6951042883298	99.6497339168814	99.94217981910445	99.94927246500768	99.97347039435842	99.9928754949956	98.8589839962933	99.03633202191881	98.89539094819109	99.9911624744046	99.36436106944076	99.14541470961724	99.39167537882338	99.83077782586498	99.04273423000828	99.9753571402149	99.22786433845098
98.95517567164707	99.31149121051693	99.50422049743662	99.67581267429982	99.81410678877667	99.85185713335729	99.0530998814568	98.90567110385471	99.80482619475623	99.75942059168338	99.9852658805152	99.88394109158649	99.92992521953565	99.99723724717433	99.09123757662553	99.24400257213577	98.65237477440203	99.991622808598	99.15293178134138	98.92740147417126	99.56080692176019	99.90768552736138	98.80874816764546	99.99687559248584	99.42539151481843
99.88494167450251	99.97979069966991	98.04043933212509	98.45015257447378	99.95838573238747	99.99616673178971	99.91014436538637	96.94839032145869	99.97009514177347	99.99282072871209	99.9226817758752	98.9578311624157	99.09164462976857	99.49117364177343	99.9307653485243	99.96619201580074	96.53877254208855	99.39380468914709	97.39777826005461	97.00697376728981	99.99503253323535	99.98656994547567	96.80115644155786	99.63110159209317	99.99328745281872
99.53640953279981	99.7629465414974	98.90662447844294	99.18064090816846	99.99013590523931	99.99449460172897	99.57600035068153	98.07059549503282	99.98764071016502	99.97549126053181	99.98874983138825	99.54497604325024	99.62575011678496	99.86702076739866	99.61622135658223	99.72037610248108	97.73325249462195	99.82617660905252	98.411224896481	98.11211977714729	99.88462934171788	99.98848007255539	97.96369139479647	99.93277433029061	99.82831155296995
99.99157345690003	99.9974533631033	97.26137353789362	97.71964068255923	99.79779242378257	99.91501138791544	99.99641124767234	96.01593197440656	99.82684945428362	99.95394998689477	99.71003181878413	98.34623042473817	98.53717482196329	99.07050331540633	99.99746963632352	99.99076466617147	95.54440506330903	98.93442741707219	96.5521896026286	96.09248828598633	99.99641004314182	99.95794668728965	95.81271127586993	99.25999688816725	99.98027191238454
99.58304760864657	99.79342779579584	98.84365765419599	99.14416766906355	99.99490120306726	99.99707840598433	99.6313812362464	97.97683410970892	99.99280078180746	99.9850871250846	99.99133056124307	99.51107550491227	99.60080784338841	99.84691647363066	99.65521911571986	99.74585843535267	97.66341985263608	99.80349004116999	98.36161613324117	98.03260562878624	99.90619119926039	99.98352808128361	97.87729659582305	99.91910251918226	99.84964713656888
99.73325887036478	99.8922529908106	98.54126411105572	98.85137725015493	99.9973525476222	99.98893022131257	99.76786891638832	97.56960485649466	99.99679593133538	99.99465900458489	99.99021132695874	99.2943971997571	99.39598878451876	99.72332593232753	99.79934348711564	99.86627201795595	97.21527040126787	99.65786457584359	97.99216554487353	97.64334284844635	99.97110421432974	99.97214981383094	97.4461771626345	99.82527468296823	99.93772426834663
98.98397216181296	99.33606628347404	99.48656690038275	99.67614350763	99.82237331237592	99.85607352070969	99.0761186129336	98.85980960449918	99.8165511873252	99.77791433091501	99.98672141796564	99.8747131424733	99.91987117674894	99.99665618091453	99.13175629557583	99.26111842627657	98.60382848029981	99.98826928897019	99.12641154089407	98.89109836581686	99.55892858598072	99.9160302679503	98.7596450418373	99.99725134107135	99.45024190975482
98.95517794872406	99.32848924982891	99.49009097479443	99.6734531889858	99.81949079781781	99.84901377791084	99.06024689719034	98.89587750852668	99.80217709235451	99.76823719038157	99.9848068845681	99.88703652415444	99.92030774133018	99.99721593947119	99.08768115486185	99.25780682759091	98.63853779132199	99.98970766364815	99.14262149470919	98.90317189763702	99.56456123326902	99.91361420369348	98.81003195482029	99.9970761856744	99.42429021654124
98.98595097492856	99.35658827784242	99.48549983682099	99.6572208943	99.82766304609351	99.85411993819589	99.06852534318965	98.86517788711539	99.82172009827643	99.78876320414618	99.98733535028126	99.87455830947646	99.91863708541047	99.99592903815049	99.11739793506368	99.28554494208093	98.60433087938128	99.9891945860076	99.11223160289168	98.90657448990076	99.57983006551341	99.92029278944511	98.78027296075011	99.99711338295404	99.46148132392388
99.71914534159625	99.88145785427682	98.55934893971616	98.9006778266719	99.99740262650803	99.9892470900172	99.7572997313043	97.61958315497859	99.99656728580399	99.99616958225015	99.9930386253515	99.30888851697999	99.42490465317425	99.73239473289784	99.78247905566214	99.86051987790685	97.24302827812082	99.67875548053358	98.02048588856633	97.66967849144491	99.96751643066604	99.9724377747189	97.48084562306958	99.84013559107872	99.93008937503677
99.88345924849339	99.97645748463547	98.11034440250025	98.47598916709147	99.96564163798199	99.99692490617487	99.90562618911906	97.0013150808326	99.97581578217196	99.99177205378837	99.93112824910057	98.9766311577835	99.12141465981361	99.51992803947111	99.92058284416322	99.96347871924196	96.5974616485413	99.42228771871686	97.45854720763766	97.04823239327794	99.99651088706881	99.98432660408966	96.85113461208002	99.64646472371018	99.9920801233621
99.91080644253506	99.98892225474002	97.97047238110471	98.31537131160059	99.94370596579813	99.9906776689384	99.93288619756407	96.84706880090545	99.96010994426257	99.99668686065033	99.90541709384279	98.8638771061554	99.00500903236758	99.44666654710771	99.95044040039963	99.97907281394492	96.43036019156752	99.34329236879125	97.29111734783316	96.8857930320397	99.99195692615501	99.99384529130066	96.66604617022911	99.58529560017759	99.99709400544623
98.96508620146459	99.33706986943143	99.47600382877101	99.67476009775193	99.82451251913014	99.85288754405367	99.05462377086735	98.88634240368204	99.81427273383613	99.77139876931111	99.98687198442519	99.88129710674241	99.9194611308025	99.99690644210733	99.11518857772926	99.26835796377297	98.62479080634833	99.98932813248345	99.14076246127385	98.89604819215037	99.5697634516289	99.91815575998176	98.76237280050535	99.99702804912344	99.45443213940078
99.98535963449903	99.99638925792421	97.39444109567957	97.8513646662386	99.82193853770134	99.93760484488335	99.99104684604046	96.14975031810459	99.85784776309762	99.96763423985797	99.75358987388402	98.45926807304741	98.61631636583398	99.14675617967495	99.99472268454484	99.9932757295261	95.72274002797975	99.03294658791918	96.69246947311272	96.21861266666185	99.99660206642699	99.97354036178527	95.97489779094542	99.31889826290397	99.98088088134422
99.9930478132592	99.99694884504451	97.2377494233117	97.69082995827722	99.77571505124313	99.90038813153548	99.99678735714792	95.99033659771824	99.80930961722545	99.94856308576264	99.70815277362539	98.34006574508409	98.51241023642288	99.03545703110262	99.99729934639285	99.99029159054054	95.52240456249609	98.92045195357122	96.49933201497883	96.04913863251258	99.99537793906796	99.95088240676306	95.81065208573672	99.22886929780691	99.980394536226
98.88514706465187	99.27051082200987	99.544005408968	99.71848664336834	99.78485119968762	99.82405809377019	98.95430012254472	98.97147950044162	99.7697278505706	99.73015542952719	99.97634767536951	99.90722029477382	99.94227548284991	99.99735696073174	99.0369958359252	99.1846299098448	98.71087819650366	99.99607975901846	99.22183115535852	98.99303964069782	99.49635163442453	99.88716220527313	98.89005473331729	99.99341585847623	99.38194893551903
99.93562843901934	99.99491200525628	97.81150894992422	98.2362919872316	99.92024812767912	99.98266565865575	99.95589324004349	96.67889795421102	99.93449900816647	99.99608966970092	99.87649502927715	98.79647458373589	98.91373530667941	99.38491335725034	99.96458707417209	99.9883816202311	96.23968124555039	99.26328559430264	97.15262574324967	96.73471364298459	99.99013519596454	99.99678531447115	96.53217431854293	99.53830783669548	99.99458864565393
99.28741236003982	99.56889803372833	99.22324302463036	99.46297220738101	99.9334827005176	99.95003365928051	99.34798696096182	98.51286068473058	99.92574710639585	99.90507846315249	99.99050687033744	99.7334477067932	99.79754530045314	99.95749728961259	99.39663195157371	99.51275877673964	98.20897852965486	99.93138181062645	98.80651980867097	98.54074519954423	99.74938892956881	99.98286886050357	98.40052239574194	99.98922526902754	99.65415590062572
99.98505802099986	99.99641779493335	97.43050362687222	97.8562464458177	99.83243002185472	99.93535219944117	99.99123167763641	96.14231708864715	99.85568786397319	99.9666128271549	99.76197450892258	98.47089115318477	98.62562874647352	99.14609117038846	99.99553322353148	99.99327276221604	95.72670062643604	99.02669045936534	96.68730989986067	96.222958591721	99.99661037755355	99.97145281370675	96.0304240423086	99.32636956426583	99.98085469590011
99.98657563335078	99.99691635336335	97.34525196618019	97.79289211858152	99.80925752926474	99.92373094016507	99.99447837506663	96.09686390575311	99.84374175639653	99.96111234609273	99.74572637770468	98.41450522317501	98.6027333393336	99.11887144893127	99.99609144080773	99.99206403018847	95.66652138976444	99.00096360299609	96.59487732692203	96.20284036936592	99.99748002880088	99.96891619054864	95.969819743907	99.30718214945233	99.98041971410413
99.97596414608788	99.92074313007392	96.32345432632144	96.8219252183065	99.48532977752582	99.67849837664407	99.97704119107767	94.87892743243013	99.5232178597516	99.7647686495104	99.37209136402745	97.60712132944877	97.82470811093836	98.47661750133614	99.95860307238165	99.98547810623954	94.36080214774893	98.3268746597582	95.43171747431545	94.96988490567037	99.90756675918126	99.77892281846043	94.65752899478555	98.72717371908352	99.98921813640932
99.99596982296535	99.96062361096548	96.68447993328952	97.19009014505782	99.59875982139202	99.77504378181352	99.99415631604155	95.27957503749683	99.63767285343779	99.84521123682998	99.50667882291256	97.90312820460811	98.06848655143692	98.68472333364943	99.98560629389968	99.99747520388253	94.7801572104722	98.55011178407798	95.82140267953872	95.3383038517007	99.95339496689299	99.84973653217132	95.09369969456418	98.92417920765418	99.99653551830086
99.99622262031099	99.99556481279663	97.1690487817729	97.60248416268348	99.7538225172113	99.891602346144	99.99726676466344	95.85762037807179	99.79095902424923	99.93582917661533	99.66844737632546	98.25194065159758	98.41469538972083	99.00653410507277	99.99693224970423	99.98988874736948	95.39760521293084	98.85340096819826	96.40861779567014	95.94432981186138	99.99339291803835	99.93644178631799	95.69395070805277	99.18435919178421	99.98116588674641
99.03698782828612	99.37101775475983	99.43703852353741	99.64078499138074	99.84660094314685	99.87092670465516	99.12260665576193	98.80760832680086	99.84100217182431	99.8001938834245	99.99168017740301	99.86185399038492	99.90207605183663	99.99428118369535	99.1556223545398	99.30923024808912	98.56106679292542	99.98209406626718	99.09518062586106	98.82773648742243	99.60462647903032	99.93311691351862	98.72973799809041	99.99728901119899	99.4794545865841
99.99745804933592	99.97527056315079	96.8325456731266	97.28691898736206	99.65987650098866	99.81124760818311	99.99744789969715	95.47269261619121	99.69148771915417	99.87719584844346	99.55751200945674	97.99888596864568	98.17591439876998	98.79603894460965	99.99359187975431	99.99396926876113	94.98831111081249	98.65453415865989	95.9905160989583	95.5136431052389	99.97175189833219	99.8830818086952	95.26806509132723	99.00640494504452	99.98965949471281
99.99748972065626	99.97306412999528	96.80094314790479	97.31142021687785	99.65765971372339	99.8150889842609	99.99738477149707	95.42143032737019	99.69217380024806	99.87790309334747	99.55758023460828	97.98640007376196	98.1992720287202	98.79184228336297	99.99405167142682	99.99429868282989	94.94228621182367	98.64341390375785	96.0220892597083	95.52674846196859	99.97130483419569	99.88090872337482	95.26974482703051	99.02047511098857	99.99010150344616
99.98659294770242	99.93325811477654	96.4531744471535	96.94747076731461	99.51161753294033	99.70752618381891	99.9846226353755	94.99080004020203	99.56246419730705	99.78781985691995	99.40695149284838	97.70542239889228	97.8851250797531	98.53325708575235	99.96969712031883	99.99281206199963	94.48690479606601	98.40251315153182	95.57961249982273	95.05209432120596	99.92149801114337	99.79552815568313	94.79184268655247	98.79306830063356	99.99446459925331
99.63959860834066	99.82474842734564	98.75474062626495	99.03392060816387	99.99749210975062	99.99422362506856	99.68947460268041	97.83009836272018	99.99704132423884	99.99297163149687	99.99746333363581	99.43223377773693	99.53077985910862	99.81299588320543	99.70504405538323	99.79796959611377	97.48880468780533	99.75721080585484	98.21165611989625	97.90821045619496	99.93327008375297	99.9772275452877	97.7094617334611	99.89290013846123	99.88516132636973
99.75356714931941	99.90699196905589	98.49535572646911	98.8198791583937	99.99605574507576	99.98882998998488	99.79706108142808	97.52407635365307	99.99744050556583	99.99260975792652	99.98600632247658	99.25752653449339	99.35496191686846	99.7024130524381	99.81333058912428	99.8841181556885	97.11507808260224	99.62368881440851	97.91554914668409	97.53438939219835	99.97635838911712	99.97209062248625	97.34688057764279	99.7993339982538	99.94436174708014
99.95953912608158	99.87978539427922	96.08982147704228	96.62164799085589	99.40338178958666	99.61063008365682	99.95800014523857	94.59233385137405	99.4341426688645	99.71661409775162	99.27776568277771	97.43485527239127	97.6354228318872	98.34126552147653	99.93142979390319	99.97375943874195	94.06472539618719	98.18223379207581	95.21134441706346	94.67787583973217	99.86831662824507	99.71994468544658	94.41632852797242	98.59919326747743	99.97763020400126
99.52756825580093	99.75724167297356	98.89743018890343	99.18119272801337	99.98957444979527	99.99498785093864	99.58499737435451	98.04301188999635	99.98687373303265	99.97576638165005	99.98885801600143	99.54854822380324	99.62895834606545	99.87339659855965	99.63121040525648	99.71761465780446	97.73778990903197	99.82403995866486	98.42787314700747	98.12520730462616	99.8943129841862	99.98825420499722	97.93240066276654	99.93161203231612	99.82904842639159
99.96300066482885	99.99716140007864	97.6389395009716	98.04558885266891	99.88413412771298	99.96373627805899	99.97565492574645	96.46220706902598	99.90554305937107	99.98714153597319	99.82599885392879	98.65476602913091	98.79679412475795	99.2841450280706	99.98444601824112	99.99678190741254	96.0214043183325	99.15997950402125	96.94047673897953	96.49660783327052	99.99085829923709	99.99042956518093	96.26142779151331	99.44256832412782	99.98621409387913
99.9968222858472	99.99284209081159	97.12682276688753	97.54747948859949	99.73530597658082	99.87923199382629	99.99681394338197	95.77720420527052	99.77389276543825	99.92889084810827	99.65888067898867	98.22764285621079	98.40709587545946	98.96936824075728	99.99702645826227	99.989927570527	95.35124248863505	98.84708522956363	96.30591733387561	95.89197615251614	99.99015226958954	99.93372842667019	95.6320903571156	99.18357053209513	99.98181737511631
99.92514472794871	99.99289513968047	97.88208393553778	98.26422869835679	99.93277919004707	99.98740356346518	99.94592896792348	96.71172076201292	99.94296830927306	99.99674056770617	99.87781120916132	98.80640533145846	98.9519247756884	99.4006905784005	99.95701097154516	99.98717952035334	96.29186282329995	99.30155732693078	97.20043015025908	96.80053433054832	99.9906024486028	99.99737946785403	96.55861104624205	99.55711001609858	99.99748482520233
99.45738528965195	99.23121966901928	93.61928435672583	94.3792338339495	98.25543234290255	98.63639644597919	99.45077689753737	91.81442324342069	98.35244843304319	98.83592395811405	98.06566764218326	95.40407027569391	95.69061844054376	96.64786982520226	99.36849884714447	99.49876492069649	91.10682658725486	96.41156067679745	92.51261478351006	91.89833841721624	99.1973614884251	98.84631386531282	91.54972415401173	97.04286232960312	99.52729701300854
99.75219874301605	99.59830366458033	94.86532154136439	95.47514132051887	98.83502649779771	99.15319904529539	99.75175739012137	93.10486993154275	98.90834013638234	99.30992942915532	98.65998286610565	96.40781259690021	96.65419118790585	97.46751960854714	99.69711314127859	99.78619121408747	92.5377008708888	97.2983584005059	93.82018848654478	93.21787192164372	99.55996171983442	99.31718273772753	92.92612353584502	97.79018935256126	99.79808392896187
