75.03612608485946	117.7125253423651	80.24025083641048	114.2734490302943	88.28638417319334	78.34414612804038	89.7767206803637	82.14241926293582	91.70847074778911	90.56353017991668	88.88580896989301	97.11541116513453	102.5674979789385	85.23342630474156	104.0189202087407	83.32293679885304	118.7888665692809	88.60122681155852	95.24485284200247	104.8857737140409	78.72403297572329	119.5514502013193	102.9572073076601	116.5302323156968	92.9354474107115
100.4748372794857	102.2723047042176	99.39690353341381	78.11448658380554	113.3020784202957	90.88331726183483	98.06168769541205	81.94370820650697	101.6676664824327	74.33217871618307	110.0900091375193	85.93500721168091	95.14382303072655	90.09817065931438	84.79999477795721	70.28023420949704	101.0988751475225	86.74604065126672	100.3292516404409	122.433068082201	83.28251505175385	102.376798035946	78.99889899670721	82.16555310097779	87.78138212115363
108.1180754404637	114.3392034735035	117.6927676514381	120.0906260774246	93.85604881898452	99.40121659918199	117.5412339610316	91.20216833208798	106.5105407652771	94.73607640782532	80.19363663960075	84.84258349955277	116.5727284725486	109.1154665140542	83.11497151260292	88.06099316643024	103.2360347939527	80.45911908893488	82.94283451939332	83.85024711414272	97.20888254596088	111.1198655522421	102.9719967350849	87.97871963684409	119.1098263056829
112.7687782218507	103.1813224987533	114.5041515170068	86.0159741150439	113.0511675427962	90.59594180237715	85.52457044613038	110.8376341111266	101.549791350079	117.8085133283423	77.57993837976385	114.8131944330378	112.9855621376869	97.65551598330512	77.02042906252012	77.31383468712919	77.46559518906234	121.839804215451	97.25650334509018	104.2315984359128	118.9721383944532	101.464798219518	95.25128041942648	87.79288662669148	118.5046783112612
98.95770417541402	118.7913021842116	118.2412041030817	94.69870123519814	82.13135471482059	108.4452243004868	89.56603950468309	108.0042303271487	84.4283795915169	88.42233398104649	78.84997541773855	100.5704221797661	91.89443802657303	98.83841764581435	99.83740252901168	98.73138449079877	91.28688715704425	81.60373302634504	114.8550641940696	92.94532032669258	91.98905915431894	94.82192144250457	81.81198371551844	107.5111876505188	84.2958755472369
90.60702624693796	113.0024304555484	92.80523355572302	113.7530408495645	85.44443155333921	105.2832298589791	101.8193776636695	101.6959934311264	109.0652340054149	81.43239378327729	119.4844501755318	97.40169303950998	80.38664377353034	99.44206159237908	100.440931330859	75.81160439074182	114.8490589290922	99.36093963251008	99.15348912819357	86.27730526948166	110.2334040201336	75.2714885478688	102.3589172925803	91.94342795088004	98.75228876769332
117.4272071522436	89.75117608418924	83.57390623065494	85.9434271410918	78.19744382914703	89.24097464748556	104.048777600951	92.28032375722935	85.83659987912435	90.43794184804123	120.8414594869796	113.1724887316038	116.0303942145178	96.10487425029929	103.9896789681417	84.45757286849056	107.9013450145916	95.71561987393144	104.1159340964071	99.59320687051377	115.4361754111063	93.73465068824724	82.6693305577338	81.3577402237827	90.97998973506546
83.57392098723012	102.300887110354	89.80673829851814	95.81603126601115	76.85992775220474	79.90576546892376	99.37478895163561	98.83687051848185	91.69656512626574	96.49211356829883	100.8528163583821	100.931306573779	84.30191875301173	103.8133395035562	88.6936690158292	88.19278638021308	76.27438501812823	116.8623476071209	90.2059477246917	105.4986477608432	115.1639430961592	92.22800192197458	95.34916224323291	116.2412431622423	107.6357308666173
93.13765646156585	79.46741284705665	104.0267093098265	113.8427029833992	81.11238806882312	115.2702814298495	93.51992048979645	98.04767813349366	106.1680132870847	107.5571545796712	114.5219228582169	102.5388018260464	94.34585482208134	77.85641180740839	118.914405974889	110.7068798717438	117.5783038090661	107.7651489050725	78.79439993558036	80.93624119862362	95.42877743633166	106.4200873947224	74.05783299882067	98.91167635122906	89.21857901877326
115.2679124692667	79.73955455037344	111.3573036550446	104.8145965636702	102.979026588998	78.546416944493	98.54025389858506	109.3685547643606	106.6365378824625	94.90946168186477	80.3303341406649	115.0020713924312	82.82593409265171	102.3922166664399	96.93614674042625	110.8520881060525	102.8687604599571	102.1317873398583	113.1156504079928	85.84419334753628	83.35130254316046	89.06348590756254	106.8130112794024	84.80052493328645	104.5351415531934
115.4960737972125	108.5010604378464	81.97970068074771	94.92310992314491	111.4053596081498	87.70788617512692	78.29330672942719	103.5436148552006	93.09600422578393	105.9799692017001	100.6698637260851	76.78096247991316	109.3522600546111	107.2819163656057	88.22618052238741	111.9305782655511	96.06761738148541	85.10305410396958	76.29954295472112	107.7679652687793	88.51994064290602	82.88847688721215	106.9824206893593	102.801659805147	82.32920489517433
75.51602980518885	103.9620930768831	87.98779050598816	101.264455542638	82.34326495876151	106.5941994881227	77.21897894533701	115.9218155819953	113.2705279081563	95.94136786547472	95.80835112314536	79.0992165693672	102.2032587114765	98.39549566940528	88.47129267208565	98.08073416690119	92.94266617602655	118.0262993953217	99.68831233720105	119.160729421769	86.44847342066046	107.905623165538	93.56950065407663	99.63577213221362	91.97006774169554
109.1199346482966	81.36031539065743	89.43802992868793	106.5328490243555	104.7421877220576	100.6747343233221	92.12195427285307	91.47524008944802	83.20050161834779	107.6894074432455	113.2749150784101	100.1583873051275	96.63580540868253	115.5139324624419	84.71391265177792	82.584202615558	111.7801272510963	112.7619468836836	108.3649951628003	113.2125796490568	116.3157796874355	101.4224722515624	91.51701298837258	80.16772668842552	108.4200330445173
110.1664126069806	85.44271219583577	88.51769266736059	118.3261134473292	116.7728379056273	78.58855341175595	96.44054987768082	107.6892323258662	105.6745200857118	112.6067273949528	111.8024028755254	95.54812010625105	109.6638077251959	88.37749550400636	103.4702541096117	98.2990390345485	110.4414700857595	91.66260895599592	117.4321288412849	78.32540115159838	98.51817556759924	121.3229073575947	86.52280442355196	100.9640479538604	111.3125209053472
86.99211527210662	119.0246902461409	105.9757646535873	110.2598907086569	110.0796852883419	108.1329220960505	108.8104748095935	76.67905762416025	121.8644228834087	117.6886798409584	84.86329387167089	100.7132903054535	116.7162396813395	100.0165600485038	94.6816945846986	79.25321980518923	98.79552687150097	109.0203854737499	99.0559776309674	82.09973981075682	91.42450518966993	94.01617769414422	114.3140201775992	109.4137170737583	77.04319670713971
93.36675398356412	88.75716561064536	83.03622203442796	70.94705026454963	112.3431908506493	90.9459422994714	83.39243487593278	98.52772291906727	117.4878045632642	113.3917356688489	100.6209139190457	111.8123177430709	107.0812995698981	112.7278187418104	92.02118901076994	102.2714458688017	87.96420835135551	75.067831148484	112.3824147549921	80.48774957642415	119.750244005923	93.07542164281395	80.89412281069086	97.8094939602652	113.0971760036129
92.73250742379292	92.14649517703205	112.6933312924213	103.0438293663535	91.87745072201056	97.16216176847917	89.34582623206778	94.17711308722326	79.54802491170278	117.4164571325528	96.08546842505049	100.1290873253283	101.3977131273131	83.93400091809362	109.5239520766135	78.82445740203117	89.19185076835154	82.85107569536767	113.8072459152826	88.91714480102758	88.06352135705805	97.37285283467396	109.1066008000662	116.3842466815034	104.5517318375273
102.8988059119928	113.481350429642	79.06871710554481	84.95328162576722	105.1497363958612	105.0330894639604	113.5870084180041	105.4575322293561	119.8503016330687	101.0378885251328	121.260457701798	116.3291390574867	117.8629011769319	113.4093486717964	92.40772168112706	84.27600053584095	104.8393846513622	81.72925683689343	91.65955078604193	94.10319086218014	101.8777389256052	83.53917766043384	110.9554706866715	113.1814541972546	94.44684091012556
108.2160722535431	94.84040115029329	88.00308504368547	121.1775256310023	116.5269452634991	78.93253632410794	86.33369369367034	109.9725204344883	121.217504713455	96.78497912789911	114.942617291791	101.1906836928865	90.5844037989097	90.44183815356378	91.86471853247843	76.58916164822895	94.76095585889608	86.30253528316848	99.36614411343592	86.21770924468218	98.57487387393118	88.17412398667625	113.4638215589205	110.8920162348369	117.7054368924986
96.05916173112392	80.14452609734002	76.5137042596662	74.2660368990112	118.7087700347801	101.9078901922206	101.7862774906894	86.84676928693014	114.1560510570162	82.35359432745568	91.92381885874266	88.15203850587315	88.03552835717679	119.0810885199546	110.1474874553451	77.99216196358329	78.27212226843429	79.43628633377678	72.78178480131925	102.1469618022315	100.5429152996958	90.56998081395922	91.24227416207199	100.1514456097123	110.2929283597662
88.07616711544439	99.27643624969599	90.66583109645956	74.70402910421147	101.5207560162346	103.8283947487573	95.99199791202216	88.01755214814973	93.1091622111968	112.3843703823312	80.47054740214925	101.7008947667138	102.0467009162454	86.88141361693611	79.57994328946394	118.1659070857356	96.18831521873817	117.0611884334684	87.39522412508168	90.74928459859484	78.04597225613453	108.7887875509532	89.14355265407539	89.59777492789756	97.64057696175172
115.6249821428253	101.3381374644586	84.98277059582149	92.1445888668059	112.294100812862	93.90943839454511	81.87026146300514	91.44698656335092	114.1412153268963	95.12528126079019	105.2680529357594	99.02181914527247	100.5875085744001	77.25287240511547	110.8435557291806	112.547286746536	102.7036295284779	87.91560480995417	100.7491455452964	102.0426775963554	91.16835302036172	105.9233017899509	97.09089123804074	79.57643031195785	109.6389819295407
95.63233253470153	98.87796466855053	97.04371569885808	86.78213315009128	111.5525770649916	102.5083195418819	100.8664010644677	100.0113947744828	77.28108712797371	105.1119003116331	78.90385962860215	102.6018771447556	115.9690921339943	108.802594114167	77.90062416402006	110.2803735096288	117.5156350158238	93.00145105146061	99.61056980575302	96.46519903793177	120.6648131085706	121.2727886966801	104.2829078476425	97.94961362323123	118.9664110333479
94.0046527280761	86.89115172502679	113.5198900191236	95.97395313394665	82.44689783593429	96.37677982669993	99.0567453727016	94.099453455838	79.1806061484378	80.99124269818837	115.2173272989448	91.04494747786444	109.7278546576834	109.7070009382231	86.30487684898411	89.1395169564591	101.1116105310522	84.53596974373997	96.0077937807765	85.57448914710712	91.84382666156463	98.21717588270761	84.96747685070589	88.19524157538794	119.3349782488256
112.5013146475382	109.8886262428072	94.97799158127629	80.00872778098875	95.2949688741833	97.03855798520607	93.14830719891019	95.09960126503532	92.1051671633778	109.2639979332195	116.9280646357152	89.34971628063784	105.8623811070216	115.1159182449724	93.06717969001429	99.21854796342603	103.2539037329592	95.3727228582309	117.4410133017077	109.664671911481	108.2445648949153	87.39074731269849	100.4056482890277	115.0041244069458	108.2884344918941
111.037457371527	99.25315059433223	113.4381129725076	90.43553649568184	100.9705369865302	117.7822278950301	120.3092481985536	100.703969188601	111.0246506172431	112.4426296480439	115.5864729599506	76.38679296682429	120.0626401319531	102.7056443630793	101.8384513339427	100.9362343838161	84.84315468085492	82.75528454224295	73.34975587991232	75.51416485277139	81.01459437512531	93.37193888903147	96.85283471292166	90.45112708160727	98.37129976736122
102.4264204618132	96.15725939681292	91.10238527399129	95.43387029584625	77.95084545660795	80.01892623818142	96.25963620663141	87.99376219914292	81.8137031004344	102.0313334166032	92.23610201344786	84.53916220239357	83.05568067036924	83.78766202462755	108.8662410586131	93.75345776243756	98.38806556015155	81.5625288656352	98.26012100245421	87.53844596457334	80.40486389277073	97.91326233278849	79.78165040033294	108.5000070090183	87.50235092708979
108.2015034153199	88.23813628941244	106.3062348144911	118.5108642207152	112.772486383512	116.2202676629434	100.8835648128571	78.425213283576	103.1513357686258	91.41828111732777	116.422115112405	90.57217984608218	92.59642448189209	118.2486923588513	83.32942196753075	86.00216804630317	81.73062319568641	85.27588636052933	100.2068873037787	91.5564587725724	107.4021783603119	96.10028527193404	105.4784103209074	121.7842705826845	107.5641772388136
114.7138632418554	88.31914110505457	80.6257764301497	108.813467377872	110.1135869950475	119.0082467265867	87.19185608952259	107.2325865414676	97.46988055164516	99.52344769195572	85.37081075361334	91.12371488418876	82.41191568610488	106.5777664716961	92.92047288971895	120.6813308144523	77.13823860686816	90.84689712430773	82.45217548259247	105.0232233048578	85.2549844381286	117.33103128879	110.2062738627927	80.95435820087785	107.6654403440505
84.96933892789212	93.44219159162424	120.6445556946951	118.1181215808801	91.53433166038133	81.17652342157409	93.56012998983749	100.9403782739494	103.5030196440928	91.49846555412188	117.3704074030358	115.3300639151564	88.77126426865028	85.64759593587027	107.8434812307827	91.96366631540485	117.4691864806708	106.9979514180657	92.44179864326567	106.109660242947	78.53314850287664	91.03682970818306	98.75838441703853	116.4456283036907	75.74586474904474
84.33757185211051	86.42590183951204	79.37549321772077	77.04396899315272	106.1944686945625	116.8706329753263	92.22317385628243	112.2941546508609	87.4472893487866	109.8203064134087	99.03622892596468	104.5169573270806	111.7222721599977	78.38987994184457	106.6732717948102	98.85278469200624	78.57199699775715	91.73322969645213	95.32153402899229	92.7109198307397	103.6143809758438	92.00820630355888	79.43237846058096	106.975247158179	87.76496225917705
105.4791218841092	103.4121804526261	110.3533209756816	91.49101094552053	114.0225141769392	79.26280366887907	117.3743932209759	93.67913119670186	93.00672812898067	79.65120117859833	84.22871782524834	108.9593072209644	79.33716318768631	106.0415649962309	79.07986527809319	97.16245857238442	104.5780207567376	95.092433886628	103.4490706000918	93.90976843553437	84.43801941900969	79.318718558055	82.66016744763559	98.90127072459512	87.58537341430701
111.9521790620986	95.70266153195954	90.06038805667374	111.528607472277	115.0945700301851	104.3431345347766	106.7863577307562	74.39280968392676	107.1624153421646	109.9745997843129	112.601136855523	86.8331745896775	93.10569756128834	112.5919375810728	115.5226759115898	103.4622877707868	107.8728905140993	92.8047995722622	89.53593349482065	110.9507638302026	88.25000736592514	116.1203435831191	94.40300576195182	91.65478515974846	96.47220654427173
92.11542009904007	109.2073878249955	90.42988918917571	91.55584868843269	84.97988918817094	96.74643798907084	83.41601416091544	81.207332364443	114.9412043172468	106.0626774410121	113.9188701315631	93.74213898188071	112.0235055583254	79.87878390290709	83.76455866696976	111.9208518153341	68.63072179374386	87.4491684087555	83.12417969751345	104.114679106039	119.6780634851514	86.73015539955324	104.6446651138955	103.7233119237875	86.22384652407025
83.01137682832506	103.2028636444489	91.53208264275418	88.22869093258555	108.2647917505505	97.96186685541589	113.0178449792595	108.9954458703655	85.09980238306997	119.4941295964843	117.6476887899979	110.7954909723982	80.98567159105704	103.0059224444981	108.7677822913576	104.1334269837117	89.74771028728179	88.05514861610652	71.66721434049857	92.88643057272861	93.04111024020261	108.4338359673716	67.9067237208159	85.59668448945858	111.0923827354284
121.2257862789451	103.3000327050624	88.94463880139701	94.95516281043594	120.7582398873809	121.0342109360178	80.83106693532275	71.10642141059137	114.0044954822748	109.9256852455487	98.0104132043399	116.9246416287884	106.7697053732901	88.88016775831041	104.3094964728653	116.8920522397121	105.7948258456666	112.1938526814313	78.42641683230524	93.58705401871656	107.6399294917353	77.56930775091824	77.079392006473	83.86162947967716	106.1781002211121
104.6505428372263	116.6461674374854	81.71779484374291	83.64570500052281	116.1366015480863	101.5793942137292	105.9925667309864	92.37782429450615	109.4869007448062	81.21480680392024	118.5590353606983	94.87057495723397	80.59647609846292	113.9677662122394	92.10924491760869	87.21724339221468	98.85513149448435	106.5413853940404	116.7418248848127	92.65974349611217	117.1118228882189	101.8619571725595	89.59854012526466	118.4019560672713	100.3185969037991
115.8854443824854	105.6406680045232	119.6061173534619	109.3708737624419	115.1993302763213	113.4078139166773	90.17604520541018	88.67722778591839	89.04877784848783	103.4003047709527	100.41632824021	113.1875943060253	88.57180498481509	116.6050538282967	121.0318313071152	111.1976223460852	107.3460780338701	84.9494300104796	95.169076228657	103.8516505650884	113.6512664456958	121.0744125676303	89.12240693839823	90.92468787211327	120.0227503307671
94.0924599891603	83.31147372469246	101.5888733222388	111.7634963026165	87.22036773045338	119.7611801108024	113.3653295579387	86.03573937430505	82.47710210785236	120.2806646537298	118.2646761513689	108.0694767302716	85.0505515996868	91.76181072929556	109.2318573878887	94.19525396281668	103.0853595926391	112.1606636276216	77.75866610411035	85.08937416433533	84.13873364127041	89.06884121029952	99.0971190243049	83.83272041487277	82.74045279554905
82.70262146216308	97.7468998107899	75.80939337011542	115.0175383867513	105.0779089507578	93.90203103095867	86.50069959674505	99.15147238010402	79.98657098048029	85.0526132755826	104.0714658280978	91.48636533194885	120.4617798266197	96.230374903021	89.43283554644573	79.78127647732836	102.9653139790634	84.81323544211696	104.6980943003714	100.0005246538908	118.2576577261182	96.48024764309984	77.38480995440703	99.59479235379035	108.2122394946721
91.92599563968011	78.0301452535908	110.9432568056678	79.17404849424203	92.36116498040755	90.28599330225174	117.4383756956178	90.05034637483878	86.74983109871694	107.8806898275957	102.4297275751467	76.95652346121202	113.1932719930165	88.98007316295455	99.68942532231533	85.96682409121603	96.01876519577968	100.7815896251464	103.0603497606854	75.31178393456875	120.9424557670184	109.8450868366393	86.09417949373609	79.99926171399758	104.0859999571187
85.18322463111325	98.68616017162203	89.86433072009409	91.68309341173007	102.314288679675	92.47163873418847	87.04557819915983	92.20587341160326	113.3744320530741	104.4507596945763	109.5189804420947	110.4643128860601	92.0599494042264	111.1280813023439	105.770814189488	100.3553343898653	106.7917782512274	101.9812408438056	97.45405926393033	111.5792600459259	102.6806988102146	81.28962794540058	78.21869790307782	93.0100719073621	83.16409730469528
101.4279521330647	117.8116839157964	111.827897184561	101.867486063447	96.65186370065787	101.3561127450729	95.14289490795221	83.45510472317872	117.1291080943498	80.18150832511073	119.8981061429201	106.9621949695942	80.75875377000153	111.2229767834752	82.79444521642098	98.76114230386726	71.79869597252532	109.7816365061174	114.3181037919288	101.7576489963789	113.5602730580483	105.4722172241433	78.33736717763395	86.18945664653765	94.2876458267888
101.7707626550364	84.67110061017772	73.54644024363411	79.37368791857467	80.76765590139362	89.20748699572296	104.3599784879516	93.48987947539521	80.52628154560121	95.68701190186357	106.3597424659171	73.0006912226779	85.36021191914278	89.47702819614001	79.91991878867073	101.4270542204791	104.1463363036488	86.33774942825144	88.90014374695178	78.67558210045749	79.85394473913389	90.13575199951894	67.93968360263966	90.88118983301061	92.24556813998208
81.12754227822474	108.2871796240433	82.61191289993857	116.706044419501	107.3997729461572	117.5602407977661	112.7731837481502	115.5398019397642	97.13432537162171	97.22380947625359	88.83450809463858	79.67259380159351	80.87136368205266	105.1989003948103	117.9596929068842	86.17737669779504	104.3917446053453	122.0407517625445	86.90280368088511	84.43336383807741	96.75901134317911	99.11487159185202	76.66979266310061	82.27598723297761	105.3728323884238
111.5277091583328	92.6295234327909	75.53048125167474	105.2480548815307	78.35697198725202	118.2601555275715	91.80298655835136	81.34958686064931	75.58357434238644	94.76629343894663	94.648836868947	110.9661571770478	106.7041592990001	76.77203547104743	77.29604284072462	101.3170054639359	98.74176162896208	107.7152046044849	94.48742588694395	68.42363863766028	80.00125420443629	120.1024148798646	84.51303667902593	84.74874306551131	99.95252202774066
99.44910012268021	79.43010941705124	99.6574075983067	110.9495738949129	99.08677819194369	90.41926636944353	107.9842888704321	95.58404187875044	90.57190802980227	92.8784898390501	108.1533928591822	99.82440833102301	93.52389541499787	92.55036103367526	119.0979887642787	79.43877107844486	65.00413496796948	96.02157345883585	92.36669600089587	98.62310871880669	113.8910259778448	91.25298895544978	71.56695779517042	106.516099547515	79.83884933811278
88.1263959859272	81.5651056413584	87.27163260194516	113.2587003766585	120.4272494043705	100.3155566314365	78.22724145835706	73.53349844459584	79.22535962784954	78.36042148227952	92.89185815020022	96.44306421083213	83.62810391889431	103.2505387802212	79.95256042407173	86.05811451220296	90.75278971458636	80.1428091681684	89.72459336159395	71.84311920362617	108.472434180969	107.03777683342	103.373708082374	108.0915439480034	89.4437835284069
92.12823097855407	110.8831198503363	93.5584639450789	88.97101562215791	77.74324023064834	115.8922475168957	90.41424402509725	86.39596733440511	109.3569734266612	99.32300040248251	112.2162970687048	89.74055486880741	80.79162555182764	76.92436704372142	107.3156625425248	84.11505884526194	92.37384531875986	109.6342766080048	96.77897063462548	74.63816397905498	80.20402093040447	107.9065173136914	88.56472252538019	82.83758273073838	79.99536650359872
95.46799420872382	113.5025881062864	90.94286548028163	75.93384914403538	76.79054881581885	109.0089619506726	112.6580283433869	79.11841178856099	108.2349039893431	102.5558606885802	75.85563752818337	108.3703450542889	86.29405555047919	80.99990004551566	85.33490785448605	107.545531696522	74.47560704921486	111.1628260494651	97.78137417653353	63.86927415592663	116.1596267937248	89.49521160517324	81.87945267711623	81.81383735278612	105.963592178011
