29.13810986263704	59.94917886029224	85.34779954933813	102.8478171909132	51.66252533984235	85.8531898253508	41.02693758975721	119.0660096264915	73.39300931442398	71.29878045019274	68.84770352158957	84.54337354181838	102.9953713272275	106.9720100505008	51.22372553123998	41.8159648774318	89.42265948223323	77.93988322293092	118.2471108370124	104.2962614514762	63.52500984907333	60.08012684465662	105.0832715036089	90.97355202219063	69.95572929132041
61.39390388504566	70.09984691945201	107.8073761313642	117.6451476913714	93.59029973808831	114.7573324391296	100.5357681726958	81.27894861504443	105.6630074672911	101.7069921564391	77.75523420794764	102.8602271189085	82.02228038685875	118.817392690989	91.38472591172476	84.3445290591182	95.22114330208326	113.1133624548341	90.47140249096768	90.4898268487221	95.87785314977751	114.3083600495848	73.73870021679689	86.34165368742454	93.38402007435535
74.5118527298288	68.40775915640316	107.1347310087008	95.7189817128189	81.66591880837139	98.34686146242781	53.55235446082577	89.78640711370804	83.0425047496189	103.9923537407773	77.93406056923992	103.7144245635122	104.2115537030224	116.5109825873869	67.30914803857061	75.70668118030528	99.72961133193002	79.92582230942678	98.26328817079678	73.58284259294224	82.80517511471035	87.467244035394	74.14207390880919	101.2873818165609	79.90733214105816
35.00659833046951	66.12504055415499	100.0207634502152	100.8411567957693	77.67402037584682	76.08972791030655	63.80279284652823	76.20625349856354	63.19772263580644	56.20195435874761	94.08095416624153	78.01070180817023	86.95761891146213	80.51119941630374	70.36164224406002	67.08004207363217	104.3987892671878	115.9019420981399	106.3670139530726	81.55369410147482	81.41198155178782	106.6479367140175	86.08047713848788	112.904811230989	48.27244135795443
33.56312128379604	63.63914224079276	100.5871063021694	101.7334789262096	61.63794283087763	69.18092684231048	57.63393562885469	83.10509407699244	86.73909188192189	65.8060911587567	73.78552942094312	86.72556389251197	79.30712965217094	76.19107223331861	61.85470535697632	64.00806352550833	116.5814000060278	109.9789930964439	91.56072875218709	118.6649160595198	43.30330415077648	58.96825965886369	90.87080122449575	101.6676963310375	75.65809531515578
58.22411070808998	69.64965048047431	112.9514633257454	104.3136067542879	90.61820562957445	85.1025736180295	87.53020676340327	87.59249599573383	98.04589751435569	72.11433970932866	78.62355725099634	103.4946526336292	89.05917927361654	81.93081693998811	80.8815901091331	92.6642044314052	92.57911710940368	83.53192082353493	79.98776162772862	71.8816791793506	105.2663314255958	95.64505856321853	105.1778724461682	94.36495078448853	78.50671705164794
108.143140099138	86.28689195739548	85.71089559030764	109.9548071462787	117.3426734323973	111.2618942710143	111.7979938990096	70.26906962378257	83.01603603324951	113.635640129504	91.27417906244953	84.52683971650815	78.98903062743707	95.05897023143231	92.56118297107767	91.64878351768823	58.1309488701863	93.466576959395	81.45826613323892	62.20456668999442	91.02999683341963	90.70520592923461	60.06061338866073	111.090824063208	97.08908284904169
47.72111163154301	62.2133437118251	95.63673145730473	104.5996560328628	73.95896990856653	65.75935877514831	62.54819151903936	111.5450291361047	98.93116505887652	70.39422537248915	72.76733155687917	79.85266142821591	80.72002095888553	115.1608650401146	49.33020286248652	83.21852184296228	90.48397506830884	92.13001467968583	112.2345906772482	94.8066753109544	63.26471700363763	75.73241756352719	114.8355450514898	79.01060643641094	66.3605647670494
69.16085614503442	70.41354796961332	104.5789523321082	92.5606058701169	73.30853602545425	63.3421519396974	51.19353554232735	89.63752299910159	76.13671076861232	86.46293089752091	86.96305742590901	82.36812257139678	91.01781543160359	86.82980213983382	58.79468528683165	77.89489231276013	81.08863284187736	102.5402416015273	79.27719819791564	116.2763487179289	93.99351738749746	80.80342417070804	95.94440616918867	83.79749345621528	48.91202475554127
95.55564600376825	117.6413607335652	65.9205063561224	86.60967761456666	80.81741637431612	80.50747584140338	81.68812238481605	69.81178914209229	106.6007065443377	100.953099239583	120.7825172416436	86.16210526165153	105.3641445447619	106.8390902551335	87.84491860803837	113.6826673651737	83.2225465450922	75.88543821398274	90.16927724304911	79.18573274908482	88.3446136702246	106.4540747662188	55.6159097522694	79.85707738943847	104.3918424407061
81.28214512798178	87.28750791703486	73.2132131431962	80.63041588857484	110.6666393866213	88.04867484911313	82.78629527011807	55.70816364467038	98.61171771892009	90.60879335999458	118.176916810582	70.73870649778434	107.6993576137688	90.04982371237108	94.75561920673674	80.25336495220031	50.4346212032806	74.27495981565826	61.98987424996193	53.63232426555905	101.9793404399011	120.8178985094965	48.62413985738047	93.15427786429728	86.09106803114847
50.8725127842426	71.83663293096497	91.62024740308522	112.9706300702215	81.82098042025382	84.65047754395917	69.96855061517888	75.03692861951676	80.19587611085669	62.9858938686896	80.77701649253862	103.0024603659569	116.1212260808354	80.50561929295482	87.20068358045594	90.29936675448832	94.07542353631591	100.1240975257383	107.5855137752403	88.85689201341168	74.05959081906019	98.54022753536123	103.8504171055287	92.51179072126183	84.43845176497776
61.53566742188644	95.78618231361934	99.24386910464462	80.40854429481064	102.5632887634264	78.86086656935296	47.8636949250468	93.46088158689135	69.43243510575888	95.86705201953717	102.6092237024895	115.4724609209935	84.36711827564069	91.26848195942731	54.57511440047242	81.0238503794874	70.77175753105999	118.8724219957982	100.5421053822946	110.5437784475458	101.8569898413036	94.45414824745784	95.16611456821607	101.6981518726413	85.85386344656425
75.35874111961888	113.6137316453198	72.9487814959065	64.51327493452823	94.01489688349241	114.4081550795931	92.65623784307567	70.03660865323866	90.95471101878272	100.2292613786422	79.37000930549729	80.88906364478838	67.86013056559359	113.5324320493502	109.8255970936724	78.668766585143	26.51076786251435	111.3535196244567	54.85655549059541	55.18190184755224	85.86737361759123	97.19185912495904	41.36256275640842	96.41149096554602	117.6793319420699
56.94354690278469	96.73833102556752	105.7725889479212	113.340019646446	94.21458759564135	98.95234673928614	89.06923386024923	72.44848101550473	81.55935608666144	82.08743808605013	86.40275136540932	112.0405441742842	119.0041345060239	76.84857954024859	96.37486332443555	99.47524831045948	95.30952336338824	110.3169607208915	98.00248460690995	99.97567763954997	82.30057291905786	110.1263005731024	104.5752956737949	80.44690827015603	102.1721500340434
85.78444911917479	110.5114919541975	62.27831033629641	94.74442448851426	122.364127201202	117.9789710538878	85.8358737431458	48.46645944857356	114.8137925726463	106.7112888640027	116.605792432948	107.6405554825915	110.8452330459859	116.050429560268	105.4377293768025	78.12393146382695	65.70793269838447	112.6786009056875	94.2018229777798	59.64805176931755	85.02009158667271	121.7389430734759	42.98351650615055	80.71342777021499	110.8047084257944
84.124144200397	112.1446647263128	75.1325558449563	78.39105115565009	89.13501006036728	88.61837910343483	114.5083379333817	24.85965315458242	102.0112179702227	102.332111699569	87.21583008306837	63.36068492701547	88.91328177161454	70.97052721467834	110.3773455615104	83.18856250755799	41.74232367618582	73.86861602854211	32.89872520908172	44.30634652418797	88.18598879834597	78.23572100169716	12.81584875181203	80.6497904388755	119.8030856546007
116.5692123950809	98.28020671715379	38.74703783702627	44.39824194308302	114.93766140616	108.6483518658195	93.62544146852281	36.95904774619836	98.5413967268303	96.73267434872773	115.4028115546505	66.16370301147481	94.33728756732725	71.62813069964491	115.6614768282028	121.700844921273	19.10418023246888	92.3777840207275	59.77493600772361	36.3390936440468	101.7532926061743	117.1733893180854	10.75642171792588	77.16894434348575	112.1244717575983
59.32848917342007	72.30404771793945	72.30479557659274	107.26279079893	89.44671816323802	80.96330109176867	95.90063201231868	103.725724051827	102.7429925225908	75.25224414882381	87.89772278180075	93.07506648662454	111.8936395987719	92.51494469859651	70.45382826065564	86.12566535755647	71.23085671779957	105.4238968541128	75.98174369658619	103.6486371536963	88.05764253179541	101.9536500846352	67.87803928094539	114.8509860474673	110.4881149880503
93.4060503593422	84.53957319857872	66.36290011110762	78.3702384448836	114.5370068528038	99.78476833698937	89.54027651727552	51.71212169057345	74.42261943802815	84.88994940440467	88.63308336911189	78.15570441537452	83.86700910469533	70.61927306267899	107.3875952848628	114.2628366136692	42.1174610883111	60.43330690640278	16.11661094470978	18.73067867047443	106.0295361269584	91.1812435811391	20.24671843305006	75.05218142883672	110.5346770625555
93.82064812408231	103.2048024721672	80.75089887145457	74.97508166247579	109.0284007100169	97.75824002272581	110.6132927984731	94.74464951408487	100.0956501616404	109.6478784896163	117.7613175307138	102.0811737944469	74.58782158142455	83.11068954453492	85.52698308120559	111.5654650701424	68.97324236745777	117.6943519875084	72.1676096498409	78.52496984531015	76.1972553727946	96.77781493583562	75.33587138242231	78.70867336543093	103.438143970843
75.49247871800574	105.3042749457979	72.64073419423394	81.97255971985207	85.47279433358642	98.33219774851409	113.297897058736	39.79959936099435	110.3182554697484	105.2685118898371	78.63971265933603	78.16499182699594	76.18685797745545	101.009852608436	98.52784570699575	116.0175545806586	40.45013160808755	95.58538262767783	78.68014424314157	42.24272131907662	105.3675566956993	117.0283342811716	34.09664294924895	103.3742640077847	113.5632113773614
86.58935447700232	83.4289961763528	99.3627862953372	76.48181814823243	104.1515071038568	85.00861999511287	81.0679359468198	70.7253543855841	87.42634375986722	86.90613957204395	107.9320721538713	109.1690696814076	99.74533560515671	96.85221173745472	82.16921849258708	104.5667746581529	95.86532990425926	85.66602805338459	100.0258377480405	73.34535060114078	73.30485693293754	99.9046887910728	97.99875196855497	90.89143345464156	80.36177524409095
108.3423409085929	102.1582087921589	53.56666566922576	70.54301330719616	107.5083044450101	120.5936760731682	78.18805646638221	73.43994763689834	105.3385091131705	113.5444066864914	79.26623147499707	83.90612915296774	66.06288683102539	80.87856992913072	109.6882619334361	89.91156658207433	52.99878612517004	90.32323566622668	74.22429198562025	61.30547691025141	116.5300062847687	109.9670125975291	46.979968571098	104.3836925495968	118.2967431077968
93.09749012727087	75.05077527162727	96.01292819821917	102.4394940466669	105.0057701410525	110.927790684248	91.46239841884044	79.38466336967805	89.57083923926996	86.20821721475474	94.01044504593872	89.84742128636904	111.6288677906039	109.9051005164671	115.7759052891167	76.10139599254656	44.67372237509771	88.60981315819181	92.32946330932953	88.70763271431352	108.9368760562179	107.5650630172223	68.53948613891467	109.7230187048359	80.47996966543292
102.7264222719802	115.5271678846359	54.59754753158418	88.18592308871743	102.5261805734128	109.9404069206683	97.68488504565943	68.71297263320935	91.87958178306866	101.6080050607998	76.69517871634861	70.22115442419557	102.6056500075178	81.41492494093663	88.03511400268125	78.77968088587568	29.01846031199348	70.16864895996099	76.12663321682369	55.90073162389439	86.45782251760905	106.6850199783804	53.05193673720299	80.35099518129702	85.60353462680628
106.9528775188936	103.4589222978246	37.22480545077974	81.57329961338229	92.13111187879291	120.172046820698	78.3629279543965	49.2267634477427	105.0528359148246	118.1883168953002	103.5244826077343	64.06951921886662	79.84949579029769	103.6659045879081	119.5253007947408	108.4828169234289	26.24178973506794	93.99451798038658	55.73003939485771	24.19785445272856	115.7419215760947	120.3309719723866	49.81118278106442	65.97101380860703	85.90864175148234
92.10585292218649	119.2258015244181	55.5928672454701	79.72955622125393	109.6304509021392	95.74421639821867	87.93864835600503	45.54711923244915	79.25402781008462	95.05559347310157	87.59320453319435	72.88758521506676	64.06129433317092	82.94849250002343	118.9941461388145	101.5988903682635	46.8531359116657	63.87151250783228	59.94451369013385	33.60125325680805	120.7367174087702	85.34455712778259	54.47855067722017	80.57664988017032	78.09395287891877
88.5787233126353	104.5730252925302	66.4060495672833	69.15954860490129	121.272626073619	87.15786637166421	78.51072212428321	59.24591546166096	94.43488874749659	117.9084365148433	111.8726816962714	70.79683858993398	105.0604400413761	97.50612935270885	83.74040798952808	91.1880141503962	72.4543504401362	79.02133011230902	81.74041262460086	83.80991515529031	90.97418191158636	83.37006020456541	47.04901890565165	81.95107861812107	113.3103326851025
87.20688045245303	113.7068777194391	86.46412009182164	80.13074321246798	110.2183095514469	79.78530481490159	98.49123530670816	44.61345017333061	111.0266817187025	94.81471459473397	107.0616425600454	103.5060531833925	76.46605390563296	80.90168663267501	115.0890013823963	102.0123172995942	46.65958060176538	97.6648252365362	51.03766384260535	67.40882893369205	110.8020576418086	106.7431933217325	55.37168942631075	114.2440031131512	80.75754146243649
87.90009995852951	97.05876317694805	79.91418407913963	58.13281881275252	110.0594956618167	88.93366077681074	100.6646783591643	49.75859736752692	86.10868175280632	86.59572964179789	117.2332408474801	93.06440725687074	68.22481226099231	96.7222929743378	82.82478408528809	81.9908467186868	27.02812979829637	90.59992685660291	69.08018660242695	58.23017627348106	89.64673419138947	87.93969023473493	25.6623826895126	96.06207831126021	101.9933484352023
87.83022040255319	92.40012452880431	48.40173213716878	45.41014262205299	73.87247620767737	118.715123841163	116.1689565564679	28.04934521804008	112.6674795422764	89.67536006714147	115.3768528615039	64.98808240793808	73.33788156077937	86.01955330656244	102.931800407575	91.36656039520801	3.050575295018039	69.51375687925173	52.34690259202128	47.01737222175998	106.4865599283017	99.65365400997177	19.65750748674902	83.85496966856104	81.94750190283651
100.8148648079663	80.05952575164156	94.98063800357104	68.90471802555346	102.1321428830474	97.27321700392218	107.3227669080293	69.50356197671006	114.2299979314525	113.2036568683378	99.28729464747587	92.07622215632236	100.4597194098126	81.48111179216637	103.2237467233054	104.9641301334506	92.53873175976909	102.3611945091357	100.3296003917781	70.03644269626743	74.87779048351068	119.5141141345963	65.63197986184524	86.22053941754318	92.96413619313539
83.26456745244727	88.8375280117539	83.25967109442522	79.1546679136454	117.2863268891365	93.36847024905367	70.47547273815746	59.63653908442294	116.6593099031216	102.4571679584567	81.01393231437963	105.5070168321778	83.27689695379445	83.62543270380193	94.29689147374458	104.867753000891	61.40457502523677	104.1243083870644	84.24540508521886	54.73032326518319	84.59108867321807	97.35345225906565	68.36768801927803	119.3540671011696	94.6102505682334
110.2331494419674	119.4252874733615	66.96946385821083	43.42543833834506	89.65213273693439	89.98758168676169	88.24322473832254	14.56169780359913	75.37117743131324	102.3840639836029	94.86014318860428	78.43339402326234	66.08406297428598	88.17990514638241	113.3678285094154	93.65155568960598	8.350264708838509	78.01005215051102	25.25739792409172	7.809584109959076	116.7278119729961	81.65947696889276	11.8961951672474	91.19031453484017	98.83561071719708
110.1489976272811	104.6680703340343	92.70990582427883	89.70402816906591	80.23712769357049	89.4853649378245	77.45065349720277	62.16350203020592	88.17099422463922	102.5388905227917	78.69117823886558	82.56478603850663	93.49766984376596	102.4048894162097	93.47690223332505	96.7862517797108	76.90511906685413	99.48277318492595	57.46645557640372	73.28124821352465	96.39589562193349	81.47825506600836	66.36074173654944	101.6850447604117	86.5950649471811
108.3657927079524	89.2047189422503	82.91536123224608	99.41431158809861	77.69671353101818	92.3289202119613	112.6810822407872	86.60900342382159	82.41594190376793	90.38100031947474	102.7203986185621	88.85549783450142	82.41647122016825	113.0868120832371	76.80948000947907	105.1338483130507	77.90861080499674	104.2595585877645	59.28213153007762	50.53387987816527	90.89751663794168	91.22516925010562	53.13282792504501	93.86654763881282	94.68981036706435
118.2435683073392	104.8336518233705	60.9638124330597	61.83034177318542	117.7341532690244	95.60169152642347	103.6695609241618	36.12064454644197	117.8783614029253	103.3107468963611	79.89975389421124	66.59640247519108	92.38406761320164	74.92929680858634	120.7494824207136	100.8688671214287	49.20092478759233	103.6918657007907	61.13989658923717	49.42118624806528	87.36895187525305	111.1507151940134	46.26572659132361	96.94459440238668	103.8293754990213
100.4440691419776	89.07771029848185	67.93725394011534	57.66933014823333	80.61604751938347	107.4922122308939	79.47255733750093	71.04830561237866	103.4618734681739	87.75732747093423	89.44759634466779	85.85796599753773	88.61616647012561	98.33869053003895	115.9439125472738	117.7598086698268	30.08717525500633	92.13530451149401	74.1164046485477	41.06241249036505	93.25350243166878	103.7099153468629	47.36658585105235	74.66407793800434	98.69667739009155
97.1619888653309	90.17460708377564	80.50161723843279	78.39883998000222	112.6894739991598	115.9823041594982	88.1497187334615	62.67997929830072	81.14157524369944	81.31667463223285	105.1023774187513	82.92504271369579	102.6360522217547	93.06699233262296	78.25261903537402	72.83910606335959	93.24697047879511	85.9641739644828	70.54872487841911	76.68600390791126	80.11382161509755	90.34962660438261	62.61159977880355	111.3231650758365	90.98259659356174
115.5324059961231	75.58022899928923	17.97034687415507	57.06421765559696	67.03150682711876	81.73419346784378	104.1216989308332	0.926204078599421	85.86620977758167	86.27552033830173	104.6013694501345	39.7904532543902	33.20855765938249	44.54713122479339	104.0997329619217	82.05729273145172	8.098723894707224	80.15002288721624	30.93568021925172	9.29241685399813	107.6159579272613	71.81782825165187	0.4258502976546292	71.71423244974497	76.86017598902764
106.1579784082683	100.6481953251859	59.64892360031585	92.63901003745923	96.05140991256458	86.58439420472345	75.94118919822505	68.05303851134995	119.606551609187	121.8139514324569	114.8943321507343	96.573220678594	99.20943200605861	80.11942281546612	81.03911806996274	107.3042468348333	72.75016304780789	117.0269257389333	82.5373386825195	73.15331979419352	100.007852251832	96.4368150180679	48.16194152687838	105.2551892715855	104.4107518644983
92.07013166171427	105.7271934806494	38.08649176892698	28.68895610551194	86.45447791991936	92.74659969770954	114.0578468293048	30.56502098492381	93.1020255104236	72.81178484773423	91.03297298431858	39.37433351551534	55.98789361485929	81.72245743561569	104.1574758324122	103.1699128593466	17.84366632668413	84.16848966343022	40.96699987511154	10.75860021632149	85.16128814736177	103.9088940989408	20.40629617335379	60.787661682367	117.9857151782452
79.60671078698751	83.72488515002243	57.9366150694031	61.5690317559189	87.48685906624426	92.63351626068001	92.94678828834451	58.92090442374243	80.00699561605019	118.1375578422147	92.85432355812441	66.67048105649272	94.95858611433665	83.29666499170202	81.03946531087587	105.7337189653639	22.67563827718621	106.7557300963342	47.08338011379448	28.30745692665469	90.26307166761737	104.4011596514197	45.2311290344434	110.8216897450528	106.951368942219
112.087357903303	77.8070383095082	34.30783418860393	64.86214408745312	87.5362648295893	79.44059194634588	108.4540910505863	13.9255361747519	75.31906041573718	87.29657568495271	82.23290728998094	76.98464156743822	41.40589772875747	85.41066159373631	118.7483275917822	96.34979000144509	19.15540324081636	67.90891969792867	39.39440052998467	13.98382045464365	92.70600276954687	100.0637377003977	4.336790420858499	96.8912209268656	120.5812357477292
115.6564770914301	78.69623062330555	62.24390210445031	49.87076491071051	114.4320305833196	117.6791541395986	92.8210933332775	36.94794218723571	117.2312996672413	97.45271305309933	100.7855024788412	84.66831920588251	74.24229583604401	102.1662955257646	116.8200663107392	119.2302733471081	1.15394261350168	66.98659295860452	46.39474363175985	38.27892390671124	90.97188783323806	106.2400828181359	39.86205572908405	103.8132052801657	110.0103517537042
85.62234616352904	69.45554978374605	6.238797839413973	17.70612716293102	71.44529857908888	90.55932742512113	90.38013957399109	0.6851917981392841	88.81217719421772	88.34150197920046	92.62162388251589	24.37628645524356	56.34149473780032	36.7286606435563	80.04783255765089	86.46334756442818	0.3273117859910015	66.45986176066482	1.034194780326395	2.995100819055712	106.2294168029515	83.71042527295383	2.834808627842309	70.62492557254232	73.67402168792241
95.68747207634027	94.20107031375434	43.53514118082734	81.67100252380993	101.2901319021259	95.49540001767897	101.012008053277	23.92874756031928	107.3293881643269	83.66018790142428	107.6405519870674	61.75440484137991	96.424997417442	109.6672933679054	97.85125355571414	89.87404400541219	39.98239122106595	82.14179553486156	35.46720206377782	41.96821714412995	89.67267447619029	114.9156070443539	22.8601115750327	97.22892961125061	78.48421896390393
101.6541608023936	98.30478681826551	17.90739922680767	5.266849269410379	80.45733823787187	61.27731321618455	79.62959341227378	0.4300852351664953	57.4484929868326	90.86195959117272	72.65449005831429	29.81997831609284	26.68636998323709	59.4278498161754	67.3750299225488	104.6425840010623	2.828955670677512	53.28891329189007	1.977812031033656	1.270800588020677	72.75502607751297	91.39103234349557	0.9841784895642833	49.77775269445321	83.98192091054537
82.26838686511965	93.92425923724919	28.22100628913139	29.6351589256772	75.73007870550859	89.04782242596505	111.7636467416702	0.6656080681730321	103.9794900383941	74.20701578988363	82.34798883465925	52.35865600282631	69.34822779132111	59.04851171179901	78.41941888314135	82.97468009428103	1.737328893591078	72.50367487870932	32.8994751153345	0.260786735604146	107.9006135686103	97.36256621897419	6.367858852716424	79.48466762345792	77.02071495576584
