77.54247153358678	102.1462421848936	111.1135950995929	99.46522634408097	108.3097391291899	80.31552009989758	85.0645334568916	109.5096561302143	93.18275744426329	99.13892852474461	98.17112910431459	107.2699902643414	92.07157278812534	95.08096933897302	84.5561020314945	91.13690928152218	101.6330566755425	107.0352032339723	101.0228634672461	86.47876308616897	80.21503583875074	107.888647746197	86.15390196276864	83.06060051900688	97.85031186013283
77.44974694298719	92.55575690635135	103.6467131402715	91.63020124616959	99.30010246998009	86.6224010841787	90.96277994807012	102.2136624726811	93.56683681985434	94.9503693992156	93.96146545704242	96.89918915407513	85.33501342321784	108.1734857800828	78.02077952614482	80.1719676208445	104.2726616625753	91.55548479100996	108.8548007413682	102.5875016886651	95.42240617897485	90.98071915930532	101.9560197272359	110.6562104060967	76.23194697739217
82.94867901424911	102.8601635587066	93.66499238669888	94.28192157539407	86.10890412478872	105.7994958177386	87.28591693145536	88.02508201812597	84.25434450945184	96.32095559399431	97.35363899681931	101.8661456434261	87.77319990553914	87.32864719477784	106.7020240378313	97.78919986443094	86.76936355912234	109.0467702200801	83.06588554592379	92.1106894609363	85.99870198755281	114.1386411475903	78.50474585592791	92.8401009209705	97.70603590785541
100.2176663799723	83.60198708774978	102.8870432768808	91.42365194381317	105.1984525370239	83.53871419971897	81.68638648835125	90.69592664955367	109.9267617625186	89.24331241019624	113.6305818544895	101.6316636068358	113.7317040252015	109.6613742130139	105.2581042070822	98.31131498179343	106.1824071613376	107.6704539450656	103.0075097502821	107.3560332822542	81.96955970418693	111.174837619868	84.52845238709006	99.20148435255696	81.47217184350193
87.55384997404556	96.9617172218372	85.27447634816596	99.11465790409112	94.94210261251297	100.9790227677359	68.62386555373719	88.35223107470971	104.0615943536658	89.75734111080969	102.054843338393	95.871188283297	111.558321409866	101.806442948049	72.75248838097906	70.55509953833273	112.8469978718935	111.6272608900195	90.17548361777034	91.68044482174324	77.39840002114971	84.57358380938707	91.93047207025344	103.9954531041074	90.55111937134882
87.2664388948066	79.75458727419343	114.6053326105472	96.35910361941663	96.81979427406198	95.27707568938106	91.77497150281961	93.31503819655182	89.94373584893638	105.5654722450639	103.0712429457311	91.08075677682089	114.7735648635367	90.47653853827958	85.70033356974588	89.29380020954093	109.5594849384349	105.4263169315714	86.47819509525331	85.34430750291379	76.01131291387158	98.3849549941004	106.0027342468714	88.00704710620229	80.21230927810377
80.07020666990726	93.69108603613587	103.8777131370944	88.96331909184281	95.12627902580353	86.59673389900996	90.13363360526054	98.78405574080548	110.9182456270985	103.9659776419259	91.019770416395	86.0792407110785	98.65117491750547	92.91823422832304	101.693201767088	84.47839107261368	98.74984574286709	86.34235888025613	91.26568878209861	102.1533140226124	100.2607319537384	102.3720682666809	92.37668790877436	114.6152128263062	103.8776777600374
87.80610973349945	92.55495465350145	99.43156435677679	86.8061825039984	102.0745938854807	91.93342874949194	92.8797256171444	100.6908416284066	96.26021851159514	98.92952370022286	97.16951549063891	92.59962987804967	107.8943921951969	101.4039688000723	92.08212130231175	93.61986288900934	92.00990679705114	102.6747367987158	108.8915601231425	92.89390113735737	84.79073639332495	84.83997931012912	91.52267037923693	94.49849351329624	98.17426585439536
98.33461170633713	105.741008951328	88.15434518655385	97.66500024539046	106.4162113548037	101.7255233374734	80.97399022736508	99.6265962253958	91.95576218805132	108.7312533978223	89.59904815284224	100.1791170562413	102.121350075782	91.6471938546087	100.0984329580484	87.5814650352978	104.7166260943153	110.2515797901365	95.93746780035785	98.90527182043694	84.07075448751557	89.0698989274799	83.81862648323111	106.3894789934118	94.37488243281577
85.71497125530138	102.8069024542105	109.8133771096626	103.0808862225073	97.67960566246067	85.34627339130599	100.7926935515783	98.67464519404682	103.0798051213237	102.7801311595441	99.7735498299989	92.89326166975948	94.96158488470245	97.7467428874795	82.02605561169865	83.22237329923132	105.6291687809138	105.9035865433304	85.82825486095831	105.6164914312763	108.0268202294072	100.1901742280223	85.71643167101773	104.1389792201672	84.46857108065815
97.76712877602152	90.48823665009341	82.19885271543124	104.824826419591	108.1943785599075	100.2622604589203	109.1476862862619	74.85117128143054	109.5245894841711	94.32573932070122	109.6318318276497	103.5412290844403	84.21322356579132	109.2918822050402	84.52950188941657	85.2445728963793	85.71596318408574	105.2324511698121	81.81790978297745	72.74971306157538	110.2837589469857	87.17575656990958	69.59261624984835	87.06671093038274	104.8392428295924
78.6179061442634	78.16718839154686	94.00442967339856	102.2872243200696	111.2174760331755	103.5394279692915	76.54874647208345	84.56840172089716	106.9286233370428	101.0662271628375	89.66265878028855	85.81529400499504	94.11234265375387	100.5409065227936	95.46295785788658	85.42289562348954	80.16664691407105	94.27502158282275	110.9086125906364	84.40241864483157	94.20305613793681	110.7500380957874	94.40937880896375	92.3304113517629	91.34119657823774
85.68041904927389	94.88817508069707	76.44590847964346	80.2465239464143	92.21447955460468	86.7961800095396	111.964253331627	70.53991898411211	113.1422161051834	101.8622338309351	114.391280404201	101.3919184370694	103.0579876089303	87.18730869960282	96.616778213961	91.1320646710993	71.78362645960871	92.92174073964885	96.77774694216129	74.95282228493757	110.8912486341959	99.01019221321408	93.65572309274182	86.77739257329111	96.14610050738628
94.14312282234779	94.58280565286557	83.43818608740709	86.6238239461228	89.1306430484223	96.02918494430388	102.5967387007324	94.47086834840286	91.69238858808697	102.8774992280376	101.307433347811	104.0677943981772	89.42253049076317	86.19671456764785	93.6125788388143	97.60985024299987	100.5494417085215	108.8121317158988	85.05006241512918	88.29300394019495	111.9427414036097	112.6569565874327	93.46197179591027	91.84330012681662	83.94103247342844
91.96359071756797	111.7979382694782	87.46577776905634	100.4396150207697	98.63531164188932	113.7572335927481	114.0630087009181	77.64608798888513	99.02092418220599	88.4465136374826	90.7948479699254	98.9935460979673	90.41190767144631	91.65812680196323	96.58587669980614	109.152228623425	65.98032460758465	104.0572044985272	93.46327565414697	81.22792784305493	106.6511841477162	106.5289171051627	83.12153500528349	86.41393026166322	94.78300022912691
100.473894768007	103.3290814959567	106.0728826313601	85.64570626813847	114.4480200472867	102.9836031597643	81.97690432692062	96.96213918410052	90.84247792553877	90.40079273864671	114.7294680416582	87.58695685503942	110.7025169240883	93.86263967102113	85.59295082171192	96.58855128600099	76.04003930510649	107.86033225609	85.34101712799094	84.51385033362868	96.52323046586858	107.4923990310617	78.60170673717511	103.2162576507262	85.32290157010002
96.58641495761785	87.87809052790018	74.39911915321717	76.45980214693526	111.3271258975251	107.5053363079934	114.2940249505739	94.36430307050833	109.52546764769	100.9002111079987	92.90438696550495	91.69607652079924	95.12959800458052	109.0499566799902	107.8035862775961	105.1699882599254	78.48224263959749	93.82669317177957	97.45983081516098	77.24438476437808	90.85310026688424	108.9270222762006	78.20653151016306	101.3763986758224	100.5427848487266
102.5101727865253	93.37677212282213	89.68372042513082	99.98135880767003	92.07372049049512	85.82163094346238	90.76801185525935	99.23848223977072	98.65730807345844	109.5845589423347	85.69754946546402	98.60823541227316	92.20874081789222	104.9181592410911	89.33364332434302	111.9527954328333	70.00141685124822	106.9511936513471	86.36745483727256	91.70747206526107	104.1535504861878	97.83692665465637	76.97772097677181	105.3308265353136	96.44495647278973
100.5741780471476	111.4760110663881	95.39486280889003	78.83362184722162	96.31582367375124	104.4656422241129	108.0347504819546	81.01685079993463	107.1034746258869	104.2208008105002	96.39417442180591	97.31576115399758	94.09937399880855	110.9062298321313	92.13886150862785	91.75239641921483	68.79697297791006	95.70189415351426	86.15338288819723	87.29338956201875	106.8110335464863	86.55509259792946	72.36414395027964	101.8292075515367	103.7024373973879
85.77229578598235	90.63995099626995	88.94490137566041	91.72523243722969	112.9837168131783	108.0461609850349	91.54384844795777	75.92869801425026	94.13050104949406	107.1896682557914	94.53852255805896	89.2065612830921	104.9638460881789	105.5004403380893	104.2332192806359	105.3385794104958	87.34204939002719	92.67105825278806	79.31318590670755	89.9195579906976	106.536553754212	113.7794337917003	87.41977611799399	113.146826053431	114.3542271982294
81.97415862048823	80.15428400058785	86.65560789274205	111.8600262012202	85.01886086251641	95.10428548959874	87.02697621260513	95.96635079532003	110.3909269086936	83.48277911427274	106.0611863664132	86.40227586168729	111.982018652483	85.92030378824631	99.0300153613199	91.03973609244854	99.88609944032714	97.64546264205315	97.82774844323154	92.92775077225659	101.2825168339538	111.9150942552037	99.34321478570585	101.7538875320182	105.5936349013434
99.03911625050642	90.18496184828287	108.8949196395623	84.47762043517137	95.66727776620719	92.75202186875258	100.7110100535749	84.70724596930022	106.7512353777291	103.0137371366116	111.1832502178511	106.5490636805153	89.8465351693031	107.6163522898042	90.68734514836638	97.98884367316975	108.9146065529725	108.4028076101678	82.15675382007923	95.48449055716098	88.33208572404112	92.4999816094867	107.2609232188837	102.3990821202101	91.85063684767046
84.69146887601541	112.9972089306211	85.8676194253007	92.31921682280948	87.46795859836351	101.9184680733713	103.4216037705336	85.76457247809837	91.96071729669308	106.94648412284	111.9576890011367	91.36629210801932	100.139762280833	99.07664919014017	103.3735128031659	110.3345494075714	91.64730623968049	87.72972335738611	86.25606006399858	68.07356037108767	98.20520970760354	107.8949018641803	87.66511626831657	99.65734873766213	95.23973539577861
83.40370332946839	92.12176863969628	107.3338857540955	93.10044512461289	89.69198564902578	97.65417251151462	101.4245350326872	102.5513702137747	94.70256631685173	100.2977598473183	91.71197192629533	109.7049864188302	90.74999615372698	88.62670990493946	79.59857443385377	100.130461188668	110.8008522077324	111.2953071301153	83.92289121938165	107.0094586596762	90.36777104655062	94.19483188228558	94.40624245402989	86.66809258659528	79.23303389210852
106.8941915312191	87.43739489294266	94.31682739590978	92.6690558496657	112.5170009275508	99.51210683480093	94.58730972556013	95.2367489104663	114.1924281084894	95.69781003201632	86.58223490992496	95.53472325705019	82.45930649289645	85.85875039605844	99.51322086926615	91.04798284573094	86.86346335278205	111.9375239029826	82.78678693840588	99.58929427946214	110.5913198679276	93.58165011968069	98.86533576074581	87.98947412411083	96.57402874222815
86.54051821031703	88.41950356731937	78.51181906315897	84.78846307032055	96.92750728628393	101.5728491888825	85.97570923386121	65.56085052749218	93.28292533263304	93.76585243193001	113.1643438038302	82.17413599397811	77.89242993430143	80.89632789442329	103.4328963789772	97.1473074895557	72.67627136622046	102.1528512915027	91.25482887548813	87.61507098776542	94.41150388221116	94.17854459400908	72.67316268919025	99.86902942134289	108.7359989496657
97.46749109503065	94.84015716638169	99.08592226210081	86.9041280486546	106.6895902120589	90.79020246034942	99.11419469384592	93.56422899941616	83.22334586053769	87.96720261290172	85.06079574050561	98.3418598152021	99.16372908101056	103.6285462571591	90.80576957342808	104.493725243812	100.189091737131	103.7510786012743	82.6887794976852	95.48260077139054	83.70562139947957	91.77297778341168	81.65548306849398	85.73113048603226	92.24334672680808
97.6988118409395	83.35305778138152	85.63913884509861	85.19021719337347	112.9705928569608	97.60937388545226	81.52402969233601	81.83302642725323	98.16937676035803	94.42196243456065	103.4643106428755	95.71283821277483	85.22712818512332	92.51729831621323	102.2784776443971	93.49857781042942	88.77463732461675	95.41053131915204	103.8261506078295	102.3922281890399	84.6222328436215	103.2670683625519	84.6024001822103	91.47825735154987	86.60866963730388
85.82618528973343	86.35028955505925	79.41722238121675	86.65822447740334	88.46205238183167	92.74551157763602	91.27013022391596	78.08141560246285	114.7922554622774	85.08730134185136	98.92221168618111	82.20495282820049	98.51144484176517	95.10306716238364	109.6209481115003	88.68106559333881	97.09698981098902	99.84059165032124	84.87066528688638	98.98400317135417	95.47727348992444	104.6827312535156	79.85520512891863	108.0137149409392	101.8826870717501
97.74946938091702	86.61907363082641	97.21252752688665	93.76776699813624	97.25539350636305	96.44341521973615	108.904643360935	88.10908524338784	85.76348798572644	91.205812195021	89.09377997473032	107.5233995895148	101.7546449826654	112.4961794257476	88.06819362885312	96.32529494203622	88.21484146940307	89.73893293885857	79.82738895524574	85.21034801233291	83.66008751787498	107.6912804522052	95.66866368554962	95.19618142047068	89.07712009423241
104.8510789922946	104.3073349800488	91.70267405017707	85.04389050943757	103.5519688049196	108.2637024946997	95.55522139346103	81.88989305731718	109.1905750186794	104.5901743091898	87.03894099471513	95.1924762220998	98.94110523182299	90.84226555590578	98.89398012713336	90.10631431164357	92.9988302287681	108.7195619234068	93.26330718220777	87.94971314656866	88.32771393455251	85.60216808323202	95.3988609178499	107.0873233179153	109.1987492025432
102.5167579289234	91.95069592107244	104.6477445477765	81.75146125572078	99.71943946491254	106.563676635362	85.23124411166641	81.13097009971666	104.1446147188398	86.477108110125	86.9068581267086	89.72931452323044	103.1540505143955	108.1391182007338	105.0158367982895	83.87895336071057	79.08748972407521	92.38109657023574	97.13383330472027	103.2561533497285	112.504531061514	102.0553377700134	93.50368953041479	91.51843084814249	86.82091948586162
109.9583210064581	104.0214231468248	101.6854123618043	107.2873019425006	92.50821750893749	101.8810717790003	92.34972323591035	98.30281269957243	101.9763603467289	112.9749495416909	105.5659246014204	86.17303559074287	97.7199379944763	105.9449703251379	97.84018845756634	109.7481771502904	89.24085789670126	90.49164714243361	85.17703133003189	96.4225520860075	93.60725009762305	113.4437422137202	84.4412281221103	91.70785765498593	84.76768640264061
102.9291940149877	87.32467324499886	103.5024524895833	102.2829532120914	94.79201437716469	99.33245194890466	92.06175815434361	96.81884034705435	99.35557366830173	103.6274260109771	99.11471966431743	88.27014475327944	81.05967026610656	83.41282363539293	93.18717833254235	88.08217394264788	71.55837543035035	110.4339870861038	90.97594558558657	95.25860452247804	85.7296089900023	94.80675089971899	78.60747553406416	89.1091976703544	102.5937161533948
108.8923153704254	82.89459140358899	106.5293371737297	108.3810806699828	90.32077913937168	109.4287997426755	90.51768567125613	95.32392158567137	105.1349466853336	102.3848483799115	86.87600471301201	94.3730967300434	88.49024327735549	97.34715672224223	106.60582957542	100.2424598796662	77.68251776553331	105.8491898866459	91.84462853164663	98.55558291318231	103.7017069402235	111.2151318953544	80.61241254160525	86.73664935047893	100.5678367498588
88.97007364987577	90.95014995805805	87.34361822846175	86.65046040008529	100.8788289854175	105.8196644286342	100.1311371671244	93.17837058514078	102.2317947586309	103.5513561635389	106.1633716753352	106.2957042370028	96.13096294650641	100.9877594975296	109.0124587914329	87.62523792694863	83.8574759496109	92.40985949579724	97.86819268261895	90.95075907217317	110.9529604977915	113.6706112057481	79.40941346903048	91.59951368064856	106.3409377514212
111.8540022762831	88.56622413783774	103.504532839155	93.70189148150203	108.6782733385517	95.66437311517809	85.96392213276236	76.11950084366285	107.1292217909748	106.2906411837191	98.62407638410858	82.26293327782074	104.9312304206081	93.2731885664149	106.8387026305624	90.46194066834597	73.21854700872839	97.18722801907739	80.21904169536238	93.40488473503501	98.17808412714915	95.34187308118312	100.67066389043	110.4221497403894	94.63089895878691
88.89501716944235	88.98412152635191	95.93877135352591	76.67974524299282	86.21088197429305	92.06791015521	101.792497871182	91.36987679829562	106.3850285437492	94.33844447729709	85.56245643445138	79.65894459235182	96.46348049083285	104.6299129106295	107.2472399645105	114.9252603025812	61.57733922510104	84.26605459054738	93.17789972122331	77.03043730716757	112.220089010898	86.68499143292649	63.64623922841213	107.9652862226906	90.7362674896425
99.67327550314843	84.59362251444736	96.85545135723808	96.38806524444455	85.31614579781173	96.69341236357734	89.97278216446824	83.30475826233523	92.97532761281207	87.39488293088763	112.7054416119252	92.86089231367282	86.01004704210196	108.6722882093118	90.93311548520784	109.3875378048423	87.60676623605011	109.5252278470249	97.66200979749811	81.77024247642396	100.9337014344635	91.75252831064904	100.1956551502483	111.721003095523	98.86239808831073
88.33985883546617	108.4651073401677	86.85940034485746	110.2889698316509	95.17918464786773	108.1638100848265	108.3078353829349	100.9462973666525	109.1780342328281	87.13484955985143	87.22361653022585	93.86238109860251	91.38597190698144	107.764963200184	101.1242153604056	95.30658775504544	76.07050374602215	88.03502834065829	81.94949941652924	96.29443236703675	84.77225750550927	97.83476153533474	93.33123701777892	85.80457637660564	109.2807511350233
94.79173611345738	96.13504781233813	97.53474427022681	85.51291554461136	98.75872865823142	89.85755226383334	100.9701298173404	72.33044874844246	100.332934003033	100.5193831108589	108.7109269898245	84.6327491389827	91.65549517260069	84.4217811926684	98.46947299087503	104.1081467391374	68.65487426219224	96.59848201332413	88.83616158844966	84.19516029286142	87.87602584952774	107.4073974437835	75.91198838098097	89.1987357678854	95.87632950258272
102.4747260976326	105.3286060354719	81.54719815394444	80.06232949764424	92.29197907281201	83.50003668722928	98.27528951646312	62.80111513734818	110.149413750922	98.1124161946187	100.0370824421878	93.62672877594753	91.14900524265948	79.29820073095287	95.9391534769363	110.1064762789818	65.68431081198432	99.00448444179104	80.4808228409476	56.27108382937715	107.7835259585405	100.3702499095702	61.80944249244345	94.63443932221263	93.91159325099414
92.69047773623325	97.45845243567089	86.86437082331339	89.1361944745439	112.6066891270322	93.7841001568101	84.6544287955805	82.85589337325739	103.3898593256116	98.32182568426177	107.5542961436461	91.35256632874928	87.78641608940529	103.0289892792059	113.7100672085207	105.9369347939432	72.45701722162136	91.39593418101528	76.88480863659373	93.90615097106378	101.6932007124485	87.50550572225174	90.41833359188944	102.0903123517113	94.00641339470964
103.0076618439003	114.3792884782262	77.91914355087462	72.72216969927781	105.4263423393881	94.97058401291176	97.04651976740634	61.54856498909594	96.71922702431706	88.4852940813193	99.84808646528462	82.16941422470509	102.316244210833	107.468677086984	95.79316873318044	94.62407159269148	84.65553196233897	80.14295935707288	67.37705186696577	83.18402754001069	107.4029183579937	99.37924325559021	70.30186319092891	84.71568371838424	107.242798053575
104.5933816428637	88.04994045710644	71.9290983584615	91.21945203697197	111.5360635728954	94.23586827166287	109.956803338268	63.44412806975087	104.3241740737976	102.0904136969474	97.87523756988899	83.15582273304229	93.79443355428914	97.99332959119545	102.8695359490747	100.3106930071948	84.88921004960059	107.1407848244285	63.87242302150389	80.20177637509636	107.8785481988695	93.16040253278202	80.90029036166327	97.38085732867324	89.76315687815885
107.2167583604472	102.5765504088472	96.51662389667565	94.44598881125171	111.891314622612	86.18328062776489	101.8709383299972	71.8696647191782	109.0963798903258	92.14664694878158	87.92085865981474	100.1353834486339	87.0905470260615	84.98861857246446	96.71573580660302	96.52727404963774	79.60392560586247	109.3079742676615	73.71814049686064	70.40177792811596	112.5217978134019	114.6467120019904	78.78793995962086	110.1781693888893	102.0727108904036
94.30851699970218	97.27992259980817	76.36771137657388	73.99195369806222	104.3044415465108	106.1821860974735	110.9264875132416	42.34932245362572	83.2629882996705	92.39139146586335	90.53597339441166	80.54100388645854	93.07193283895697	84.25131279280613	111.1641485241731	106.4296149986115	43.01384792071435	75.89102828400667	62.19318462302446	44.73729482487606	92.07520036620735	81.43738975281244	63.57016700702366	79.85104845437728	111.2811507051913
107.1738738975911	95.79291004179971	84.66815053651752	78.97013673449439	90.85173399117538	111.2062948351287	109.1019065706727	52.62494130899256	105.5114816122672	96.23042052376157	101.1458379961108	93.94997010692333	78.84899747743405	92.54092859550687	113.5767835300579	106.523870626486	45.74635250151348	90.34884147128895	69.05136419129734	61.04755871656303	100.1613512953946	110.6654852709301	70.33126099911905	100.1634616636195	108.1860732791544
108.4694043439631	95.55737448571877	59.56910106301669	65.17916704516932	95.85317918539587	82.16977022000155	104.8132896999156	57.48664695424307	106.9779797970153	88.08313193358018	95.54051393697894	69.9519945091938	71.08917568802407	97.32558338661084	90.30716189602529	86.08820177994322	40.8840893653547	93.51407071002976	73.61639132140735	70.99615151574258	94.79477957045039	99.5085350037392	56.77563014360521	94.83557918775624	107.9091625528656
109.6450774636442	94.31914405659603	67.61158490218412	79.84350453767154	89.05270727502412	100.3397762856265	106.5089608550616	78.3405943183388	93.12774662878373	87.49672847558656	108.0736397968999	75.84820842182813	76.00259340880913	101.7202212095661	88.49524450307099	101.9893109220831	65.54541743145886	80.44539311583524	78.67834048151191	80.17591415629974	92.68730826828022	102.9374391440362	70.19472384709194	102.0254762381578	89.70486564273517
