68.2022730716954	88.69725942016291	108.318389149675	102.4213337149887	102.6429771521151	86.52785154605182	69.27786006455017	82.90459160527178	96.66017200931138	74.93291056738336	101.1497208961214	109.3107681558417	96.19949721257778	88.79537752193247	87.20714185745599	73.08709303531344	95.65703789575697	99.07911812956587	103.7746470451807	99.29325209783663	75.91071657230476	100.5883678183157	80.78202503461387	92.79135164491586	94.10038683456618
78.93300142667889	95.61908605439021	99.78490564784506	85.64610451286609	90.05055907260525	91.60451492780298	78.01368195555182	89.02930967076976	104.4374028923613	90.2967000534242	109.8986675981259	90.15828381622578	99.15794274987888	107.522921340616	99.57826660902273	93.14158619642484	85.20500790835838	92.1918666499754	80.86193731277376	91.75867450297453	88.21372030544426	87.3917228883287	88.07721212783966	93.4922382629708	80.78594414674237
72.40172265625144	75.55679835691186	78.81729092777459	88.34757277112379	81.98791719061391	84.82914846178905	98.02452961599104	69.11436323684681	88.24934488930283	110.0789686039916	89.04924455609584	87.62129516389052	111.5477837532772	85.97757972306036	91.99453130739462	86.9227101649216	94.16062410404581	110.354160540199	80.46979795192055	78.1330461594127	92.8176564744646	112.7874850080259	67.78427321045035	93.91015665896485	87.33483797009882
43.9202353537897	62.16721649927452	95.23546507935633	92.33886589346118	68.42626404821294	79.55609330490451	44.85041017499894	109.7179783716927	80.09081276730626	71.61766658981801	94.57453222784541	103.6833227779198	91.89197099107083	100.2688466065809	45.69827547287252	50.06166022945874	103.9803613313496	93.89497819201728	110.8867985129586	97.56462370327293	61.89182784487708	78.08339869881395	95.9956062993906	82.35108113626085	52.84206211184201
67.15316173655786	90.97897036567366	93.35468644497043	87.43893155202183	83.06644986938834	91.45838963539404	61.76293225377398	103.570363746876	104.3087430607809	79.38836104183439	84.1053448095732	111.4508867969514	101.1248588641614	98.69052850455323	82.56012046857614	66.04722301355073	85.42215832513389	107.2823739246919	98.45404043664129	81.51704964614675	72.71940170586069	94.22396859084589	89.11832067043632	92.43740041467365	94.05359227683245
110.1108190219261	94.44989871403328	83.4524312662418	86.23968260998905	108.3536507130715	107.7488807976117	105.9705062211152	57.31313977203642	101.3316878924571	114.0842367169824	95.12446374485415	104.370717929119	92.19701614924135	93.7686736731834	103.8569624448208	102.7295280652908	47.80926290643812	88.98668660871657	64.61542683911928	60.13393592752175	96.4121772633207	106.3861115604464	59.88049020041676	108.4187010013476	103.1958431755108
70.03942425035035	76.94980160690645	105.2787954040836	107.7761148137828	99.48599989924776	86.02554822724883	78.65197927546654	96.72225197155993	84.27771310619718	86.72227051220219	95.60502549376855	99.3344871615538	104.8505231889037	101.4092114052945	79.11927322087726	73.58695274464486	76.09804582608261	109.070741599688	103.4274414311898	101.0724211991565	76.23037712085006	105.3173057599696	93.24710932113483	83.10264912588487	91.26892556049874
48.86788977567961	70.94528041526775	90.17871866683404	109.4769988751237	93.17073553403013	92.54153403659032	64.52184029413115	110.1512716330423	94.62462583959808	88.290965951488	105.3162239533843	87.90932030536324	112.8021712940385	101.4074400262504	52.56292480311734	74.95560084308089	85.05753769790495	90.17492918753628	89.5415575279814	85.84695224858639	78.97389970604576	87.87806219706574	100.3391420060767	82.55404622616273	81.95354800149271
90.86870059241666	98.36845773770563	72.84687652429368	70.17629860631976	85.11609738814761	90.12359649859947	88.31579819261131	71.69250006849892	105.2503172830503	85.64825289484811	84.82853220944767	95.99630435688971	90.99385336299808	81.72543248641801	87.9667299843792	103.844807298857	53.97513792562982	79.30194120813442	72.1145111119905	51.75666551642159	86.88563886715204	104.6364023949638	50.24834219524203	101.4811233750375	96.60477693136043
93.69939633246483	84.49375542494816	100.5043107184871	93.54915206345241	102.6833268968543	98.8885473352934	82.32344933981879	67.82034900518146	90.04526945032343	102.2334251218784	94.03432098505905	90.74389665269868	91.71697822157878	94.44109021189125	85.45741094818236	78.40828415254008	76.12457127295862	105.0972392335846	99.88332876602861	89.85465067839417	99.65569566114418	89.4414457792757	83.87407243906861	111.5858815203267	91.11177994148942
108.989994465066	94.57333367324307	82.52399265991447	87.25568792696166	96.99032932942129	104.7461963624084	86.00645322439802	57.18835643115611	98.3037281824738	88.69125867436233	92.59098424539054	83.04286297575364	82.52367094341022	87.6308198973805	100.043120362259	85.85920295884584	51.26312341253782	89.04525112943776	66.92845095219086	66.23717457613395	111.7327225237253	105.9464657010231	53.26161387214118	90.86614729986368	93.85760099045633
94.9968864384667	98.16400930478591	85.29347084716225	81.97256902580348	95.67064732917552	95.43682032636347	88.18636803009825	71.4004560622718	112.977698297408	109.841460672141	86.40786806042513	83.60791496939727	93.03705197266102	109.6001679665386	91.93576963408519	88.64890128360373	63.28642336155653	107.9171672026514	81.0882813898434	92.17203151332792	85.81021470703496	93.98245448605762	86.89264669290316	111.4351697538783	85.74258725663201
82.3628311602961	86.8301503419716	90.44931330628114	94.73466759064671	90.12693804566577	104.3449161941681	89.32801301381376	102.6024559315914	96.78434515172444	79.12725366928466	95.42862642398059	108.8649574162087	90.8534146050673	111.8136597274664	67.47182218515758	78.84586123367012	78.85975138170713	108.1100617090582	87.85910901566557	86.83348621423387	82.43763749777473	91.10058898883229	83.89141745363617	103.9486754398647	90.20057883914292
100.257883056981	92.26892618369017	89.32574109791756	93.59228845842408	93.42096951965067	113.5458335744727	95.62211012271878	77.61037829231392	98.03149235433621	94.1229581650225	102.5129544241817	99.90241573098743	90.43869259122654	94.29799152260205	75.06781899390879	106.2907189261761	81.87021094562752	96.70592579093817	80.03510559068086	79.31905707748771	88.96962051138135	84.59881065689355	76.25086816292774	87.76931945640325	99.81875796625718
60.58045335543996	65.8901906962308	100.4559552891076	95.17530966825257	91.74787544783584	97.2841904973105	69.35185734534645	80.21941625444477	79.38920737367502	74.42362164172201	91.29140826196172	102.3858669828798	93.5489958502568	85.85793654657819	78.69355513259521	87.42410864724916	92.50838041601946	95.49649253184189	92.92240330896553	80.10535507870546	93.12222411844374	80.03797441298607	106.7769371436519	95.42483335894559	90.16892574080165
107.605331471794	84.64849037046169	91.82367182923343	78.18714119099225	114.907225903059	113.1053142068762	97.7999410198239	80.69300737988317	107.2104933692211	107.3988716132351	92.48403056951825	87.15057467468917	99.44799485519272	83.4726287176981	90.60729959859704	86.75662671905644	72.71166503625469	101.2852708032949	59.82961231478005	61.48084131770845	96.83536471013001	96.83051554764994	55.47887417734538	87.82777726529095	89.30623338416618
91.31232129899621	80.91838810356053	83.93610351800491	94.00164763675231	101.6426655835192	80.99684017795262	72.3887762032775	89.3952168029538	107.2720626402064	103.9518735489374	108.3678334408616	85.99288536137338	109.0963725490838	93.05675521913247	76.86633218764571	83.66272714726409	81.73610937270695	107.0274582418169	99.58260473175288	79.72313426552994	93.49878855597548	99.94724592579934	95.55933816772642	104.8440896343728	89.97205973321903
73.74928670483013	93.85711195907263	89.94769703931563	80.4330570394273	91.65601283761102	100.4278380865076	103.2793050687404	74.50838981337088	98.42262447833508	110.0910355043836	106.2388961910999	110.1473439272264	108.1583666998113	114.4936756957144	76.52400756002071	105.2932469691698	77.98258788097731	105.0400449655115	84.92474558332817	73.14233315868142	82.99818314927809	113.8600841211587	71.57149407781823	89.79557426872026	104.1171824878145
87.8761264458186	97.27434621530121	57.01637196972062	69.01435684487929	99.85160350368517	110.3020407700209	108.241736684233	64.38363403206003	101.4679964255191	99.47627620018612	104.1606974905722	81.43488964569858	96.92242907860494	106.2972720695291	93.77753673444154	110.7269495561868	30.63707156268143	102.7503685411411	43.86206791970186	51.40172228356785	110.1642221928207	100.3482873831958	40.52066437781735	85.56881005960967	88.94173861478785
108.8057035694021	98.05751548906318	62.03711960310402	85.84312387580138	97.68343797859501	110.968888110465	101.6540599601074	46.73194400296452	113.4721536834465	99.08240321439355	85.36747905974025	80.17445251593782	75.3422021575451	80.29708672976396	107.6099324231851	99.27551429406304	44.2194218461543	89.36361190991965	73.36859401345083	59.71773056976748	102.3474699777466	112.7456057957271	60.51725765182179	107.449675072835	88.97641372303099
81.72937814695156	103.4825627221178	80.61160049759266	86.13236604837402	88.20037551356744	99.11684385931594	104.8097237128641	85.66366628004928	100.7023397457672	112.1351313789504	86.30909799849368	98.23226886787313	90.56328883737032	103.2349397664238	89.76355138336906	98.43087884571068	65.5341511241177	87.71330092892812	90.63632407690845	88.37158239248463	111.429068085806	96.87879598056091	85.05260369385061	87.38315085074046	102.0556749496089
57.81695243945011	65.58039501450537	103.9454254352938	104.8405110448882	97.39752600142097	92.04328985491551	55.7054812183455	91.79285364160748	92.21715056807994	89.72881787942693	93.57261846404694	87.53622115398039	99.03937608712678	110.2262263883006	62.6217271974828	81.98971233115385	89.12523087090246	99.98230667850667	83.70926165343515	103.5560741856823	77.21690204510124	78.12381355466968	91.4245133949854	108.4661006959835	80.92517777122552
78.51442133966859	80.64641089073727	90.84484305510149	92.37879563220841	85.84190499661786	104.0208301746385	98.93500661445208	74.60982724365354	96.75655752019259	103.4450855336009	104.0432945905699	102.1623982446703	111.8307849085268	93.87572326278608	93.89127849790074	92.28378854155925	90.52277198835741	112.6009551798243	88.16970268939072	95.8168798028065	84.23602023776228	85.38971718296268	74.09789394541761	114.039379278472	91.9041661863204
88.73393651934052	99.40534094937394	75.75531137497212	95.92487850843338	105.5268646862854	104.914976769458	87.0586260431748	65.14701505413946	108.2913160786014	114.6674006661269	93.86321213673422	80.12440485443561	94.48203047193617	101.5601654818853	103.1418870134113	99.25273548271156	67.69489003269243	96.74649481047966	56.53030394852338	53.83386669225064	96.85262903988132	97.71916031768721	59.89856950283504	100.7692062854836	93.8855144792238
100.3253336003322	96.55059397853535	67.965443614286	75.6679039279111	103.4869339583655	88.52859633096338	98.59349449297588	73.94068391574687	101.0363101367745	94.35734480886258	97.94019610001234	104.3467639338737	101.2568110696854	87.64823729751619	95.16934577512204	89.60901900583174	54.53204676041443	104.1742477502796	84.71032446391332	63.32257816333988	89.09614867908238	93.08241508604139	74.27890558523795	101.5188538050162	99.98117122128657
65.66933891243971	91.90778172688215	94.88893015173949	108.8545729787898	88.64286127804763	102.7338649073811	75.05174235016192	83.47660843096934	92.88746352768618	84.95669599892102	87.90410818190527	94.11647588564364	94.71391176402305	91.6342980667564	82.03586687764115	68.8619101854931	81.89529125993396	110.7197559516151	89.41765680582715	78.12861768763113	85.20467718246223	83.1922267513923	76.8432732849476	104.9228714493856	101.364528571028
98.47815802663789	87.74356502856773	100.2937331789024	78.27600371128464	85.77522270606644	87.95390178486291	83.63901300830719	81.95645505240786	110.4904675851806	85.80522384321301	96.85948637167364	92.97050045516464	103.3749314399139	98.78495509955687	97.6103320185951	105.076614389643	74.02852854614079	104.8627153300841	76.18367469726391	75.04153409035526	95.23614446252411	88.0725892538928	75.2402175685063	91.68912908301303	102.1686729945663
111.8184583185206	113.6413800891465	50.92264374438625	69.69974095202126	100.4668171278164	100.7841149417365	103.8835078540914	43.83571880046311	110.9580223251289	103.6637200422002	108.2638150155095	68.37200284262391	80.99739317425934	81.39669319344668	96.41294645938909	100.6560389920317	23.61269082166588	98.8626327819014	50.9616519262681	48.46605814798922	98.5364057996472	102.4792642898329	21.93545612829904	100.3375996659693	99.50133068621096
86.4722173426199	79.25086062999046	83.48967710113915	93.68683933138487	101.7154025803937	85.24981781462748	73.3930505970235	86.48026148810915	102.816831042223	102.4728267163823	105.6033981337171	82.43880478222754	92.28140064734681	93.4587400223562	90.54388498284484	97.08711131146708	84.65581643070247	104.159789313409	78.81912290600519	67.13649712178112	82.89020656957297	94.18800185654266	81.22474633579471	104.2724893612059	80.33916312272737
103.269270790148	82.80742595985841	72.48837805866188	78.28349701530423	103.1587018700432	98.79908710900862	95.03599519481149	59.01161188731352	109.0276278296159	93.72227784234086	104.0599732752761	95.88515667525901	90.892890898473	93.60033365750677	105.6722903536556	84.87102201524603	58.45038229939982	107.7909337592827	72.92521477423701	62.59611494083011	96.86243677708264	98.07846093736697	68.85670430931398	100.0631912644302	88.61332170207798
112.0509657049793	87.81406193582832	79.18983604338101	82.81692121567573	111.0800485894244	87.79555666748278	95.01736318802135	43.05881492548651	92.9207350997311	111.5222203601331	97.01420681323516	81.72242204425453	95.26750822871121	104.3799631286554	88.60348991507533	92.79946956290384	46.9241908364037	89.84263315183884	47.75462355668345	35.39132193277547	110.0604206564851	109.348913767149	51.74594892794556	91.19814909152858	107.5940032164289
99.81485370881192	85.32360873810779	48.68268025830397	66.46157273888051	102.6921262865306	110.2845489547318	104.8861283567366	26.28486775538219	103.7625855653044	105.5314927028472	85.90654299451633	57.02293138240312	55.20407320226596	67.06178325516314	103.021015490069	95.58060411534781	7.220946794523051	87.86646950323089	31.97695072529914	36.53863960196615	106.0093848456921	87.3421299573984	22.68837384158948	75.23894012182792	114.8945560474356
101.2044109480606	106.4730021618853	52.04935283513493	39.42789940101038	100.0667825882886	107.3369971913066	103.7066720719099	15.94453298561352	86.87554520991786	100.2616020605511	99.70676278279221	53.24698052606939	50.9540585468087	72.17439883047828	112.8622410668537	90.20830053980291	0.1790966318682475	60.28165336598619	18.73324681761466	10.61548810214121	107.34948375818	95.26374902075607	5.4647591621023	84.66332087426588	90.10157775718106
109.767303094812	95.13274650913291	65.38698987786019	57.61158990206273	105.3859902764873	103.2571098235397	101.8424198634375	54.19606845371014	104.7178439945895	111.7158913434749	86.46762274676729	63.79491054483275	77.70698405793982	83.83661992266728	102.9955987261224	95.40337589098939	29.45171262440135	97.65688246714642	47.17514858487826	47.50855921110304	114.8848601526407	101.9054428860637	33.7444273111108	93.07335284304207	102.1529170844097
103.5222322470162	93.37707720287554	57.58189499887234	70.80966506478454	95.8897323201671	92.94345718318495	109.589682769667	25.12968213517188	95.65514653588833	94.824004197783	87.55195424747549	82.07962257391212	75.35422591421771	83.62574782177572	91.24427710156647	99.2718281483556	10.87180731000436	80.737929354964	38.3645707248719	45.15174811181461	110.5164304870689	108.686356095961	28.49721241742335	99.66227631076578	85.11028700524456
94.23160697388234	95.84236742361911	62.98163144455083	65.23537203278583	93.28956440550147	91.17308451040851	110.8733123757558	39.88676395483321	110.3795864392294	106.0414784948903	84.05368490900194	66.73760804977317	67.65883526056153	88.50284759127268	110.4439316071564	110.0156227973141	24.22850510158016	91.77658376764312	48.74537303894057	41.13943875861075	112.9200914853258	106.0423367862589	17.65615713565903	90.74801143016161	98.11354349899801
90.3475648955102	83.73613541932207	80.53207091398002	92.09701191495894	89.58795745130436	109.1826030146802	77.3340170654176	94.66043485416007	105.0913274826149	88.27213577495219	111.6913593060593	84.30344398178208	97.5061948489875	101.8400754573125	72.38398227019542	99.9420478319114	84.56266391265812	93.43657390233538	90.81722066767912	70.94659874560095	84.53246399719777	92.37353001563515	95.36647274582187	103.2139321472651	91.63918593234472
98.68970590714707	111.4998735824638	53.28320769579948	84.06987278933538	83.72668934553951	100.1587567470802	111.8237409185344	34.45243701010662	107.7080398907426	87.18438686633485	85.14723112808407	85.56544557250248	87.75342587606556	84.66206851423881	109.1519939619726	98.64809010813607	31.87299259723473	83.13847644876289	54.90872221081449	46.10579680576975	87.65309062979618	100.1047418871582	39.24304489327933	79.72108114837063	102.2080345671527
86.48825597488866	96.77224076499452	95.18744502653749	102.0984858422096	92.19631289079339	95.72914055397246	94.30561845857864	92.67245745310505	110.2604101675071	106.09164047573	91.54290237527957	91.81426272809348	101.1316043215064	89.50888430429072	100.1012458007347	84.98558647107414	80.6225773690727	93.06994337704856	75.29749563622737	75.3981088631849	88.29279449646162	99.89940544613947	72.96557738407805	109.3767743330782	77.30743234508837
97.65007372794258	102.3566672057148	71.92274478987287	98.85332111610776	97.24876916548374	88.49672359154346	104.4412839699116	57.48992463583947	92.87481380386426	99.63310162761327	113.9919723733185	80.11849790735717	90.74606907755172	95.82826247122381	109.5716765838957	87.87285461199319	59.58614686310945	110.1327466010856	81.78568274438433	69.60756051375591	110.1943997508454	108.3687185598246	51.17464779950053	108.5294515321868	110.3860314371583
112.975698049174	93.72924501684733	62.21637762522693	64.83272099718958	107.1606226181453	89.47861248684984	100.9226647631477	32.98613544167569	88.16898413529309	87.8495611433665	83.72271654608821	79.5486726641991	65.85632812730411	84.56117866181658	91.618215089749	102.1720736666755	47.39686891186136	92.63458358673407	62.43293881201839	44.72462279112533	91.79580531144809	99.85299782403612	37.89418449160073	88.88147160354063	97.40437721343923
113.1190375755845	96.02709388181927	75.17029408665864	80.14138699331392	112.9585834239356	86.69399325476843	84.95526050000386	45.54558481872543	102.1943585922108	111.7284496401314	100.7474943398118	68.33297505009412	68.99277350178825	87.15062686264571	88.15348097450706	104.5321350667822	37.62881531015987	91.59579555381293	55.13122206242515	47.44793047323006	93.09318702482139	101.0118518278422	30.47607063212322	103.5466608815248	88.06775169502932
101.1113441887773	102.1258837670604	89.3311144998888	82.03613904625776	88.62055132818003	109.4123003262751	95.11707067569692	63.57714461476108	89.35309069156591	92.50135748730503	89.01404610224094	89.12309153157891	104.9460330038492	88.46317156365026	103.8703176327966	91.84223183006337	56.28279515323442	91.14205438995418	54.55045437912841	54.58550905241266	88.92783899513648	86.29489007166167	66.09702291702662	112.0837310311258	99.30796893741581
91.27794017312306	92.86241899866161	90.16223785798425	99.49673089251655	108.1085271266714	101.322217298506	86.91131570662186	66.11632539969767	114.1319834703163	102.5400175055922	108.5589405518983	87.05657892910423	96.30803694380238	111.7124104547694	94.22798155627952	90.71633257832865	64.47004675837378	86.1878598562156	89.0430502880242	82.84501266998929	97.47453160113618	95.6673430569156	55.90695223058704	109.9500073289834	105.6491286784932
92.86292972348299	109.6732353336216	79.00972595351087	81.91135373659009	107.9214911516301	107.1406012550679	87.50015340536419	47.53851046157663	110.2267294417826	98.23826041988565	112.4003959550743	87.39923322272652	86.36368026695369	89.72261816307265	89.33766625634998	97.24113115409412	53.91854956954751	108.6594012227223	51.66562851358218	72.65681914163986	97.12961123764372	112.275269273217	62.50211262068892	105.8693795212708	103.5805325487158
97.99454663132798	109.1940674554962	63.40295050756365	60.09956434175061	100.5053337664962	108.9761368804262	86.0661439247521	41.50100381493635	105.7724594387065	91.98474313196445	88.1356072418012	69.39532220663604	69.44301694033817	80.52622179699075	105.0552090391301	91.63340127698832	19.64273650925939	66.77209340600095	50.84117489140021	47.02115489304451	90.49084143122181	87.90878365297422	35.87862632634777	85.04868800881796	88.16859936149829
113.4111018442676	87.95901495035065	55.33921455368304	64.79806445941171	84.12039532412271	100.4309520736923	94.36957419449888	29.89630264876905	87.43260500650612	89.31987415399772	94.14379469464852	92.75359385934004	90.66470046162544	100.5358142311404	95.31455787233804	108.6704113234484	38.14551161497701	76.28025147192818	45.67275448651253	33.14502642985016	104.9636455696873	108.814325254377	35.42064589476112	99.20097975762798	93.08808017528932
99.8775229234201	104.028355031392	61.49064413344226	90.85904367109519	89.57497018685376	114.8037691890661	92.78680087987092	68.14622557284903	90.71895538090091	103.2732014238477	94.22468204309533	87.17267549712111	98.23805445520647	104.562767754743	98.38039841465419	98.41650810586229	39.84176917622374	104.2187050304994	48.62293493057061	62.13470700093978	106.0162131115839	92.50878993777361	62.98890146407754	88.42543677960828	101.9968268557252
81.19374146272926	88.42017944889341	1.323829089568171	0.6888566396706792	59.17700728218558	62.71587068601457	91.78853492768529	1.130833141086759	84.20668981464681	88.71364821583514	75.76260176834776	20.45160068006484	14.84157480217318	29.14582765018039	86.42179584227981	76.39131143739664	0.9265222846365064	52.15347550541897	1.451062268995193	1.955383701407778	96.87105223336479	81.15179432939499	0.8208307715942504	48.17128158186694	102.0760988334069
94.40606243224418	82.59548007130275	23.39703469974106	26.38712405086535	88.02711496299285	83.99349501794404	108.0315589213331	0.8892836611941062	83.50622800612626	99.76590538551417	84.2832209790493	50.08795054984694	57.15593494168988	45.8176671121552	98.25985873323157	108.1374849010677	0.8876050001613074	62.84196223575549	0.0470967720418132	7.330216172759478	78.30258329044206	101.9554796070545	1.043867772840121	78.11068457370445	88.06997681831865
