31.68593979247945	80.38343423789019	86.7174425224904	120.2407066922023	65.6984072519717	92.83054832304329	76.18977089306392	118.3509379068858	74.74479051411421	99.33741176086008	68.76246512450456	97.10450277703686	113.2854677921444	98.12077066642277	68.01004864464986	60.28618802054764	74.41065834384655	117.7409385578439	92.9244295652945	108.8034399618081	55.3491018282952	73.92421979225166	82.0575659745619	105.2878061478586	59.13689592378684
86.92923012158434	101.7052670658995	96.9504195954537	109.4394559796177	101.6109269413124	88.8298486723198	76.65041249524887	99.78546803393129	72.64726372187455	97.36960351934651	111.2656737849082	77.94548984610519	83.57262684345808	89.95513430750948	94.8030109396292	60.91159740755569	64.81806085464503	84.20549144656546	110.4390298896778	109.8810662619778	71.14539724824168	81.89822385402728	86.97409077156051	82.05459248637277	79.90493666133607
75.89796711743801	79.96661691730348	110.4056979693029	115.6025049161293	106.5154508821986	85.18666623803071	75.42284118323649	87.15873361743608	78.21250337689581	99.32588103874882	78.7306830506094	111.5196110299605	111.063508861952	101.7116380225413	76.17958226949909	73.34231779939128	79.41748711240837	118.153510281894	69.82955361209335	65.06458381602162	84.60889471929509	111.1346272005941	65.89904004133295	117.3370505996029	80.41138266054492
66.18919219211099	102.4513850387413	99.69173007975272	105.1888893609876	90.9977252292266	79.90030016799697	76.98923613943205	98.26728106640942	90.57611955688682	100.5126192713287	105.3715182142244	110.5821582494061	112.7037898406648	89.11683072680559	95.58629898852018	105.2493455149221	85.54004114044319	89.29919185596469	65.83066470194873	56.28575320391347	117.865894899604	112.8263730008942	60.8369894541113	91.66599558637652	114.418261187151
76.2962788800867	90.43295932469975	119.1315835084901	120.4501912635198	89.82886733558857	95.86049861761224	53.95602987930626	85.97384488421287	83.73666049707333	89.46955250519945	79.78420462102217	95.55082484014137	110.2263977134527	100.2464259551469	68.30985457171599	75.46593974576055	95.0233901272083	88.2296502543534	85.1392792280559	117.3596758197601	74.99653296211142	77.93491962018044	76.61844453403445	118.3875162861004	88.40630624073208
79.89245782129748	76.08443211075345	109.914945555072	86.03259618492804	105.3139056359156	83.56531533173754	100.5844090532928	73.17166603208871	90.40306365676281	94.10954288226699	91.36125213150416	110.5331710809857	78.22556220375789	102.4403574840188	67.78223102962241	80.02472077160151	89.36044629540707	92.364444409773	106.6710258490118	100.7608446704901	74.05707032361325	110.6147266786336	101.7338722849053	88.74698412214694	68.58837167233044
48.45164784514137	80.65216366205567	89.56254777984806	88.9291931515786	90.61455645316963	74.01545625669279	38.45058956143683	85.02779338111731	80.73922863850729	100.2676630446838	96.10581299538141	117.0322645875068	95.40756341928767	102.6948616408832	81.34176692674535	70.64950512763522	87.49250205779987	88.0576182827311	88.16876161213102	119.2410293420462	51.91897745226568	100.3728896247291	103.9606912656285	97.3662284448601	55.27257209041166
76.07337378228522	102.7743628392468	63.00835575784467	99.52258175602266	91.40582318797709	100.9263891918612	80.95155087498102	55.22064903381724	95.64335382568549	99.75447216904483	119.6436910494841	106.3403655799994	79.46327700739126	98.19041084716139	109.0058175232412	107.521921363223	56.56874132575408	75.96897848560114	54.12636844679078	46.8042851143733	110.9853425149367	117.7889261249639	60.74221452053085	90.50341983476912	94.47540494865764
87.11631195513984	88.45377439172037	88.10675805619793	79.00943602368449	85.5113745933298	111.2271164078901	82.33613488554832	98.79016216765427	97.38524415241932	71.85143500650334	90.73923209134674	99.27761150021371	85.94133466283934	87.41254916049121	59.68855444358061	64.5483037017583	92.68592754359983	111.4439856089401	94.2277802416592	107.4746110834126	67.48027359435896	92.22023912404282	101.7026832346311	88.49078635937707	98.44568776227121
84.23558645537236	89.23097437928212	68.11220842648301	110.1362354717039	115.0563837978003	95.94297963173661	92.55778420528665	83.74724835114669	96.01206439301102	118.4156082595877	78.41044426287067	117.8033064458398	94.06285437540082	114.27340250137	83.46183013530924	94.07664398112163	87.2393303568299	96.90713252832099	58.78654557679405	84.94957463688857	82.38379791152349	83.2820370819787	84.71945543599045	115.4710322369024	91.5612390349114
103.9670503112633	111.3920343729708	89.87671089646363	111.1980560901251	102.5278853755372	105.3125409628675	78.83650637260907	60.0994485742243	107.1072273106091	79.96851945311036	119.8706284783207	90.43265404508932	110.6270724006676	96.74266748110354	102.8130885340168	111.8955309128073	59.53958217467456	80.97890806078992	89.74534347924276	84.43446558472061	76.01733723902146	111.542255869048	70.21851422322054	111.1335249004892	113.8844756992657
87.82917358073522	100.9879991013516	54.57155626643745	94.00970889695964	114.0057209212146	111.4439050413038	114.1080453883412	57.3787946934065	113.8291826452009	87.12377144098245	88.97320800301914	68.68135615352641	109.2028109829308	77.84042583393565	102.9541668521563	82.46473442624495	64.92378596841218	70.4073732404641	43.4511360538409	61.72710791387836	120.5499526122169	94.94860548334596	52.52186887623033	97.87664501443045	108.5343950603861
86.88382602747016	105.8030194431689	70.28337883879949	68.1124425062241	94.07452483063631	90.71407240285835	97.43502418747927	78.47335504769046	120.3815377180348	109.9417496820668	87.8283856192691	73.10496917615109	77.36114527336971	90.82820359367628	109.7740431380067	91.93559487396135	51.3608371147949	80.68644426881347	88.58311564979576	66.65853402478952	100.5346967918348	121.2719613612707	49.72773178860588	107.0413295362784	116.8536137316521
75.16203893609563	108.2279801967269	91.00989956866786	109.1826488562548	77.17534381611371	91.22682520577463	89.89441017478188	84.51777308865616	80.00911991974135	114.6302446027217	102.5675298184304	88.20356475261481	120.8908078618872	100.2546238149663	100.572875488615	95.74244542922492	85.11727402230835	78.06567314359283	99.23846303268446	85.97232588343337	93.84959260438306	81.24510304242119	71.95156497671874	120.9734302155012	88.70949223202823
96.45253408296358	107.2700820534137	87.57126353119851	97.37678131047156	84.33958189164272	83.38613176445199	101.5162742450726	98.3660280225064	103.9020542203243	90.65578442114905	101.7937546086638	93.57864233238669	111.5235286115515	121.4701035058087	66.68586586340827	74.91201439974677	55.83371480323228	113.4291188024211	95.13545235339535	81.63137080858783	115.2906610766323	86.15716856762506	79.41877336721511	89.02233691847658	96.86563137059299
81.27255661590448	109.4858513935328	88.65536079953169	71.33728809863482	117.9629759375112	88.3216424425959	94.29015943442218	69.49300668969026	118.6111706050796	111.673113320895	92.63680193480428	103.2030048288527	79.67145453502604	84.23804580628446	91.49010018296012	92.44004378837379	53.84540903914588	92.6984783359039	55.29409886818681	38.93934747159801	79.68914677031935	80.50722647440455	40.26835630385021	72.18714270569174	118.3075870728775
86.109539776265	79.85699645844615	84.86737766551306	109.5550820238122	100.7209125808783	101.9957054826076	81.2393014262302	91.7558501914901	116.3876474219537	116.7457650855235	100.5758298589089	82.41289072984283	112.7563623257563	96.87625909549433	106.5817202580102	99.91899116928789	71.02409711837143	88.22374158135622	68.03066048537443	70.01772283528288	102.7850512546809	114.8418862193981	62.78861097977411	78.35118068211993	89.00806737940081
94.1965254120862	105.1720053415456	41.24891839489833	61.47292636544017	83.99389316097371	87.44275461893028	117.7059043321819	34.06400988636291	89.4539393214487	98.29389758107139	83.67796668283806	54.51509931412978	87.95955823207689	78.31635472594583	105.8743439657643	84.74651694807467	50.31901718155859	102.4069303593665	38.57727467982173	25.87134892273788	119.5642940408857	88.26182299922431	24.44190390316385	108.1027689294284	80.66790899326517
103.8314975680162	103.3148185551491	75.45171540084465	92.95331218062982	120.6137560922782	113.5428197470815	100.0165634038973	49.89213758354838	119.8017568970007	99.54064124856998	79.05229817618793	109.2771898703914	72.4703162529478	75.38638218340496	111.3478433308376	110.1291439204776	70.53978810755798	80.79259776841739	51.69067888499016	56.15043274789872	105.5136965674168	104.8367900023189	68.32289741555381	113.3216445720398	91.14214518477178
115.9275166985003	86.44054558497547	88.50703427523774	85.67563444480153	109.1847400701009	82.78010549675749	104.6038528942434	73.14952598665047	118.9141332266558	115.2653217823466	81.78793625618989	104.0751157202491	98.95275060141321	88.93332919685416	97.21367498229793	119.1231759565424	70.48456737756712	83.2637218237485	87.66676332974893	67.812157521367	116.8646703659503	115.3758970245137	78.79063884586749	102.0393429846198	109.1772825309437
69.27677194317833	85.18508979659862	102.9663267173448	95.87883596138292	93.52747293510407	94.40018011842365	69.70068741264085	85.6294688060661	99.0682552414996	97.57925690706266	94.26504392684126	118.5785965255874	102.2223752976918	111.1107195573744	96.67066242001164	95.89363763124493	88.5120384724944	105.4380331162176	65.24611116372172	94.34441807527767	96.50469169965191	93.12390132543011	86.11742380319558	84.67259371847484	77.31230459905382
92.96869976969842	104.2606547911831	76.80472288566028	96.08467940029004	102.2074529925337	119.7305582479856	86.35933031194364	82.34464184893613	99.21148112525134	109.7155619126353	86.49832369154886	115.0598197424552	78.89964129051771	91.60336788297084	77.43612413491785	68.98472047313838	79.68616497449632	91.98681237491193	68.49321652865649	82.28693345322407	108.2804204178658	88.88608667704436	78.76185104795523	97.88115496484764	108.8517134868534
70.12571893123804	70.51875832424579	111.4065324750675	114.6030136266853	78.07788829387843	84.8872130566476	89.47689795525235	92.74481531227151	114.0363908871614	107.3072635575896	87.95251902057761	114.8844717161159	77.94283015121236	78.81348759186145	102.4574414409387	97.40073698971233	57.58342273024967	110.5128315135441	104.768542998905	90.47261623279124	75.08466521532019	102.3919293297425	74.15518586015735	81.34444374079001	102.5113903025909
95.14857638295118	89.21142255752406	72.24257520237134	68.36584068013055	114.7551822716678	121.5047794356518	82.70155616194741	81.79322915401941	102.8803204382707	89.69115235711804	100.3292101712898	70.85409439506334	89.23778686490644	107.2774883940232	116.8697825965393	100.582429369352	37.76528512629292	99.73282137153066	80.62393647605381	83.23298801459813	87.01338914269633	104.6547086485429	48.61505192360235	85.78478862463642	118.9121591778162
100.3411482463719	107.3208172418935	51.80716359701853	71.77710027135765	106.8032243625444	105.6053380536758	95.80223380364613	55.04043416809752	108.5300980047159	96.18685594162449	118.4674909134052	81.06420164956086	77.66787373038395	83.52064080878486	116.1909857771173	80.55841782113458	37.31756089354091	74.99853730293601	40.14409780200114	63.66932715601263	113.2379844319078	121.5122468100544	40.53061674550408	75.39724921905582	88.95133825985475
79.74701936157476	114.2270929147899	82.86350437117586	94.73378765748927	96.27121659197513	118.8702976679174	120.9976043709106	36.30810166362194	89.13400747790965	110.5503417104624	101.0409133440551	81.30943829669394	69.19650636103789	78.73384677731195	114.9953063015936	87.08756423818947	37.68405710457135	70.72077476501204	78.55854155589972	42.44673897405346	119.6738289831913	100.9749242993474	69.3937069176749	90.73017199149599	110.2856083028458
100.6637957400517	77.96434280488012	94.1787915167981	109.6688103483386	85.43957980768549	100.3396121762655	105.0422472885729	81.932841121848	99.07792476054686	92.83166768390709	82.84614381479361	97.9088662338423	101.5858397303516	96.68947421073987	70.34013554603595	84.58170643668609	77.88854428779439	121.8089230716675	79.23553714254761	62.03221428599127	96.57434263025829	115.5341651680535	85.23246249432523	84.99077662768482	110.920038806401
105.57708133615	121.6339175145861	66.38120198591672	52.3851566605732	84.84338018437244	115.0239898055678	90.5033917378183	29.71361928672982	85.72278471704203	113.1275183016932	76.33655619437639	71.56557090575751	56.92669605764074	93.26751118089203	94.34895868578302	121.3133851583074	35.59200681687184	76.81347940231853	65.82837750814107	58.77366835592122	112.6051315854359	114.3418817321675	41.27052339393075	90.45021477950627	111.319417886083
110.2599684395708	78.93642668827667	36.41734565483223	45.34435675889537	116.6611867539955	84.31221857411644	81.59078663238445	41.88353437366317	93.11316926054806	82.08316212665147	113.9257620812715	51.93358657656262	79.48758404231074	80.51677785754876	79.9065056617039	119.9160626092047	49.19446249846483	103.2322643699664	55.78773206461852	33.25513666789713	78.94053602822078	94.10258368685177	44.25659953111372	78.1036066729919	85.14156006259635
98.03489767299187	73.604998126555	73.99353954606815	116.109682220564	87.60900316770122	119.6246420775569	61.81206103984617	105.0097681762403	110.120679828781	82.82683536732696	83.45044082502356	81.57403785911021	110.5178060752666	82.18903236573355	63.44166845033014	71.17098954661401	63.23703117921404	116.7182679409393	105.2840483323168	92.01302534849883	94.20407126881651	82.57537187909693	78.28087813140276	78.31705164476497	75.54765078214754
83.59922593800378	93.84255985475281	53.19266457383672	91.31666012084631	90.25380840445226	109.8016544740895	99.02487560859201	35.5713712965797	100.8642749471848	79.48673687360356	98.65972431867175	68.01773840740776	98.34910013949164	90.22718681116805	119.7417935322067	100.3896103859616	43.570266589497	74.81650698546197	33.42127619719001	35.30533552944834	81.02919846945673	119.269038494315	23.47046240386923	106.6184561944696	80.8104865248374
104.5327875613004	106.9989689129113	78.91906025973121	93.78080801556149	93.12455432281463	80.43419917676718	110.6114777601784	87.24791396251071	108.4554242892638	98.96532698632615	109.5738486822574	99.79444648385919	86.43351018252309	91.23813531509826	78.62865895456761	85.46230798750464	65.7747725710295	89.71201807536845	62.3293034025363	68.56493662148478	111.9689671931052	115.2308467670985	75.43726929761353	80.30274853966351	84.80341340175357
112.8032826798925	79.27467202128958	62.86868759569234	55.75433602138222	114.2408113934392	96.66314185129909	101.4812557693375	36.21579137615497	118.4332769598363	101.3018757102496	74.86892217121762	72.03461696046196	73.1349986063463	64.17684345742848	97.8796740587061	114.899135479901	45.70501351148383	74.1463887594288	51.65821250161403	24.36090699765199	83.89912277368872	97.20213615175076	30.08437835647109	97.72086594393038	86.54757694866504
118.2728346697327	87.9234942163822	44.89259393061825	50.7359430937416	86.6561848568075	109.7268433136829	88.42733436331406	55.60211636282867	79.10222295721913	113.7282484215567	96.65601315353834	97.10147596666003	74.63994935360768	96.66656083219812	83.98375969103864	86.54942952440874	28.93872958162393	82.55191021120686	27.83548423706355	27.48562779906522	107.9638090631639	87.82565687772583	30.97429330263105	99.69823886544926	85.0079785337899
102.2231527798458	98.30709046321958	59.14379229964467	65.1796407929142	79.30050542636529	84.21850224019289	109.2966203643199	4.631255222659291	92.9452216127719	110.9825534149616	112.1315485558718	62.83496247417328	57.73413423325221	85.55578915974208	115.3579820926695	86.74399627604554	23.64728535445494	86.16852507946776	30.53382757005755	17.74895817155478	79.66141108166242	85.70685785807407	6.687989791410814	82.80401461856931	90.29532219697366
97.86868872998301	91.18525395781795	46.80454794618333	51.21301456489309	78.91884194135513	82.1902341099929	121.8445641863777	45.88870297590523	79.87546190774366	108.9400024952539	76.47650512133616	69.01968796043184	50.2761714705169	60.28498071658636	105.8027944955927	96.43346453478773	0.9001278020754357	76.20624788658617	21.78472212757942	39.47122412447309	109.0438046000016	101.9868931427415	26.15404534288713	74.68316916030471	104.6261287373066
107.155482473228	116.994890750835	58.38762552253363	76.81709872822324	106.8907112057349	116.5489853020485	106.3949259424504	51.92083252423089	107.2497302126588	82.73664887003248	100.5450913762998	52.20969068437634	84.50713946849399	80.39132262262379	110.2993672277721	122.2864881511652	10.44330625120626	73.35766491412437	49.72818745808651	45.01810411011732	116.7103223379114	107.7777780720284	33.43063302034803	102.7399517272097	83.10547827408952
80.14005451503812	78.34122365054067	72.31606808488789	104.4095698884907	93.44271769828151	81.37147136870315	79.26707268869863	84.75236946731427	118.0830431430282	101.2470802579985	100.1043006347704	114.2270484862156	85.02057994855362	98.28393106480431	83.96055535605345	102.5263356859742	77.86985593745626	102.6824747989568	91.29078227901934	79.69519837457037	84.35408708122165	81.48023519611266	100.014831165806	85.42353967703613	96.4261016304026
94.30243583646562	80.77595454338535	52.86564677091414	76.68008744884656	94.03065278496105	105.6721435186639	115.339842237326	41.5759343191024	76.11242872904241	88.32333836669842	107.390494147938	60.8358378840982	66.90160227986227	94.8588560307428	117.4312306307222	105.6415247931423	17.89472008060767	91.97526753830492	21.00208687403403	48.56762719659741	95.59782484582422	114.5750469742065	6.01272617043659	74.68277062024038	94.63846687507217
80.40195436974233	119.4451712957912	46.43305421743423	70.40976110003305	88.91954513264319	107.6996023374612	81.27046804662001	16.80690122083541	84.11415881584847	104.7366555147076	114.2685967131876	58.88716242582711	92.24502588029189	90.30734205459009	90.02323585683017	88.01932455921917	39.07448127194854	73.15046435071078	40.24081008151136	42.18230715956115	99.38769381604578	105.7454771514189	4.509215157720114	88.14689837398328	82.39071922219871
92.35737993163995	87.53872306444698	49.2336538106628	38.00334884459365	90.97469144120916	100.5720652334869	101.8758244661565	7.639179038520233	97.94183299717356	103.9656598147989	96.30481771015977	71.82731705616345	82.73268618940392	94.20086914919654	98.12504934166702	97.15618724553599	20.93159658586553	79.09017939635008	32.38216466690331	22.43639644736923	96.62835678909698	78.03221770215657	15.31701820709121	70.4517301635492	121.2232356094644
77.87311665296194	115.1387853009457	82.75420118994617	67.7863529089509	108.7328633997502	85.25053066703235	82.65430071348716	51.07042356595561	78.96192435198741	102.2483146393797	111.169673453939	93.80181243099904	76.98173307601769	118.9222399742498	103.8415451110313	99.67306113602214	72.99865528797358	92.21543264496196	51.0670874650686	50.86308552242829	82.29958920806369	110.9332272253127	61.44762329886544	117.1283369943776	96.18249890615024
77.06740206987121	120.7296924941127	56.78655455565708	89.88092002308152	102.3507344432692	86.99474630278195	105.0363050345955	49.67825958483664	116.9320908891502	80.52999295767779	108.3908913394913	68.36823165711436	111.3404110364332	76.72679710406688	79.46602792127604	99.19490854162164	75.58680446285584	83.05003632005436	86.17514555905976	42.33520705830108	97.01986263462118	98.92933511037049	56.98596275919239	101.9815082558902	112.027239335622
115.7481227978761	76.50135177926555	39.72344254955212	44.09721302259285	109.1199376044087	75.34838423936837	107.7461622774821	32.42038098574629	69.07689362663463	115.7951309857682	92.56862937486331	66.83233023513222	57.46582472362832	87.28902373785419	111.6019402564046	81.49854714499388	1.572016089346518	72.46764664822014	35.11580507088078	32.68372335805522	105.6667563021824	80.04371753961136	9.690178703806765	56.60057192934499	115.1724712344347
111.7909689370132	113.8677092224776	77.68760082261015	65.52893860200909	102.022086913162	120.9938432426035	82.17988188447993	79.56198960484818	97.37075404640066	85.24106580042103	113.6474548816751	81.59392587757331	82.05051300998934	117.4034053442489	101.3094155789918	115.3452300065529	66.06493725693714	109.3287029227785	75.26273542502675	68.23821031924963	117.9018718115607	119.470665905369	57.73612110464268	111.3463878627429	94.13182205867435
101.4255905944799	104.1065724790576	82.62018167601636	84.70389666784212	115.1183732211576	119.6214010088782	114.7758097246147	38.40226418426903	86.06715938334004	96.57709395855946	100.8210155132822	87.03720229202411	81.12278241805343	93.83960067288457	81.63942956762313	111.2870218186163	38.85759730974694	67.47093895936348	56.19656427694312	25.89725587154538	82.68268059474653	95.10095077305496	25.79584289724869	83.22251047705595	97.35695139816166
116.0476888391642	114.2065269866504	55.65222099923558	76.64919378041168	97.45506137835005	116.2113634730619	121.8963828005232	41.10054911633388	94.34397567408124	94.28547161376343	81.45205437257647	89.43868636910628	59.84452740966793	89.69539637531963	99.92520830788175	98.01343081746406	47.78167231684972	82.31255446965301	34.01899302348649	45.98949956867266	78.25147227806004	112.9659703824944	49.90585010977381	92.48887769940484	88.05462124086439
113.8234990016514	113.0468071530929	73.72994495440112	77.6686305989174	116.4337050862557	120.7946213301701	100.4875324834736	56.50128916896119	121.1556233711184	77.78830434232016	94.93657546051301	102.852495241246	75.48308273305156	94.96384754196862	114.7757392873134	99.72136772241883	48.73549391336931	83.4639275888552	75.41660599568755	68.19601233213294	78.42869530140814	94.96789597097403	52.2427270251244	98.87148650382662	88.97943925460154
81.09496561407796	95.51175782414782	8.656673983747496	26.32783670338072	87.73669370150058	68.40613843381783	106.647453949193	2.445806530014458	67.81224752075686	84.19831984194894	64.96765321402583	8.792555740818877	47.45377195159995	64.83971830249808	92.22155008414387	83.08727122115916	0.5752625466689636	21.10975964983451	1.463105584201415	1.556208901404132	106.1736072999779	84.6760486386377	1.493903695135269	58.09524661698322	71.7573314275099
111.6366878732229	72.6077648381092	17.78299800641403	12.2210403967635	97.32368922521786	83.04518206527474	79.82555786436177	2.375966822601618	81.16814526469149	97.83894561829712	78.02047190439087	35.69367751726148	42.1035138102818	73.65015075214126	74.68768437498892	83.92612745625698	0.5311723434353621	48.83474412746372	2.078959672613728	0.5089344343215829	87.75824309170922	82.72655157904769	1.391366528940954	58.87630063506663	78.72447773356271
