98.90337986623041	99.26209375807083	99.55365994617902	99.7099178742076	99.79139001197419	99.81765604069355	98.9614044150707	98.96753028220246	99.77726827604033	99.73819609169851	99.97489502571193	99.90360088682965	99.94376805305619	99.99737968241688	99.04434396743946	99.18685896200043	98.72371892804249	99.99504208768923	99.22355363667302	98.9903532027846	99.51790621223302	99.89705775656273	98.86553297524263	99.99317131643096	99.38275035261358
99.4942054231703	99.72195173378636	98.97311693914581	99.23816358572573	99.98332390750222	99.99107432741219	99.52850350003914	98.18312934487345	99.97849769746762	99.96608200534955	99.9868538450034	99.59931147560883	99.67181362579343	99.89202396637408	99.58436699159053	99.68750789390414	97.83529289528596	99.84913266113375	98.49744523350965	98.20635343537181	99.86571087472763	99.99563580477866	98.05785910137591	99.95412878851621	99.78932178003976
97.6536406849515	98.2340928154161	99.95814689883035	99.99499716382215	99.12929287241016	99.20849033475125	97.80156823949943	99.69742777364226	99.10563451598054	99.01114113887456	99.61657138778955	99.98789477930443	99.99093410089563	99.79153190047506	97.86065806295217	98.13983121392179	99.55605994131524	99.99578025577523	99.83208235355949	99.72504422547181	98.61992117647749	99.35928664264821	99.64450892856098	99.71416621562072	98.41557477116427
97.08399780260606	97.70920305319476	99.99714649161372	99.99326276480419	98.74633910048057	98.83555395784262	97.19371475988066	99.86867643593997	98.70844949014077	98.63999498266644	99.34861198466317	99.99120978832555	99.98190595854193	99.57692532911699	97.32120627429825	97.55848721806835	99.76591496953266	99.94444764717471	99.94686731309235	99.87859151006519	98.16438604447922	99.02761621845562	99.83940474027064	99.4851142375246	97.91949180557953
97.31884952605191	97.88541855634192	99.99204347739855	99.99338560055182	98.90289220251141	98.9658264894331	97.4383698288667	99.81143227245593	98.8500431583099	98.77773225097435	99.44435233555353	99.99734672058206	99.99313680592378	99.66180232217452	97.5035524191388	97.7605256834959	99.70176809408125	99.97375367011017	99.91164939401158	99.83008087354101	98.33046572060694	99.15871156074796	99.78527983685581	99.56342729223063	98.07233412714911
99.16499228933814	99.48681234562424	99.34205160107845	99.53839975181002	99.90305252169101	99.91879696094838	99.2361946349026	98.6505481879414	99.88767480229872	99.85922373329682	99.99747224790936	99.80486674535362	99.85640562980545	99.98171706581461	99.30617705996175	99.44426727213465	98.37444942164859	99.96184812217133	98.9242372602662	98.66918474785147	99.68340225265702	99.9637312029522	98.52987318458462	99.99664725510489	99.58819586993316
98.12640170067391	98.58995478904468	99.87969580036321	99.9572391147636	99.3950585576515	99.4371705236308	98.23002423911231	99.51987999833888	99.35683065823171	99.28738471493858	99.77575457771037	99.99428156592187	99.98832688601223	99.9074147392879	98.2721858117494	98.52320152574389	99.34898023766759	99.98211910999231	99.68585489863304	99.52998962688878	98.9462127435181	99.57679622884483	99.45444217749855	99.84093940327062	98.75844184867532
97.27457171871978	97.85735287796383	99.9932003639464	99.99312857459014	98.86982806701344	98.94174417493372	97.38600433748766	99.81853413484319	98.82796344907864	98.75625572031771	99.44324463825367	99.99704172833637	99.99216139139646	99.66442459631909	97.49190242917666	97.77145334159684	99.70813235094292	99.96903251195882	99.91844521040746	99.83819472904926	98.29815263632635	99.12830675294219	99.78282580283036	99.55397168448287	98.07847163360489
99.06293509940753	99.40443559177163	99.42526273273077	99.6109163037236	99.85949630565186	99.89041739055308	99.14090028291213	98.76483448260504	99.85356766591478	99.81388129495663	99.9938982485792	99.84616332758299	99.8900752111999	99.99112591181628	99.2062758615769	99.32957994258868	98.51589325487903	99.97838125795894	99.05787014085523	98.80313673846688	99.62373498276555	99.94117758328758	98.68553775156302	99.99709372586234	99.50866468534738
98.49341967365241	98.95683080493863	99.74987846980005	99.86542915438565	99.60369893887085	99.64229126726119	98.61950574455727	99.25864144994321	99.59056387569215	99.53449473831995	99.89488854602624	99.98013559978864	99.99397613136074	99.97522277896968	98.67592852726979	98.85418433539384	99.06191870500207	99.9814029118308	99.4871257169424	99.29733168652869	99.24713139980496	99.76076978841891	99.1895777675073	99.94124197146009	99.0869186798212
99.49783835899875	99.74540295195463	98.96647934815491	99.22099231661372	99.98715590661416	99.99340188663042	99.55900388392563	98.12431535423926	99.9845775702524	99.97349531996942	99.98765888199796	99.57541915453577	99.64776537185701	99.88668574344862	99.59504697083885	99.70806426782627	97.79029940029764	99.84290224273913	98.46104243747199	98.14804231498766	99.87116706038643	99.99201309790693	98.02038586336502	99.94250480217882	99.80912027293735
99.20741061900557	99.52664891036758	99.29353537749503	99.50759880961597	99.90893424103547	99.93482523072304	99.27621807054364	98.58450556081412	99.9043171335159	99.88068306354076	99.99527783227494	99.77657149198983	99.84199902490981	99.97217439511374	99.33940241262495	99.45871041495806	98.32605666586869	99.95030766096434	98.90746063967039	98.61964638018715	99.70596563226262	99.97078583989646	98.49420594107039	99.99563874995559	99.61913597222181
98.16389000008584	98.63488446248168	99.86504129531829	99.94937965244765	99.41537035187065	99.4740586850463	98.26048945729976	99.49495560538227	99.4016929042031	99.32179487330095	99.7906366067967	99.9964878276553	99.9894403346234	99.91211321286556	98.34318852074659	98.54420814877408	99.31316970328595	99.98081262238134	99.66609256890273	99.50894843173195	98.99737289177716	99.59904445769699	99.42842773967337	99.86015827257113	98.80804840221569
99.90558380283865	99.98273241031666	97.99128358124788	98.39584533484637	99.94998899004669	99.99381888785096	99.92681225481907	96.89523749386404	99.96392466891847	99.99461711443914	99.91132763108817	98.92027529345921	99.04544645493684	99.46313001856851	99.93562012729305	99.97211167049751	96.45822683251211	99.38621612029598	97.36030684764752	96.95917079183364	99.99330084926322	99.99004630791767	96.7206151532678	99.62022015032225	99.99578308929193
99.68123353000847	99.86055472038468	98.64484646286374	98.95898702966969	99.99687129790458	99.99085381037685	99.71875705409504	97.7325915080549	99.99691640217006	99.99712748051668	99.99536062889722	99.38090192823338	99.4842642615674	99.77642719979485	99.7472699585775	99.8318448389454	97.38210627413113	99.70416120130233	98.10685345631316	97.78151112540424	99.95163992902806	99.97396848427275	97.57882021825385	99.86550418068411	99.90600394745826
98.78706462236867	99.16369861409009	99.61236350258028	99.77110496125007	99.73952313692618	99.77856492505748	98.87851473943191	99.0614855203483	99.73253839865684	99.67430038848282	99.96010442179556	99.93537796646814	99.96334655714645	99.99657615673418	98.94348626772891	99.094307824811	98.83172656670689	99.99733083648466	99.30338034077485	99.07291198342388	99.43147032190312	99.86133376700673	98.98002177541386	99.98420319785124	99.30825787386063
99.99701340582887	99.99289833155217	97.09687600797082	97.53517132125266	99.74525592638228	99.88134724352194	99.99674465023567	95.80448392572588	99.77838999564668	99.92891758195339	99.65566211531367	98.22766607662176	98.40266143902603	98.95328875025326	99.99707243764225	99.98994324605897	95.33673132609411	98.84548880931624	96.33392687927828	95.8771729288414	99.9902669485151	99.92910076923695	95.62049285578206	99.1670217962738	99.98200445543955
99.961398013525	99.99690983683918	97.6380997745182	98.0251194690649	99.88128998779099	99.96110065362735	99.97626732399421	96.45381199454782	99.89716268283001	99.98652287196333	99.822024542984	98.6229425011105	98.76968164005469	99.27508393149451	99.98394820703393	99.99693142735863	96.00689137596393	99.17121625430367	96.90569818028068	96.4916458856875	99.99106817884156	99.98913246233614	96.26537249610885	99.42892829563806	99.9857002858348
99.9705799244761	99.99643262368416	97.57582379163561	98.00100159394647	99.86909628839319	99.9609162427144	99.98197282336906	96.35403289412704	99.89553489589245	99.98414766638744	99.81169126967102	98.5820283613123	98.74908842057964	99.24810858582404	99.98676904297398	99.99719074441354	95.95807782903262	99.11910308723681	96.85526059416209	96.45269506275891	99.99190477994246	99.98617841413139	96.21408443921877	99.41182683254122	99.98424019351711
99.96745652290011	99.99668053706371	97.62317242590881	98.02126000909549	99.87944430679431	99.96309109019261	99.98007816092496	96.42059172286946	99.90033964743026	99.9868820141059	99.82078141037377	98.62154712909287	98.76625612035642	99.24984475306648	99.9860569183323	99.99706091723483	95.98294656445174	99.15679900395375	96.91958994561257	96.50070267243629	99.99138738323519	99.98648657933413	96.23035360129207	99.43029598333624	99.98511301422313
98.66059560935324	99.05312703000888	99.67126635170473	99.82429957074737	99.68555564483772	99.71377137375474	98.75463615355609	99.16747322414693	99.66121688661703	99.6104332145524	99.93250693951043	99.96338618945016	99.98013017736456	99.98793329657988	98.81648236627372	98.99840426252004	98.9438445997162	99.98767816043826	99.39861547851157	99.19183679591623	99.35229917028138	99.80802886119538	99.09198097245088	99.9662617562481	99.20429464324243
98.0446037554666	98.53860490392654	99.89698386932213	99.96552283957394	99.34001134076439	99.40005230075221	98.14642441555054	99.55575946749384	99.30389818152725	99.24508299193648	99.73923931570869	99.99129237336948	99.98711446528695	99.88307360716674	98.22548936848999	98.44190200256631	99.38441757094115	99.98500352918833	99.71470184237243	99.56782593887667	98.88860377642951	99.54263067296131	99.5005033694089	99.82537789747796	98.68034476806119
98.3234386519112	98.78677931501294	99.81501452789374	99.92043123641832	99.50516065872492	99.55073747233486	98.39660541659296	99.4027151195303	99.49004141138887	99.4201667002944	99.83525622625507	99.99510049610282	99.99578018056994	99.94777964907441	98.4846824340529	98.68879552599287	99.20343752309489	99.97869018585206	99.58626297551353	99.43051928641758	99.09363170262947	99.66771925985115	99.34643245202052	99.90109125067617	98.92611464096149
99.23369808104374	99.5155361260569	99.29565378935975	99.50693270703935	99.91620315847352	99.93760403147527	99.28095962474455	98.56357815733693	99.91044417398021	99.88013697059149	99.99456442830291	99.77973338426122	99.8379310202446	99.97220719719239	99.32961551373178	99.46017557813505	98.30854994824844	99.94881674728042	98.88666441975327	98.60456892572557	99.71776778539288	99.9743323046379	98.48592979755655	99.99508446496573	99.62401882042154
98.73058080582827	99.14252975237576	99.63225412536165	99.78324735053563	99.72519239805604	99.7587371776203	98.83070535168696	99.09191024713809	99.70782894178291	99.65511422632676	99.94495657661366	99.94538966597986	99.97279426103336	99.9940309014742	98.87037896602023	99.0457671285714	98.86718448723883	99.99280567207842	99.32613282748692	99.13017491863518	99.39351592613023	99.84041504034823	99.01463044934758	99.9799970498879	99.26730274592916
99.19508874056524	99.51878668307621	99.31299210499151	99.52518250749587	99.91351864756555	99.93150272097705	99.29020775259637	98.6106886100041	99.90517741516589	99.87966162522895	99.9955758507086	99.78425366326779	99.83945336615879	99.97714966663108	99.31961939712419	99.45027666069456	98.33267084906339	99.95233478126686	98.90662663280028	98.6581410931345	99.7038154255216	99.97022254820116	98.48651498857143	99.99630359217691	99.61212069876116
99.61681232140593	99.82542552499996	98.78136061473964	99.06622082304087	99.99698073845489	99.99528513052002	99.67335428216472	97.8876178025356	99.99677743322951	99.99148031514666	99.99601339128512	99.44303638128659	99.54181926239741	99.82162042311256	99.70884580648736	99.78932594097138	97.524528224652	99.76844768062367	98.25964800527298	97.93293965546444	99.92646583062907	99.97833850041071	97.73740891101791	99.89974030451843	99.87363643064826
99.98079315907256	99.99624763371251	97.44294810343331	97.84888947137324	99.83049112466165	99.93704922563307	99.98975926813361	96.21772321632352	99.86146860263293	99.97147306470053	99.76899656690618	98.48719010535817	98.63431075282296	99.158031362399	99.99488771586567	99.9939038202893	95.73364427320615	99.0566653090693	96.71405189474108	96.25629134057246	99.99578467581782	99.9736566603498	96.02205831344423	99.35343861517444	99.9811730896394
98.53766629443498	98.96825974018219	99.73612350492729	99.85561170153906	99.61995007618056	99.6713350865612	98.62744803838849	99.24316206665146	99.60173772756681	99.55416254062467	99.90634725580183	99.97712165803748	99.99060096862313	99.9793357074558	98.71256926256569	98.88937877860423	99.05412037492425	99.98230336744828	99.47338322016292	99.27001037608348	99.2522106705764	99.76634829742414	99.18330491787579	99.95179921523257	99.10291476794467
99.47444684279246	99.72150557301957	98.97679331685313	99.25256362758535	99.98060338925796	99.99041337257934	99.53797689713846	98.18644309715339	99.97957701219826	99.96689181950433	99.98679215594679	99.59972805199163	99.67654737482994	99.89958800123202	99.56438211021207	99.68433264166362	97.8744904742896	99.85533772059875	98.51395633058702	98.22834023551198	99.85848059171835	99.99614567065581	98.07786306637449	99.95347998952678	99.79573312412634
99.59848590672716	99.80508909417122	98.83755400556447	99.11932195896111	99.99588431423653	99.99742779582338	99.64465026580579	97.9536806342106	99.99307376933977	99.98890870601468	99.99275615963454	99.48210732555773	99.57870015879719	99.83345668707209	99.67153728379155	99.76732682930542	97.63223326811368	99.78838952202067	98.32130304413366	98.01073871141296	99.91558834678219	99.98159407405119	97.83640705092706	99.91573139641386	99.85406011636708
99.59483708714203	99.80667533817092	98.80479587961725	99.09763368768122	99.99602242361533	99.99748374304444	99.6369685483798	97.91493635437971	99.99457034095911	99.98888023457371	99.99337762338686	99.488746148351	99.56893464699908	99.83330245226153	99.68233332636619	99.76208717753531	97.59158997327232	99.77410435073908	98.28566996441177	97.96861727473613	99.91360363034732	99.98087785132547	97.80933127631104	99.9127698513489	99.86551022791068
99.69999599360352	99.86899014354019	98.62146901689299	98.92609852295202	99.9969647590368	99.99004672986096	99.74249451192152	97.68114392090308	99.99661150432956	99.99734297169273	99.99404406913034	99.35060611905004	99.46174437035232	99.7636070201124	99.76215351333396	99.84523245089932	97.30245315074021	99.69462756034532	98.06918793076763	97.7348583412863	99.95545519455467	99.97322279910689	97.53872669637165	99.85041879546078	99.91329216456933
99.79383024641538	99.92821811920157	98.38210194035454	98.72164966877828	99.99301952818804	99.9898420283927	99.82572865047572	97.3637234590948	99.99635476750588	99.9902606008812	99.97257213603007	99.20131753338933	99.31304792733138	99.65750918200953	99.84544038951492	99.90811004177564	96.97634661483633	99.58080544590776	97.81093925271614	97.41069184336212	99.98582975989562	99.97319623994659	97.24695249981147	99.76597356584359	99.96457218001517
99.99745917467305	99.97532241698448	96.83433297048364	97.29966130235184	99.66403503070271	99.82062370621307	99.9972577147593	95.50749879096259	99.70444516658561	99.87666017108087	99.55497921673124	98.01275363847365	98.19339677539443	98.80164466593845	99.9935287797602	99.99372141547448	94.99694761790259	98.66303102258492	96.0219639188248	95.52297202712964	99.97321977996717	99.88389268185381	95.28890982570798	99.01200833375918	99.98930344677579
99.97930678217568	99.9960262937194	97.49292035615412	97.89394318342171	99.85003890301167	99.94175102106138	99.98803069883785	96.28632528704016	99.86903875697024	99.9758536667543	99.77518776833524	98.51055903978406	98.67073141732114	99.18556367900412	99.99339924620718	99.99540689473041	95.81738756811842	99.08039621467822	96.72761715014163	96.3379510011124	99.99428445447198	99.98020306237139	96.10890371004815	99.35361145640472	99.9819774225237
99.88333485788259	99.97497935383939	98.08572321329243	98.44567658000827	99.96549157865972	99.99725315041154	99.90307443617381	97.01595163576005	99.97487374293762	99.99183352687713	99.93300653914751	98.97399016536377	99.09723414438663	99.51043433522301	99.92039497187672	99.95985632318481	96.63700478424013	99.42469660701495	97.43479617009594	97.05343106749216	99.99649698267419	99.98435685336196	96.89384011504515	99.64307673559917	99.99057397007812
99.37018831979258	99.64481846484443	99.12823635322088	99.3757051347061	99.95629772252306	99.96886155843448	99.44052926680178	98.371362618605	99.95324140132273	99.93404343518277	99.98703979456522	99.692324301992	99.76067805231231	99.93901624782369	99.46803992088689	99.59616991937627	98.05133498177273	99.90275115974627	98.67308595641771	98.40646074594287	99.80733735813816	99.99252457947046	98.25430277255933	99.97774094308352	99.7206245112358
99.90558246909134	99.98400448881019	98.01359287068503	98.36550629574488	99.95094738519627	99.99417331303516	99.92368157095643	96.92437703989515	99.96698827866743	99.99463948168314	99.91175989966638	98.92240027546302	99.03083489127218	99.46744373195486	99.94182394299513	99.97268238042463	96.49771605125305	99.3816239615048	97.3466078191564	96.93753182837389	99.99330110541018	99.99007968702819	96.77142064251625	99.6048310076232	99.99580251289153
99.83764340198819	99.95319575289653	98.23096946531416	98.61805332717036	99.98058578000382	99.99352428440729	99.86941753865464	97.20316151817875	99.98856201964624	99.98949870623119	99.95869768772795	99.10231371795385	99.20553115389683	99.58966558844823	99.8820284660425	99.93535062618784	96.8369897405171	99.51714855084877	97.62153670359581	97.27853550270605	99.99541157846815	99.97690738664996	97.09580211652296	99.72008249384685	99.9779086385274
99.98802506170888	99.99698581776619	97.36063019390872	97.80150648033177	99.81576100856184	99.92360901291988	99.99425140971148	96.12472959945765	99.84207322837506	99.96036913916944	99.73907064882117	98.41207755505756	98.57724824427831	99.10827658245471	99.99693035391601	99.99202094837183	95.62524700206392	99.00690459398145	96.62693091155154	96.19915774920555	99.9972053231208	99.96344229426786	95.95102980687572	99.31073989181645	99.98039317548894
99.79721956332909	99.65799947505263	95.07253641520552	95.70951728869284	98.9556655647178	99.25822118886892	99.79651559682861	93.40239077873032	99.01795602495559	99.39443795194191	98.79710465266555	96.59679548662172	96.79715907846999	97.63350755414257	99.74518432887865	99.83186414725719	92.81648397507327	97.4380170461688	94.11161588175358	93.45783817661082	99.63493605914354	99.40838136840675	93.1718145831889	97.96976589939486	99.84414090839793
99.83978910013596	99.71316412219706	95.2825269494797	95.8630852087586	99.02852948744656	99.33138451082972	99.83506562321665	93.61279767277465	99.11734486918496	99.4488237966998	98.8969251689158	96.76101285206869	96.97479469777358	97.79315118839898	99.7864988747461	99.8669147780749	93.09198963294874	97.59804461276063	94.28184966014629	93.71213692029161	99.68535431680884	99.47430448806017	93.43951287748919	98.06901175413807	99.88100566781948
99.9974443405451	99.97537894081078	96.80974631384953	97.30999314599453	99.64677741772948	99.81030962939035	99.99745274050147	95.4422206782843	99.69082100311772	99.88118845573717	99.55335061633836	98.01668490623163	98.1744966089115	98.804861293524	99.99345711010156	99.99404566386109	94.98787760112755	98.64367251812239	95.99379930108486	95.51048543402571	99.97039135574856	99.88302788471199	95.30090603729226	99.00056194612161	99.98978794402532
99.99467775240407	99.99704698088441	97.20680716197367	97.67450491621335	99.77470654558284	99.90385555530816	99.9969353810903	95.91690388986622	99.80516844263977	99.94596646182552	99.70888029296809	98.31599920974381	98.48344071963795	99.04406665204183	99.99720839144661	99.99020910688995	95.46591990852984	98.91033008993566	96.44860286487153	95.99321707789144	99.99527930584533	99.95318844417702	95.76108563912594	99.24700148218753	99.98044692098158
99.89669804395615	99.78648747602608	95.61323599575728	96.17169413283656	99.18408632990788	99.4447177132563	99.89230251289443	94.00155529546896	99.2340696317258	99.56119052032363	99.02466241766574	97.01972596632041	97.22113724396053	98.00363542785176	99.85380356585122	99.91903317809859	93.47030238974267	97.80342985446092	94.65076201915535	94.08994925088069	99.76381699939678	99.56282560136535	93.81545261522484	98.27348767316802	99.92349440243269
99.9168178658996	99.81025211439277	95.68882158600512	96.25296724628015	99.24204914904537	99.48882555634484	99.90497178786964	94.16627051583153	99.28297161322791	99.59442959497633	99.09902286704971	97.1173047868801	97.34515826926753	98.06023327217329	99.87768790114067	99.9296667483467	93.62107625538839	97.92831622849363	94.74992959201369	94.21797513326578	99.78559299404608	99.60117465010136	93.98238195628068	98.36683736938272	99.93618285603242
99.96470355487594	99.99667285255089	97.58886430979047	98.0392655035654	99.87643537216717	99.96219295232905	99.98066241987479	96.38896263362132	99.89520872863913	99.9858746097708	99.81176813990584	98.61358883761616	98.77002622179771	99.2619923391088	99.98586490315276	99.99722989548087	95.96466200844486	99.14886305055695	96.86508742264891	96.4573207561933	99.99144117014387	99.98698560105652	96.24296723244689	99.42135030781766	99.98497834380015
99.99480481288712	99.95589736736126	96.63904749819872	97.12349807389143	99.57993622915185	99.77147302153223	99.99329565073141	95.22923669580479	99.62320329072637	99.83915921891685	99.47520475238809	97.8757741998791	98.04027202883189	98.67669564777293	99.98483701334318	99.99708259794993	94.69993277209177	98.54449214282569	95.77527528492415	95.28166302365344	99.95087052722623	99.84421590482344	95.01766167850411	98.89918508877837	99.99736055024245
99.87387215812389	99.97269177673101	98.11862276209415	98.47214252040709	99.96548497531641	99.9972034186173	99.90436028329817	97.0219448927139	99.97743831998513	99.99143036871367	99.93214112915561	98.99056963006107	99.11133172229677	99.52132689397702	99.91699111180984	99.95793668786325	96.64874867108696	99.42570793833748	97.46028874937015	97.06643186299473	99.99717206942171	99.9835133624197	96.90409309858384	99.65507609932442	99.98976029797925
