107.9211554376964	101.062836627722	117.0680521461391	113.6023278014457	113.5050579260621	95.43387998235787	103.6208027487868	112.0469247661831	114.3500844488211	96.65502162999549	118.6194042737639	116.210896221649	101.2943192866023	100.2657956514232	104.6069835473872	96.27127206233342	97.28491767506594	92.80883785315724	109.653119481987	83.893007357397	96.80674978848613	79.31028255287855	102.4561908151138	99.84292321237177	89.41408667179591
107.3351737561618	117.8719729370129	94.54340043242041	81.39157090645504	100.612007513953	115.3433871527629	98.26294833528618	115.4252251444167	76.96959825948701	121.7652250013026	85.25252070468125	78.74153731694335	120.5861322590286	120.4193500381723	99.50684421335535	97.22367026219992	107.4182367481364	121.4933932963486	81.05569402323445	78.52646724518662	106.7053506177539	102.5638930700548	98.61757727151405	92.26635573712473	86.89665863887966
106.3226288872464	94.69397632366511	103.0769875552704	81.44466856797362	103.4281641764657	118.4766645316034	113.5929977473432	83.00643434517927	99.75301086322926	98.98281004002828	77.46232643627754	82.24514274079847	92.57272112966979	105.5362731741429	98.50846423435573	80.91924040390367	103.5821676295794	117.6322879363439	81.8527936774509	106.6597434068738	89.31390184467901	100.7096843801803	112.8851292356256	86.8240794370852	84.1813784739407
93.93116331174855	109.4164067879292	108.8361986726316	79.42744834552296	102.9116353610318	104.3964582006565	99.76186643445699	87.61294405261495	106.5886729485316	109.7897940619154	102.2773411860682	91.96504089933232	121.8408658410264	82.25942381727033	96.281711768527	103.0670272386896	90.95743079429194	95.62483071871273	107.0142446641277	98.46296802330829	109.3587391356152	93.91397871677512	84.38362304432225	106.5560644572288	72.90303362164124
70.83611112954983	110.183056831504	115.6716939711987	102.7973732349084	99.08867663150089	79.51518834450498	85.10499028323743	110.5310931881987	106.7710414293348	117.1579830431331	87.79833737336729	80.07723622923736	90.12870226588943	115.2117316496733	74.71406112147308	85.03725810591924	105.8837537071104	99.39253194295604	112.5286606777992	121.9799555274791	110.9657197457935	109.2274067588558	78.35270238352459	92.37306128400436	93.33238882538041
113.1848841562999	79.75121795784766	91.62244728796506	110.5226707829101	100.899334017652	102.6507348235262	83.22439574088757	106.9465472511135	104.1431245503177	113.529381915285	106.1779588116723	111.0548252269872	113.3383391640927	104.3994192724263	76.97389791959981	86.41736212776426	90.89692927524685	120.4630775727352	112.8195711237681	103.7706253037764	87.26802694107192	111.3128468010335	83.06557780221219	105.6800257987247	91.99438340312139
88.28485755644145	96.38351869144194	90.58280427486405	82.37352357873488	120.4168481160949	81.55558934486635	116.5539745589767	86.94920089145734	87.09177531870228	109.0436422083009	98.57048282735336	116.4351031253388	119.5896895843852	111.8596830915128	86.94792068193949	85.56697540771476	91.86089664380792	109.8614252676927	107.8581853561896	79.98254938035882	92.37751432571582	110.5182685245235	117.2784585820723	99.93980692197114	103.905023251227
92.39485890832877	111.8389257139057	116.1446483799369	115.2908245348618	98.6085834204312	115.5990437376956	74.70491475729341	111.9122779406221	112.4072965195915	88.83421157929104	119.8931874818717	117.3299356516787	86.85647444048647	89.16682259539077	102.9251559883971	110.8343859719406	109.8762035903499	84.96741042281754	118.058915053568	116.3776454789831	91.99265338392678	87.65958732229734	117.7996122989328	94.67112599087656	81.64553369766398
109.4382297118377	116.8941529791107	107.6084093181943	97.15075051466047	78.03000038261163	76.41361057634126	77.49914680904	110.6418243554417	98.45000307644975	100.099178750649	107.733813162732	121.433048808581	92.90550592703312	78.32495216811792	91.05171993741806	99.18016093182996	96.62757028056006	97.71769198401101	119.1041566108813	92.84710255261464	88.78037574360908	91.68313177570784	81.95651064239873	77.39076337553969	85.15720585785648
106.0013020313018	94.63886671045537	90.07106217664642	117.6142096914792	93.55633867600318	107.2855726934724	81.23036151428798	109.3851955109101	114.6892375305603	120.2367670019926	111.8503303382606	109.4606311738325	85.53722812975961	113.4554519692047	81.63414302475388	94.86917441107451	114.5664486182095	104.267867142448	111.0255813743652	84.88242442625398	116.6254378477672	88.77950766680186	77.41310344553122	77.94697587035914	83.17967302089582
82.97021421622134	112.926399812034	95.27716380187721	75.95961122672928	96.84653700905142	122.1419260472496	109.6196220678507	72.84494069575811	107.7246105315068	95.44463182506685	104.9536100912843	89.973090305171	106.3272547559143	80.47223756569046	88.14974482855116	119.1390178146281	75.39932040586902	105.3752003367069	72.70177399481922	109.7331967780375	106.0691969288731	88.02753026066338	98.74180966933372	87.9233699593089	110.3028313885512
96.89722492684636	101.0392593189421	110.4169376543484	79.89750149056886	114.6203889184357	112.014296681997	85.2083248498251	100.6370330972679	82.18641617263167	80.99075198199624	99.70448765371079	80.93692542352439	95.24171023042766	79.90922268871026	87.39278276784329	95.22396423425442	94.10659494283668	90.18406341791422	92.46265473519603	97.6543659418281	85.08230920723869	88.56025059174148	82.79144695806443	89.09365984609104	117.8329032369586
116.8222090201783	91.61920006134348	94.0980773820414	80.93407873216103	95.17204742125894	93.23897928602364	81.07648972892106	93.67786121163013	101.7963518428035	90.36179111759054	80.1837098759336	116.2306127233076	83.6803998431532	112.8258876152027	88.25059931437846	101.0933025625429	110.6461218133547	103.2626029728312	84.11710789338055	85.99405584174826	101.0355533464944	84.40189904076563	120.299152739837	78.43335275361979	93.78029744068843
98.62871710033045	111.5095495320248	87.30388676624634	101.1287292203242	113.9541497582499	98.78586665679924	81.45957236280093	103.9830429575712	87.81289233107933	87.83155626260682	90.94977848690638	97.39722845324856	114.9443502287445	97.31188316919267	79.48805319286944	116.3538362999769	101.6144234099749	86.83927450284567	79.21298798945283	89.3190809416771	104.578657683027	104.2931376035592	83.01444127034731	109.9700049195528	97.75899619155692
112.592602366654	117.9912499270375	108.3255264647775	90.0897838662152	108.5000261619968	108.7916611934553	73.65271056412706	88.13485817102826	94.90421269216505	88.73351684251901	105.879138429676	112.5805330311448	95.46837441951507	80.40120332083126	73.82671717922672	118.7114453808603	103.3076441671953	108.2080213512791	91.66973272133504	82.88616867154026	101.0106631942011	102.2478604418792	79.89303329031748	88.10230418829693	108.131560602092
99.17262378880899	90.49043068090688	91.39777427223123	85.57719298757844	112.8991191727984	90.06730406076839	95.8984897787448	73.28685666934166	116.410816828472	107.2671841800789	112.7501583682564	87.13848580180066	76.52403249087024	99.83928330214596	116.3164726907837	109.3921078695072	81.71999976650761	108.7950190886397	90.19767734042654	81.8259783270037	98.55114299291145	112.2321316050144	112.023315064399	106.8575088904398	96.82644943811204
118.4760501331087	79.57200522043064	104.205848781355	83.88118383012956	82.0165256817598	87.99116960503699	99.79755445286408	67.52139705453287	92.13325077084144	82.25983643202463	81.29879916378439	105.7809772792908	102.9788814863483	79.6563688094616	118.4897414729626	113.5778154949987	109.3053167617265	105.4257669101717	99.53027837211238	71.45509264706642	81.37181894563756	96.9202840844668	100.1731356844907	106.784072435553	119.8447041992289
105.7260372446638	110.2938934458876	90.47702770623432	85.39919078324766	85.29801115019787	103.4918623727615	95.68142050803559	109.8722519939671	118.4439716760166	92.88086082384822	100.8933231493603	74.84021792151192	105.5425040237293	91.73260356271436	107.2265060795771	96.13916267195904	80.31256822080007	90.01506218078779	82.38423451414496	98.89092281836093	93.25639375467927	118.3790048535219	110.3470782137148	115.2673221776643	85.14910568040247
87.25135901518175	106.0687299616432	93.47230402859141	105.670331848865	83.56972560238482	97.35176757668206	114.3686644986365	81.05481199857836	79.59105942025043	116.2443389157806	110.5827664024367	113.7579331297676	85.96260026154069	81.98881125101397	96.29245799046859	95.60426535221723	117.5098289970161	105.0719719922832	99.138453345857	81.17995138033046	96.50011799018731	95.53962435494464	91.68929035729508	118.0449019675809	82.56077866534268
82.07171190617474	79.79486517835419	72.1016098576177	80.43478680365878	87.04908507995113	80.00927694793361	118.1351734555307	92.24701144401936	121.7517479806781	96.11178430484074	83.96448543100824	105.8801908886904	114.6258495989757	83.8864059147157	108.5689559010893	103.5601352430522	97.25844464867737	81.33898205512898	78.4245095739339	106.6717444310052	112.2257588283583	98.92350416876215	89.82497396224336	75.97611809225182	117.2274861330196
99.83033551558918	114.4098303565169	108.20993281432	114.5875775905072	98.79048973030172	81.35618534936702	100.888602621675	98.33569411848484	104.2961401722273	117.5573004447162	115.0600527194098	79.12944644350841	101.8922076292682	119.6875335295546	118.7044776785496	104.4805735332253	114.2768637406629	88.79786609391945	84.57305002909474	114.2870620809323	94.64896876669934	120.9063796912761	93.36074138792077	106.7200950225573	101.7587318704181
98.51400173027758	88.36830627466092	109.7891454250655	114.806326481466	102.0638238987185	97.32429177294057	121.3850062716484	112.6012205996427	107.470247985627	77.53139066425412	117.8656833881857	100.1359612969328	92.26612610156988	115.0500677925156	94.94663615557155	80.82101936778325	112.4664000116068	99.86970335665221	113.4972215925879	88.67942159926528	96.34924986753926	79.50576129062466	72.03332019654174	94.37921409808436	120.2426333206406
80.98417732643922	105.8653644768045	78.64406954803906	91.46130952845394	86.15557136991335	106.171810947278	92.60005318452909	111.2903212078624	107.2203652373974	79.3090525792412	91.4606331532996	88.21674796943128	103.3956063162242	103.9839040512418	96.62708541871591	115.4473107283965	111.9371016836118	104.8097597474366	84.01549834717387	83.25622925459457	112.6913334257421	104.5843982870516	80.00178007993792	121.1136323981884	84.72397850144964
89.93915619087674	90.29734966077328	83.2902765824995	79.8417384523613	115.3527891125507	117.8862883316379	96.68524771221972	108.6843984998845	107.4048222611461	109.5984398728025	101.8940664236165	75.5325613880425	111.6180975044419	82.72038119310528	115.9362232095452	79.40066044057107	87.22921628907443	93.89209072382121	80.68056745805262	85.02069196964554	102.8103889245696	121.1441782249277	106.5772690247325	108.6819973113215	80.55298486776907
90.61091529709769	98.02663598521764	98.76646772901486	88.09887263814433	101.1626794818574	102.7701299469249	90.75483544885941	115.7954532110716	91.97922995245605	112.9234523188319	95.02831079343478	102.1792329652607	111.5902709697448	81.34646597777213	77.2678732452693	84.93604424689845	72.54688492643072	81.13138368700891	88.5214985119907	99.66295480594799	108.1411230345997	87.61739955410056	75.53861663839172	117.1079870277123	109.5285906552225
89.92249664567778	106.0805878256242	86.40479127750085	104.3744621100366	119.0784325709679	81.58548569224052	94.69803841615496	101.2019857275609	114.9840185861242	84.91720242490391	111.9373686208565	101.0740185664838	93.58514317509642	92.53293756134967	103.7252312148296	78.39218183842999	90.44527225831465	84.92769828649021	100.2898283211504	92.1895462183431	118.7341544298004	90.54000775521672	89.56228395413127	117.76412245628	112.1835767870987
115.4569618752693	116.2285869869098	107.4081382126457	84.06903532483435	90.56519533316737	91.08056649368895	116.467520211464	89.28705961803264	107.0709886634637	95.63563041302416	93.997375914291	115.456687291108	81.93086801739651	110.1178736478708	102.8143820143157	97.16219215744503	110.6896811460844	114.4905024528994	76.38161653453479	73.61611252505155	77.50793975993996	104.3295412411395	73.60999709465034	90.34245693342709	77.97577317490466
120.6025930353111	94.16325926493835	77.03243284413497	117.076713528181	115.5170484595554	120.9609217995805	78.06112103193242	77.83300827848581	120.0886448590681	99.11072192200609	113.9066375798463	80.44702141271361	75.82003389423924	106.2892446113214	84.67021341118944	95.2795008729482	71.13548657667042	94.71382407950222	110.684575197197	111.8693232539804	113.7226040531464	93.7368771731096	72.950459784963	107.5982977032396	103.9830305715745
92.29357330912302	101.7026751741846	82.95733373704047	85.74579630185519	87.41417807101922	93.51071976063366	120.6434940294724	87.4060970420187	103.4315696417939	99.71714432228329	95.30109221308635	101.930674525994	109.1923426605372	92.35934420231617	90.66087850272751	86.93679744018604	110.7997593053771	91.5283280519597	91.0499720053879	104.5267700863213	94.16239345943336	112.0322497581813	102.6040836654108	104.259093748878	85.05230432232788
102.7755674892171	94.41454105084422	115.2127035840792	76.69298052132719	111.6972978576037	111.3502110516948	115.4263397291236	86.24461595957806	121.4432312315843	111.4949691163947	120.7884334263732	87.62709713282234	76.74608732212681	109.6248853925044	97.96373864390279	105.6417459832321	85.86423085845762	112.8073186437687	75.90151937079803	94.62320026940708	93.45570911533179	105.1625701002839	115.6500033429446	77.87497281913188	105.54407679593
108.7268480070448	111.4538771205347	93.55584810649532	113.0185062552442	80.37114882520882	81.47614225155563	84.65083175667107	105.2910770672414	112.0923803724759	89.18088373146357	87.18402339761528	115.6800745428905	102.1268574840278	94.06530746593903	102.3436862298583	86.38989362630028	111.2921159784727	118.8625324635412	90.68360871467165	85.08397711927799	101.6059579128046	83.11884122570605	109.3386401482421	78.53199703034595	82.64887950036265
101.7626723846419	120.832078716989	110.0320654219572	71.63627398963081	95.04373504962513	108.9028592852257	95.47143850878675	79.78190115230524	86.63683924949389	106.0553383732634	111.1189453879705	93.12156804660452	78.64741033575045	86.85723607470717	89.92950868295455	78.57740257939496	84.14444870489123	95.8532142343754	70.4814117137481	96.14405457710131	119.633032559926	108.5093399203165	90.80541601811535	109.795772285831	81.61647016263333
97.42847770580077	95.87071174515984	98.03459918946984	86.5269834718576	87.9781766156849	104.4825921598426	101.8050112689668	81.50681447960375	114.631974976784	84.42977899273183	91.30352625030919	90.00633412538775	86.1707190321909	82.22089564658062	80.10062330245968	115.2015563678757	102.8333911525141	113.3586413909924	81.30841710243386	113.2016390938454	90.03247351655858	118.3390214876768	85.26283713445845	91.95631056766311	93.25465428227223
97.83861072160123	117.1836236986185	117.2911171138012	109.8026201091085	121.5377119004222	88.71509130992716	109.8408140804912	74.59305823913719	79.16862465523432	89.26623848456262	86.58038154167396	110.0244986423057	101.3248888643768	82.00731913331369	86.26971726229128	84.01635453821716	97.73412744462198	121.5777622903065	91.70261699414436	105.8432462220023	98.75321937266989	95.05570485258355	79.84264257073644	122.0169619489033	84.71269894254495
119.7716025700058	118.7282802912559	79.77720525202469	100.6901753592882	113.5657697936513	98.88772018404211	89.46830193684477	103.3379527097973	90.56753389529574	118.3294131527508	99.39062220127451	115.5728121166475	98.27375030457947	94.78919843852273	114.9991566533952	93.03953889412432	89.15090403641537	106.7505858330346	72.71391734844552	91.71033776235481	80.51863068524601	83.38757049911662	95.56502673325167	102.2758637678684	118.3311259313751
114.3362338980745	81.83827032701109	90.50359917879433	99.17121359281634	111.919713007484	96.8036013583724	78.97621727631518	76.19155655770751	103.9179184886922	116.9260837436908	116.3180408560875	93.25917225946085	95.9048263802876	106.7265815190808	88.42054312847266	112.7526984337357	90.90992531098965	77.99033336141547	85.96268920020918	100.8900891977828	89.7128411996279	79.95059945833935	88.73289748437509	97.89546316096276	100.1687017052569
94.99356858265493	110.3966893841421	98.42835799242903	87.83235147298846	88.72386235119502	108.0001023298761	81.77414649931271	85.77549285329806	110.4883226894178	87.72810829859081	111.6594763768373	114.6755396769099	86.94108487818602	100.9721665337111	95.85034191431114	119.2529072030587	95.8723405419582	107.4367029177991	90.00217889099977	85.27790041163456	106.2224546637392	100.8191843090459	104.738731487993	118.7620976025545	87.81873021220774
90.46113754921303	115.9573718285574	99.37642891591909	117.6089749502175	108.1639157500862	108.6832603001444	88.41456511638457	70.33819960466712	94.75568245964656	103.742019874585	86.23004998166593	95.20662463285328	107.5621958489412	77.92331843695148	95.12180164928633	112.9403116891853	71.47775413603692	86.02062726124313	94.45382820663434	73.94437533677819	83.9805740160723	104.6937364897774	88.69367633379782	106.8277614743766	88.58728646961573
83.19977137567898	116.6127755898989	87.33927294226437	87.87610664265505	108.5247729311021	104.7248497695114	109.6654936458006	96.58654502196225	91.4868066175338	121.0272623751338	94.67995955566349	116.5954404581427	113.6997153806378	104.3176775727289	118.467136966786	83.56640500294314	74.47403681763429	108.1313926340297	84.92617941135281	96.52404139528028	103.6300101146856	95.24836541929241	87.82248120553105	105.4432851315149	113.4899521120331
107.2820102920105	85.14706388028844	76.88023827695702	115.9841818974316	99.59299427027648	121.2323598304469	93.31480009602997	80.6742300819655	95.50738474614049	86.07630793134699	100.3053130670029	95.88375829244478	79.09042541290854	111.569795713381	87.89441352094214	90.46696409838594	107.9738777921585	98.2642032074919	88.3524870727603	115.1953385493842	92.62255605356526	121.9158556186106	92.05103532539258	83.61014417188277	99.21992183254372
100.106684671178	89.19909578556357	75.90703058262707	110.0450768774874	104.2912566903295	80.6595377063262	87.54006537231528	62.72916188645678	104.0008228631207	76.83068768544408	81.60309648752133	83.42725013579067	108.0670710415052	74.18584202143158	117.4877389614748	94.8207255823875	92.75241621212554	76.55153055000434	89.65420970013645	83.04128662963704	120.3131779081887	118.0059937213357	89.92150044855472	75.36657254988332	93.27004600711581
100.3534085739677	111.596629879548	114.7022699952873	118.3272441571559	111.1350053082828	99.07796830477383	110.2864620256601	115.36224249302	117.3206698549598	107.5171186697101	116.8297296792879	104.4234990805961	111.3731161861417	111.1929828940213	120.3180126850839	98.92611370390617	90.43298441974862	99.19917638936397	104.1447153646453	103.7395287341989	108.9790585591915	83.28631089872566	87.66542066256333	102.8817221109045	118.5634041994027
105.3122733226219	97.61513949383985	89.80401728841694	93.98554341643339	76.2209408475539	111.1163648725865	81.46911244130814	66.67029110334295	82.63480097486681	115.7247360994577	103.4138719273514	75.60288618278602	115.5044167112248	75.57217879644774	106.7667179193951	105.5541954324441	103.7150128131068	75.71526112294436	85.70167743703394	107.0086897099002	93.09308560283941	118.0571707650435	95.74157729432156	89.50737227988164	81.80420346982383
92.73888454699674	100.7996167882875	73.35814078662231	83.95881891464008	88.96513472938139	102.3746060881693	113.1842184366501	105.7074579594644	109.7629219960256	118.1173828318279	103.6155670254512	108.7769019152292	98.97070710294803	90.07663560058356	87.79519659617398	88.69384708076797	72.44038403893043	85.09530747819881	72.39267416940622	91.04280681471225	120.2011228058096	84.55210675219772	67.98542559983564	93.22917098071437	100.9462099668553
85.31741347237423	88.31624348771554	78.96932138855607	90.52812785560138	88.81937911203403	79.07391415119626	107.002514803949	67.22624046397685	96.91586813507365	113.1142933902465	108.8895977231932	84.9200310525458	111.2890309522944	116.1692384540893	80.52101006330386	102.9397377919448	72.32705646274546	82.06284902978607	73.28382869962584	98.10240148451905	81.57137270556478	99.71262419348818	94.16246616213547	115.3154274343505	90.87146822028669
89.47234459672811	91.13220507825804	104.9427638433886	102.2326973971041	108.9826987619052	93.90886518175961	111.3796148046833	111.3305110571469	116.0307247398918	86.96112958398653	89.87923777795271	96.85365531235945	80.22344611219143	102.1537514296438	88.43669326236505	92.10189566285317	71.53392874944173	90.71175961586493	77.76031035618846	110.6117238786567	110.8399112020976	111.5483637647984	79.96244740649306	97.59736555339084	105.0618957309897
89.95999082490405	81.17048392392759	98.3260382165866	72.4522726351987	97.08965456727744	103.1596227965032	114.1587517872985	59.71337883352386	89.86394687099494	102.5954837673565	91.97056960610422	83.91104670565821	81.54407079761354	99.87123880562744	101.2870073016622	117.5778235752203	98.54744579144267	100.570684673492	103.9384320559209	74.27242484248374	102.6317132277475	103.1494310186177	90.99335939733606	72.89535249756845	76.57358283421183
120.2626379409778	106.3135699598562	98.60455472822834	87.05230748278889	78.10568983005317	83.64988405257407	90.73176237677299	109.1108650696497	113.2419261678082	112.2044971340456	106.4883471253045	87.22526504510594	92.79316286050305	114.6538431790385	81.17765190711926	94.19233925779142	105.8289024203675	75.38643426043093	85.36845925880317	90.18040501638154	106.0040946165402	89.73504237336876	109.5504292908754	98.0967834920213	83.54335247313088
102.3388724799199	99.63846093043216	87.0647693461419	93.56004498963797	111.4113714990269	91.01038228971788	78.02416870043692	85.8341670056809	78.04310765757157	83.22251175139696	85.16654885164721	89.9456069069514	82.69001093109375	72.24010648252249	80.75428652359317	108.7794142513316	74.41559813449891	105.4998557220078	59.4420504255645	99.95744238879492	98.93349195125037	79.45007573007832	97.25239335919203	72.42903726855742	99.30630207355728
116.3945980976372	109.4090361262401	94.20706451245208	100.9467046880437	97.90162491323167	93.24538027972648	100.6434644975757	101.4482766265306	106.5818652191423	95.73796453988267	95.70931403292737	76.23982872166981	77.08377696065504	113.4594578984576	85.74971690711152	110.6982162327828	68.65337244083607	85.74320789406886	99.62948148616435	83.59711525607807	105.6200902717044	120.7620845602966	66.73789191824993	89.60338508748934	87.64881659504857
