116.1631233837205	121.3626060349213	96.19292294945416	84.08243211894872	115.6428551098276	101.8379974077447	99.09907370516206	77.96827430846677	90.27266234794891	109.7983197076604	115.1903273536816	114.1510704929929	99.09381295478185	80.5927383209128	109.7075648246014	101.0769351705118	85.82661450743777	107.5238508058906	114.3428262743497	115.9857306807656	90.22060283673628	120.686897548141	85.31264316475769	84.79622404078414	86.04534666628426
118.8880474061239	96.49336915667513	107.8076785759121	119.0559547356741	82.26575906615352	84.38595327628491	89.91450416968163	83.91807376814948	78.84899131383193	92.92275795619855	79.12197229716324	112.2888148770331	89.15765825494432	92.0213618410867	84.3723691094477	81.72288055930647	81.9558810726295	121.6370287802395	78.75933126393856	87.17019748546026	99.77174085737296	84.61888946971823	81.42410782662706	104.4683554757652	87.71225213316549
84.61685889267311	78.45358226513412	100.4936122445792	85.99281902728831	121.4685759494037	86.67648493798545	116.1525892919539	94.73789736395709	96.94640969433134	88.8172442306406	106.7940936738403	80.25185203499132	109.2921145300216	90.53393880440881	117.502472342507	90.61840095550363	78.31848143702406	117.7447635030815	111.1977686886844	101.0499574912173	116.4265885034147	111.6362519211285	107.488961494587	103.7690091913649	108.9184706262839
87.77165923038562	92.23382839949053	83.23721306373251	96.80354148766241	117.9786564426688	101.5304574955645	88.52484471425755	92.88174364694305	81.10574275648429	89.14863937097995	94.31325634869869	99.38736243030448	119.1606473705753	111.685982820739	77.57904263799924	92.72058967080632	104.3268226777236	96.59274708672548	98.06871974100542	111.4449331781854	111.4839178037629	86.11889735107607	93.73746777622948	80.71860304108202	98.81920926187649
102.593856265893	99.2802649329069	107.8685455838947	81.04286244998274	98.48936799987219	113.9048120991514	110.9563600696455	110.0214514244237	92.58364028155819	90.7525542606151	107.0023509801681	119.6253345887411	108.6984987070438	102.592502204112	112.1560034739001	79.65162815362169	99.71914381794694	97.52619275907085	88.53857057933625	99.89538480673674	116.8588066619116	106.5610828545067	81.65395768753719	84.35631938279442	83.78683710714624
104.1475194905423	80.15620664630296	113.1411573327301	89.03267110824211	81.50639318232589	98.05711603183622	118.5113149833305	114.2915487285979	107.1570870355024	117.9263126840797	98.94977510508218	96.73180563651276	109.3144760399596	98.1516210611635	84.50393835474839	79.71791064355232	114.0582248138051	115.7179017126129	91.27045227807426	107.5727493548577	110.7308812107652	90.8311465520711	119.2772216699495	78.00726436707487	119.0690181056245
88.9862330211415	84.30824158087707	114.9232076718971	106.96816419673	115.047367077504	111.2994010553156	98.73370733802048	93.12315050485014	92.47299212227171	78.72132973472893	114.5631618343828	111.0465088400042	82.17790523899839	122.4551828761949	84.65106987592073	91.48497012594342	91.80023121785442	116.0587338927944	96.46370116163118	115.6958807282176	86.35797632301369	102.6075324671519	100.6446362553492	96.54234494927135	101.6302415893782
106.3411646236407	96.36033467868407	96.99566526055509	112.7238295571463	95.90246763525093	91.69388813431023	111.9079872033954	87.30365692651884	77.76342042950814	104.1949314486316	91.09010639383359	100.1407057700745	120.6166838678684	92.05362865492586	93.61294401127365	85.91395492126752	104.0072627345455	111.8377162702145	79.75991936047208	77.40874158402404	114.4036052774666	122.1163386389456	88.24062259834125	106.2463609118402	81.49875874442803
116.84969446678	112.7620816688734	117.8204996633618	116.1410078311176	90.62929603142975	83.76501951901304	87.47264029837443	110.5531847154132	81.98616768143938	100.7237524347313	83.46459727724694	98.69067541524973	104.149741814378	90.8870166214369	97.02935401729191	102.193361506047	91.14828052428525	87.15238525273752	100.5359136019868	94.39239760820516	85.41017302326276	107.1530680519755	92.13367599396602	115.6989849051753	86.30893534206794
115.979682963926	118.8424304700775	110.7232044308432	117.5019699376148	92.55607933416938	118.7005054689132	118.2762945246365	91.43569506807223	78.98520051683445	103.8715792275801	108.0179806185484	100.153254342912	120.7161799378014	121.2364276424936	95.70080874229586	103.3156086182463	94.89930418137779	111.1461041716144	116.6367862641145	114.368219836079	89.47563569324329	115.6345895849809	107.1796922929116	109.5884489302771	77.20695519658835
110.3397610122807	103.4837891392807	108.8701240127659	106.6087883305291	81.44815703260417	91.47500817883744	104.0194270234661	119.1969383735574	121.475149383241	78.79981548217155	82.54629395962091	89.87204439536582	110.6644982011479	114.6188383091502	90.83831669398599	99.12362531702404	98.40422827807591	115.3754694542152	110.8445043018725	113.3796419046797	85.53123432646733	111.6392134920718	85.62554913892028	92.4152731689511	115.5389969089085
105.0856563721694	92.97530878244797	87.69061954478576	104.1275296785698	98.89121974600371	103.8148349427165	111.1561793050736	94.80702626044135	95.95746814168542	119.6712181951439	86.05758775917079	92.33571391320123	100.4694837369261	79.60013932577722	120.6608255434732	94.90462692114576	79.73666900934161	119.1546697486438	100.5456268754496	94.37239906383502	95.50800464435925	77.94923462144001	105.7753285585528	97.5162511360338	118.6365108466546
102.1625568470795	108.0684971940578	119.7903326254319	90.90716486658062	106.2266442252957	118.2405511212715	88.88804365115072	79.20680152905528	84.44188804911427	90.52529547309334	115.0095888736575	118.3816180882756	97.44163066977593	83.31142131547951	80.28273950816902	91.08831450942168	93.1510914869329	102.1936086437723	111.4828632232789	99.77379314207673	109.54278453024	120.896363505351	113.231534561272	107.0311190154107	82.68105421841615
94.61452297956322	107.4147582613824	79.27709524399694	78.82496388187433	82.95270099348092	98.78216150584214	92.81631363866484	100.5069971844452	115.153351320608	96.05851225579207	85.28413669928555	99.07456544679259	88.04117286563657	119.7928869344632	90.92448114295975	89.61604441642147	93.08340477723337	100.8487441843172	82.52481292359153	119.2310098782009	120.4261612131866	110.7947213036839	84.58127635561981	88.7934089665838	115.8019885315911
104.7845230201471	101.4035272196783	107.27540279554	118.769332302317	99.63996106102583	115.3969584296044	88.80681930554329	121.0764830152197	98.82964532322745	120.3557864754945	119.4773648369427	120.8998700396055	101.0346284363141	92.73822871663764	86.95900386471286	90.08542273439673	118.383224463111	79.14591788809396	117.1459593538687	78.58747331350865	92.02248120587424	102.9850758875084	94.66220336043709	114.8845966359303	119.4820146096412
100.5818735832094	80.32492327984268	116.3273319874282	104.7736288963084	111.8717133489153	78.59567681479487	117.8261848843059	83.49646165387308	118.6256806307234	107.9867125438817	106.8522974219618	77.84530122647017	77.75941289220259	83.35075351041672	97.93938454797994	82.18286806053041	116.138513027496	94.51083899252532	99.8150415065756	82.07862912079202	88.52752358158673	93.25678462795925	82.36054919880571	112.4870077510009	86.89075411563354
88.57694420451921	107.9221022381004	97.28433973924916	104.7245235650415	98.41154190602957	117.0041143888299	117.3752269965554	98.39532699581399	85.05312130483433	109.0559478835833	108.3102926113102	107.6382324487744	82.79263830346547	85.53311332849603	106.2960203966864	99.4080860044117	95.92856452284806	119.782359447519	84.61116658751854	95.00874388997156	87.35773337546418	88.80042152593526	83.23708982881995	91.13608435929392	106.5046478262503
78.48344966423882	119.5304059348362	104.0351945917772	121.1946259580151	94.19469354998648	115.2961187922571	106.6633698300254	114.586699058198	86.14197001475964	84.71734424945404	91.55090941455376	112.6368209593	92.02332797367481	82.08917269058395	87.47457377995067	84.68495919602157	104.7714576810226	85.89983721459672	92.20115739750642	88.86380253207319	116.4704368661936	98.58591551081409	103.0441316936155	93.16377473155985	102.1268043386352
105.3682152729531	108.8603633004719	98.97051404108429	83.87694302173917	108.8712437324052	77.62384228872129	84.20594335585098	95.48546081582738	120.5735519723164	79.92963303119663	101.576403085043	117.7996226837514	99.38876217692655	97.82111195588854	94.7630101555435	95.86654013814844	112.7141905449974	81.41899722888785	83.87615807178729	98.67363637898775	85.67837069882489	121.1880140727332	100.2709286544308	105.0134071790667	114.1669624269233
106.614805754154	93.51944052226656	116.5559195211328	92.34855862570606	104.9458392388442	79.99535570083683	98.16159423118542	108.3526020119399	87.89882926649864	119.7983933060055	121.147444259451	87.427656391265	87.78425045638554	85.34221763759099	114.4332877542936	82.72061748967825	109.6328836894596	111.25961176721	102.0385747246432	88.26821198867303	115.4180555303314	122.4211370823872	95.9271626882302	92.14055908725641	79.81714916158367
100.4077881114411	89.62030344849425	93.60665724804733	96.60305689452385	80.18252289945748	94.73478379160851	112.7983384955158	111.6499959450338	81.20009206730511	87.61222878576874	117.0785718922255	80.68640014910466	102.57450865201	105.9666029339196	86.95916845972138	110.6274008284864	81.77127424096491	80.63225575746	103.1639726678542	92.40533003807133	99.34733821114527	103.1182029786614	116.6927298208406	111.653121392803	90.69896458863124
95.0088821749961	120.8488533984509	78.41164621461559	98.83178115553278	96.91681356989942	96.33988696948413	92.93354947850248	79.77283664741972	101.2724706354058	102.3709877835595	88.75888284802953	82.4146660842991	95.97769722060286	121.1428280359755	96.39871990471369	85.40955827506519	104.6539090192171	90.14674186275369	79.7138315889048	87.62590356202536	87.56760881146468	80.41261613707026	80.02156099011944	85.18134437826075	104.0120410701657
95.57412254332124	78.50963418066459	118.7551481687389	78.76253619680473	112.2489318085074	85.09034367428661	94.42128132170905	115.4058489211957	108.4292334102648	84.56097040467957	80.47396554438764	104.9404660436499	102.8871953029601	89.74846705121477	103.1421843286844	117.8175381031153	97.60421077746867	120.9611962698876	92.64920450260499	87.90668368243199	77.80049409889925	120.9059335088222	106.1318791730085	113.8696373986079	79.14548386471603
88.90976611850877	84.07565766341948	93.07536286808754	84.83480942171774	107.9539083119313	94.46414143309997	112.2752202908538	118.2447759046053	84.33620609080764	120.3160005001434	86.17066308947092	109.3875772044801	110.819552718417	104.089077109463	109.7112931670958	121.7183453124757	117.6119667792454	81.50240145829366	90.17572332876745	97.37615864327205	82.52756506184579	118.9655929653252	90.78767826615848	119.0277526065598	117.1215982215185
93.0142822777607	93.01600014674986	87.01251196738431	83.67850317975191	93.22122001171452	99.557405959882	77.32707633029423	83.32563243525438	118.4639267297042	84.58988734409694	102.1543393344195	121.0097263082844	88.19910981983779	111.9094463230382	79.60245232266696	96.19133585543176	99.29154392623144	103.8628161774655	83.42723661465253	98.90324612047046	79.30409209304601	103.4119951698676	117.1330690550142	83.35526069981725	104.751868466988
96.18125243432534	107.3822590616673	85.47579272220293	92.29160840454411	107.579245306149	88.963423617846	81.5625174707787	96.89876546217913	107.9388660943201	88.75923314858403	121.2241257760561	77.58132896405658	89.85536129457012	86.39626383395374	119.3233752378445	103.4202431928343	85.68155773166656	92.41949700237745	113.7007030249418	110.003669745838	97.30495954084984	106.6865461294905	107.2862236151738	105.716442293405	108.5996097759007
89.83152061459246	89.98847270608803	85.52296308470522	94.99033046203701	108.7186288952651	111.8139562862359	91.62467805996711	109.1664253246216	82.44252914500342	89.5095402798286	118.5540816494496	121.1547888090659	100.3833431570917	103.1228465993065	83.866468068053	118.2282193299863	107.4268516646311	104.56978975059	113.6750408965436	96.10272066571095	120.8042427524489	88.4766861740373	108.2586366414926	120.2604901838439	89.93082872490837
115.816440444786	84.00757475268452	88.0186632905381	106.5439541719983	108.6447646688579	81.73693868141267	84.15026559405185	107.0839663806925	99.38308925711837	112.2934133587148	117.7075743208281	97.69202759823605	101.107693152597	84.42116636973346	100.2457372882733	117.6910750849111	108.3168328341853	93.09310610043788	81.82422298666091	109.2643949582195	92.73520747772153	104.2239564004141	118.9993148239132	98.09732580040871	100.1741537781305
80.43781570170826	84.13498546471223	83.74588642561407	99.64107787777448	89.09120159745778	92.43190677707221	81.35963429797266	101.1527846417289	88.20018322287899	106.3274342246987	110.6715911287039	88.7896392350178	79.66128976682882	103.6404692809635	121.7938897389223	82.68491008927276	120.0856377212487	100.9779627477371	82.3135233815147	104.4135708938268	114.886804615462	103.8732250452183	83.04809698068415	116.4635991828305	101.704938143106
79.13223346362332	103.2522577487279	78.84995669591565	98.45046561584061	81.24890490830352	102.4998731700586	84.15327354929539	117.0852159903674	80.33211988515563	88.95864500640972	103.5864188993315	98.11772487676004	89.10250068715033	89.45681125139757	106.5860362866584	87.41517391932926	96.87161233059196	90.05684087799531	81.47045869550841	92.63517831433029	98.48027102349673	78.15705911598326	116.0301047881849	88.24367996502669	97.48289210413867
117.4802376755859	119.2680124523069	108.7645036402244	84.39812747378204	110.666790985423	83.49601785684384	99.84235840484902	82.96240593532522	79.13420150437364	103.1645542822917	91.23219182138095	113.9381342163651	118.3804192584775	96.93031021980208	107.2747399858624	103.0946052613791	118.082355857829	109.5593193737344	105.5371879339105	105.9904061431862	87.74415121171276	78.76119133672215	119.4500302078304	99.19083722148552	95.56408724435664
110.922975872904	80.94399605844173	90.78585240347869	82.73904994045225	118.2423581665654	110.24822368355	83.26757630040888	111.0771858239891	106.2074669421332	111.9525185335712	95.09921441598595	115.366551990712	120.6808263842265	86.76846551311283	116.9192505020241	91.13843351363357	97.18425227367874	109.7627974157124	121.2498359505636	101.6425310131888	84.81886769589636	97.94557382409829	98.47040892966582	108.0573515141876	90.86403534387755
119.152681467591	121.8161073751988	105.6995968510953	104.1044190795399	121.900255789613	97.24359897008671	104.1478080743923	109.5078185432348	116.7555180528274	121.8716571094909	98.28965214147408	93.07539412366987	81.82462568429277	111.3386743138644	102.9519308337138	121.9974743691203	100.3123324777118	99.53675556356855	91.84548679411876	86.97826830117032	100.6699737947847	80.08353069340767	83.41680286235382	81.45435891296738	109.8615472659554
99.54606090472504	101.7067421152605	106.5924883575112	108.1002804857956	86.45215117354734	113.6502349514491	90.17812686898858	86.80240309638224	95.09971884677753	110.2847513016167	108.590089243639	109.9450594819435	78.62566973352725	95.56825054279702	116.2701932502461	96.35141537811803	109.0870443648284	87.40828013146232	91.60160426462127	82.43772263606485	112.5261999499589	96.91396415964545	97.3534515517801	94.22624826676817	99.46203769718471
97.84017294707547	110.899587213501	116.8375259781892	109.9574101261161	94.6902417891624	117.0159916511294	82.9440966352458	109.6793630723246	110.5853275972912	103.7158757256323	100.2474433793631	111.8518699709704	115.768380455556	100.4010906195639	118.2903840932592	99.53142048648344	93.12095351377175	101.7741207137343	105.8708488110863	111.4810197318146	84.90481005177229	109.0418846276336	120.7033160451041	96.68210435107963	83.28060612729998
96.38830900236421	102.9754484591068	108.4626343401256	88.65932438421456	116.1420888683369	84.15075601011343	96.17802451899165	113.1310729549108	105.0902262594978	97.22381318187198	84.12988163487168	108.480854842036	108.3020107683851	100.2544120940921	81.79315257155366	84.55675943522975	90.0155233593037	112.9845849697554	113.3143930873312	104.7427208455967	120.1109556034723	98.5251103250792	101.8850236604299	89.85125096047602	117.296513468909
89.81818125451943	108.2554777498916	92.98038123096384	102.1741390634497	113.5971985681694	87.46752259884136	83.47119640630518	120.6471153003334	82.81456283909668	118.8060638462523	94.24671855348164	91.15609530882185	99.40689208112686	117.6609527642516	98.05950372979345	121.355067434158	94.36349150272436	86.09454459190657	91.73874612195478	86.14403315753898	113.4250459724421	91.2480873217351	82.16832562465122	104.9170394375805	116.8997993259717
82.52307268998496	119.1921093062707	84.33479298294671	92.30290613013699	98.99741704159982	109.0894815602581	101.626525908732	96.82387861821265	83.31648823651423	79.14472537963515	86.40781828727502	105.1016878075127	84.74866119666564	86.34624104096828	114.3442615810657	86.51036928617138	116.0887233964031	87.10764553902774	110.7008417151318	110.0446240552087	100.0343661815689	91.4558373150316	89.12184321422065	115.3916921616388	84.50060768523794
98.29339549727712	114.2828030337931	111.8205778855395	85.94884193811433	94.02591323279482	96.92165646939435	117.1657201957933	80.44484714965847	122.1585763692795	112.4922269353978	106.8378995722383	80.64489795585294	107.9892737654062	98.5943158274966	77.68038327435696	100.423041409792	103.3626552408914	110.4390694121562	77.90304303890146	116.1930394820686	108.8472826998477	98.06488705600586	85.91756278778858	87.29876431321895	77.81918360662426
83.45119402474326	102.6451241120513	113.3016539279519	91.70985233442839	110.271022070762	101.7227320775173	81.29616609280301	92.59316465948756	104.5092199134684	121.0475850524512	97.90480610539198	108.4484340105041	119.6158668469709	89.37864625939793	77.88916625219852	105.5994791793364	79.05935069550489	101.6778677990691	83.83618092855697	90.29657621141311	116.6717373807598	85.93067357597164	113.7068004184671	105.3277835050825	90.85510748048819
100.6295846409415	85.56383934600353	99.63991887080994	78.79034111656938	99.86652380237403	120.9525258008009	107.6418832026617	114.2676691212058	89.0705686120193	115.0983513279937	86.51181293704468	85.04124036515319	77.9033863712163	90.17791887922519	92.45772328434474	100.5761703806042	110.1540793592947	107.464004348514	82.13380221792238	106.9953722494435	122.4810869829733	88.91339499647866	78.93221382018875	108.0053524331932	122.1163003269546
81.49105551863175	87.14766184991036	85.32334427840939	114.6408963230571	121.7954874184857	89.50972086752415	81.8395261760764	94.37557709266486	102.8552822953767	119.6687771345519	103.2905990943006	105.2735969560822	89.52065796806515	88.97228747338308	92.02913910706602	79.37502414838835	76.86285983219155	110.3401018761589	100.569959525671	83.69118068568665	87.23245585383175	91.41063058807148	115.0876807305763	100.7041751411451	80.40851618245205
115.0644698096591	93.85808875030575	105.2203407345937	91.27937303242977	85.66216114018246	93.33533473461353	100.6069898477062	96.87334220595457	90.90882374469888	105.8873431908246	107.2354984280915	78.8535409968072	116.6286771896011	97.59809880756376	89.86179247728367	111.2006199191792	114.1978874819254	120.5608690913068	109.4508814509989	113.7987804124512	94.04940219521578	97.36640713654882	98.77904085586815	96.249692252676	78.87362043578288
113.8660751626439	113.8546700734373	100.2480344984277	88.43585597706189	120.4878471377833	115.0311156643492	103.1097607685407	118.8948425196448	103.1611784292121	80.37063761060234	116.6023991844365	88.17876635581908	100.9945561001805	114.4003456398457	87.50451048466901	89.73788040831558	91.11967744462861	88.73019676233201	94.84861971119247	95.76177240186244	92.93378051752374	118.1652888656362	119.481543028801	87.07756106461706	85.13758579629557
119.5864809612852	103.3106016046528	92.87484929804357	84.78829467353859	82.85382564211456	119.9213566691519	81.22552193714174	82.64805374100605	92.08886140533383	99.54094397260438	95.0238115258101	111.8154765827369	85.01931589621317	105.2707061515054	107.0916605746558	89.92669360005237	81.4038353945005	83.26268111810928	78.22943569781171	96.28979780449426	106.982416334007	89.87409944301645	98.22046119941815	106.2806567097936	92.65531856327465
97.85127539984995	93.45783112369759	97.69492602304597	118.8986098090906	112.6382111971278	97.06545241485313	122.317065711302	78.45927222560641	107.3530175580156	92.28759184884476	112.8966427675088	81.5521256590195	115.0886314102574	80.08302283530514	82.46672563414513	94.7694323648015	117.0928460798943	91.53910624855612	97.61610511491473	82.56960048232861	89.18423210484751	115.6587455928179	92.50008219806875	92.46830790072963	92.72589465178807
92.89363796691897	110.9041174189586	119.5087014133001	92.98052944735068	119.6098731821984	87.14959943220911	119.3728590382563	97.98169250392428	118.7464371642455	120.1775812349116	106.390798933096	115.2768098192218	102.3068325842444	108.0173648242277	87.45790307226956	77.88233328544302	79.09170193815973	122.0062638462776	100.2376633565809	115.6924900732551	82.88947069876676	97.80534916520233	93.74763876448125	77.86656653763418	97.81207416230235
89.43533211264389	116.8470554867162	108.7611420912913	108.1650840036565	89.94192763387409	110.3126570358306	85.73104187282381	99.93050094584609	93.3158778589043	84.02320083243306	97.31962023554463	105.8959381065255	113.3495529215278	115.2791108955323	99.37189372349945	89.1969918743921	87.29789041947885	85.81794130370476	102.856443074335	105.0847965647633	88.263876802799	94.62590333520271	77.30241591739818	115.0597377603575	87.12326164630163
99.73520433389805	111.9654754217474	119.416679158285	119.5508945110682	106.637198189998	99.54074978324167	84.05880601342322	80.60412839338623	107.1841496770174	86.76716912385059	83.51487316088675	106.9278644181833	102.9075567477235	106.8014372613516	81.14169916201608	85.12672221039986	85.22758335680211	110.3963799892167	85.6265276993237	111.327954910989	91.59320811432204	120.1863723059626	105.6311347603057	103.5803931201893	111.0929894861201
82.09697200674015	101.9407995979797	93.90363448164467	104.5489087254897	117.7265486187027	110.9551980215456	95.83906514895783	87.02083306620419	95.21411414868524	108.0424731614402	110.0971554815215	105.0554591534229	79.00508814516495	90.63458745457012	101.9625458610906	106.7483349348753	118.931341147545	86.41083473649839	93.28418972353592	95.36135148884944	84.65198531283536	111.5185518089492	105.911934489584	77.77901260809679	105.3311546232174
