106.6695699108168	80.61818823480742	95.84501139751772	119.6512724482239	92.62861490200031	96.30042273019448	78.19432593389605	96.80957713661758	82.29323467740146	89.0364092905475	110.398783177125	86.93078881592658	104.1258925448348	113.0228686004856	92.58049277661013	79.70147686332513	109.0391559109035	102.5587542667501	113.1770609828129	107.8881924565947	87.21334522108837	114.7787475485434	104.9865476680671	81.06105100577511	85.20066019368309
120.8525217351687	84.13683434530799	103.6093890012103	112.3536177077333	100.8829915050428	114.3355604503978	112.0581849174552	87.30198400331527	80.81588811585371	106.8667724363024	105.4985049687182	118.2378710786825	84.09238390604284	121.9563776898437	103.9938192742354	111.8643930774854	96.75393824655569	116.5105877615708	105.8772141770678	88.23077893429976	118.6342136586602	98.83973189166289	109.7527171839945	115.4839639354058	100.3746219419004
117.5156552712981	108.0922033372952	99.95970161627848	115.4395328693986	105.515190888051	115.4681720662764	81.86881935635898	97.89920459301013	79.76706022485351	79.77604873144936	88.82549087237079	103.7472976263183	104.3534630862662	114.6250446548848	110.1990096993661	95.20160236319984	104.3478628710295	120.9144995558841	111.3332499686948	87.64729140455958	103.9091645257492	84.33763750074816	104.7882994053863	103.7281064490489	81.1113254377656
94.72258465425665	100.3447273923883	121.5925271580429	86.6068109405287	90.304624596797	96.86910851828175	96.46433350467174	101.5436964887151	109.0967443134132	114.7512669202283	80.16930094267219	119.1365274078019	84.7649615316616	98.85145052128604	118.6450697781817	82.77484121224954	77.51881333312538	115.900578477442	116.7981732416198	88.90667923670659	91.28041543321825	85.14139986209778	77.09531649325875	82.32512603215875	84.45992613713196
103.0294942817745	85.7546677077349	94.13617162147141	102.0450623522478	104.2783744795843	107.4383050076409	84.78900681054597	90.3857451472055	92.20549672665393	93.79046027068947	111.9955359253706	104.208294158058	81.55885428106504	97.45324521198461	118.6571757731275	81.45071535674424	88.74939247537964	121.2372091770979	99.8883845434232	85.13928775651085	89.99841626076515	116.1473049973972	113.640676712867	96.15981175710651	95.18250491187248
100.1768504302843	120.4314326603408	102.9561139584491	103.031146425764	90.02944541951658	103.8089487771694	112.111651374004	91.73103246081554	80.88906449890146	108.5217528945429	91.11001825169669	117.9398925409302	103.8214714379932	107.9357340097076	118.3096999118145	114.592554908264	95.52526238908817	119.8796013633932	120.9105712484985	94.32643343955519	105.9654429619489	94.70005990537155	118.9916387790293	92.60959914140065	95.12261767776346
93.92895618111974	113.0332029927005	92.58046321141002	87.79995441143191	107.5945999452139	96.63079992897801	96.81022315882561	111.4472757891658	109.0152960640598	95.9717759767485	101.2775807862183	82.13442036113986	97.57256073457913	89.34536864351927	98.17799035347861	98.07326049826735	108.617821960797	104.8263913964063	92.9111351025839	106.7288951253637	91.78675647905125	116.1078761035704	106.2517717162839	85.9049701645998	106.5472617568092
90.11596070003807	98.49208769585628	77.52181180686519	78.57956533671685	89.08763833539936	86.15002900353228	103.2059023930845	120.5567824301831	99.16235803480265	114.6371704138551	108.9429367072094	88.37159161341938	97.09269278599058	79.49148545151716	101.6602484568917	106.5352724963503	111.9152647360976	94.64159512228653	98.97132755230155	93.27025703996455	118.4120372696194	117.4047626163941	116.5638486416054	115.730192360656	97.87464079162014
103.1137741971457	107.3011503809245	82.48220946258759	85.98115220464621	109.4714317112437	99.18526017459376	109.2692964299747	105.343161151371	107.2100706962657	106.7328117454942	83.07542099385056	102.0141883076234	114.7634125778163	90.17480364695119	97.28211974909081	105.6217619395939	96.34453863428772	106.4642334103398	111.9111826336207	100.5991547105638	84.20485246570856	93.67386186240263	113.018024226096	110.341588383895	119.0595555406607
114.0513172291348	113.2090982858553	112.8514248971111	102.2253609968612	112.9073086595453	110.8454332020176	85.01080539815165	100.8580208248059	87.36310896141305	122.2839556691564	108.5058339672003	110.7328961389124	92.15161594102042	85.42902913327981	80.97305833168782	117.9562389633009	99.30857890597231	112.6340486462997	95.0975722347715	105.4310123270224	84.49682516922633	108.189023728507	111.6679697897175	118.7598673227003	95.61918739543906
105.9057784171613	112.1596856422976	121.8680393833955	87.02353183925982	115.8552127405797	98.67593590180638	108.9838316470204	106.7339754946238	93.96912613607387	78.30522280118082	92.47765967491392	90.13483682584602	114.5264589406694	112.9621966341546	86.87941811548347	89.54364980125594	83.60723981496281	91.28225426303237	78.19573660304791	83.79047560648998	98.31928825014114	90.36660353980534	100.5037683274466	93.45988474394787	88.88782939061961
115.1951233308309	95.7802756837003	96.04093188606791	95.31128677630153	121.5998575610999	107.1466831351743	114.3551982828242	113.9472294641391	83.70586298952861	94.3164370202222	115.1933586517586	96.91804786723758	110.6529245768991	105.6096964150474	102.4907491145294	99.76167228503401	114.6891918272254	87.58009181020461	79.43295056363418	94.49289030397173	117.2131103120479	88.46939154010427	90.21172278139468	81.94162232706832	111.1106396044994
115.1026333462383	109.969855087529	121.3543824580614	80.28230473229493	113.7243698469175	89.89294440809081	111.5283101282996	81.95933812658316	93.74088841158853	96.89727736027881	90.23393480099125	90.09494063385259	106.1823495939526	78.52712176900016	88.89540300577414	95.77743523475546	108.129680251666	113.6844064507158	77.15845779882073	87.78727001477283	107.0038516882898	82.4005872680529	115.6519463605773	80.89653356503341	91.97416021498938
88.13998000077208	104.9880280654299	113.7198507961231	116.2922078994176	92.92189130122699	119.3666337269901	79.42708305936607	104.3371274461578	79.59522602882912	91.56300146144652	82.41250235804225	119.0584098949822	100.1928849309184	91.66803010916892	111.7713787094333	90.95815593512327	77.43553956987735	93.08310303390778	105.8354841980245	101.4907020730473	84.93480122068907	114.2925001257778	84.666678902836	103.5587590878417	109.2282793462939
90.16801080570517	98.55457410846313	108.9027886974419	89.97600322899547	115.7968848563223	115.8237648707984	81.98882497554834	99.21647603924515	117.1275007455991	95.7398816956927	84.55982194879002	89.06069545071276	92.08744691495075	78.59866752999419	93.0578000626888	88.82053286442394	108.751738660055	98.83450872304125	103.7597369852465	118.4653540200891	93.13044334264391	103.2318202777754	103.2929381167408	87.3527291070604	109.9869043978566
88.83193893571203	104.9988551858579	106.6249022851614	77.76636193940196	107.4461928141511	111.0634976187787	94.93167626714697	101.0143940276846	79.58748512357118	90.09143786409697	102.3765339497213	118.574506653042	94.77120333517551	79.00291408423614	115.2452605120948	119.5724137538817	84.60099085788045	87.20254697637677	111.5052288545442	104.412745147194	103.4295338328517	116.7980540809768	79.53846357408422	82.66194552139677	119.1239706251982
116.3455368587301	103.804036079203	92.47621436789443	81.6747814178397	113.8808589048783	104.8910290488601	105.1976119448682	115.2801593112524	90.74344510509694	94.1869740573506	86.52179520919398	87.10623280677508	110.3150121340452	94.40198967372683	116.4627184828645	84.22408869158534	87.10986151360056	117.5692619580536	91.59264504349571	110.2091213782125	91.56164912189799	117.6936606029144	116.2487342275309	96.32061556595654	85.76286841319896
104.6623489933137	97.19779928101757	102.8868348012827	121.5858798713118	102.6174962128077	115.6885108709088	79.94236435852605	121.1389424730983	85.13208916386944	108.9079172423497	116.6556674546944	82.92366963101215	118.6462369061308	83.86757433836614	96.80409298810511	93.03742163994036	116.1505170564041	105.1613349375	80.41106361746057	100.5504396626399	105.8884869806283	100.379835382876	85.62803393595715	78.50202708728246	97.83229621834502
116.2582764340936	88.18532214271448	113.3398496934964	78.00755014844263	108.7263595379607	98.04478702282242	103.5983713092472	100.6997227965649	117.7332009178759	105.6215243384884	103.1479724785978	83.76247798566381	99.18683351685435	94.50336042045103	97.30343929709518	79.10719059357596	86.27300785444055	111.203803143557	84.41311026117936	84.98881406786178	80.47586407060226	119.1209409400385	114.2262054111529	91.59890223960033	85.7993197139904
79.30149731780374	97.63882789521561	115.88138325649	97.99628898416941	104.9893965114258	96.50832042081572	98.06989817828097	105.3456551401375	119.1318112632007	97.5369614463735	94.99063415334798	88.68973308998244	82.49950740385393	83.50234055881114	111.9521588352951	115.0552432101111	80.55103079046465	108.4738240490208	115.2311827524704	96.00168978176397	89.97185977063971	89.74973197647959	93.78452477870077	103.1631481282759	91.93010235179906
107.0798097667651	102.0906243465217	108.1565596239717	104.7202039100986	107.9311046958545	104.3204455653569	122.0888262270023	79.19170587976627	98.63324571899328	109.8049292014608	110.7630968369985	121.6939636196859	119.4542741505694	86.57429421712186	118.9297583413331	97.93879029088974	84.40848258621698	97.7034293768491	102.3757426120213	91.25557137836168	85.95190613816732	102.7069535556476	98.06849376703899	103.1932230880346	81.71141429419376
112.5656878947021	92.60382882617958	85.30271865465242	97.357992577319	90.50145383990342	80.75369706732681	87.14549160310895	86.59588382526216	118.8361949857463	84.27407597780126	92.29203964460041	89.86445297498702	112.052983822117	105.1966231062227	121.9598149478668	120.3375320271207	78.87863140973596	99.9110857003848	106.4360178036255	102.7733656929011	102.0258908554017	117.0424391710971	108.926153169772	84.79434455329152	104.7868738419716
108.6318099526451	99.77811576701396	97.67794542533633	114.3857266204556	98.30571340216758	110.1386533513844	112.6971261898346	83.67466940334177	110.7335960368841	118.818873513192	101.449251028949	78.53168460739192	103.3462188722055	121.0648351074993	90.63245005265809	82.89143817543673	87.45534237883301	82.27619702415586	89.00253812592851	99.12898529839921	97.33627217822323	80.34795367247364	103.2503370059952	117.6802645573418	118.9586964772386
77.44326000898782	87.67982080291419	96.37642242323372	113.5774222048059	118.1879618493658	106.9653602714422	101.8727626895646	98.74909567544022	112.5520995273708	97.02289371356125	116.9910245399556	107.6732071687108	82.69645775391439	116.8913629023231	107.3938330405325	116.7429517824697	78.80160177821749	91.2542973565769	89.74673555414414	103.8878052181518	93.09803224814226	105.8355398897673	113.2774821482927	118.6807604187485	118.1253045049048
92.85685921885811	87.72706378239788	78.01772517260203	85.6362340699924	89.24045814276994	80.16178184163881	78.47917039077771	81.31538694519736	112.4690568573954	107.2736317006653	88.89495903233545	115.4814191684613	107.4188722812125	78.87234368318586	119.6128922290147	98.07931751062492	98.14713150744939	86.53743166050474	107.984647747079	112.4194029791372	85.2357019088813	84.02551379377813	90.49802076095519	110.9012538614535	87.25520853627768
118.3556366550044	91.51288433705848	98.61332678967776	112.0263700507592	77.73967855302269	102.5218359244962	97.05298165202213	111.1343435479983	98.13550789323651	92.60432066498163	79.55372911956292	95.12127038928467	109.6802772459841	121.9044247502503	113.0763324942288	110.4916674765824	106.8989561285003	97.46355878471029	111.1636121850712	121.8382432479129	102.7111906926871	86.5462494852386	104.5055509324001	119.6847494228154	87.29120053119929
99.08649240692318	101.6579641508516	80.9771577329003	114.3052305979801	91.81714779387114	101.546333855743	114.5867604687512	106.2543139524653	92.29319544123166	86.53673643863792	93.41534828876512	104.9260477030147	90.01681170895495	113.6624773522837	103.7197073109849	118.84568017112	103.2376241214878	84.37799299163296	121.0495977114078	109.5282865148902	79.92499698219036	111.4275876040894	102.4265702388686	98.3418519851807	83.73095266191221
93.34633268778558	120.2344082786761	117.0380489204878	93.90211980242333	109.1891906434181	107.1495826951082	95.17609707219493	82.87468975862448	108.1120531772399	107.7670110747745	118.4114280247944	106.6327331091186	83.05618220048397	114.5560651922121	98.69505480208771	108.7629285719422	89.2050959468982	103.9602494954095	84.11288230250294	93.62627150116219	84.9956473942518	96.62193677992278	115.4480294620135	118.6049446589895	115.1230481166573
112.4479360568589	88.3058385526722	94.35470270930628	110.7061821620027	82.99987227432494	89.93070042704807	77.56933855585415	106.3220285114639	94.78352920437598	89.52483259214809	91.85915236186996	85.61337175906881	89.5139274897427	109.4798712246907	114.2183744855519	105.7541537352768	77.52750060589382	89.30182004278976	108.3626500500492	102.2111416224287	108.3371877736092	80.43317274996529	87.25189820347207	97.2009857815429	97.57564614736548
121.7847715217554	83.58581013886285	89.49173711601202	120.3562525921319	103.4438323076728	81.41518645253868	89.93929373939615	101.0110151947485	112.5990335216445	122.4682773483864	91.01463869814613	109.0736737150859	81.28031067507865	96.99692569462948	107.5905317428852	78.48018509364225	98.71380961446542	96.16803380011913	82.98999141489864	113.1987607944791	80.16390140456556	106.9962600276276	77.54723551912481	117.5488648661913	116.8736983010686
87.81677640005293	93.29703481497062	94.20856463787976	99.83570818360543	107.860948859589	94.26265232115395	114.6519283146393	100.7196214088082	94.1983013728474	107.46960897787	106.9859193866576	78.77225278514152	109.6537765248077	109.5612788524267	89.47224093833483	99.83972202981539	81.48009031502839	88.15905470263198	90.54742923163872	100.3061765184962	96.22559415839288	106.5646252805473	117.116181428522	107.6355265120834	112.9021232496029
84.25644332583953	80.30253654772433	91.56550622765542	84.18079533667265	82.10369587465784	81.05538728744872	80.09420517027098	114.3779593376893	78.63699901747803	91.29014935014807	95.71927290509933	94.26142775370967	78.56814584874927	110.2900560880659	105.8624176991522	94.24776890989284	79.6440446500564	85.74600224772925	86.06750662215588	120.3230174952084	112.7631175715837	120.1225204769083	118.9648548200509	87.14576041280793	98.5908455283333
101.394410214828	120.2009792045048	110.460169572388	107.2680070020505	111.8757769488213	116.9872088190638	82.83054087765763	101.5473869387091	100.1476244337302	100.3957175736278	94.57944283882583	79.11529932038431	104.4785352754851	91.17469661468211	104.0670366360957	100.1266259735805	85.84353807576775	112.4833840881003	102.1530341851158	76.60063384336475	111.8705228230349	87.9594650332827	92.97562462229808	118.0110000488862	122.4721049285646
77.76209327847735	95.29441651360057	84.84398580831289	116.3753217838423	86.55837080021396	117.9721822105222	103.7914261351964	92.00780836408995	101.6603433962538	109.2942853729537	114.6794706416705	83.12599469415659	120.1615074363536	96.94210115341527	107.54121362881	115.7839096858597	82.86539403916275	105.4950643342382	116.4321506459497	98.91844181840159	121.7985405598188	88.85358781246917	88.33310577616209	89.48061365494203	115.2535940530742
78.606400681152	105.2109409056899	120.5727940228757	88.48338157827909	107.2894827159221	112.649783842072	112.9145295371136	99.26664230224998	114.0664220179841	102.7299667637141	100.6423123740335	85.13990550085735	83.80862236697941	117.211800092881	96.61730474967612	101.5891349738721	84.7953410230311	100.7776402079144	86.34671839735674	87.81950579475308	99.26911576464617	109.4397929357463	87.25056877711094	117.0819669267374	82.47945778912127
77.45462851824871	92.58191745527418	97.86251151414663	81.96387452922539	113.9217386209559	78.87126568897904	92.48355402935017	107.9552600271026	102.5185142592218	87.20199074922945	93.98312998318704	83.68980476571576	109.5593811626784	100.2238610042528	103.4331001210217	97.32319591650644	106.7103311030832	100.3829018848667	83.70601535486792	117.836986891085	96.80555675269612	77.96926276853422	96.00093839901214	112.6103956196328	111.3310300671608
94.36021307272811	94.37304407055305	92.8842783362504	81.80556412989627	122.1469120875421	111.1045777723368	86.74540095170366	114.5851991681211	117.5358762433055	109.7084550176271	85.67835684020919	102.7268086280951	88.64830295712197	94.52651866335844	103.9140611611942	111.617072011219	114.5604621719465	120.544673179366	80.66731203708123	111.5206056307698	94.29925870918265	90.19587323737714	108.226694530822	99.00845703606629	110.3861338774755
116.8543078386376	79.99161343571286	100.8168449297588	114.1931730321547	117.7285962859415	102.3745881750996	89.3215142314873	81.67947031470453	120.330623855279	119.1072214387482	86.35532262955178	115.3557663255479	81.40578120064073	104.7556506539624	115.2096500496088	84.31968120478321	114.1837666350473	117.9102206541436	78.07722285175961	103.2505164559809	96.59005591549892	83.94770838092164	118.4136890283247	91.46375522640352	88.46799128987664
108.7949798203021	94.78096265874775	92.89026641058321	99.28600405508021	89.08625494168982	106.7689756777393	112.0737584159741	115.7203933695706	92.94173555421892	117.5167910108183	108.3941520829116	94.07789479320378	94.64300064144113	85.83680172803211	114.6345847712068	96.94937295941368	119.6316176314115	115.7523351113638	105.136451605274	115.995863193371	83.0472068704825	79.93663912929675	107.2030483762774	108.6539254617952	110.1535175826165
103.3446903203355	82.33445196213188	108.1042794184916	113.2682781026292	81.25507973681461	92.30512315003284	108.681960453217	115.3880328340305	107.0160509461438	78.32869531198608	84.96392898956309	107.8357070102359	78.59730789090108	118.5494549784884	111.9826287602799	110.3017644242739	104.082362462995	107.872191444007	90.29083296054105	118.9006332621404	113.0474683518641	83.62890901586577	75.66974609103663	82.16068265906779	120.1804903799662
112.3184951587477	90.35629949715431	98.88866970180226	95.27223316896936	108.9848462623156	84.18202739939528	83.471121591654	82.45756850413696	78.66147537604003	114.3255276038028	121.6571550785715	117.793994393101	119.7956751238126	120.3497306944047	100.2567590105343	86.49787176358504	104.2185561902935	105.2495268852451	111.0194046134706	119.8771607266531	109.0631427508704	109.9383389461747	101.9511394351855	112.1146787461372	101.0434894583848
115.3109978894526	101.3666209010824	101.3754209683443	82.98622157673358	121.2325039373582	119.4962540970818	78.06455253676226	81.47361593177149	120.6333057459143	112.5425141368696	105.8630194585423	112.8408439138354	119.4752135675559	110.2513554668889	115.860234475245	110.2262848040946	91.53210707337978	108.2491372450099	101.800849392872	97.22891428462	87.2637052417269	99.7707021507976	106.7731348252157	111.4224018742679	94.8544215694621
113.8640699598448	100.4212521646045	109.2193558794763	118.3755345850957	119.0356278450778	103.6009218674671	83.15685238609456	103.692474270264	118.7700627503254	95.00340561163802	89.31325924080802	110.5706014873351	95.87484882912467	104.9991131139145	94.07516044906937	84.00375474151051	107.3717371315375	88.63125092679287	113.5151296224245	103.5176860585188	100.8400301272828	100.7844196483171	89.13974368043196	106.930260886503	102.2779183798898
88.71146090915089	86.86605721162408	86.21026126142041	81.06304615696953	119.7333157658368	107.213714835167	82.05835473401045	87.73362190610226	112.1604045598671	98.90802033670518	116.0507247116116	82.78400895155949	121.0509096488516	92.94488327569452	78.81474064427715	94.84789534065845	120.0624407257273	98.3435249767299	119.4545872399374	106.7992037098722	104.340122933278	109.2153018583205	104.5718907046799	87.32932481739584	107.1957910013903
111.4502306848744	102.4319959885677	84.84963964419437	89.0977732445625	85.15371570530731	83.212292668308	82.03610100784854	85.54047722987414	96.07812669181106	90.02269365509927	94.15754342738833	104.9787594266389	106.2045013502456	117.4383737090575	101.468650067703	78.63129604145779	109.7123419347343	104.2375586050473	119.8045454719134	108.1823113558621	114.7824212756289	88.21479574481972	94.27704795052637	95.69378127810545	117.0479193793349
108.7732865995371	100.0899510400311	103.2649612546851	116.3647902843705	92.89946594957247	82.80498261537507	105.7053390035688	101.782430835545	101.0046319154197	119.7167391534678	101.4086940034579	86.90415110619415	117.3731754188016	119.3618947014692	100.6449231231948	88.19810405083854	113.4308272946431	111.5729284180002	119.4007556962944	107.0691130869646	93.6197403429618	121.9107383366351	93.73752648750997	110.5588501238184	80.73229019713891
112.6563026902146	90.58589421741524	90.88655665253845	97.18871489389679	105.7616494257709	90.60147115213242	78.65202177333695	92.94019108865777	115.8799409293156	112.0270680028925	113.6061940851374	96.91608437000669	84.12979503244435	114.2847621626206	104.3210912402528	118.8074491226001	103.0031233361915	93.8049060684194	86.3904620223975	88.51995709240154	100.5629056292303	82.05407943439705	92.66799640394962	84.96532868543338	92.30939546645141
96.14015681484923	84.95361091861311	77.6669437636084	111.8732367540007	108.3994172866505	94.37209656326355	86.9527701609216	88.80493423492111	99.70450723134837	100.0265238366656	117.6047340125385	117.6842761551397	118.2901606510846	88.46949288303669	112.2058386734315	99.57852240089147	79.06856916968601	104.6300175862285	81.57731903457041	118.0034648498265	81.70657643030478	118.3796223805453	84.89953224077584	102.5126494937414	99.81883938397812
102.3732851162576	91.01995266943219	103.0441214860019	113.4620946105906	78.97933340681435	90.72592595015446	98.37684836849769	81.59021461588321	119.4415419540089	115.7628924670292	107.5374210166681	102.7343486313944	116.0580953672179	96.79059340875469	101.1204380458641	78.44624440802743	79.38752703810241	106.5712348945997	85.07206373383237	77.96609259508618	108.6387704504866	108.0703975582986	75.55808849184189	85.35051500618837	103.8156185421315
80.75722945117134	87.67793402386522	93.22332346191351	107.6055635987476	88.54680048832742	91.2439142511884	115.9756517895431	85.69457980475096	103.1783608240884	81.91388216232095	84.19108595733846	89.98318951073172	96.32038072618434	83.29261816205756	95.26525035941231	81.88422466856245	81.03889189216615	96.29518637802934	86.23992935710996	97.98324940426261	114.3224793777731	80.56559009426964	111.9307583737216	84.83156943959325	82.61189508956949
