96.16170495243875	108.7189479755283	83.05229457780747	111.8228925290836	90.14224593566993	108.042234841175	76.61850254564045	117.7648212002147	81.32660349806923	86.42937444508915	89.2230952088991	120.7925571418883	109.6756088839398	79.23394868175248	92.20376993437401	113.7947009089009	85.2892272587311	100.9022331358341	90.11437256068422	103.1120049705812	109.1479731273934	89.69151202433255	80.47002074148392	117.0802177716681	86.7309579555297
117.7205722271903	97.00665420908423	93.23853919666817	119.882876501074	116.6571477771523	105.5569320462703	83.6584360173367	82.40866272350029	97.45697559500438	113.8822250536353	114.2084791260157	79.32450097619343	91.30591353573979	79.98364393749739	106.3030985398961	98.88342365973786	85.1204041005671	92.23038764518961	113.974027170856	115.9541925797626	115.6205134149792	96.30213378373756	117.0872598712666	116.7390475392536	95.61872748867758
85.38417142872022	99.87432786929504	89.46793943344602	119.4330720188482	87.79629921613653	77.86646050096488	102.3651097795983	118.8477366209945	105.5115196785798	96.86786235731925	78.60055243827533	91.32105696384195	104.1051422240464	80.6570101263036	104.0792224915474	86.07384551501366	97.46425721903559	83.32934673614638	82.23183499907688	120.221503268262	112.9120219003209	103.5840368852818	117.9765372349552	110.6185341599264	86.47001469065223
108.6636941439811	94.42423078390597	89.60193117695169	94.48772108606919	96.86378984764148	79.33038138249103	111.9730354654612	115.5141775603397	119.6710616409282	118.5973480303843	89.20158601185499	89.01283777870154	116.428472296062	109.6114548791833	86.7085500159728	112.0652800261734	109.8051368294722	103.8603719245976	113.6687891773566	116.5852642026976	93.96380579703474	95.17685865887023	116.9936709077015	110.4664729466042	105.4387537116606
84.23915181614367	85.22527785612566	87.23104162157236	121.0949323184248	111.8763416138983	80.60520581207143	97.32582436187724	90.72160385291124	87.49847999388157	103.8156681161084	111.752865124993	96.99068773646356	120.8081612093604	83.29746110223512	96.90484303125189	100.4457283120839	83.67303086149009	90.04781611185732	93.89394753156952	102.5335445832496	119.385105056077	81.62047056684982	113.4039807148641	83.1409593646266	78.82841132127567
80.55443759930421	101.8354603093857	102.1679209380674	120.1386677513173	99.78136863984903	110.037439712883	111.3421282901801	98.43830214181018	105.1167073223596	85.60074498088917	89.50684066800666	108.4881356423026	98.08617289491933	101.86270627385	103.4026785342115	107.7733424067598	113.7048074030645	86.52764919915431	79.74072752930014	109.7734118300475	120.6940969656937	103.4796619565988	109.6440212284658	107.6647711887775	81.61126736441827
98.97084953616599	77.42754873566294	107.8055552950649	113.9964992705803	108.7200231054915	90.11766120620493	97.35598599005367	83.93518215191297	93.41202435926483	110.3131641246539	89.57598806260553	82.91557251779294	119.6748085068654	108.9428005575084	107.0734892200156	79.26287001324246	106.6648965733248	84.17503566285032	107.1613372939129	85.77752519742776	107.2305703125698	100.2031642472244	99.08401100331676	85.81753065369693	115.0977453086307
92.13253460557901	75.67490917502732	104.3036011510755	121.0617964212066	93.7451904487222	89.11917112514658	94.86223196323451	115.1822923683768	89.7686690863669	95.74144339740376	78.78026921148816	85.11219749679043	119.8815408699644	117.7589601718632	98.05983379089564	116.1904505732983	79.29815836909131	98.50617739304772	81.59076919566148	110.4794299368588	76.11573561777882	118.6260185583191	87.85351766509336	102.7860652099751	120.1168500691365
104.483498299769	95.01034357230495	107.4048493964254	85.01709919851321	87.94085115077556	104.9588447783595	88.22522616049092	120.2667213220356	83.19747132282041	76.90297634385696	77.84103352739477	103.1556745537556	114.5416276165711	102.4272655615412	108.0773978291208	101.7327819544334	101.2559493215329	102.3678137073231	118.1407719986446	83.83008781430375	118.7949640371636	115.519093129164	84.83276777546561	114.482763969609	119.6846391403361
87.6350022605196	92.74737069853997	79.69818910687096	86.83148437457886	87.40817110150688	108.7724041852693	116.2217554272566	101.561296075342	120.1406193797798	83.102811602402	77.56597313744238	120.0510941733071	101.8394110984552	117.7794631265942	78.68989201791733	81.31477924810396	102.6295894539426	94.521834851824	105.3619194353116	109.626933065371	118.9270236969157	80.20306923625155	80.92117467146701	114.0635055471427	111.4423269104414
104.1592272152153	83.24049333425924	98.27089229778429	77.29032294559362	79.52049318878929	113.6913750243706	116.2168700800594	104.7016089493205	102.4131225196262	103.3356154798034	85.07952187325137	94.60159995393806	91.56104097362241	97.79595036658743	95.04745254309654	110.4604740952226	92.69946609670895	102.6605477530569	104.2701034018526	84.28997001155219	121.7693732885626	89.59081008357455	78.66306874679623	118.0162963440719	88.83345914559578
113.2407432513738	98.43171532980881	112.0994328753141	105.260913983958	121.5137314769428	102.3754270840645	87.57137833321185	117.5840031079929	82.33258204584244	118.531782315104	88.13491439154963	86.8479205942711	107.8942683235455	85.21583558923253	95.33325641622523	91.80463791310746	94.16202995385278	88.14726238075392	121.2697964651574	100.7910041185044	80.7908562261791	97.40259536131587	113.5687859903407	81.98858218711106	114.3474926900373
88.64410276803204	87.09516419017686	80.83460192387642	82.67806975901667	100.412318064297	82.02287570796808	92.08966552073132	107.6130594263003	95.06724523698222	99.11790433645339	83.56651588843958	80.2852385500448	87.32814129865403	85.57468048268258	84.30236627616895	101.6987068936358	117.0398831242643	85.77751529613627	108.8102846532021	112.2022445215123	99.13986210342001	99.78599581839117	113.6857221694698	80.71030844039701	96.35930787902893
79.16452624662891	98.21792209741082	98.43382779209912	105.5096281396914	91.34992415970267	111.7279482208524	95.66261835214542	90.6987361538569	98.35495297890334	84.43620489671027	115.1288594841597	77.0272808599339	105.9282981230332	101.2906787329142	100.1852699769232	103.3142886948277	98.34018372222268	77.62167835038916	98.76458074687177	110.2120229124661	100.1099672452514	109.7304707295783	100.7838245596198	113.0545466119703	96.14686654598262
110.2305092924091	120.5279245280078	109.6449864385523	101.4971201072736	84.8423082142611	111.9559187975262	82.37951672969787	107.9217896948237	111.2226190564467	86.60796187310692	108.4920995934549	92.84806197248632	106.3682824088986	93.57193921297605	120.1579892859532	118.2280823812988	79.75364851229327	101.289623534053	81.33919850063259	85.19593219933864	80.61871132035114	118.6241092613814	77.60220682361805	120.4155622306533	120.4675232692463
77.91216905365506	115.161742228349	108.1915582798919	121.5870237487865	116.1791981319785	85.73322903792439	96.21949358582449	99.24937759596861	105.0888194683692	113.5163437761675	115.4810418576948	99.59575645283826	81.42718402645889	120.5723458896611	110.293880345749	116.8255205944918	116.5834262860434	78.78464348741318	98.42043152182794	75.48505597421766	100.5147418471171	109.2009950701065	90.02557591142381	102.6794142700324	119.1612679623104
84.4597156842822	77.8400921522359	100.1417874027081	116.0089280248964	92.29640926678013	96.84026788246054	109.541851385823	88.282240222352	117.5044032108637	90.47227677409082	100.7152388501513	87.54916948856061	107.477963744918	116.0214213689392	81.69241180693011	102.9500475305483	98.67697641600853	78.79320227971894	108.0319832240891	87.77973623263009	88.25975129207792	96.32183497394387	113.0189166389899	76.82289316940982	91.01723371453673
83.00211503650748	122.0248999463336	104.4283967246496	77.43206098515006	83.01141259261018	92.37009060577391	120.4042950927818	100.9219861623359	85.30287184276433	113.7042002141424	84.22239335867951	89.27333330666244	94.2853991894322	76.54427588791023	102.4075216954088	85.64336176939044	109.7298513457999	112.3714969533577	98.74715883975389	76.36205652338674	116.0947097733571	79.68898574102938	87.14523694217387	121.4669581284873	96.61867139787367
119.4033759976916	89.74807624346299	88.22292085772879	121.4488266909502	101.7201267261412	102.4781393365185	112.6686911161406	79.19214913371682	94.52757761062639	96.28239972625943	107.3387921989847	93.94138364289323	81.23305092221301	81.06034952623705	99.19935640719194	77.07746242742137	80.63724227499267	107.168410742823	109.2045651725061	114.4606924340465	85.91934079288328	106.0386223328289	104.441439321312	93.34257308667259	115.0109532201934
95.66382146534528	121.8552832205745	107.9106591295062	102.7292176111733	93.8192246737725	98.00230075470779	117.2839773499196	114.9738253418344	114.6705914193554	81.85469356460348	112.3398881299921	102.3308416046561	114.8126571700324	96.69949219250697	114.2757974774184	112.8557920925057	72.72270755228777	115.4187400218573	103.9409692931752	94.56630288156434	81.87945637269829	80.81388809466539	111.1587518454403	98.14882571653405	107.9954102120965
102.5011754571321	105.3593026708326	78.19824504399149	108.6337341107739	81.52791901815728	98.0466235157936	116.5940335433152	92.35525413395322	97.3457252942266	77.91944854150354	90.67136857931831	113.6009927371306	77.48131961904703	92.39393425303845	86.00617597128232	105.2540153170046	75.9294634477168	88.88548060945492	102.9925027979098	83.37163762508317	80.36106155101099	103.24237721489	88.97074464551608	102.8008351097907	83.09370375677061
94.93262194206412	118.4799881330196	89.45273979675974	101.2322066749269	98.22270893284148	97.80065712958756	99.35591100675256	99.55444833051519	96.25476575865972	99.00027283042971	98.31553861675265	81.84435260435352	111.6232638760501	117.5421086356467	114.2880254434816	115.6973452260854	84.00785218290952	77.36597966435141	119.0908246551209	112.6269640087419	85.92960538051929	107.3728541050696	105.7200223929302	106.5742132632416	108.6594150347858
121.4186278030406	92.71824867036281	82.1956528834645	93.38929706347659	120.7921726445736	97.09597237839921	81.6812961291424	113.4937545376698	89.39839724955394	113.9023197773759	85.81967947159696	92.88109475862478	111.8641427387574	87.01871219825992	90.40102399197414	104.6201546876096	93.26202897724575	111.8306181475868	86.35350632128163	83.54557731640921	83.80771351832161	118.006825649342	101.6829910473216	101.2495422719324	95.52194857564552
105.1909994677406	109.7321782213716	98.85631512138457	82.94608795522711	92.24965913899399	112.8075404251995	117.4607348645335	95.62154432235459	106.4014644641644	77.93880433416861	95.10519585441338	103.7715374832034	103.3059353566461	81.31949546021988	112.8197690695729	118.6932923132892	97.8056164077489	120.3842725797049	85.52915951818188	98.44254056278058	108.089735081971	101.1152131254521	75.90223774825266	109.0833725282335	84.17679678535909
106.4315161169776	79.28282110687287	90.78573793391503	108.6536770693036	87.22769091612471	87.564438553836	113.8386055746079	79.91715928280969	108.9001262375209	109.4756926134481	82.43646263199504	80.81664014828161	95.40133317327877	87.25187011261963	113.4272788637581	120.9588618772661	102.3194763766016	110.5067155344265	92.68655101339959	105.4087103435259	113.8386693329745	98.00836156919283	100.9675628535934	92.89443029568685	82.6885875039178
93.64375593284757	92.32887928109898	94.83563446823069	108.6280868112491	92.13864646143099	102.4604777738926	118.2946258474234	84.50246766708963	104.2497939350987	111.3393317240152	81.39120405455343	121.1978946243985	102.5258635821936	102.5007834075901	109.7625146340823	80.55594692173263	95.37906786066247	80.23292302028304	76.81202323058139	112.5935165280622	101.4916685601498	104.1342996426846	86.10710605019935	102.3919686820623	92.31051376151453
109.0765689569765	99.71715554544852	103.5484920539412	115.0104412786019	116.0046558535851	95.7206947016716	91.52197449655702	96.3922252064089	116.0266992645353	118.9465799284373	77.46351488139128	105.0659198386997	79.01088922617292	87.83147480363945	90.88432515850143	87.31927968512335	107.3650153551607	101.9631906056319	109.7154065561841	89.60863840207799	86.51028012660919	121.4719873584603	108.5421926815158	120.2402250770712	83.36289791242309
94.94771090488868	79.32724335438492	114.2405023758906	98.09235444518386	94.33544760041835	94.97359186372751	120.2833407884631	106.1200537913003	110.1236508168263	82.53912533390066	102.7340821338199	84.66231136934145	110.7074587439133	101.5997857658718	79.55383726528751	80.56616538043265	103.3929428840009	82.57205232725843	81.61574915448448	118.6423426976257	78.99208629524557	101.7693441556454	88.6953178276935	104.6004470624765	104.0984643407164
104.8968592984941	108.0727792419623	88.04717224981196	83.00192401601501	88.56535252980078	89.58833750619947	118.4721120869208	83.55787414548718	119.9183190096896	81.88309615519427	103.0775776466711	85.82269935962006	116.9214820920672	89.36204479030889	91.57433354461278	92.04901448585889	88.60447877414786	84.43946444856965	112.1671396030054	114.8669002830604	110.9216520741086	113.0478536999654	80.76533222115417	121.3646476563665	92.05559254127647
108.1800644669331	100.6386729901465	84.72122164195495	78.74057812539908	107.3021538521081	97.53954417121828	109.7924837615062	102.4711913514075	103.1508003573088	102.3197865144785	115.288536494356	119.7489234140012	91.57145212873365	96.28434256089325	117.4646517126932	100.7019095938278	106.8663040704375	78.7220568785859	108.4169909382603	82.01312661237208	99.75585458195593	109.0455018510442	119.5918718388029	97.16881017202721	85.56060794110481
95.40392463516494	95.25116271986523	114.8726563723996	84.67134763881143	78.34221555654872	97.96022795153404	91.44673292039383	104.320150759607	103.4954386127709	78.40145998135111	116.5320981889428	102.2510999049542	78.26503628621431	118.4222450378682	88.30911685139242	90.85234153148276	103.2216759245387	100.9441497470994	95.37409117037103	79.89801527990078	103.3875102143026	118.4001595901287	111.5462004055722	101.5429627828271	106.9877140474715
78.07943512513717	85.53445507529905	106.5417491904888	78.76217000846792	87.09448026162407	108.4323304994635	112.800088655684	86.70906799031174	107.7124762377701	99.15515429000232	93.67530565643796	105.192875633371	87.18667115872231	84.89353229150763	83.96480251742275	121.4102159468403	110.7421965005139	85.05459163946448	102.0164321633637	92.18212152086141	115.6860213870345	83.43395430751958	97.89797634861678	99.25887400096123	104.3502386389987
85.80543578759551	118.5427511836879	114.9888595849167	101.6017297724906	87.67740009936017	102.0177022911172	95.44651526663641	78.55448764581148	92.87887012172337	100.8867102396037	121.2145405836693	109.2519856058964	112.8015140317982	101.1611694323509	110.8603288451901	82.31063635385711	105.9236351014316	106.9714706770139	88.89045771025845	104.6725447137168	86.19576017269553	112.4128256372371	90.98123613275715	119.8078182847648	109.6433307298466
100.8534523250946	119.2300034570364	82.8242771926041	89.31701639728415	97.07652638927799	92.8076100194636	112.8832406954102	113.3268148795598	120.8504488375465	88.05224749190513	91.58886173679468	95.49888021697569	119.5802720092853	104.3782170322392	118.0956993334929	90.37079904398077	112.5831569470693	81.4140017816203	110.9323646981039	95.80056307944872	113.609075212596	101.3423009967828	102.2736400719142	85.75933157925776	100.4565169017395
78.85906825644742	96.08250885892194	90.5065529106048	110.1526756554418	92.94416002798623	102.2658610907728	107.8632033132295	74.66004485866704	84.02849146479838	86.32164256275939	116.7822785883272	106.0228659426183	88.9647583774147	110.7213428295981	101.0743693440607	91.45414998942758	82.3040922157612	96.99361269662037	74.84031592798119	92.22417815509156	109.3360096704659	78.68021668361894	87.08672535226496	85.6038475666732	89.17406292709204
79.5904298222881	110.3643611916932	103.8985493938388	88.54391516530548	79.44499037988541	113.6811656428355	77.29086176948645	92.34140823368071	108.8419709722625	79.38912512549851	110.8257649697187	112.7075031341872	119.0266904726804	115.1322873024128	87.51572365121237	86.99260638504731	95.03008328577573	105.1729011702048	97.08189222640215	87.40256811459972	102.485463338598	83.14877643095554	97.55711406205123	99.65772073376405	89.48376761562284
111.7819652377598	79.97986766161122	111.7877430525395	76.80120912796851	94.29060959261987	108.105601344611	78.16759632968788	110.5472603410698	100.1282480494919	119.3764262909498	100.654122441695	99.44355113401164	88.80916574355231	112.5860607066714	81.5310150973133	99.53613793516023	116.7729738983485	89.79542998505673	115.4949634502908	111.8428604916162	121.8419345123345	81.78121153583363	77.29374917431173	87.19520964344196	90.45059715219928
94.05325528215104	102.5080176901726	112.7081311692586	91.07215360792031	97.8475304275732	92.67189768258044	78.47139495636101	99.89192254470053	101.5219878713647	117.8901026489997	104.0999297522637	115.9877297198361	110.3362206083958	81.97719222582269	81.02110492750907	108.9580129676116	111.5884829409983	102.4122441568126	118.3865932959276	114.2162492518839	95.13603641960063	111.0405389769323	114.2694448344579	98.70975327582298	113.9165734983329
110.8911290716254	116.3982348078172	80.39780615516241	120.2163068909219	120.7357683972672	106.6006129241628	91.10986101790562	98.40017344313152	86.01705109886414	110.8233655138823	81.41052374405569	119.1631717246667	101.9624260002153	105.2573966582405	100.4231713993097	99.23919032696361	98.02626237611919	78.407908051143	88.3842181972022	108.7540553211884	95.09825153286735	79.7863745565864	108.7364092729436	121.2748252264	111.0288839273451
102.2890107046757	101.2071195849659	107.8030872223504	78.49585771752695	121.210994261804	87.60932376687227	116.8604646831363	97.22134305202891	88.17102618933583	78.68274814439593	97.38206801045089	113.3902815412015	80.04688841510217	96.55731649151946	80.60144130019695	112.2444662665885	91.8021268397397	98.08307427426251	104.9963621975191	96.92809647352742	101.9233882886715	81.64197753657771	106.9887137906624	110.4944652667421	84.35522740931177
117.4553765352901	109.4363103606755	85.69940520974387	101.0108594406569	113.5093584937397	114.8159201216361	96.57826656796368	112.7723635129123	112.707942124157	80.56858140303265	103.9003142685914	103.7454500467136	97.76764022728763	75.86477989025354	106.5943331892374	114.1105530485952	72.80082300303273	87.45536491913222	83.45787401443062	100.5528200105326	120.8861167093784	83.10590904395941	75.19772475463702	99.78374023646397	82.04645628946484
84.93452715115227	93.12499285070353	83.24435960784497	105.4598439916661	109.8722087599226	86.09414215202081	105.0912724363054	110.2066829167672	121.7440887038514	111.995791882444	104.2203569266904	87.53953114393714	96.63159680074133	99.25121222004111	87.30857266862932	92.94793572081845	106.5056373228855	93.07704441549231	114.1881409740409	106.0541200297185	101.9576585272079	84.21664056965984	87.18839155189605	77.67264769653923	77.64757792686353
82.174122488731	114.3852111335889	107.0858781342135	96.67618665536784	120.6767121820039	95.49049136103608	111.075773741126	116.7061038331234	87.49534856145877	120.7095419365468	102.3266522807226	91.22792546830733	78.81604618240274	91.78208169434618	98.45663037588889	101.7252433940521	112.3287560165004	100.2367986599626	73.39251940412251	91.47993134550734	99.52912520033337	116.0912299651116	85.29516104435959	114.9141925539251	77.65907488408808
83.97852499746773	89.25994180719812	105.4325124919146	118.7527836335326	79.05086741569517	91.66430572047871	92.74127593015361	85.89892586351068	93.77656546270639	86.36071163319951	103.9251659684508	88.1327956257918	106.7863127842219	86.28187256077257	93.04095932812233	92.38368771028171	103.2469833375941	117.6731047644143	98.40683790156623	114.5739205921237	114.6333662309034	121.0743205054067	73.86156583352226	119.634903565579	97.61065183622739
89.32852187854328	86.37687511174889	111.9203147190834	88.25407376780574	85.97142015269728	103.4887820999975	82.24937517876512	96.10866123674747	88.66800441335083	106.0798466232504	101.1920798664559	111.7267954800631	82.54239342490426	84.84426042556916	78.05593499591747	90.44977018167643	82.98261225903164	99.62490492308802	110.7159800372664	91.60980451305485	117.1826267383674	92.84045552051305	113.4977381633355	79.38467983930374	85.26998441948858
83.87236890440607	86.97175436027135	80.7739938913528	85.68404522662061	88.57546256202775	121.7227497639781	91.54027622386732	109.3656080109591	88.26231331141463	78.11952953881345	104.5435857418486	104.5458463909323	118.42861617951	92.26931581314257	92.61454768751612	118.81503320644	76.88875511598131	92.17647611484898	115.7795010834288	75.2158178465439	107.6406443129525	80.75686263189178	78.00079929682516	88.17850754228017	93.8176465483406
83.34937686541619	114.2175458073824	97.13731115882905	105.4401459742621	85.17680483602074	77.1804395124003	89.43390846420813	90.86348863037334	118.5793411960345	113.5041885419695	84.09385519898302	76.35904195868005	98.43752644633295	80.97468616885615	111.2983905028885	104.719161158922	96.42933254870519	108.3054363883374	107.7557832428998	79.80800621113363	84.32844560437729	117.6945306114893	106.1201599103722	76.83277698745329	113.5316561868419
102.694820297163	81.68336253025707	78.01823177309727	105.3839676357629	97.22846984948637	97.7482239478301	107.3683897988826	98.37290102641387	87.41495961027863	119.7962960617112	98.43736642733064	83.61143200593369	107.5589066419411	99.47189047905246	117.2333327342802	77.89854708815784	82.22427082822871	87.10756684505057	84.16215967133024	112.5929612525603	86.64433989369641	120.6188819074998	107.6665997000325	112.3534446463451	93.5776678060119
111.9140303143948	102.7762457002092	89.34375763415756	100.457243594576	93.10625003577772	96.54778760299206	101.0248919863066	103.6721592913043	115.5330757893664	108.0102986891965	90.55651205952493	83.65065957249003	87.67033097309744	95.52507306974017	112.3313592132108	105.8373755850656	81.39143747425459	86.08320053724123	76.74713538519593	90.94933202373157	103.1113315705417	105.1373556563032	73.68797090190394	106.7256103214942	77.75684664157454
88.50864207452268	80.89191857143256	103.846510888589	87.95271390681738	99.45165873588621	108.1896863998172	99.12273890705981	74.50448674404046	117.8721666320602	118.6461978992238	106.5951186551625	76.53085907118682	92.90931575173916	78.73080837375686	114.1618793150053	114.0030582584857	94.32984000691859	99.64520485764335	80.6692602604022	92.24011900144586	85.64318330316382	99.23017719624715	99.58784514446458	81.85190002009207	90.00825985196907
