81.26313877238445	116.4344122234706	119.7747816957904	91.54191787153117	120.4497462168262	81.01943526784619	117.0427217426846	98.58299486897644	94.77869273755972	107.5114357406432	97.15836096816638	102.8816182391388	82.96871005119493	79.56010874160881	98.1922400729394	113.619747256244	95.49123865757039	92.88024998143631	101.6586870116326	102.9356749516006	99.56320154140026	92.85025207179388	84.82616447231869	108.7484630681704	90.75390641560693
87.51108230679735	109.2886679662133	99.56668068193972	90.18453262928648	77.41937654323159	96.01360768523548	81.63901079764432	108.6101699684583	110.4087094669167	118.3380887525968	92.17667601454144	78.83695159017918	80.03621354005921	111.4762850315692	84.28642105374401	115.4260568813178	84.11898360851558	109.2780208367859	110.6766536977882	83.29731472448381	120.2343264065178	105.8637501149655	120.7932567172451	79.59930117316829	82.56575757366599
85.55555326138665	114.9385799052421	97.93489079717796	115.667993009889	94.35110920042436	112.274895368608	120.6470006518036	96.83453044044407	97.47054843532837	103.5778743435605	102.6320452681091	78.50645994213905	111.9174198761675	110.5726272558243	100.9023961745895	103.1538103613368	77.70515523518422	102.3929345982079	117.3777638202684	97.83415445120772	83.12763304652592	108.0610231805256	96.84551812503436	99.35323949858497	119.8693106631719
86.24711291509864	103.6708942749803	114.8248809668021	82.66513979364866	112.9912152848271	83.17393915105927	115.2795978932895	103.2370828228152	111.1544576425455	115.0068004564626	113.8622579241642	107.1604397534037	80.64675133880812	98.97137961675701	80.60055138864597	120.5581179703885	112.4363270741111	78.79499987467504	121.4854884349906	111.2661768275368	101.0524024858325	118.9553089930732	120.4947031781863	79.18600800573918	87.73399127738365
109.6078424021945	98.27863169638648	84.05230078657107	116.1831808115898	107.9791509536119	105.0878585099993	118.8005376404668	106.7775010031714	106.76413262691	109.446503842778	92.23360792401688	81.59594838527782	93.4499539797079	91.57975095184784	99.29887409072072	107.2754810529351	78.1658868449578	107.4441073125575	93.01838699835704	114.6085207549844	105.4261964680727	89.36220313448656	99.26485583343549	92.53240053220348	80.42092474760432
102.601416902136	77.0711798638702	85.11840667827676	106.6639349563058	101.1204717090963	104.2519751429915	90.39115238617269	102.4726916731919	118.8878114679315	117.9956785199343	105.77647745972	99.8487312772952	90.95670611119564	106.5475839215779	114.3931370250968	88.97456690800431	79.02463551498874	88.09385351476217	83.79391091318162	110.7751422744414	111.2546340439789	85.41512703671515	101.2651115471449	89.87289705506163	80.52736877058356
119.1755225517337	107.7304929547685	113.1791290880194	107.0707580590293	109.7267573639039	111.2472095421637	89.81544825548741	100.5001573430624	96.141791335704	113.8817125958817	87.80102254267996	82.48649146109858	117.6386354849331	101.0678387619302	80.30089495259841	112.044390399645	114.7121513654091	91.404746965535	110.2613630199808	88.63777381714823	93.50900733385996	114.47359896027	105.0278796852564	89.68620531541217	93.33134330738372
101.4683302356018	116.0036432898704	85.90931861549495	86.08082263572759	82.90741458174645	90.5581577661998	113.2883674180663	107.7414576826471	121.4310689396722	110.0185054619726	83.6379726268277	81.88935776897489	112.1533553436389	97.02472955193666	120.4329796382873	93.2231446619416	121.3835247787058	100.2845679562065	83.93264786825675	95.89867173505239	82.12655404498696	81.06569479848038	117.0461316043471	107.0753817998087	98.2841740127769
110.0053432081577	103.7306001830052	97.16272299743848	91.9237101345625	110.866058991414	99.6595830249931	118.4970631427726	121.1309643201197	81.01229532298341	87.6048435337606	96.65327343506465	89.66252573958059	77.69529561583109	86.47554562631795	85.19714159298834	95.6547514765961	88.0995305269149	121.4114100009135	105.0132344520796	105.8162603680869	82.00089965677846	118.1552936607484	100.6102853628646	98.56780650197749	110.7237608795604
121.5264936303683	118.2673005317881	104.1730791494685	105.334148390297	96.15700020240232	105.042175809761	95.24223286624077	91.32255041563118	86.12311606486794	94.71527752686609	105.8493110555257	119.7799266762115	117.5132731516485	90.1086324666349	104.8929440603113	110.8832371513503	115.8206204344102	119.1676822185128	104.4741828473808	77.37927620906048	98.95472616410424	104.8202241213484	96.13437118833639	104.2397501813204	80.44473495971232
82.05246004158126	78.30428726831518	101.1835257300767	87.40445289141844	116.9003441606831	92.64583335596396	120.3294764753887	97.47475532289076	95.18001181680405	114.8815439953502	119.2574297718397	112.6190375990554	95.62169651309864	122.1934243975577	98.09925601996729	99.51562436511992	93.94493259916574	102.9857219064358	108.6196685110214	90.62651495172481	111.4832883979856	81.69557722144917	87.28582345311088	115.122768812377	101.5599307800484
113.6622083589098	85.93098563601913	96.27744885617078	108.3695629266768	109.8090717645297	80.25271738513956	88.51181271255624	117.6861987722234	109.895983061221	90.60688930849727	111.5394530068811	120.2012523660737	110.9059277880098	115.0601588440243	82.58481956949363	103.5566444496605	121.0810976424382	113.3032458757985	96.79465329267961	97.36180914565681	119.629651668768	85.96259978034817	121.5642605985682	78.61292277633324	95.72976348907517
92.05735503788847	99.41972651878261	100.5285286037063	121.2691115948018	87.7362606005463	116.9768062171942	81.90496907542531	102.8362356055061	112.7154063558964	111.467380693789	98.28025455611562	104.5169811905783	101.6498393436424	101.059572722007	114.8490322188179	87.27568038908794	94.3873506409257	91.57478254625042	119.4477286567344	119.9262001213597	83.26934845728198	89.8331536893524	116.2160333278634	102.2972558755489	86.50735666934182
99.9238951348994	101.1771083854026	102.3344570402742	95.78039724280177	90.70541367175207	121.120987225797	107.8532993575251	92.98604354006433	111.0839467831199	109.8651323339279	83.11552265436914	106.6376796296752	120.4621481593921	78.08388691423633	110.1771692412089	110.3128588832882	82.72995928983515	121.2105724234638	101.812052264408	93.50350816691943	111.7322319694393	79.08194524302603	80.31357532873092	121.8493497191824	92.54897576473893
108.7452491047219	98.31911964307935	83.38279169900751	90.18763782041229	104.7422193630364	107.0656482044313	79.80273793606071	121.3161468853698	113.4976675366974	109.7162192445935	81.3173737226831	116.2972708001684	85.54935627881487	103.039865241908	88.21162586483588	84.31716818722884	105.4446176435197	80.9716679111272	82.09716101742038	107.9657812403433	81.57329306840846	113.9354572236368	91.36721775910645	117.169618209825	114.5571266097768
110.4126099530511	120.0228301621305	93.45890787309126	106.2266875846251	118.5635438798413	105.6766759990945	113.2709044321067	106.3161207474186	119.5071870290749	89.83464941492623	90.94925012933692	79.67918254282557	101.6524184054993	79.03622153395288	79.89864005658133	110.8114800785388	113.3395793499789	81.96597651380191	104.1665057641899	93.95779170516509	106.913325061594	94.27390955646985	86.81006888809451	113.0108219320691	113.2775341157602
112.9094564229662	109.1755679002201	82.1928062898119	82.98045469074263	103.203780023306	116.2720277712808	87.69525077333975	94.87373386932651	112.6017520913904	119.3768627856982	95.86734343599109	86.24415738543586	121.8178016601813	80.8578096076528	93.27296855801359	96.59745274242594	105.4838629411775	105.5352749476469	95.73707824772919	120.8138674574306	119.4900156847739	114.6463543876126	120.1274769853051	87.6054942027467	88.6888453358672
78.1400097892854	111.2644305810392	109.0833130711315	118.8613624701287	77.80998496524572	92.26485566290796	112.7029508887157	85.88809955188499	77.75683027026352	104.223954817718	105.4322845813538	94.07250863470151	83.41808668280198	115.1219478596877	108.8764816744135	99.64432380865151	89.61568345948874	114.7624219600685	98.56345168853025	112.4383765838038	93.0863185511774	81.62040909773275	77.26821040558205	79.97374314647308	84.67826600206976
98.02426939991192	83.83115782142875	100.5470286111332	94.44873248929365	90.88596407004493	99.2535725737272	88.46972828477531	121.3697021442036	119.6686529442907	103.8890224059604	79.2456485394667	116.5873266610105	77.66400366065814	120.2291273088795	79.2367810431308	104.3140089600076	112.0426816233164	78.72332118385654	108.8722821934274	95.65145409196208	103.87760636845	79.74862690522488	109.352913245479	118.2795029428845	80.60624902265094
80.98737850248588	87.86651344680426	115.8467176345464	87.58391134747947	110.6381414614295	107.0004603819858	95.78798487150087	119.8831544394378	89.96757031905288	104.4753967675342	95.85973624129736	93.53301821279354	119.6476188756974	116.5895900258048	83.46503371750865	86.39711780475326	114.5824512820666	87.75398617427354	81.05208808679195	112.6313457971285	92.95721835065103	82.66086171349589	106.3957451062307	96.60080099446793	116.755065426793
114.4456410961188	85.54405782897638	85.34124062193612	82.67022090150778	93.16689562876104	81.53343246128199	107.1868427161733	118.382917285151	90.10125840862989	119.9279575788979	98.23246394653337	120.5220234977213	92.33865474311544	102.4247716622955	95.8304358173983	95.05086117048928	85.60560327476885	100.2961600019137	94.48076158877561	103.7821362478516	111.4489021680068	103.0722852738987	85.09121335694786	78.67365864545506	88.47132934118524
117.3576952567532	102.1575681351447	102.428818484579	110.1443547311539	114.1012157984975	90.57318987629246	97.75877489907661	86.37964161803697	88.25648987062648	89.27384462431183	95.29959125856061	104.4155647600801	94.89268994504431	97.1370723909115	112.4948261197636	121.3492763893226	120.2515234820428	108.1924860344447	78.1783387443833	119.4763449153887	101.3005533589844	110.2723861922003	99.14959053918153	106.6930159766659	111.2005202261751
107.3873065991106	78.7943598095932	96.98829617407026	97.01699207113197	109.9807734154798	101.3272923167461	84.36585754793775	82.35783406099783	90.88832552481837	93.56930309958321	82.31409335442896	106.8997381740703	96.35536010084567	121.6442061515322	78.34073498325793	120.7656513710864	120.8624859343394	113.3315873614022	116.02927166249	86.36464457729453	84.50182454419331	94.44135107825684	106.1446365451968	122.0438178140569	82.0931403965802
84.93841534538743	93.35474073617583	105.2702778940659	117.6350024427103	97.72611315466111	118.9927412966911	111.9400648331368	96.48802185593291	91.9621587032848	116.9408117832312	99.03750236152523	82.28320002720966	119.0773451762276	104.8388296520134	95.15994238200821	102.9000218987703	107.228978872361	87.57286963819844	88.91443350824132	97.62169638599524	88.60587422948987	119.6117560497859	108.8420335362694	88.09236140371802	118.0776945924622
113.965679508751	119.241042914932	117.1923590802501	91.00896881895774	105.3932618882728	94.75568615148984	118.7114761832205	107.6568192940441	85.10335333187646	106.5847133056651	120.2380401603563	100.7605916376509	93.77961878712756	115.6794193184006	113.6595232431247	83.55272371880665	114.126161293913	113.1821678052539	87.01452112044564	103.778695189549	86.31313973303581	115.3560332910313	105.0983741494674	115.3973568797992	79.57099754122521
94.46651071138538	106.828472122345	110.5156566137195	96.88849329250544	116.3538502869266	98.77507392218882	115.8609566511547	103.0766745867786	77.64961493222363	84.43052069410024	99.41176855508388	103.5475034609987	114.6752391708784	119.1382382407081	120.3294692067672	85.46820050389996	117.3832800254812	119.4607416814526	77.74373058958999	99.18932149593962	108.375195074695	120.7196006028637	118.6311372572149	109.9284370294542	94.48820243502684
83.49749608732675	88.09645253119788	95.09299876182556	86.92032821628656	118.2879777258628	114.7751296843656	119.4224013573324	109.6361620227122	117.4283989816449	91.03118524657059	84.88471135460391	121.8954169936862	99.9601810012505	113.4929687750836	80.70618501108825	117.931065179262	106.775224131673	116.6471680124482	109.0619772064875	102.056848643979	91.38728815059721	86.89543072760441	103.4551120328641	106.2514940573363	120.5599038718862
120.466886393592	100.7447554018492	91.37038167547759	94.92514405812514	95.72532899736696	107.0390216189306	103.0117543708993	118.3781502163892	100.1284705881394	105.7414513095302	96.89046765304144	83.01336453637816	105.6474917806184	98.70688469121079	84.04668768098549	96.61412537993374	94.52493427275647	86.76684232627878	96.38362282985827	108.7415958494051	87.99993084679167	96.16552426864698	79.98437747121416	108.9925456480501	100.8853769954399
107.8231898449756	77.6968434244082	113.1111409954411	97.52381235827761	101.8712214720976	79.50192926208237	115.2400837742962	117.081659530949	117.393535024944	81.28989146039456	107.5301894662271	105.4496130686803	118.7050864025288	101.0655566338703	118.753960436063	117.9203074122336	117.3611819849233	77.62761731242169	103.2028478252962	87.24127602156582	84.46703267911397	87.90708856120514	110.3084775894301	93.18008048951543	80.57516877112593
101.6267781494344	116.8309386418634	98.17412399527618	120.4959812180354	85.41482284443686	86.36509596862251	93.79357540096451	115.9692476326943	95.04987880875723	99.74228913330191	113.9023217708711	107.6155335652479	87.11475644629479	93.14377301890023	91.18201553936505	104.4501325180391	109.2739792760768	116.8757836000393	98.60818245869029	89.46864931900788	97.15171747019231	98.16389845526238	105.8847957482238	80.2206949416973	116.0790042005536
117.0469861494911	92.25892270728814	113.6976135451008	120.7553573452756	95.03408186793362	111.2756512793639	119.2579671604708	111.4524400052104	118.4007856455934	120.6356297546218	89.61804355220758	110.4648666918256	104.8541220724017	86.81186225622142	85.25846634409598	79.83888457337463	90.5965623942252	90.23842477870781	108.007306602165	84.14695622565735	88.95973465641761	119.5394613146652	90.88867053604893	98.88974285305383	95.52755169298634
105.0954501430202	78.0753143928259	105.1987492816001	111.888577438003	101.2879425741019	102.84525589207	121.8263843204211	98.27972067923858	116.5857759166606	121.5332877730086	96.87976970407924	109.3115243772403	99.1048596473003	101.465960462985	104.4738519638521	107.879812573595	81.13247307453679	120.8435819043497	103.8940222085984	117.2340329567997	118.2289571183545	103.860951638373	99.86664728563591	78.30834048772977	92.12524578590494
97.71721661298346	119.656726037879	95.77290334360063	107.0492086295741	88.94861257073987	109.456381345956	110.9301559896948	85.72649119715182	100.2030294413463	90.49847000403649	79.55576036863414	109.4095890554919	98.41478727304809	79.43920528522594	92.17356533101122	114.0092621970809	78.1630976467776	110.6108003366196	99.63768794466172	97.0902247864116	90.91569467774052	105.1945011213195	111.4904650140942	122.4407049604702	94.88946689296532
89.99553278605184	101.6043752766758	84.50887310742098	110.3260108422842	113.5106074237296	83.55411821195889	114.8686886960407	102.3028949535371	83.29987514069093	80.83344965369324	87.28883030050538	110.0049621354124	120.0764785600131	111.3289217196086	87.57464313791205	79.17191080587166	97.61841780439799	97.04595266138999	115.9352599042871	100.0842730552602	82.97106107517428	108.6914406716828	88.34690730223251	110.5584520816501	83.88373163465813
83.28168780308681	119.9106210572119	113.6063936298707	106.615367796928	93.2353377194013	82.30149133369049	97.05077998722743	87.89935658108926	108.212395682404	114.0643292140618	84.79782851300187	109.5150663191324	83.11805422999547	90.19232567643145	99.26797847468173	121.6108900865521	101.3134650489089	96.80916532948638	86.75221594314567	97.73609282680252	95.37824909814559	101.7499600531067	119.0927943796862	89.26171398349354	102.9125274920675
119.651871444288	103.7032690877121	101.282915529278	121.1842167799291	113.0063594421524	78.69824447044475	104.1026414826959	81.53942074700018	113.1081010686192	104.597341185648	101.5080841454193	89.57277620039517	100.7892647808879	103.0543739601412	79.47672767933847	106.3013624718104	89.07751485553409	108.429870883669	104.8558472383092	78.58966195017412	105.948313364469	105.0989955736303	105.8021129065774	113.7008537718679	82.87608756357712
104.0875727354127	103.0016442326307	113.2470227917082	90.64384194735142	85.34169335216995	93.79931915052478	84.77980755303415	103.9795475925778	86.50381327190291	86.69661621355135	120.2734239085655	113.8432880016899	92.05314616162208	119.3358669674265	108.8219551235576	112.026833321892	106.8834568304457	94.2598636522207	109.0425851286712	103.4681466069392	119.7345287774941	106.2738793896903	109.4026822668939	84.8122188109769	112.9971019000338
92.12343112858136	121.53163762081	79.47650964332178	102.7340524470723	94.43994939463205	122.1745262623679	102.1817737017944	109.5210080596633	99.40772125571166	92.90811447883983	115.8387880296815	104.7731273644471	79.78899382327847	104.2482175380812	112.4338353320234	91.83856549660688	109.6296579952726	106.7755722219542	102.4367401927352	102.855996958127	104.2041890394316	88.64953905296989	99.53895237266137	97.31368440352497	111.9619167620482
89.02753300325885	93.57433493135031	98.94833041345476	83.97966574891497	115.7765164542026	80.89249581641087	77.60687011060885	113.3011076813224	120.383510424625	121.7175499292852	119.7357243610124	85.26450854454085	103.4064343886683	83.91247452827362	111.5611494312123	83.45690218568612	120.7807548356973	119.3556483310341	104.6627525162058	106.0079349773905	110.5335379141968	115.8851631224057	85.8145720955992	84.9378377011496	87.11863866417616
113.8264332266708	92.95133593716055	105.3317522526987	120.9885624991177	114.1776453528341	80.05898569334963	81.99404591754067	88.23203173441425	104.624413389257	86.08197378024514	81.76489943612884	108.9503343623675	92.12290696330697	111.8338090640364	120.1498641890901	113.4371713680084	120.341553501149	117.9229109112053	107.2611791819903	77.19817524817584	85.83465473167669	99.44523817945495	121.7708648982408	95.79659276641249	90.06544994647902
110.7778897792967	117.6349688455975	82.92586225059776	89.32581489517288	115.2388351812016	99.04808661383058	116.5795415015882	95.73716922360418	109.9529773196111	120.7815959863849	82.66421735807418	82.37720991867265	106.9675433073999	89.31962407918344	96.42072173605889	112.381751068789	118.1627303220442	88.80516082306303	101.1834921796996	85.78529744206109	88.64174194048829	101.6431345042856	80.9034828151247	109.248692518776	108.4829539064713
110.2704284804491	106.3066449402697	96.21842228824551	80.47406752088919	90.74477958148201	92.54951517465346	79.40944137938924	80.14968768804553	87.74368650535395	80.29384705095389	114.3621332586317	106.3563534341115	94.53415294073967	102.1562399230291	108.1128448198905	85.78916096753495	77.09406390849323	112.3012782244201	100.2539444567317	95.39904249383204	89.71169979503188	110.4602477922207	83.8088994629513	120.3835363026676	80.78385698835687
121.1247518880307	96.48448542404881	112.9637432251769	86.72112380332671	101.3068450866595	118.8027900591359	96.75456575150973	100.1308001123074	111.3687091334527	119.616081178626	106.2214085439485	94.60697128754424	92.44048105258379	77.50490421250015	112.8026995528041	104.0307848269014	94.2042853158685	121.8200366910435	94.2513660101971	119.5043680829268	107.8935014515812	101.966907778435	96.31976914753805	79.97790198211155	99.6239148817769
89.57423019543896	100.9296811505075	101.0491443554297	79.66728390851954	82.47803954079399	80.81783923215977	94.76962851778433	102.6088617810147	102.7267204370044	92.6695610665828	89.49180955114953	91.23588841618424	102.6583393400997	98.43681244239248	84.59587406721985	78.84548009420799	87.57984830032311	100.7377116963036	85.46814046855719	94.69333323550174	87.24388915546592	101.1246338055357	83.08642410618151	111.6045585112961	95.22373962890751
112.2598304441688	95.09615969828452	120.1758468851618	115.3052439757473	108.9477306093827	103.5671229744658	84.95428660552966	82.84599258485611	120.5824577051003	102.1132319134954	91.39827880774976	94.4315091589212	117.1412006654988	82.49835523725051	78.5696811510314	89.36276829709246	95.99227425640379	77.9861077544216	106.4516092856185	96.86844585655953	110.589157429354	97.72416567655293	109.4668728706304	109.0329576991972	81.99618995578899
117.7987492921858	115.5217694334036	88.12612607954833	87.00485013364617	77.76945212852348	79.23375156274697	95.28042813991243	84.56422858198084	87.67744778314045	112.6974779871825	99.66018429913731	113.0303463730352	85.30252337023465	110.5043682281415	119.6691138973477	120.7375808075069	119.4178042803832	102.6333490054072	81.50520514748736	95.72064065909954	81.88657613714356	87.59679419399991	84.92510786709455	104.6720013215115	80.59272252240285
107.9238167253418	79.15405485169327	77.59820313035846	82.11009733590002	95.02218392812037	121.6540506933021	120.415096589745	85.90397155173217	116.6127513543578	110.2545698114874	120.6325584115706	104.2968928628599	115.908063593928	98.52441334519952	93.96068883215383	99.52623867926395	116.403169201994	101.7599481418686	85.9591200566685	100.7098774739802	77.94342935448744	81.31358489122546	103.3857560449202	105.5678111517819	78.23928033575091
102.011328642513	105.7581222189844	110.2638876490289	99.50177579573995	113.7024468472014	120.0005422361115	93.67150722378858	92.3994095978025	92.8284681094209	78.35828537073846	112.1462273710385	84.77299155717668	101.2947541343931	82.73373102622433	106.3618627582824	118.3783346082984	98.26769279964853	86.12961484868077	77.96761302145893	82.41720928435304	80.56803726885371	101.2646804489793	119.7922167848552	86.5237827329756	118.0351142101437
104.8243688338284	96.21045120963245	106.1136505157604	82.62989667535581	104.2209590655725	100.6114900428068	84.45822869205428	98.95179188892786	98.33804518734189	91.6200838800948	114.098478277842	87.88161634513945	110.2413449511774	117.7038144913683	106.2462534745395	120.298703904428	118.1522000448274	82.77794065968668	118.8856696131876	113.2804874855136	118.2917575279883	104.1197648226204	79.46701184450299	116.1744434057314	121.8361529772912
122.2660972562189	85.39975071031638	87.45706376796564	110.165049104937	85.96338812221025	77.25915940312035	106.8594545312641	84.22803735292958	104.8310003615858	96.85972752269151	113.7783028070583	90.36696881534556	102.4551087119335	90.92514989188483	102.8924922184618	80.96506645550373	114.6631294941602	106.4376100478706	83.02195361879589	100.7331132052776	113.2843449856653	116.7278138045104	108.3405546048306	96.80303771929188	85.58986469253922
