12.88850808916164	39.18910922485277	86.82196849174332	105.2296042180472	60.99036232884761	53.08552347915425	14.6644455121636	105.0204641135082	64.81552043288841	70.97604114336987	78.75103841679842	85.79282881786413	111.9895671857717	90.87644523652254	2.079396919077382	6.875089173901191	75.42547526869782	110.4960954857775	106.5542780556301	103.0345249231879	54.76829782710448	68.53159401751215	101.3883724395979	90.22741190178995	24.69277800184947
0.2348146808934821	2.60296913673823	106.923024381196	93.06543129708807	61.29620272876095	51.60078709647857	2.409354058169369	100.8838919290185	45.55374027105862	41.13069279742336	78.37646222278184	96.81096139765063	96.63414209291243	83.57394090689357	1.81655397393605	2.822379016339085	99.43275372720674	105.9798132842919	86.32083170719839	91.65883885894013	21.99782637894791	54.39682353566408	93.86638055757774	84.5676320813799	10.55463361754612
46.99751420590757	67.52645096222585	90.7734104610219	99.28420193544189	104.8314906024723	97.10818945723534	69.75999617314616	70.73668021946429	76.93120546368121	99.66478191676563	94.54691051472017	108.2397731018096	109.2552661835275	95.94121765332702	58.81482014638594	67.01919505218972	38.01936284778542	99.1479826816815	56.12757989961221	44.88559482418903	80.07499290599952	98.49343134735918	56.21538119392773	105.4332451104616	75.02078926475016
46.49222294064199	60.6353873401124	94.92531544838047	104.9695137804738	69.24172492369124	83.22546055786673	44.16172587487062	60.77877028436598	79.97381772761099	76.58740958676621	87.29247930216279	104.449603649475	108.6938147077413	100.1198763784255	56.8941492019454	65.39154728758939	77.62571103018763	100.5063165513328	74.86843394102155	69.99411660227759	55.2579151868384	87.49120181012451	57.72547031836719	82.54392190109309	50.38051419352134
0.8824272075584818	6.08935584451913	103.1174840354266	107.4733990053254	47.2106425081812	49.68842475509939	1.50916179333011	92.03933302600325	49.3866470558697	36.31587471403525	60.77852045041989	103.6516438309375	90.83357720885451	65.479782118334	1.845537570113782	1.370025391888456	105.2200125319311	95.39711943810434	105.9083927149227	87.92767620533125	9.320932542745162	56.78195576516049	91.59322107429378	71.42563928594714	0.4751372400967048
13.33879499116194	39.92252104963447	84.4592095625507	101.7517858112408	66.51706355902901	68.577631608112	16.9860081908219	102.9948131547071	55.45307224343338	52.19961159449439	89.90514465319518	104.2603868053557	96.56679963396029	85.33973304220456	12.59693532425554	33.07482967364983	85.82892968026358	110.2158295277234	109.2362422758017	92.02247623720569	36.32871588748444	73.90054599576068	92.01971733149655	88.06070770555182	34.22205662655142
68.14049797586979	92.09605068115884	71.31791972246656	75.4367111673893	104.9273060437493	110.0950378192338	62.88848608294785	52.28911000692777	106.3021941683487	89.62016526757023	90.63901793347941	103.8660594798086	109.750397031448	112.7641571007272	73.60868767437266	80.25167040605268	38.97330863059162	101.2792366016433	46.57826030365194	64.98216746749279	78.30796212078482	88.98166128463409	37.00223337437215	104.871013763151	83.49586992235071
1.456499269182585	8.862052692114375	96.9486607633506	90.9091379772327	50.81543013365885	43.69377734184075	2.674110561682181	91.34590036320877	40.16215835794434	52.34313253654196	59.0574274464044	91.6347583207655	89.89332329393689	85.60523831166191	0.9140411701294771	11.11934356221696	94.80233614541545	96.17316795984672	99.12324658683951	83.17309863015223	30.13136698679979	56.78834424762854	86.29728268197383	79.52389064223743	23.9281133606561
19.69808687994321	57.86103625280543	87.74828614215349	107.9639849159761	79.16760761065767	67.45256638745916	31.30016323591163	77.18333020588641	70.02200991484649	81.95935729569732	97.35433348803124	85.22238706869382	106.3118806163351	109.9053245048951	22.22875330254013	49.37943472053658	68.3515629477192	111.9118454983392	70.9864299064939	93.16257877490847	55.02802113917178	93.47962129761578	70.52421778699259	101.573091035299	41.96825130095183
45.68587152556615	81.79907304710494	76.97235683948037	75.90251936352219	90.48693427437618	104.9670042534298	43.48592214326089	53.20025555855393	86.2153941439759	79.86043734598658	101.3624843533756	110.5073964337971	112.572436028198	92.29759547747466	71.56746563355892	62.79026736369785	40.34780002185889	85.4335582304133	83.11489839638219	68.41928452355515	73.21086777482853	89.0650672235423	55.23460709973754	85.38350983436887	75.36545348542109
80.04773690655898	86.44817725886094	18.37939229535553	51.85101962681519	84.25063508980621	97.40195581639952	88.31534818122481	1.550013632042377	99.44193865850438	111.2066984750805	99.37667028387307	57.90168386073195	77.41356270757584	70.8397353184846	90.55767477291387	111.884248798872	2.056940608594341	76.14475467783846	14.68542592342302	2.953686921493778	104.7500560780703	86.60910804974171	0.5558481838733071	78.81247982088718	108.5230243323026
32.27789358170151	71.33052896220383	100.1518295902348	100.3188099368021	77.51562768562364	95.17136608851125	41.76944075720797	67.80306884223862	77.89333810110318	93.48097178589624	102.2192744869737	94.190557422127	106.8423867414505	89.52074428321464	52.67770770513926	52.45799745105806	62.11363617613137	105.294886469033	82.21942823056872	78.38109669052966	72.56152625634505	99.75299334155608	72.71306802638112	84.22442820097079	73.47739320725734
94.95555817275704	112.3389238870547	31.97729037859914	29.88477291250937	86.1691112507437	93.14793672318847	101.1277850480059	0.07197298019659684	87.54360643522332	88.77479980140612	94.4193349646679	58.11544051222832	54.4873897455529	82.58184942895727	87.221081718326	105.3790584946448	2.972714343755798	82.71385646439435	0.4994329274324961	0.8464645067979848	88.86172053557003	108.3557794325588	0.3114981743328946	87.53604309911893	106.5432113598929
57.5725423637698	86.38534132178046	72.64887155714567	78.6462001394647	99.51055604750262	90.82995575394411	57.84169062495769	30.24238072666463	83.48115574260748	107.4324055185101	113.8058526896641	98.13360694311706	82.46757415249985	103.3341853562458	66.52823912480738	68.18854630370346	28.48119639252288	83.24853619446478	50.95915883104817	34.35907944384152	103.2775813320636	95.19692918806982	35.21870705606198	96.47508293837281	72.59147054366719
99.76653475758032	89.44172348909872	26.74564379935284	41.83216474385732	102.4222657814973	95.24246708507378	103.6022063298493	1.884351983586882	101.2768496565083	106.8397000080302	107.2617289596929	54.08810999580037	76.2635991796965	80.28567318869936	105.850244994878	110.5270356071443	0.2226433333762052	93.43599680885718	2.917194499529213	1.24664250833818	86.70455564076705	94.15217584894825	2.985060046933946	75.00027336089242	109.6480733794451
71.11569403161813	92.14386658059979	67.08991708700088	70.27329843004725	97.57412407990121	85.27633794796236	66.83322391699465	27.97663837609684	93.96063396662198	83.5681084919909	97.99200927678537	83.30482049364379	87.52740647084468	94.70078908567046	80.43096588647376	92.06037869359558	39.81028320980411	91.04035080485582	50.26255879209995	32.33110248247088	92.52561842518185	104.7650802275208	40.64194145521412	105.5597740356261	90.17085338591889
84.47351994025416	113.271390271144	40.33514395786217	43.08695106280119	94.15342138893851	109.2548526698457	93.00855361626553	1.914495589644348	94.94186059576177	114.2470813495569	88.58949851999259	51.90822902755747	57.78007960988153	88.68318465994679	98.4914110980079	112.3073494003664	2.650963871105185	63.26209821702456	3.646144471928096	2.971256201692811	98.85211456285495	114.1278390069247	1.344001273228676	94.22724465357302	107.5442392786055
101.3378470353736	96.1867322092945	34.39680956480341	64.40881948680354	86.79196501158142	93.65178110582491	83.27244655539586	2.959316013663777	105.3605867497151	93.66403278412521	106.681998618649	70.42139827087428	67.340556393328	101.3045250988463	82.12206582034442	88.64445318276925	2.694390294830888	91.19385662135473	10.58581840687169	24.77014660250805	105.2661288413398	93.40858987793857	0.4648201877075382	103.4462078700057	93.57961418280424
73.82247164273335	105.9025672389628	37.85683648470022	67.89743155166565	96.86455397677364	95.93348916014709	100.0754088709569	17.22383506049416	94.04026500866743	85.22092755728168	111.4505844897533	81.41990594296196	66.04604420301507	74.86524306980326	105.2625636253739	97.44010092898361	1.289760714337685	96.1881193635181	23.93740842616515	2.541641777155386	90.50539534354937	95.34680240545876	13.15666796539441	97.65258974383447	104.737282039029
94.83243174312511	86.95680742061582	36.46542249147472	57.43942584644827	90.02216255043925	105.3737000495587	88.59437152538122	18.43625163636691	110.2974546675886	85.50779870327379	92.75178066068379	64.92788947784656	74.20498093507824	89.40839259494808	95.10222294132954	106.9226399982135	0.6598755306861006	89.07395201441776	17.19538378497987	13.08827291422395	109.2796194485128	87.52039177269242	9.644002294158593	102.0020195417744	102.0485747111428
34.51858302597257	39.39582636493239	85.01757385135927	110.6084125990268	65.07010179723449	83.4242863844666	37.24772353336298	66.11978343355712	74.11322442978964	61.60338050768232	89.83896701602403	89.93799369787681	97.24764503483993	100.0925528617905	40.07161446517804	32.66553795107351	69.98820805027206	107.7303439181789	86.58784890412159	67.0726814240093	61.941496060567	84.19698575176439	64.2474382587699	103.4840013082271	45.63543116473657
31.11943348789648	72.12179887474585	104.3849603968545	95.38364377261581	93.44167586353454	94.70977548425498	32.39218160459169	65.89231541028501	69.04287272816286	67.87035097889633	110.5627724107009	104.6610793701733	103.3035458239544	109.4566907111605	52.29313921633364	51.12412887990456	50.70783628332492	111.8732055676408	70.87756156009287	68.26477859961102	56.67499111331431	98.23810272473	57.37724299800053	90.16130254725181	51.84666499073251
110.438590226398	86.17704442973164	7.955360279351929	38.33071837406318	108.7601916036708	97.70440020257335	105.8241643738355	0.4952904173795148	101.1632254237115	111.7801243841102	92.53288216964752	51.95546975187061	69.84712723720202	82.03280007518717	107.9999104461107	94.71505560708125	2.428880891384403	64.39670884966736	0.3893284126699511	1.261165940285181	100.2183107310663	97.44641232765984	0.5855056282370088	75.31817727676192	103.2627235754541
10.65775639522565	34.93293368079991	105.3835744327921	92.30277558465696	62.5916185296394	62.57557208982789	34.18051150071928	90.21390234874085	88.27481182400217	82.94599360164267	90.37849280240147	104.5616968727877	98.00620298446805	86.74956375817027	37.17422796931253	32.6670452313009	62.24078990968752	97.60366845148963	74.33239533971286	88.74806487609347	53.25205503356156	94.62704893457116	71.87408158643723	83.00606483354538	43.72155945681455
78.30863062044521	107.8777235936196	56.74371510238993	61.01688533349359	107.430460965108	91.53818861468089	100.4876438578697	0.2696255479682748	97.77698096609903	90.20610107802806	112.5053810818971	66.30926929098293	72.31336499246355	74.47452253048247	92.74437997131507	91.09685393808309	1.886200185228657	76.69426471398798	31.91243192162109	20.80902335730534	112.9922231671765	106.0079745881684	2.114586457583969	90.61933110524856	82.86211294884872
92.40883420481795	97.96578274660408	0.05402816805497404	9.898865923463571	85.64596222928577	89.98946218544141	112.6590130896353	0.7810954713982758	102.6851595540903	95.48727696050052	96.01806054255709	44.9199947505478	41.84705943892616	54.57090162898358	87.28241947336124	112.8587241165653	1.7283593197087	49.22296269505166	1.34136714588246	1.686873910004306	103.5553295245899	84.9471806810102	2.678439789891795	62.00882540154757	94.55992797727234
35.74185466145741	54.45791608961669	91.9099791719873	101.6262320912672	76.57848899085776	84.78613438399037	40.76978127657507	76.94893484363841	82.09755195277137	66.10625023166348	86.8263056901967	107.8056346739405	92.23479389067586	113.0909601911953	37.9840502142822	46.47759094405653	67.16883034353729	110.4606564344277	81.64133191999835	79.54174169136147	71.13914728285677	92.28175491846318	70.53244222343527	109.1186488541215	52.82059491661802
55.28391675257932	58.3577155450897	76.19068587446267	99.27595808660718	76.70260123513953	103.9241566791449	39.80912946616478	49.16056661795247	93.00152798085158	85.61395292785015	88.98876213158081	99.36334229595096	90.81812895348195	107.2608519253781	63.31158744323929	48.91351843447475	56.60684841123742	112.6167326864264	76.49738454969415	67.81167442660254	89.36005724638784	101.5447940623482	52.26435214130956	103.7921906852774	61.42907785745903
93.90645901456709	97.67915684147043	37.89734832680803	56.51131668977294	94.34892714068545	105.4943669637796	83.30455233004572	8.572049421358628	98.47374657576974	107.3504671469699	100.5889330989611	84.37727231156205	90.23322066323543	90.68555067845378	95.07596934170847	99.53995680060848	1.032095559968482	103.3289902739736	17.0844529556772	25.80067121179826	97.68066867975561	111.972674873967	9.964267906886704	90.32102232993319	88.18152800972967
76.89450554338499	76.12615035750844	76.31690840941418	73.88495121060768	94.92973815287772	104.3728859864855	66.61234322210368	42.24939028788528	89.6460440588674	100.6533424198801	90.5832653704861	80.73894783423133	85.0828388650684	92.98826032049917	79.67961255412821	94.15752101108865	41.56833619492959	97.29755154785497	56.71300415739415	41.4886522114381	99.04296389513095	110.4660310932534	25.41553077826012	100.3500850984867	96.29675377996332
83.83996276325355	76.28654822143508	60.0927452828905	89.77047413042848	97.67080713421078	102.2741650802323	76.8214570651687	39.88272825740422	88.56752393509285	106.6310310490501	108.7236486829394	102.8473142206678	81.07353348057694	97.71789136081615	82.0134297945732	69.80109270181347	35.34886464339959	100.2710849478554	65.10782151888036	32.62656931056922	104.380271320211	103.7470058403442	40.95434331181435	111.8632252910445	97.13401501078853
69.24767633476947	98.78951561873561	53.65733739399586	68.08689941737391	87.8899896041511	111.7689175045829	95.32206575695177	35.92320361383764	109.8577240421989	108.1863627288092	98.80619264646398	88.04308631794858	96.50090539869637	109.1650866772116	87.80349944291896	100.4778497593626	23.15177182795453	90.02249706985096	31.80179523565489	41.43451608351751	104.8262880303031	88.88480529001502	6.085127754484702	103.0499796986775	97.83662027800314
78.08320979842539	92.76122989732316	50.69694390960683	67.23695908979539	97.349454595623	105.2382267800262	84.90000751313687	1.397403912741545	88.80973388855868	100.9629197194023	92.765080036638	62.60825719472723	74.53144766235339	101.3728872242498	99.83397840484473	94.50137842814745	1.573313754714838	88.93523787504016	24.76249262692865	1.488009183173592	85.9659322324169	103.4613872799015	5.876930561243022	77.27780532253442	107.246717009681
97.23428647642402	83.65470964106368	35.62867247308282	51.31929934852855	104.6178057772346	97.51639800516568	93.71481548377849	0.4425903305100113	95.65520694128267	89.04664221100597	105.2123480652459	60.38687128406592	74.40760693972952	72.00678461907999	100.5415154628585	97.01674823070258	2.614892610227365	73.05252050686381	1.198089489615441	1.74619170918439	108.4172246865936	106.9070458654639	1.323450709289024	98.84424207186166	94.12859194727059
62.57940858235557	71.77443766320941	80.82854842027844	80.02222236959076	106.0340192464409	95.41311138212443	75.71648754584847	42.70725369078848	95.77583652030745	109.0542263828422	88.94359951040819	92.06695146804597	86.53899662562095	84.00528734361301	83.0042694516107	68.56663618062251	23.25424686090946	84.3829657660815	40.53620531940103	32.80910312976874	91.65184266297317	110.1456388512025	45.62659098678277	107.6476037834523	80.98252476319097
87.23755148856556	80.03738223935591	49.81271291981383	66.70580235614047	102.0481032495555	89.10388048727862	93.38523812227371	22.54715015691487	107.2954227369518	86.7870587021886	104.059148072229	71.74413012387782	88.22999494954684	98.4329685374213	87.59548879388169	100.1975580644883	1.504320193571519	78.04691733278989	22.02369546945682	17.06471903391427	110.3946914357052	93.16650041772782	13.77504925921139	101.5880792720072	100.8508526104085
97.0342159137673	95.34512691085301	55.44095820138644	71.65953009146055	110.7770149837064	100.2925572523312	91.00562338165386	19.32023679647881	85.49671271196651	90.03501632541719	114.2973430449799	91.38259155798724	87.13613772988327	100.0738604198259	75.05207022339734	100.7465774655979	5.25099268598882	99.9419835264757	27.3061893302019	37.64006551574238	106.4665076649403	94.77189067790835	15.26183188086528	90.10086953374349	88.75002960809718
100.3056024816076	111.7022706986103	1.271656480731492	17.43482963818245	101.2853176272293	98.36894203240112	105.4149164463948	0.3938836678982821	101.8944510777838	101.9250028386304	98.8723455957745	33.87520872447344	60.86449594715387	60.4955257490989	90.75152183377099	91.3764664389376	2.57621013059009	76.47107605300494	1.587371192456237	0.4229230809807332	113.192377708575	109.8690442057106	0.1485813042441922	63.60281672149644	109.9960114288987
67.85944812117066	80.34941522765627	58.94423721736966	80.51329193508612	102.2552226400257	97.28987678681244	76.03400551756091	46.25403079616405	102.0845342828429	92.63091522621953	99.61480713421722	84.80629816941877	86.81657619616752	107.7257829152003	58.14416278951553	80.88436718463991	35.05205357263533	106.4507310654914	56.59496326106444	51.64438492031988	85.00644365156754	85.3309660512665	50.92731351528658	104.1614729413239	87.76316548684565
86.95462606846552	78.59483626156576	62.21445330126505	77.06403368774967	97.35484815233835	98.81916862784922	81.76947488853209	35.57181352583996	107.7065800472378	110.2482770561473	101.5315787693312	95.97981808542367	92.71476681992763	90.31574742682525	82.50306299966086	94.91084067597089	14.81950831359034	103.2634603986884	54.16142550670227	52.2913213485906	76.22124764657782	107.3802612696661	22.16771083438746	109.6207194939186	87.6626145194287
110.1168471755494	109.7567157145853	28.02334156978661	39.80905347122754	111.0461944135965	95.60361239914496	86.86853030508226	2.486407942303664	109.7181533493289	95.21354308849796	101.3155307497681	44.11933455502665	54.04154906640433	88.3614933570928	95.38329010163454	98.06226511022324	0.2644050371857491	87.04933414686053	3.243436171570032	2.384449279242452	104.3420128082873	95.62911612044836	2.890950783510201	76.8727120505842	93.0504060059624
97.03540643831791	80.6959284306413	0.4946831638680907	2.895584690037064	75.97281945911224	88.39688397989642	93.01942976814331	0.2945447079761815	63.69142415901601	74.31475572172499	53.24258917955443	2.850231306697506	2.915361642464571	14.50156248940061	84.03757072307994	96.02296881444357	1.40427395436071	16.59997648024163	1.50684745806719	1.742031977965737	95.86119791861712	82.35946444957233	0.5311060371118863	43.50455256487399	95.55754497847833
90.65754952538293	111.5708457786122	51.0013786063155	52.54777885296167	85.37600786584416	99.05889803798981	105.6681792968965	5.04558034394347	98.48954471506396	100.6297766898875	92.53144506718748	78.94157141781474	80.42200874911991	75.65449456701312	94.165859464362	88.57695522477275	0.5302932734153465	97.21370084636959	7.086204448422933	0.3248550430393518	113.2855184389037	96.52513869612199	1.361900964982622	105.3974059582056	85.81860077403607
101.0771476927486	97.99599487239965	1.144773709409879	5.180120610774669	84.84825513103114	98.29241873850273	113.00969163755	1.733606900280838	101.2033929525744	91.09023980621015	87.38549726609045	27.77558285515389	30.49434102909854	54.0135031286586	106.7496715100263	110.0515190262362	2.139664494261296	39.94169854540093	1.356701634267278	0.7243420889732666	95.79804758425962	97.55165596047901	2.159557342908589	70.02879857354667	104.4003623375759
94.23168775740473	87.74167532857584	6.199816461222145	19.28458276343851	94.67758437258792	99.63119124149509	103.0920428557715	2.629104585109614	90.52958968091689	86.51325017391034	87.30895327542501	51.22812539041735	41.76676909023841	71.27461732052706	93.45720672418918	103.1899740511426	1.713882329302884	47.28368390775429	0.6341131132470266	2.037801615542023	89.24377907952322	97.84667399702862	0.252391813998869	87.02473266220278	90.46549956879683
88.97113532661794	104.2849852071075	27.04401304114135	42.08503528975517	91.77589210134076	89.60856766455586	109.5351110341835	0.3998809892689294	93.0352855894415	113.7065800053712	88.85292014230016	59.92294528873643	56.27217794337106	81.85068381843159	109.218176549348	110.553844459097	0.6669167767785353	78.17442476539117	2.730668706411855	1.591188866421408	87.72730473633963	98.76760219828491	0.4695877986046493	74.72733214049826	111.8311714271655
85.2603999842228	71.79430391312138	2.803087425093304	1.905180712408439	38.5977809099683	50.14826175591537	81.64504582772156	0.4796238601891078	42.62976540785649	57.30667980176574	57.31118660107379	1.218748484052694	0.2264608571299469	1.637823555068408	97.5804521270952	87.41754377374416	2.020723134551095	1.151884744984518	2.453996817642573	0.4403970163600705	72.38597144918765	60.17277881337766	2.114157193635802	7.231543692290046	82.49349939514828
99.29880658445784	91.46953630164734	1.656049357296031	2.203545977912277	80.47319188860679	74.97777137521967	95.02260463845104	0.04822860551765176	65.84602974088297	97.05970929490084	48.75235643876395	2.468048222746118	5.234688013653347	32.93838466538605	90.94077505451075	102.3701132033824	0.7428280729498133	7.88838225762645	0.1596442603779292	2.391603952322339	96.45570161302743	90.48286084816205	1.066325582363073	40.3244382999617	84.02548227766019
78.12257454183968	68.1780452372186	2.103936641354477	0.9306901039113551	66.47362254651283	54.26342950768714	100.2377612596664	0.1170839874872225	48.79495514802996	64.28635417679739	60.27338225096896	0.8651665583812396	2.08530265615855	2.02070072683382	82.08709230223218	98.87758787908233	0.2042565327880554	0.811227603056903	0.7167008938339727	1.309592203773503	80.34653624695065	76.80577732448279	0.6817845258393038	2.930069885312391	82.91652540854723
105.2248904733259	95.67357280343795	1.062340350401508	1.656044022641638	87.38731112426291	103.89744740293	97.50901209469056	2.572210916256565	94.18917477982224	87.16817809788044	74.76713295824766	27.11756643570362	22.31172420744871	49.54242140056081	108.9391310259342	88.83305601317687	1.778742091063284	33.34683496513164	0.4744403571747732	2.368439056190375	96.66607260898672	109.4212432791904	2.467315967438926	63.59043892963101	94.77908501234226
