2.0858636286701	1.207016832159337	91.84829750967396	99.51335271616057	56.88000273206337	55.46520280838524	0.9018372206006533	36.18304635365133	53.06795043310076	48.4600177916506	81.69864250408932	101.3160446196356	88.28468257182217	98.78736656127721	2.822778041691518	2.997762130077345	39.60091843257159	95.94782843736097	68.24907402563629	49.62383879838282	1.706387345143384	56.82827028200759	53.73848412478318	90.84671770961577	2.667636418759352
16.51726644743767	32.46912512173903	23.60241230379827	47.26856770433574	73.65641651515728	100.2684490529782	21.34406799854459	2.134648783504217	100.8122416034048	70.3973449413796	91.98621177207312	86.67494686152614	82.35785148142929	90.31345527275415	35.3690260967581	37.74989505421573	0.600665445549079	96.97609868506288	1.195416491135532	2.743869489861405	64.45422725307719	95.0976398857906	1.885791932019914	93.65285945837402	67.36378002823984
1.009295903009175	12.73557684357819	42.67669364215686	74.61102241612839	67.17095048748794	74.23163196414765	6.388691104543554	1.910381873152606	85.79844798132558	78.35628399571364	110.5056057138955	81.00566642038748	105.5110245231271	112.5479365159452	3.135145344859222	23.17126607638754	1.13868168059066	95.7914094257013	27.2724484822221	2.580274432532298	59.03401996925227	104.2656958107045	0.9134224154490207	99.15735984214814	39.40873031343997
0.59578406494382	1.535419688888587	104.7475934279209	99.150675061673	1.500065263663835	2.356116242600732	2.816896423169484	104.9303431882889	0.173968711753833	0.1977765357661787	6.837542179521144	87.75921704048352	86.86155825613029	48.58139867706817	0.5314013661013037	1.603678255834241	77.65401317358403	75.07096555176636	106.5138173749697	88.39843576264809	2.214714210849472	1.141290642546699	79.37487918484803	41.10417106531773	2.626564618617111
1.142787536321051	0.286267781547951	74.99716791786321	80.46406372660097	67.51604045352779	51.9077939857746	2.006494736346085	41.44958403788515	45.92746503316696	43.00160762815439	77.51588673163522	106.5670765921787	106.6492615332256	110.626999217245	1.512827727854323	2.132810708016963	5.114209255067649	92.5155156716003	40.97592585654715	41.3001772792054	21.85821663597481	79.45220640432625	34.27669554323428	105.39887233117	9.321627514455795
72.68071010833782	94.23789309925446	2.48782044643972	9.858017447901261	102.0809171327021	86.99518173907813	64.51690090746973	1.572247785081599	112.6880282305524	103.3523659161009	95.03235073694796	34.50158130064224	41.90453146074442	74.57043097570437	81.09865492522525	84.18856780242112	1.693687866594749	69.31558715073793	0.1788196198094222	2.854916272344765	110.5647608536297	102.572975695514	2.845633582157271	79.5276855946469	84.48190752846912
1.517513487529939	2.184922547263066	83.70142296929865	99.272236034746	30.34941213961604	46.13522829615279	1.779699692775228	56.36299972227555	46.38633622656234	26.84187663080716	73.64587184115756	105.786187205421	100.9610989350698	97.72951790521466	2.047176337804167	2.609437005771534	38.03441530988499	108.7672788525375	78.73587501317466	63.08974260348934	0.03897395708552956	60.90159194585603	44.789265897536	84.82896708158171	2.12812501233477
2.998600986828118	0.4794594791862922	99.49029801607054	101.3197448724314	21.20587471237606	3.400441872562102	2.026843095052139	75.10882303382232	3.480509999640148	13.03321089046396	49.89890568421566	93.04750030735019	98.42385045538967	80.26039938261637	2.63562210665802	0.7137728669128638	61.92955433862633	113.7207584326536	72.67063644412202	68.10236197814588	1.985125456108014	44.74459951945891	70.58364417365146	57.82191203973154	2.80780491248108
78.59853246387257	82.16626677903513	2.879526126284794	2.345241110732278	89.62200132828015	102.3526362669075	89.86194955943705	2.182304098713473	107.7653691892374	104.6217311691985	98.08487608356121	25.58875386078939	32.22661270246742	80.84005897698269	84.81832206248819	75.16223872197745	1.866413123891379	66.56736445721697	2.786665747102629	0.5496157698772597	105.7324000616002	92.34735690426913	2.710136529337875	90.92941765248781	96.34089498356377
1.050624477380584	27.82831169831967	61.13102767332039	60.84864801156232	92.15675237799675	95.41590826167889	16.94524464114674	1.244031786779675	93.57173271565738	68.33872138045061	105.4455248185417	91.8657477372943	101.3652370433091	90.86592778220468	5.356241325628933	28.80421505735146	0.5378959874947937	97.79870005940469	17.48765115966339	3.464846743519434	66.48364277789602	80.02606111862042	2.297572974812455	96.89355555231765	29.24798878712345
52.02382276203379	70.9518428557807	0.08385741976955399	2.728403846435748	101.6265296187739	101.2502315729044	55.01219501017565	0.5608753472086743	107.7488421375295	90.11402249793221	95.47629175955765	41.70055927505188	66.22692011852777	89.97753193921683	70.13125728786518	68.82240955717661	0.7143167505665102	88.99861653227345	2.351312355707541	1.926146551587872	90.8057578489318	101.8961744466159	0.2897007526125754	76.58833123145882	76.36666361862468
24.99264568318843	57.82572022741158	32.76165019935796	56.09418294026362	85.66651364362906	83.7884704689027	42.47988974782879	2.754995772733226	92.50815027976873	75.66654305529691	92.04227080911195	77.63045225821044	69.63690859166871	107.7367175275474	48.54142378862426	55.24822802357895	1.86590351500655	107.2734262658594	0.5971032887228394	1.333732316432315	83.54446476349528	110.6382474202381	1.72521723691714	105.8746791354043	49.6196417901444
1.855131160372718	15.1566005019642	80.51256234577912	76.08451130605494	58.51116048691961	82.19879479194476	1.448443755025862	24.57382807334611	50.07301131900306	56.96041336660694	97.93902720713929	99.38306849354103	92.75641768707601	90.60049550520392	1.92962974016688	2.214628186649977	14.2127875914201	95.78397160286774	53.91530557579688	17.97042724787443	29.26186835603633	71.33951172584995	29.31540721083	87.00361896671016	25.4048285820227
36.86422141179303	60.5103717854049	19.80258997424158	55.5862079322558	91.37885702171017	95.9103114340267	42.2170479207395	2.436869079997407	85.1678299698431	97.0551669873453	105.547228082128	70.75199061506837	83.66244817538447	91.74705741277526	48.49790842281473	41.99418667653684	2.261468698200407	98.03798828421097	0.7079386194989672	2.213448947455525	71.1454582669251	101.9644698126151	0.1033282154526927	96.49203275699936	74.54808046023194
0.4919042444201739	0.3158929312313715	78.04160044778456	98.22188457931438	26.28509420424744	28.75968192734329	2.959608732899511	62.82050421787903	46.47277899807365	17.29699744338854	67.40587518634824	103.3054391199636	100.4200763093811	87.50992311757106	0.2153940523895889	0.01763750643027542	49.18291601240273	106.4293616750608	56.50004375558609	61.28293788074535	2.481384208178895	62.87203452401856	37.6193199891275	81.46024002533964	2.833197533480591
49.71031495680224	91.16791017291375	2.863781234965202	0.9876407291586387	103.952188318214	108.8232824435516	56.60326450468867	0.08849146990611748	99.37118333395921	106.9483719767564	95.19691924733394	46.36446507150026	66.47174785005885	81.42891961855223	81.21196756354321	75.8162742104675	1.630374372582326	79.93269702967855	2.21385985559747	1.744005958846857	98.25762312611677	91.87569963259152	1.936466116388661	79.73963268220373	88.03507747228664
1.90247587599558	0.2765409163407868	65.59784873382247	75.14660149541916	63.69778685327513	67.01100311129279	0.01793829683955075	5.907866691827454	64.93356134970897	51.23946849895844	81.68459871586101	83.50758391680851	99.61797045622922	86.89571228577277	2.687541392582956	2.492775536497111	0.1529529918056701	84.30033063431767	33.86305264055154	16.18881352601812	27.13681541917086	92.05114174907941	10.78161236787126	84.34508565457686	4.345384362014222
34.8716357633062	64.57308496283295	28.73797628457113	65.17093182476434	90.12870995611775	87.10838857531951	36.7825294685981	2.560400779095446	88.84774426895062	78.19327489700767	95.45215633869795	67.73548548613829	77.79972363374789	109.8236481168888	39.26116247356191	37.56123531286131	2.140668090768544	86.72232897679952	2.146348158036425	0.04309597173853866	62.84287977168485	108.6932379021057	2.734129578616296	90.75348030478703	67.90084185552143
92.95990848535597	91.18107191478155	0.2432494370594618	0.2026832491489485	98.81596882128844	101.7251112506215	97.46996219868444	0.3304898713045427	84.20647410050354	95.58121924833186	76.95214328804136	0.7372115838588658	0.9666837853281578	51.28834372433728	90.98887718266954	86.60759253896697	2.684447970797344	37.00801165573922	2.290845471320499	2.198120534048096	100.3789873433159	94.15765720880282	1.33940074897049	71.84081929303045	95.0168267651915
91.58396170272921	91.4701539174677	1.972312909172898	1.861122325383282	89.77944648540438	91.23107146610698	81.51452008771024	2.470237816513342	107.9435511973078	100.6237414744307	87.12740348557608	22.83773872634013	23.41130528896548	67.54267630357695	88.35281441715799	100.4984313187958	0.01763902779945505	46.92599143206662	2.447241043454678	0.00418715401875327	89.74646938408347	106.9658488688575	0.2008736120616179	70.03941918872437	103.27073405791
23.72083403494661	73.65179171322129	19.02025575249878	53.71873486993135	99.66005437558857	84.19213679746234	48.05069317013864	1.593827593911891	100.2650718830314	91.17313732494794	98.83284753904361	65.13450147903116	69.66442114860601	81.62650263936879	49.57440409949439	42.19950968238986	1.462157204462345	94.22716357947597	0.8446266856547031	1.226010278232857	90.99159539409975	101.191815454274	0.2005776642018793	104.4151608936436	80.16473542021971
0.01626838293818369	2.183683338704039	82.07970833249941	107.4627595209408	31.40590091600698	49.06942614628259	2.653068761999604	59.02635240444948	26.8520412218779	18.75723944570919	72.88119800671549	105.9010625420148	107.8708883010931	94.74069627856646	2.984189385843984	2.323092100808887	36.25313247025358	100.273321384061	61.14194608848818	55.90343827323686	2.727761112835044	61.89304481435465	45.35235324483342	89.93796489561745	2.035574342366458
2.947879684432778	32.37444709928604	52.09868382487072	60.55068748082293	83.04739433994681	97.16180511658747	2.99046726441023	2.678299217271426	86.77379019849627	64.13124331316519	84.81704829935912	87.4474274930256	91.4300705210556	105.2300058169365	2.133691410106123	32.05898125039474	0.048743908527527	110.6970002872479	10.6264241094992	0.5825724930311726	65.85965775380203	93.5950372285983	1.126417284216949	89.02509641681348	33.48681471087455
62.35170832543233	92.43672859556361	0.6524709157795503	1.192738194349607	114.1180635317492	94.58922044392129	79.10506956886667	0.1453804990197285	103.1473263425977	88.60261501545004	113.4103515597626	17.67768767107879	33.09756715768537	71.78562507976285	71.18924442846426	88.80281144197451	2.700377676791389	56.25204671601635	0.5232669326936807	0.6202009652804688	104.8305471285627	98.14187788897146	1.532407516433204	83.16798205772054	103.3075671772172
41.70215467290316	77.12149411536475	2.400902994158804	27.60572907146406	105.2308152145245	100.4934933723601	72.28914637019901	1.268945983397362	95.99755509926565	90.70467863797754	86.05069445176451	51.02770880225525	62.35150395281626	77.32184934631076	63.95414315596196	72.9356632573997	0.2892474664002769	82.05103249781078	2.926406795207308	0.4203222976762899	85.15147227420937	87.59041912671924	1.493529545337374	82.26821621286634	74.4126962897831
2.168448065958483	18.15594171852359	81.49394543788091	79.62099332920124	67.6386611463388	63.19456507312165	0.5590769985125588	7.974748307552346	53.00008185323721	53.55126112184099	87.06005610766364	88.98513531101079	90.5283010506777	113.5292865282239	1.070266102950399	7.871624593567702	0.7170667420404577	94.24669192406924	46.84232711530757	26.96950626721623	26.63822077119421	79.17497012052799	12.88147840020159	98.54858016567164	13.87144373600294
20.07447133866539	68.68819171207994	39.21791802115173	40.707861868105	82.40353767097965	81.28522199366051	44.59217422540748	2.391684385834345	77.83105332615189	90.55605131863541	100.5775193885256	69.22630310503415	85.37854186042344	87.48817194258869	28.33110651844756	40.79501030695985	0.4033823475394018	105.5178841243691	0.808280577368969	0.8605338552256045	86.54592918864265	105.0991080765057	1.988053890579886	98.5406818617956	53.33567597861627
106.4415831224075	87.38381704655338	0.187482513913893	2.75112917070738	88.71705395925143	83.96868117753763	88.08436860927446	2.564171259185941	90.54089988753378	88.83146216589552	84.75374133376627	0.6378962411295597	0.1642737480369959	19.53010280349	99.17556085952242	92.02275627363399	1.796335505366406	2.965694656832212	2.561276798887118	0.8595138415902368	92.25013334947616	89.76388403820039	0.9665466914550347	32.1528008689073	83.10471072453807
23.18549654882213	47.24252382563888	30.14575789122169	70.78883744564727	74.44719053692414	99.85582723957779	9.558509422003596	2.296532323788156	91.80961104909241	76.64291583874889	97.11751113332986	95.88945492468505	99.23794606398337	85.8994014898872	30.30835721208084	23.75814566518398	2.080373952864311	94.80155998495347	1.526281680570608	0.8016557764510985	65.64944655923502	91.35249652495926	2.068710974225246	87.36485097665054	41.43988621210763
53.80168076735083	64.69969520691357	1.827686477474991	6.015251682473735	109.2480266069836	88.53728220261604	55.58720225113198	0.1303176772730025	85.55527788671873	84.81399202494261	104.8177288937361	68.07408254215959	74.94858978408845	96.23247173161415	60.51705347139553	85.71392907650787	0.3743631724823447	84.11655869148598	0.1125077024134588	1.654864824995406	90.75606743635194	110.2951351771004	2.175208323337614	79.89612740004804	69.013924537516
89.89619889376226	88.49272914310583	0.009928178391987806	1.318049717252814	95.54738849104675	100.6589843629393	98.30223651663268	0.4369687088213055	82.95295036402224	91.40124089693424	88.61884540453865	2.209860528289792	0.2610869583743756	37.3456165021199	106.1140641806194	111.0130354723277	0.1983405670276727	38.0967307291447	1.257835201201421	2.504706017103	104.1977309548643	112.9577614415205	1.904417321263459	55.27585838165149	93.22893898825066
104.7224848042521	87.21598670356329	0.2687524567348997	1.759162155378055	64.68948860487549	84.90964947256194	100.4073533805693	0.4821011573799349	49.5488201350329	81.74899816741609	48.13695204572782	1.984254713201225	0.9499633382966817	2.696858954615936	105.4307150493506	96.90343604524197	2.245509883261863	1.324752524879989	2.4481343577437	0.7702963453845517	95.06986034522825	87.82073989994856	2.033235360270369	2.015511794819203	96.37066737691774
94.78239519560756	91.64756598124002	1.250942466532418	0.6744562903918629	44.78977830539115	71.56679392819065	85.48372887049788	0.2153886019453063	45.86314247962233	87.40936200339229	46.15605131822437	1.813487856729735	1.313472002324199	2.650578275844846	108.0731932931323	111.0724561222352	2.891539849879369	1.390469033447326	0.8885624727087658	1.217517211279008	88.54389616453317	82.50468103564202	2.708496722248341	1.866787239887307	85.10104648472834
107.6255357899782	111.1206674574604	2.802920614186611	1.412220471940814	82.94534558005263	109.3740693845365	102.1641648749552	0.05657536262885968	92.49365101459249	100.0512286715478	75.84380106486556	1.317985686238159	0.6378877868362596	22.14110890097023	101.4199306920747	98.84315632809631	1.273745905856158	1.23334460776602	1.020644192175655	0.08551651767253846	111.7482218509005	85.74075275178699	0.9458240905149318	32.59944099678734	96.87292780370025
106.1835018249658	96.18261204810993	2.659577105938847	2.528966677006551	67.38192812812952	89.17261948369097	89.63161656841052	2.726032197356869	76.64526684684989	98.57875715162577	48.34891713362217	0.1082592273186041	2.137506983247126	0.1195438366758049	98.50551787891462	103.6152708059353	0.1194316659634707	0.2991768909839571	0.6343200156102529	2.921425931963588	101.4678816914514	99.2079300828219	2.484219960371181	5.058273699616883	84.85700551637842
92.26700193357235	99.17411028438967	0.5050073685720751	0.6316521770291048	74.18959798262566	82.49683954363708	98.16963179871664	0.08960393133414382	78.67563237151087	103.7952511608623	68.35057196797553	0.4135725423056214	0.9838932271143377	1.353662931711582	92.14178394453876	98.21326128274904	2.545447857117328	2.369617643000661	0.908563794324118	2.06041905259234	112.3522345948553	81.42635165329871	2.776491434952233	4.739662167844301	90.87769862039802
1.489909294958677	30.89117943657946	43.07719686175612	66.74031657195471	69.29929168937045	77.46940568231484	1.628202876923301	1.015683825975327	78.62695302008649	83.29087360855526	84.72352338791264	85.34796662499267	96.74985402070035	105.3830434924917	1.093862712733788	29.22549427976507	2.586451888365592	113.0224357755673	17.74637984535858	5.982700674477702	54.93586387691055	101.0782605520182	2.435042104675198	108.9561133407751	30.31760194981901
103.8359045603143	87.83683850397303	1.146622264746267	0.5396764916409762	77.11139743862633	102.9754552118494	106.7484547013021	1.347925572112069	96.26882219423392	95.5215129658739	79.08851637998944	2.843976863864076	0.07333018675297168	35.17980696903646	97.98590786305381	99.70348066940113	2.922250970435756	18.29532536965804	1.889521768349754	2.321129750101847	111.3243209136949	100.9836406140846	1.596487013920067	42.67941344658906	107.6043348232573
5.808078820454078	36.13453148613189	51.27332579630584	56.6958744975893	80.2270322406936	95.88619444783249	24.45355038220179	1.614169303270068	75.89634153247833	85.59595744143675	102.244763846254	87.29385519298364	81.3826047456586	85.6749304944143	7.997917008196254	26.82046476126754	0.928019106477493	94.36145551361201	1.884429634612417	2.759888462742997	51.77093447766481	98.22766798715406	1.250195643373885	107.7342965628557	34.88431730577224
74.25202683143446	92.87150644301236	2.695628179284123	0.5032270161071757	113.5675899799462	110.0291584784241	75.38904160565257	2.13878446121868	94.29788306703688	110.505981964886	86.00992172287275	42.31086090108833	39.23944317916671	89.21168719282791	85.74172704750389	75.21176593033772	1.556836935639667	68.14202850968468	1.294175623481701	2.466301020414914	98.78950200747498	97.14197393517301	0.9677365552820645	90.55698935784234	79.26457137051123
108.7809623102051	99.62319300733463	1.932603009290301	1.995097893960162	86.48441450989955	97.61228621680296	102.8385363205715	1.256188342997486	100.319978248587	99.8683559522465	90.59532922617487	0.362287190596826	2.730740170219964	13.41121198937065	110.6850171857815	105.0541515935139	1.175854343461888	7.33649532091362	1.478609427800951	2.83391182914795	102.675584870935	84.34605279737868	0.1722094979418675	50.64446301304133	110.5541767847748
90.76359672958651	84.57305238103044	1.660228318577814	1.729907847853249	80.36704914032703	96.2782445138659	88.80563342515347	0.3691747803098285	91.42013461330066	100.5242389310651	82.21959821194045	0.6816604526787799	0.1974147099058035	32.12828021989357	98.69863404676204	84.93452365484566	0.7580047864706401	12.97630459127892	1.897343726986343	1.435583395006542	112.2783517119957	107.688773023201	0.3082286638005396	67.02515044658966	107.8941749352277
85.39013582658478	74.7550256130497	0.6964258282406612	0.6126602813049771	96.02689345459568	86.0404486817651	62.32449942996421	1.145847312795697	87.37632050504158	109.9848108769746	94.4407861551441	31.49241657545494	37.26628335645587	72.55532408079965	64.8083167548113	95.03573075185898	1.767407791277504	69.05068543449607	0.9489759356415592	0.8986135062942044	102.4681918633828	90.93502751539077	0.8000356943344589	87.74558756320982	86.09571446834448
42.55374493905352	72.05567222532278	2.286621399978564	13.66480272560992	105.1813112587018	98.17649153454894	60.88228070495269	1.885070861984142	104.1145538610035	104.1225476454378	104.5423617227748	63.34336281858816	70.93171683747025	96.71413011987028	53.37143019966223	68.26349270210093	0.675034589789592	98.65054617957732	0.2612024257912542	1.936128325010894	85.07892008639769	104.6324815799921	1.470365486794551	95.36060459102298	66.52202962000037
75.29144424575126	92.13837015918774	0.1282160204755405	0.6647266025936169	99.05426586595226	111.6454874727324	91.36220864625152	1.553760092494218	98.41693698483776	96.48593797529827	84.14449130521474	13.71078932059113	46.1120181118319	58.6677357343841	93.14338139681779	105.175505745678	1.958289552161018	59.40228296609459	2.262183801333303	0.8351400843804484	103.9647939811015	107.4703543818071	0.4915765270123404	64.84904380925242	99.92653077133953
109.9237464439424	102.4375857038894	2.129030306860524	0.9490736132700028	59.3442457824932	82.43486635036905	109.3934341218958	0.3631435662877481	83.72487947605629	81.95471735251918	52.49024948160047	1.01355178590311	2.130689939441102	1.109832097248225	96.3551844356207	107.1229216036509	2.913165643623013	1.855115487199866	0.02987817013062035	2.272139689333207	88.05033908878177	105.4397429845924	0.9259349158696024	22.71228706978555	91.02895848834025
94.25229526994563	88.45087529265487	1.82333565132332	0.2307947423688536	75.10554004387669	89.18399766438543	111.0367493268558	0.540907491424967	104.7350435598942	109.1257388071489	81.84287053892868	2.72207438815475	2.98357691715055	15.9472275357296	82.87946855505454	103.1816289396824	0.1064803770527483	30.05203730015016	2.18334001807187	2.507243172473269	89.13883319217209	103.2472730819225	0.4870086116539301	36.32155290384676	98.39208360672724
76.23052809829613	99.07198956586183	2.452219266175999	1.287344963787778	96.05059799567346	111.2131333959193	81.44104205299756	0.5056733466938153	92.00310381360433	113.065282075472	88.5852674378531	2.23999716131947	17.61376662301215	61.13725207779692	101.2318072914173	93.1140066292371	1.998090916552492	49.70839375747698	0.6608945127787813	2.686827466061997	101.4620646395389	108.0557177444432	0.8742175214457475	56.30111061491708	96.54282602087585
39.13805093456273	22.25425869983692	1.482608373137912	1.702207185571167	2.739279728778479	2.784389684574258	39.69827680694274	0.3681039748559829	2.640124860943722	2.631299655139739	2.39566209208026	2.11239816559886	1.060439745948424	0.4601527553994617	11.82338705214715	52.74211801055242	1.438893383764925	1.672650465072312	2.931354840927388	2.731184533860513	1.909026280527456	0.9514346354727119	0.2827455900972466	2.178767710779214	39.04588487950842
83.46202809397701	70.5779260610793	0.3400242149637228	0.8954153586655176	0.6723135352983649	24.74218000925192	74.24093079254367	1.458675482057455	0.8559345478298768	46.86010124088999	1.074351344630499	1.350005497138853	1.711096022863325	2.699768163879635	56.17140733056235	66.9358073898271	2.809077338808064	1.012418800669723	0.5741168339805487	1.85294357890528	49.55119038207104	46.52476334548714	1.044800641568565	2.781781004175422	89.37222293430966
