0.9167599606579746	2.22237441073961	105.7829133166836	113.3195811836747	1.509738199938611	0.351926122050107	1.785699477314966	102.2398299896624	2.197390291096614	1.905796814404855	15.30619322077739	111.3719395078977	82.8556920581109	67.93220726364231	1.949702496540381	2.521641774598411	91.77269775211577	106.271028054697	103.7251114669185	94.34635817714531	1.269660552956409	12.33377520964001	76.34968870279641	48.91378208747201	2.723463490837962
2.13021028719065	0.4205617934649411	78.23977004248927	98.54922929239964	58.41768125294789	48.00615961137775	2.518369478975914	38.16039576243347	69.20452763403291	38.10741590851942	101.662636123977	92.50795943992389	102.1350604395535	98.07030118125681	2.932177974316592	1.240986431938177	6.413464522763825	100.6905307175178	43.33169757916438	28.20327317798144	26.45848532005653	72.09870926759974	15.5054895706424	78.63098677930677	3.811501746726108
0.1795684577928275	22.02047414157189	45.72549400679276	78.25012687425978	87.18491265124669	86.59292594940977	0.4071326020016865	0.1961159287752943	89.26946092404842	81.37160345464156	84.09384046500017	79.38061852180894	94.04772252716064	113.7740575167983	17.49093741559275	37.0712142939702	1.239755582559213	106.4972170054881	1.978269877917967	1.185768094231128	69.70182723260514	78.17588979435632	0.8998727743927792	104.2319931141274	53.0678155813944
21.70313191271106	40.62417456797639	25.08686352903621	52.73313941903595	85.65687042650806	90.71444710886725	22.83616768066064	2.689522835823644	103.8896549653746	79.27726147123924	87.98211603026311	73.79400315081307	78.67004343029296	93.14206106426691	35.90485236973723	42.63450562579887	0.4388298406926996	90.18139909681082	2.376260693886916	1.316170161725712	73.20661470556539	97.90228629473982	1.21272764662898	112.0938854072839	63.18016168227614
2.469577260119863	2.639716735717146	92.21865333268732	112.9253781688071	35.79495100298741	14.45513251294973	1.527179461376988	51.46894828866355	26.28493128208761	19.17590511739937	56.75047996641787	112.2555784718767	113.60965591271	67.39564611677125	0.2130203901223935	0.136167990066017	53.0274742664313	101.2630241612648	88.83437888643631	72.38825486795498	1.886189048605174	44.72133831358041	74.41070845635133	76.79740637683908	2.10971332673228
1.892329903188988	22.60199010210302	51.17428839682523	88.89933461392096	66.88141592083041	66.87976240809309	1.364736385720294	1.842023038542866	75.75758261688509	78.59348188785545	82.89586743123414	103.7602755426208	86.87372925034232	91.86081371087411	0.4155844046961583	6.45439061292133	2.015825390375232	88.43775234673035	42.44781474777742	17.26994844074657	30.55677530277333	87.48276481857179	7.547533817059993	103.5377742852839	30.41562050992337
0.1359672130880137	1.474050858792287	111.6280949035878	87.05983127240228	0.3988599030618061	0.3881373080926558	0.1450090484651486	71.85115268730041	1.883656562297249	1.040246890549333	55.55805262782857	102.0243611901847	111.0683468557806	73.73467332319461	2.556922977288026	0.5867008747708033	67.89421000940918	96.82832395035894	99.07988715099734	68.20163491712982	1.776903353891042	10.1982730630988	88.19466465980096	46.21016641202897	0.3127608655426829
53.70226687525025	81.22207419534847	0.8211034351838624	2.949939593488004	106.8783306067437	95.1356899444899	67.35136469175183	0.8156350485674286	95.86016129021219	101.8630023005107	113.7033159333368	40.57612964915887	57.61233618493122	73.42207617077896	64.71702529988505	86.46960512043009	2.566668662131486	78.36236245459224	2.998963910193143	0.3744568265398815	101.3841659500537	95.44413705095323	1.759163680105498	93.30855419997656	100.3925521841594
2.063162529672213	2.3734617684347	54.563879596745	95.14860993901904	68.02809887378731	62.39801290155853	1.345845193977111	7.568479782929558	80.44870016566576	76.75564977338036	102.3281977726359	86.27449184877455	108.0670752381742	112.4057704316803	1.673566647531656	1.831179990895169	2.891241412864319	84.47372251172084	34.2750127549894	10.89041447786169	48.10476235225319	76.90357473219404	13.80222379451617	95.48187411499892	26.82124082509065
26.51096824652884	56.58628695015663	25.60290212708312	56.81418760573941	92.11579801671955	87.34452329289984	39.68789768625669	2.988107516067163	97.54532805188303	87.30737638258958	103.2847264100499	74.9514196839983	74.9677877454393	84.30443069335608	45.66620409748292	54.51110653962456	1.119989480709907	86.1130101265222	0.5797870195100463	1.329252423074976	77.36378382845301	100.0377845760088	1.590242267806704	110.3282716138445	55.57000475230262
49.62933775845167	66.00018443310398	21.35914393523706	50.12097082305235	107.773997357169	99.75498954831204	42.64209320675792	1.253695786980439	96.62056708362766	94.51934100356613	89.12883666579532	54.88301451758009	64.74966942435539	81.8736020549479	40.24264613513709	59.25763644756691	1.315299910550667	93.66055757410115	0.2110577648976008	2.09013003348896	72.55914116476794	105.5225870233666	1.262531503238975	104.130202330819	59.27398189066385
80.98764704889813	89.2521005720354	2.560379239857753	0.3229395319636481	96.93787880771556	88.03665200284563	96.15329728696865	2.184363349782532	86.42225604021175	94.41508176370871	85.42242800758082	5.09772051869648	24.81802240287971	59.67784437869651	86.01831526047809	78.97184987246422	1.409147348370533	64.37891333031416	2.690675271029627	1.375360694467625	90.66356973056388	83.94743637697927	0.6093268149884188	68.39631627982871	94.74790420911253
37.45499211867775	61.77230570037244	0.3498758490531265	19.41621013215185	97.9572663999994	107.2965100947589	49.06148649895894	2.945214346164362	112.1055875086757	100.8822587492598	85.96888427986327	63.61837796325659	74.51893123625869	79.42901496024008	52.93619924545392	59.63214974021642	2.253355377694317	85.06985495908837	1.78393656913217	1.82204974194438	87.95081094088781	113.5269236135262	0.5029364497893831	89.94027742322055	83.99884484495108
1.962009937132696	23.58408995797482	75.23044188096335	69.6092909773522	63.45387344361305	63.68835157978749	2.171932940716314	13.98539747351766	71.8501845467365	59.54191545178158	98.14468863173381	102.7105345103075	84.84849948723497	106.8266482383588	0.0466132903159038	7.544303080017876	0.04426872985875688	109.4735227426686	32.19369128573276	15.48569238130042	44.77460365394877	68.76287171573043	1.52137119315471	104.3936797795597	10.3056473383834
1.552114559890326	34.62041544722236	46.50719864581742	62.03464565813439	84.09878989909679	88.02415841155234	1.886868099168302	1.19180067686092	83.50821929326383	77.19134237911699	107.6789746217008	97.13577789867716	79.64440286346969	94.1364885335111	11.64065995090962	33.9755484228362	1.275459663256951	101.3591940327738	13.80464365295639	2.055953924564662	47.64460340884944	86.23963447515251	2.643616250328692	104.3929167449491	42.00138422704893
94.5307703459916	105.8658488026584	2.267190313482566	2.297507759654204	94.69622544450012	113.0380882346228	92.01051821010847	0.4037791149103293	100.4356924813026	98.59740943706359	97.51004653098713	1.904112500858285	0.8414561322434351	63.89711006240614	97.27630921702522	107.6717839214677	2.101110465337126	37.3457724664611	2.226588451141373	2.734129151735731	91.36871996988411	97.74322857536814	0.0306474101573331	62.09879365762308	93.70442256308957
52.6316434248989	72.74693590558752	5.860616707421961	25.3876377989678	92.39470506451516	104.6615862232847	69.99663405060551	2.383597494918213	85.8220183614705	85.66675157239916	86.57320618692306	49.71273842156522	58.88071791665433	96.71676177068829	54.03505348082005	75.6578346951674	1.732369457477374	96.95304587089394	2.451471218274463	1.466914091562149	84.79658509241986	98.65436358834103	0.3402156693354614	94.74629713499058	70.95318686839644
86.02761605390201	113.4829025340772	2.552293915553427	1.918054170421645	81.64588576545893	76.82312489452684	113.4381939265969	2.799259204550403	85.93861909872295	90.4868183382641	86.47821905506143	1.793498367572384	2.674631095656497	18.1021286649451	107.2523869497157	113.5216708918273	2.119493786557852	0.08985088644100983	2.832114826701846	2.540372595853388	94.2017546820263	98.25812357964233	1.133211611027935	11.6816881482296	87.1303565745434
46.61200357480029	80.14526910957778	2.153755643352123	27.70771740763058	103.6949081486684	98.93913116253003	55.74387305807723	0.7910627701922086	97.61553685615611	101.0476509898898	87.50122988073802	55.6461997692889	57.08911034659558	84.80573801785184	59.62521037721584	88.62613376479909	1.617753572886919	68.09022848935405	1.533803311923334	2.942231005645763	95.94431987370513	94.06219540911697	1.979304047449801	91.65154796446679	77.90349212291443
80.52104718789876	78.62244726026309	0.04485951215038489	0.5749323168871607	107.8590871615742	100.5577015944176	68.23688799321877	1.035374771573915	87.08855321001683	109.7504510842432	91.2319703918115	42.94045202583139	38.54931315162133	59.0593090868682	87.50994584486067	72.37328009662586	2.622314155525941	54.74197518372598	0.1971633367330483	1.267764663379795	97.02745874088994	92.28051691275068	0.8442455788291843	80.30044601685042	82.04952056885735
5.47637129430786	43.66617816384101	44.48122152172562	76.34525297423421	92.21517781908018	98.80051266261144	5.019890488854998	1.473208323358927	90.95053545683855	67.52420967858819	96.67561869633252	101.623960018833	81.17786245210874	113.8545231602317	26.17695545908997	17.18361795901685	1.242348275904019	85.67929202604499	12.84865998462949	0.0550445915589364	51.39539331148335	87.86553893292418	2.814206966587007	103.6833283767211	50.40598526802621
2.194539461494733	43.85201957353782	46.13392054512054	71.86654845117407	79.87283248939762	84.18830602433484	14.45906567312804	1.847207036203593	85.59506772550083	73.88180672407587	92.47158945507086	101.7020709299077	101.8774462453221	89.78055307520896	18.23776209041338	30.06992043504333	1.083451475024441	109.1061917444426	19.90508810530275	1.861826280469726	64.44800741790661	79.41584606650298	1.286853517457324	108.6240247770313	30.25772828585481
2.434461412789812	21.03245904799464	38.63457359752485	62.05107261202367	72.67619826300327	88.87478434188692	20.12593983062546	0.2892118383321325	67.9760751180857	74.6029979295577	86.43616818605685	85.0538946920791	84.05802382493052	105.5198358434557	1.049517945435728	35.15876581615147	1.179195092583578	111.1137747417814	19.46835172312927	0.1623635483959887	70.10236616293491	80.62016378524365	2.546180440353916	111.1525472239189	37.94404285394697
57.42674769394854	81.06874810246863	2.199693851950343	2.364070179928044	105.4436656733248	96.30293583785794	63.16550721293464	1.232141020365753	93.52706569349766	98.44205585748742	102.3755834877046	31.36179427259495	32.25268684155828	82.76987395303365	71.72752597258666	96.32848158076496	0.1934614760653841	52.19520873622663	0.5998166816727839	2.046245556643913	94.91706410091254	82.57282889955086	0.9989845308060439	90.75485039890168	83.83785658261213
74.48362356838723	82.82164895946457	0.01304049487090022	0.7661498142153886	100.5599914055544	109.3422445417015	79.51693532819253	2.77436144495847	100.2937967828277	92.84926898626503	80.97101847507201	0.6884697824111208	20.31014285251789	51.20690607697682	99.87958952927437	81.79880202579633	0.7451934825618332	35.11828496836337	0.0375790038998102	1.526841219293114	90.0079027358338	101.737691392047	2.179162313272181	63.74853038220635	107.5372051857788
91.05269266623385	100.2287739892185	0.4425259211868197	0.08013575314789526	102.3958481952585	113.3052890748407	80.90300323580385	2.924171278442884	91.62888495860207	112.0448575296374	83.02199529915451	0.509056248438176	0.6401241421583337	56.6041436370043	86.58535940907129	94.02341819637138	2.49444291756948	35.10300399514226	2.901208476995086	2.570490515925507	98.84667185130996	101.7489470068649	0.6494093032640087	70.42848788422562	90.20556959609353
1.238461910751001	21.84273118855384	53.99485907643958	75.21036036068372	88.46854378552054	90.64158422765229	1.095193354964436	2.127050786307552	75.22095141468618	80.13051819264234	113.0877974998047	99.17117039794122	94.91150215351846	114.0648912169081	1.594688101144449	32.45294310162993	2.362247027147404	100.9466245635507	18.60951185745543	0.7183196603768489	69.11336927868241	100.8164155906344	0.279191166231055	112.6461895265375	47.49075222495989
85.9586524770238	114.3501020244579	0.9603207862315297	1.965985812797232	79.14623278420096	89.8680976028798	110.5047817060823	1.592900958723948	89.85290003170201	92.71351542263756	61.89094517476863	1.675046851486758	1.961854015562244	9.230034944020609	96.79056576479857	100.5817119320152	2.634223042567895	0.8250336830119243	0.622033619577729	2.416924236629235	94.7184245973295	101.738180117705	2.407787846151442	43.17708809390814	83.5829673185781
84.97726534383855	112.629365243317	2.430228358696269	0.9362039304449312	87.22879808843339	82.6222031156011	106.9132090560234	1.06917249687667	75.7874129146888	107.8250128021183	85.06364054742852	2.107198152982765	1.454471981427198	11.42573074327184	88.93481056008612	95.52289215860245	2.65502634425708	0.2486092705777896	1.032054077369804	1.640243293549328	111.5284606453899	81.27190832295038	0.6457701553184103	18.29282669851518	91.55061604660591
3.991941376365347	41.14261171552175	48.39822167460537	61.48975214754797	65.78697998722302	68.78122535777699	1.661969173406546	1.425420503556161	70.1363197635286	76.83912038285382	95.87088594648894	86.10377909285076	80.57298018307516	98.1061742056492	0.008004399228685344	24.86766265632893	2.102622966428005	87.92369070813375	8.02091097209135	0.9963750762708579	36.53310646043352	83.65011770182811	0.507608735977336	94.24800909641004	26.46226617132309
96.42930260229696	91.79016652340808	1.451004700823265	1.033290991196178	98.44237057609237	98.21952051793272	98.95659562188477	0.1436741226405993	106.3343286218708	110.6240507620376	94.67005849549959	1.008424586807453	1.419594107097054	32.2378134958186	82.96106699410902	88.69232951260878	1.421748708536791	26.20853445448182	1.074880244870273	2.62024055547474	111.6327456969299	98.95117496097036	1.054087457773116	40.97256748205463	91.88983295676047
25.92109471677178	58.58542867664146	22.20398921343455	59.75051573489833	101.9904186818196	102.6617096655441	25.03473677937153	2.699717629641375	97.53118190285309	87.54493694056862	92.56302840330646	88.02819823844592	89.01640427518132	86.66087760656795	48.15074552938914	49.13586297542086	2.53372593196984	87.27570393067639	2.342820724224183	0.1915175321367594	65.38729294125577	87.11398198585374	0.5020439635560134	114.0043179594536	51.86123435672573
100.6731838845374	107.6349632828683	1.477707772023872	2.632980792357555	69.13696535402678	105.0353369601097	88.90664834005602	0.5264097355138069	80.47308748732925	105.5660950822174	66.65738674566406	1.920651946500942	1.841850498120993	20.67214797918584	110.5021907652759	106.1555981822847	2.948227075621296	0.9311692736598534	0.06035976169321058	1.628267750765263	98.77712309020916	108.6691252556104	1.656299147183629	42.96129640804256	89.95498700756345
96.84982915936897	93.9345258257037	1.32711102236595	2.121110617147912	95.84022646358306	80.98998975391285	113.3269175956088	0.4926709759788987	97.07651752220032	84.97636970553353	85.36245779604425	2.241516777639331	1.96712801607459	23.54806595989762	105.1006717293094	95.63578788235453	1.560636037053069	12.25143026365939	1.002827927966388	0.2199994178293392	89.90998565794519	107.4741866810137	0.8089535186205772	19.33187763966845	92.26972717470036
84.28466919758867	89.82809252938466	0.2613783841241364	1.246682292180834	46.1022158021825	58.78899576061151	90.12399584630867	0.8384031813966368	40.62742963566763	71.54048160956849	28.12172929705893	1.276826658021629	1.44079606833585	0.1074405388538248	110.6466555065353	100.4480704872418	1.360717307507284	1.004424242243536	1.785447277663512	1.660885190331848	91.10317021066207	74.61606852479642	0.9066541868690863	1.38067757147884	93.04321920727513
90.92750101516074	92.62974828253269	1.160196261570674	0.6576272805854464	57.65024295321911	79.02836524669124	99.24555891482447	2.436691201843461	49.77459359159911	72.14504434304133	38.78942335274562	1.348136021392504	0.4759967110954583	2.455464131053773	101.7550949399215	109.0529599157812	2.56052570353396	0.3205276588253702	2.511079978484762	1.771990620643322	90.44709439213086	87.0515176749854	1.823192761247604	5.29673361324927	109.3844567976381
111.9576288140135	101.0850637544022	1.278397908735325	2.281158770180786	88.86015670323221	98.8837377002219	108.5040191640482	1.180508424090288	80.4047300999821	91.03672244641908	81.76440392955502	2.097072078393857	0.5419226447332863	0.3969943740752174	96.93295167675984	96.26042573274843	2.438562028996186	1.878035523863235	0.5926559140249437	2.074904202902615	84.70924720590324	91.72544424499662	1.909682384608363	29.68905332761218	111.2117629264731
11.46840732443831	26.55251003121595	39.10813396132917	68.88600028265589	94.21989610875873	78.28803804150435	21.36332620654068	2.601661138622219	95.02628170027323	82.68930155517984	105.9515137773108	80.8612577721655	98.48120299565923	106.233972061867	4.767068942711827	21.19323843338016	0.4210193184839543	87.92855658573301	0.3589041494837022	2.648071170157387	66.02500071590677	104.7539911322231	0.3181334051630441	102.8187660497507	36.73075570512609
101.4549530697752	84.66375302718762	2.262211150625219	0.7683810773457669	58.89796231318715	70.09585910939127	95.51020179857542	1.629692057071011	73.90230659676918	82.93354555178635	45.04588519808569	1.991826688792236	1.053970876041174	1.241286599761491	86.85654179337511	99.17101251998463	0.574504329756595	0.2042047049313601	1.919964177784847	2.866283643685641	83.7179386545872	96.99818469695285	1.036838605608501	12.36720176679656	104.3913238244147
107.1651032088062	91.45131922406759	2.649495018185257	1.454407129210572	71.75596193137331	72.86843253745442	90.40619568936179	2.257010890164957	63.93175729609371	86.65118773235923	47.66912244447305	2.564483886367071	0.8871756644037556	0.4711873124807234	97.21962844461547	90.32992754191156	0.05183305955456066	2.92309130805083	0.9423805318526344	0.8738936543810869	108.4584460324958	93.64397096870769	0.1044641899332963	0.1267187109815826	89.48124091002957
107.5512209260133	97.97811110063172	0.5893267078187114	2.282757819586784	42.26699759563696	58.18499726958649	96.41536964493665	2.193909547384683	68.97610991195126	69.01069079838274	45.26733993117729	0.1776442393798207	1.572897198451825	1.669001764442964	90.23924681145202	111.3225721921652	1.63631691260048	1.259626678177862	1.315015092159322	2.138187273203314	88.97006147370411	73.30078844220938	2.666257907564814	2.698550957305446	106.0480419013292
75.16414342265361	80.77525478758146	2.131296782731527	2.967149200214972	108.0668472097234	111.2668958346153	55.93614024964903	0.04766610362767956	86.43000739921044	90.66354765236404	85.65489084412903	52.72755831920882	63.62516014865969	71.43520819485481	57.0442249350597	87.49356886687707	2.895649201795249	84.90631171602003	2.701863103039125	2.588961617043286	100.4589068491719	83.5914499822955	0.4326889442379017	84.53171094625657	99.97941795495177
72.27636694760983	90.4456344701112	0.6242726719861111	2.180236095503194	87.49217777479792	87.87553251872325	82.70968924061434	0.01821255809056423	93.76074458582693	113.5130605002333	113.4616882260968	25.13189540115593	23.81258700212183	74.33583583941763	75.25511554582695	90.93647220169431	1.247019873832325	74.7122729000385	1.672337331941612	2.56144319909323	86.12612361988263	99.51080719032122	0.8676338719486305	69.19045637951596	90.70977810887177
90.18321227360489	102.446376653286	2.585125420902217	2.937335040798437	37.04469151590102	49.71204388457789	107.4706231115304	0.00875019987523986	33.01435539866061	69.95043515365295	37.0049460680851	0.0905003481982514	0.4169953416548799	0.4094943699791015	90.6990281902748	84.83178726668299	1.941555131129407	2.299840158702876	0.588583405298627	1.884957408195657	80.50816139228645	67.85148470417052	0.4932498652227335	2.025833187933288	88.76016433657847
42.07589279818184	80.92084127773623	1.89666414622576	5.764149551271096	86.77002245234662	106.0014042486338	53.30085772257475	1.530967669817049	94.24543176259914	103.4052550795118	90.54760895048261	65.59129714455545	51.87797279777674	86.05017068370132	51.59856617086918	68.18162207685924	1.405475218298002	89.49998944781123	2.730573499807595	0.7389709578464116	91.60069653555537	105.3336431044329	0.7650352940273701	105.8905237516169	69.13498484524493
84.92857300015385	85.30662323667406	1.06492380094463	1.694485649225414	88.04040469551585	94.56570400957281	92.27657156168301	0.2642995593508228	94.78020099497073	104.2095025094638	91.45872982941674	2.376364228584667	2.450851442543541	17.06947149871391	98.82030377699508	108.7355714173856	0.2542081245275452	28.89443288461455	2.065508326246584	1.173426474965938	110.7261566831069	99.36921728803431	0.8607960972161468	32.52377882136853	88.19054255268058
110.5925578294853	100.1059024848452	1.630092329235628	0.6406216998285883	71.93655731940532	84.05302575644339	92.0796580833224	2.12146652406184	69.74596261612196	100.5376211549916	76.66798975085312	0.3520164531825044	0.6121875129046253	0.495120470492141	107.6198987430102	84.97083717121774	1.958306643748389	1.055471393953979	1.717919582097781	1.745533791160002	85.01813930019273	105.5635746109866	1.872995725321659	11.36608952128763	110.6471720259491
89.31867433665624	94.29738279460258	0.08640647344712596	0.9150615178789638	88.66794141660971	89.35100357053581	107.9613915381187	0.4586453062242848	97.30367948043668	94.43311005902147	74.62428444010418	1.751467561726535	2.977544252348976	31.27964025343457	86.72541641405378	86.33982390412636	0.008896175632756929	16.43805078730598	2.657904873610149	2.111119051534931	93.12189863878611	87.78456805172733	1.33591631677267	56.98075650733178	110.9535540990841
42.2315799000505	20.96203632704223	1.856953806398556	0.2704885844175297	2.8401071646301	1.077184139262303	32.77362931353401	2.400214152105402	0.7133236487774115	2.850450471331071	0.7129565287800759	0.2441703671969032	1.95567929337238	0.5934750594310287	34.46027985163602	64.9153575591921	2.115463981263681	2.457920495655334	2.539976481627935	2.745581454032211	26.62303357536906	1.514226601131629	1.635464387750327	0.4875659989414354	56.31747671711605
83.11079265695433	53.40365590318164	1.887812048804532	0.6127550373712951	0.9586019567786366	22.62316793719485	66.0083776489293	2.892288589772927	2.960459862911509	19.80552814197726	1.540420170234134	2.366443196052838	0.5053713061335499	0.2785527773256412	54.31183287338062	92.75642369042515	2.263135164763474	0.155373354295316	0.8732027611634947	2.524423556363799	49.60562806946955	29.41830778861627	2.189123557818802	0.1025310111291225	94.02473792163518
