82.85801990189314	119.0130561428437	103.5475047949702	107.0981871051933	89.15140308672289	101.8456170148561	90.91509609099667	77.44184555617855	78.25163576846252	112.4598445096207	104.8653467395917	81.68053109886984	89.05156681540002	89.35238958637542	120.8543929458067	94.25324722670796	97.31986480536811	79.63284437477759	97.71844185798406	107.5731642983981	96.60911183943936	118.0550025155245	78.36205946482184	102.2144616221528	87.12353201785622
113.7522533159423	90.17399729434266	108.94890782348	111.8813832499934	114.0929451155854	114.1591652276952	89.21944171667616	91.93172037682956	101.6158057114909	82.51759253239734	92.94248938138711	101.254408129762	113.9203992552839	85.19925097741346	86.2747591504496	94.91097067602288	94.17482234737594	110.2577444913037	88.15430861663869	78.52934608034198	119.0902702785403	110.7329721065532	120.0524438149592	80.86194901867351	85.60461965910628
86.85242384457008	84.72681298083478	109.0388072458224	77.53492846292656	98.85235822740282	103.2298605725786	113.1632091412372	107.8329334151326	84.49027910450181	112.2389211706272	107.4174997464741	101.4652928559845	118.9470653674301	118.78447179436	103.9390183700105	121.7557470518988	80.89012274087577	107.2967280159008	121.856469602799	90.67529748684565	97.19854625555304	77.58687853518904	83.48977395958397	121.4327999759439	98.77769187668463
95.21431830884072	113.6791341184757	110.646374273008	118.5362722317019	84.87088274196243	112.9187850410605	81.39589966440596	105.6569798689242	85.12540872480014	115.1038044840021	118.0745003364993	120.4241274764601	120.3584722921597	94.56470977293901	107.7372284962854	80.63011852047767	89.0047110881989	77.94657314115054	82.5952566221781	78.89783949230365	103.1339632448769	109.6423997437008	94.35019945484474	90.34592428157862	82.19289933942574
108.5218343438928	120.1869583935843	108.3304434473778	81.3921285781615	88.43609609776104	94.63910357639426	111.2317602096177	102.2137032843968	112.7369184532338	101.8036482428642	88.62941652122586	101.379833933152	83.72528184726541	95.88686677766367	102.5356691696615	106.7770399158483	88.62109568134504	91.40206945646656	81.47191500191722	118.5958552151763	91.57989221327354	113.3484285145692	99.83143029376163	104.6934828780806	114.640001329017
105.3355948593131	114.6990946284618	77.96968142113469	116.9623109552837	94.99390290374015	91.2705196801507	95.95143445181256	88.48921243331927	120.9429837936397	79.17407884146313	106.43923452752	99.71920722781253	94.92572611899915	96.78059852711604	78.66665716824694	109.1630382926398	92.616056037001	92.08793016388422	97.42915408329776	107.2119790713183	112.59878876714	118.9844873066047	104.5260295540161	104.6147576460233	79.1302084321526
118.9131547191811	122.1406129859906	98.87180510915456	78.57667680979743	96.85015615800228	82.63062706149941	110.9196762745014	89.24317967536808	88.75525550347322	88.69643344195451	107.5127085902403	113.1904836994555	108.6229483872128	115.0456812822326	78.7039036173683	97.4149242599714	81.41538356079593	115.9919535653845	82.31453790921769	120.3046938967671	80.80581673991514	99.75798587166139	83.77573008746673	114.1345197040217	86.28772043355261
109.09367114733	113.2253159785566	120.4721279458906	104.8483557314925	116.2804152974935	83.09664534401522	80.53521262473744	83.95243368843231	105.7734713785125	92.22506063844669	86.58707688353437	99.40099526207553	94.74120962249688	112.859914990528	108.6786818166926	115.5703826690171	81.45843819668468	87.74600169811879	89.24778455385574	93.46636772099507	91.48998965633514	108.7631598612847	85.00683047726345	109.1773496016049	84.23361968061484
80.01453958990281	118.2815578948035	93.87753584250035	100.8756335133599	108.5382527525388	122.2075986703952	107.5830970437369	95.68134989481041	99.34140745219793	103.4042793901725	79.22325407428674	115.5529027194793	110.2415989631988	111.3133900927629	95.88495877077573	82.27839390490206	83.53237201725321	98.72287349043251	109.7952289284251	96.81933544619586	85.81220858769949	103.4182370819379	96.44374977713561	112.0425362194358	105.8673329173569
103.6277493232742	92.43931112399255	120.098842129611	95.50724786564044	86.71609737436783	108.5372489808663	97.22433492892702	84.62082297029559	98.91643561546357	113.6574997142768	116.5525407308468	116.2334552880463	89.3662404982872	80.26053352064713	97.92362349381412	104.2202867188327	111.8336940091257	105.4079672784627	99.81604255371678	93.61877843358107	120.2917268982237	103.2525424612421	82.08497233839113	116.6536834546799	99.75058591209834
88.73319505391454	80.26363620906454	93.1283728704492	115.2068193582844	88.84100570799168	115.6466894098122	112.1257650771902	93.48465808484306	80.3916733606389	107.1334626709413	117.4414096386027	79.90307411876555	87.75446970023467	104.0050482692486	84.89408317737941	90.23942589385841	94.14445779417861	95.54601308543972	95.23982477057079	80.03746602093233	85.36446241862504	99.09633446123871	106.8911618566607	103.0925225814608	82.50951237959316
85.83707049037777	95.65487255073847	119.7459906311274	109.4265842937682	97.27274919668088	119.1928869357288	86.58322383263437	81.96464468697556	84.7820458060022	100.4376525433566	91.48333303504279	112.6124190987519	93.72143999100186	86.29750036238528	84.37306743410277	100.9992401687884	85.50461946506104	95.45369288352515	82.38734630105274	120.2765688939169	90.40052509887774	103.9619602224275	99.07457002179552	87.74067991164648	114.4092789974505
115.9971463073884	88.62172703697031	113.3576747680957	99.78594310052409	114.6956849518951	83.93168037837778	113.844570116512	100.2162851797989	90.66513161845943	113.5616477208771	90.93068484290114	97.42543582172783	84.54704441907887	103.2813674528012	91.71391933333879	119.8333386366493	121.2362278261861	84.16095756420391	107.2803521331294	97.42245515724768	98.04213571213731	87.43586200225087	94.05421698097675	101.0254823460045	117.3234102809082
92.5774129626694	77.99477814633032	96.11109253104327	110.7710211626358	96.27496692410072	121.1878173524241	97.82306096216419	96.11821862358842	86.01013874263859	113.2672821920593	80.68083769763015	85.97346640943979	100.5752925576177	89.36605054783755	81.46035372811481	97.25910405620276	93.34335403916084	84.20160691547392	83.97014485574665	92.16518948081061	98.9692133566613	120.9401509271351	79.48905457766345	118.2219846741268	96.7021822517284
96.91105559917548	113.1051592438359	82.85126334302112	93.87439020793792	108.1226351038568	107.3185361151424	116.1586675469655	86.57131392861405	80.6262218942543	120.3727216173745	99.47328238908345	91.38354423440323	81.89154579445085	80.98524726788592	104.0585356518029	100.0056511549372	79.0690537570723	87.31655252977092	112.6238728311316	88.83243413824454	112.1470039285348	98.88353310353151	96.80940400597449	103.02383883725	118.5039902560156
104.2066514055053	117.3169690399653	121.0792208334806	95.38443521386856	98.5643929038809	79.70836105142617	101.9801748164687	118.8866271412296	83.55812421691888	102.6802926889197	80.32016011336981	93.11694370188067	81.35204998985247	111.6875215239092	107.5397188334402	85.17215245658947	113.5458324502914	93.38976802182812	102.4892978640249	110.0268632625383	113.6570908974121	80.29855119443462	81.54556663340637	97.4017651900857	113.7267557070541
99.26066606155922	112.180199690494	114.1010430955402	98.15789769357174	117.4395461665116	89.46625518174443	104.127647328594	116.2045760426898	86.48680337657878	105.9465594804749	117.9464281863233	98.65001418639017	109.947793039725	95.9938457853963	121.1985843065706	103.0702406529176	93.37393347908395	78.08298134463486	108.0212840411214	115.1366114515862	99.46048593188833	116.9669806647106	119.7324879713175	93.93612807634318	78.76810529909977
93.09547923364546	108.7952100789231	94.93053709720185	99.66353871500851	121.9384447185205	79.27724395663581	85.39787180686369	105.2169526737031	105.4408282253638	120.9185938628255	113.6870346636415	86.44581853281487	111.2211187061756	106.3704295701859	96.67078537535693	100.1672909136732	92.02929212743699	111.9284687507275	112.4639468802708	117.509635793258	120.8840644981726	101.5087738344975	89.39644865682476	108.9548227857092	114.9942481452859
109.2048466976325	107.1586285553591	116.210272435914	112.393035710157	83.08825938408	120.2352141438547	96.95719824173098	83.64997416131465	98.41902819011645	84.68227501290373	110.4172894733959	121.6513683171675	118.5966619008698	79.60033162588826	111.4450371544397	104.6315150179486	89.39908088977887	90.09749634957511	112.5261095280761	117.2198291453123	105.0988467709778	114.5505995803381	106.0926476456065	115.2102068294265	104.8328002420909
79.49268738038535	122.0167726143802	77.87835464207812	103.8229686671039	118.8312406489752	105.6517521507743	81.72595028764691	80.89318064549857	89.48741587381605	83.20182239524465	86.09611050195201	81.38075485395116	102.9103687636619	77.70180353297754	111.1055588266939	93.79292395089618	117.5613515976124	109.381765325119	110.2132495626306	114.159130641072	97.24728862567865	79.57706852965147	112.6180509176026	119.4807204309299	94.96096009662261
97.69667791996292	87.24419538416284	121.3177402156071	91.5650048966325	94.94342108080434	98.81153735521792	94.10977143519649	100.861094501978	106.8390715140682	111.8077024200839	87.04607461475892	87.95809696755566	97.20608123220866	119.7484157830902	117.4380358697324	80.60198606297131	84.09682963161792	116.2140791769717	85.20325105921596	88.20005296518572	85.15761799131715	104.7015564225903	117.1968019237197	81.09816599948087	100.2270756409372
101.6531588805635	78.21344221488577	116.0179454291035	117.726736778751	122.0058858675471	105.0333475065362	93.46510309013283	89.61780044494536	81.76247644032112	120.0265709728735	108.1703183734868	82.15504345994323	77.76609861749678	121.0868946203996	106.0530837878583	89.64582686796946	97.92677322787605	91.17112350854804	103.540243197675	79.58950710908616	104.2561573398761	104.234223296909	109.4281045661203	106.1282625220415	78.5567799258953
115.1003759705431	113.8667187462529	110.1217304427499	79.22928945238189	79.79975030978579	106.515567200284	101.2932177010867	78.02611213712613	112.7145852403348	82.85344606881833	103.7867470507906	90.58034304185325	79.2217592941081	114.1604595737771	82.0222684758871	96.90122566775369	115.4610987059865	118.8403932493412	90.02324497888479	115.6470714587665	97.04543281944055	112.4240562125403	82.31123080745391	101.796617866269	117.965598160081
87.74374723790865	82.75281860874732	112.6818689174419	116.0117198276416	103.2371735397004	91.79932082749417	87.75554760823587	99.53589976423333	117.0995241271453	79.55425348196323	118.5711932529102	119.2535900685209	94.94852105524679	99.72532229501113	81.75085216806184	108.6580345901355	81.11592815491348	90.79052622699737	100.5457930203945	81.86835363060308	95.05041590160317	93.74752318224084	88.06486963141123	89.29611898918616	84.91728480478513
110.696962511158	121.0126974842453	118.5375460927366	118.5994733983501	106.8202306145191	108.0929388720427	96.11534410763316	79.48798293704992	112.7662238748108	98.10484020272966	114.374354243018	91.47239902242825	119.1540272860961	114.9842964482746	82.523762745506	90.15892821115976	80.5175858722036	114.2611557189663	116.0920650076818	93.66721761927624	78.05291379805905	103.7216669510743	100.7968125335215	117.9142051622708	111.6372052813969
121.9934561250163	112.2450766216741	113.9838126900064	91.85200079584243	94.58025992684347	110.2023531054056	102.6636392626763	115.7193647371053	103.6716277717911	122.027202304618	108.7405299426105	94.18252384739077	121.3769625434581	103.4463777427833	81.28839121959095	88.34144771631385	102.593964737122	85.4104536376023	84.39547225323199	92.18103739866187	86.88795476992394	92.10156665523169	110.813626160569	104.4224160232986	100.9030979314353
114.8301320975783	94.64851878111693	87.43220096004411	99.94451728936998	120.2976212877152	111.1504165234068	120.6251937395296	106.3167590498684	87.05334539079375	100.0541257558545	91.92509856589865	80.56052205378927	110.1157146925125	90.54757847748623	122.1587920832727	105.6581162821017	109.1802638419234	99.78982828159828	106.7780561664276	90.15807473507846	82.63031726460883	80.24472582261183	91.21678417827847	113.9617831440133	118.589561082132
88.3341519498626	102.2204989597586	77.71421460451766	120.1392505580213	101.9620870351877	88.9318195828382	115.215775492427	88.28925357615367	79.99138924531285	88.38655023870704	116.0929210022912	80.36393092967093	111.287255577488	83.65795631854554	113.8101497114871	112.7353771582384	119.693328182684	111.1940765347512	86.82636032353639	106.439132117505	82.26671769334212	81.41931209825469	87.26152026402534	92.9355783976516	100.8962791780539
120.5409021170834	100.2547574787659	95.17177956793149	113.8466457069631	89.33382331172972	91.17030284172833	101.1653665819531	107.5267294241489	77.80400601514783	101.7649875865601	99.76739771937166	85.00283753015337	93.44195866094215	106.7182689035684	114.3630278619151	120.7996860158259	77.2552115190681	77.56972585037525	91.15224270554347	108.036424026758	79.87782193200455	90.76600882273053	90.48081634857166	107.9276142149594	122.4139404523021
105.2861704694882	86.22355472522004	101.2101218319683	79.04557464750511	78.72510104010973	98.92586045808545	81.24865334164336	107.9830076970706	81.60719668417845	81.06645837726543	121.8468424604035	79.23967675423997	120.2970482632675	78.74371169568332	82.83704870944939	118.6463942479301	83.56557166824959	79.98082149691527	93.23288631799008	91.17745215898486	86.18879785014212	87.43060041706235	117.9759285831138	85.34960724525271	96.06722742118561
119.7743255323952	81.35472492762891	117.9036598437376	116.6813479607296	102.7026373268428	88.02319753328342	84.48617690104395	106.2678744188158	110.3310426100699	116.9243500799311	86.27000820521542	88.9481076256844	103.543492057913	82.73912832785956	103.7656794889023	115.2345474853495	112.0427302463656	82.71186684382786	117.2413507544116	80.8303048065893	120.0956678772685	80.65896182053848	107.0763916605785	92.07298120667029	87.46795140086166
98.89661801185372	110.1375250611143	103.1456869886681	86.07989571555161	108.5548629052184	96.05875862142247	82.26723545945256	119.6462857163476	120.8328800385246	116.0274821247801	79.22337090222759	99.98679459183947	101.9879629442795	90.4948282016022	89.43991981661655	102.0749124920211	117.6156841901407	106.242583587949	102.829171210033	111.3562841571945	94.79805174830713	94.36792382902948	117.4796787696515	87.28494350270827	94.49055772805102
113.4804745044344	78.68054350693072	104.5131359168793	101.3241184398801	101.6618902822648	103.8147250293794	92.48325777830244	84.70746511014684	77.71512734942056	96.37731505837759	89.17460697471222	98.87114359286443	118.2402223998178	94.54100060461529	100.0626185998389	85.89259853061398	81.39811922778831	79.77721727321743	120.64827837151	79.77008840756147	96.82746302729788	92.48246249935372	77.80442050756164	81.33028547674442	115.6105703308759
102.5551087256165	109.5454124129239	86.34640915129148	93.64075348849164	91.77266204200781	88.88445274411382	88.22849628215616	119.4918069287427	82.94699363271158	95.5236895466883	98.33672370989805	89.53449507657984	98.11355069860633	119.3279857329464	100.7776824726257	110.8418173694303	111.2929636958494	99.88438016573915	115.3268913867854	119.8965918197336	92.95913436257401	114.7672608779076	82.03064053651391	115.6411248194375	109.5383136969917
82.62176663146366	115.425792413221	122.2552516221848	115.271416836779	85.89404100331798	119.6381958396131	113.8114405660139	79.72882611488977	78.97916086223	85.11482050030742	102.268854968409	108.98262853767	103.5108102279076	122.272881040549	90.35536992379681	102.7743936869352	102.1160942709777	117.9863820496337	105.2664366834897	84.04325156600085	96.88742578290552	122.3584195327312	120.7989221257192	77.53627628253876	82.57664178301442
84.6449930664933	121.3258736996521	100.9845656194909	120.7190586069475	97.14483213158337	120.8673948905902	103.1319187349301	96.02836415699436	108.5894347193573	92.0952370238013	114.206823370448	106.8412714955374	108.950349419093	98.51141249809118	121.990961664658	101.9361139447493	117.7829127774721	77.46716914452654	83.66435077149086	103.042532101689	93.3367817008472	84.15368216133758	118.0484481963973	111.6565002742181	88.74331317881391
100.8025653117457	83.04121609727194	110.4927033062771	82.6114341919765	84.85139954254258	116.9187506278557	79.08747001181275	112.5947342364593	87.15305208532128	106.4452527130633	98.83583288554433	105.7541050664306	110.9669678189668	102.167086715597	112.1888097371045	99.5503398761162	115.9501228215941	86.83096605780341	85.68175530248837	112.7492821909225	117.7953538106285	112.806687697615	100.8339857058249	91.83237310785407	83.97997520678746
102.3258046548659	88.96765260619131	81.43689218861888	105.5164217579664	115.1058359557036	102.9949703942613	94.79162438987873	87.1235109937077	112.1357326638694	97.84433433882813	94.83183753330636	93.7554426187603	93.4710556679108	94.97608388110754	94.85620987820494	120.7378759342197	117.147213893105	112.3968572504117	82.45839852093007	79.23201293389668	120.3667656836433	102.8079889601496	78.44523346416604	78.4302928846986	112.4833198423061
115.1386467300826	107.637056272214	108.7394186865857	85.24840450450554	79.90809620217941	116.7082811570735	107.0438052433345	85.00956422238295	92.09968281986761	119.5782060744659	108.908962274185	81.1459937799787	87.35562048919098	93.81997474015918	83.49429340911935	91.51740611801065	85.80618555484425	105.1978913505052	89.11973944796962	102.268785410164	120.0367190409447	78.65025523550622	93.28931375934894	86.62796754614205	82.61448087323207
95.77329244599639	114.71722396061	115.3103695048704	121.0080955288886	120.6339305598758	116.4632380415133	80.49264553641353	82.94075674196591	80.05737244520513	107.527137404505	84.47195557933541	103.1995988527333	118.3070351875147	109.1813909670813	96.19148297882425	118.7563541167377	101.2526986772884	107.3418854698177	107.8252897832705	84.53622352379482	91.21660802211007	110.7298566738399	109.9785200263295	114.3983408002784	104.1710524993785
101.0871950677148	81.39005451255288	115.0570362422531	113.2936665253871	98.28431876299119	80.4586006982363	85.08577197902096	78.34200576155411	120.4869681414553	103.4473172470236	78.81094913408825	116.4370176008886	109.7076198653786	118.4647469604713	100.4578328650393	112.411474805412	109.5308042464667	115.627315219586	116.7372056894824	88.22980381891121	101.9882271703605	104.9921671448202	95.20636039999663	103.4916748636097	121.68649683046
117.1236850815661	118.2691569053243	109.629987374322	117.1729270437025	102.0594953326056	97.43746226872267	105.0313858921398	86.31944061242667	96.93298045418123	86.29021862677452	117.8731950860506	91.57838804473754	110.3320314887066	107.5265833787605	90.73783737908596	82.17891645321592	121.3485729684851	95.60532714950224	119.6314325293409	94.51081104511002	118.4928629493208	87.71019054205854	113.3069779521314	82.82200479997951	109.9110264161959
97.13494609528227	110.6868814938004	101.1787991747626	122.1840088885473	96.34630284772595	110.7845565311192	101.5282123168077	84.09034948414298	107.1480186232362	117.5282017818909	85.26107594530167	119.1994652814978	112.1562922949194	96.45991442523562	86.2610189203097	97.1669785948455	86.12011084933972	101.4172074917686	115.3910397312479	108.3680361750014	89.09137798431252	79.71560802298846	106.2918229429347	111.9695448614654	82.97156471929809
109.215105811498	112.4362520001837	92.8729137311808	86.96326751834668	118.1442583496578	110.4434841589906	105.5585782863665	89.47422742396898	80.23152228832259	88.44766551020781	118.6300410672473	93.35242806815566	102.1295774662779	104.9767650094084	113.3954526179293	85.57722395111777	91.49085142084186	104.8225937010253	93.77777219941366	114.1970403346376	118.4356009146017	92.35197261916977	81.86384704727811	103.027775095046	99.27473784378131
84.45323552155334	105.7383702135651	102.2348497381124	94.74701239720832	111.3012605639348	118.3899390150031	111.1728701884851	116.5001062425096	80.33123019566482	86.68319392943158	109.2660450702594	92.91385759045554	120.3535506785818	111.1791097827507	105.2317004538534	82.88490529778957	108.5678080416259	116.9721229949127	82.26537667389685	77.83140374520745	93.59176564058528	107.6750534255911	104.4467937954074	77.51505213763276	111.9665832973558
88.33775763757278	97.98501921368791	97.79332411717525	81.714679348785	90.78288348389948	99.80063574248331	83.31686832097604	105.9601414427576	105.4532621173653	108.5035676796349	94.29051841178773	78.87171905267213	93.90582033137788	84.3638981908922	89.18811462339174	118.7720523756075	85.73483911230724	107.7540340619207	103.5334269224724	83.51852999411656	91.04573362075323	97.36446539577761	110.216943251367	105.148012924244	117.4057705822214
78.77046492791798	100.7849732397952	83.96080398093351	103.1428271897601	120.1960357548503	106.5602165282297	99.8441492752379	111.7962532227515	96.71316755797081	120.7602018552974	111.4348129243407	81.53325094862308	100.5425784775946	89.54516322249596	80.16466751274488	95.47350255844962	116.6518532806236	114.4527060077051	111.024366834941	78.51799192462484	88.47360909168287	103.1904246143559	111.131373286716	85.82247810931804	119.7054145666335
106.3923220735145	107.31497064983	102.5116766170023	99.88008511340922	98.87125358286652	104.2556304270505	80.76726086214786	108.4852958535373	110.8524516010472	112.6374376075022	103.3602385955537	112.7305294493667	93.4074366809328	122.2639028270014	102.4517524838072	111.3929003731399	95.77592215407316	100.6456457206473	77.82224744131567	102.8589316524632	113.2662388756565	109.390747744642	120.9738108921291	94.64857945091595	85.59354580859983
109.8057890542043	98.74327372235716	106.1050990803745	79.1672907014048	94.17135765182289	77.99760202402233	97.94764985800353	99.53838091659119	104.3469787669525	119.3168010292522	97.08328749722511	101.3635169082962	114.0007266652134	99.87224517772199	119.2044329542217	88.16066981541317	83.34007738417374	77.57389722552075	91.18958024513358	113.0306670343844	107.5508232710217	92.16860540065008	116.7384545996578	107.6150554902996	93.41559984542792
121.135443953334	116.0893410389772	102.6738308244321	93.33186752923747	79.43763153099994	103.2614524049639	109.4434727925858	115.3449728274929	115.3437781570727	120.7920377367053	107.6121286451094	83.28315365852293	83.16477674247928	91.73917621453072	90.42446852749731	86.53769016995118	114.1125532868936	104.9948268006801	88.53588566074755	109.9218949616983	107.6850999046305	118.0678396034046	99.29883489193055	83.75516983344698	90.47439354370498
