103.5240485095577	117.9719261010578	105.9835398624038	103.4476460719191	120.0815258109288	105.1623893836065	111.6072421490128	112.4329576642586	94.69430939296898	100.633501254186	113.4769224464179	94.29963481773714	93.16602977161889	104.8561916866116	118.5690808913915	79.41266407094201	111.7358948537261	107.2159160943621	98.09433078947141	86.7760567363934	81.96775483997004	93.84165502707501	119.2460404103561	83.46212438017022	81.3153987681319
108.5903456917952	119.4919826907547	103.720870264995	121.4840350639131	100.2968183687723	108.7123820857544	95.40806696721793	83.62974757967056	95.63631671675802	103.6397172895991	100.7633802239165	114.9003077398574	110.6599159095196	86.50905771320816	92.41132575864198	90.46359874828987	89.40338749816328	98.13438210831525	122.0447366686633	118.7907794941858	103.7248947688366	121.9142216221452	96.846882761012	91.40980148362597	113.2816446382391
107.0485909483264	110.3562540891537	120.5294877495336	83.62319082224165	100.3810539223054	118.2322247220389	79.86554299327317	99.32398434308521	89.15796559899704	112.9707814733635	104.5171876100825	83.22158149595874	116.665138624951	120.2708884940944	82.2344587855404	86.87030627066916	87.8002726957416	114.242626288436	102.6159457002486	114.6571844955618	119.740462915589	79.37150502095811	88.98588153297707	79.51434946281115	94.58733463252182
86.12281607426522	100.1124979368455	87.72545769804582	90.70984740353464	78.5379427818032	93.88349563125237	103.4764770550461	109.0820818133861	97.13017622394671	91.07081606874408	91.19578915393903	117.1061352436035	96.30741392521708	82.32368300982876	112.1263458492041	85.30787128763649	117.3476192125237	115.5217855395408	93.40900285123718	80.42005977327052	104.2364569536256	113.8681750026905	102.0421634935032	97.63040259246651	81.49918022981677
97.66112948363137	88.75853950555826	105.4926956618384	78.74175422515474	97.31773348088862	98.7071129646412	78.70997512975769	85.30873109111823	98.72513653852205	112.6608688297408	107.0943810928494	93.24418143898977	79.23210939035073	93.8245499685798	100.6867283525867	117.5875431237929	78.00086830600159	118.3823533435307	81.97404043567111	108.2653753733165	94.01328612188762	85.54009817319881	97.09203832332817	107.5767895395057	96.71509742325529
80.37301829026799	116.7270218414665	95.08790091588767	119.2055738821881	116.6893692611665	92.65354746956847	98.25941456262112	86.11329401536638	122.158313211766	78.49595990180258	84.52235472521978	95.79398197876114	88.2338844263576	96.18845077826757	92.96464085759339	108.2144238447773	118.3741826190023	109.9181727823261	118.8708803122794	92.25304139714748	84.68351909528791	94.61989573317342	81.78202536686592	91.31754059097437	122.0945052928294
101.801302956204	116.6316470418856	83.0349014653968	111.6952637804146	88.33671841249327	118.7761402778868	86.76977717236639	105.3356378771116	107.0355506022132	111.3712979390292	79.76126056124609	112.4713843134389	117.6487239385343	87.55397137848908	100.8114559414927	94.35058958677581	121.8163907418506	97.18826195599989	111.3714979550249	104.0000407828883	89.47751406317246	107.4644265759472	116.9131138740911	106.0705858197441	87.73459865384227
92.08366747901022	80.07331239569693	102.2786697606367	80.46796914864527	80.49173652881612	95.33686112235247	78.4514463326343	96.89337584216997	89.61301598587244	116.4198492017167	117.8540965827976	82.86188918317117	83.36773821755821	88.48726866504404	94.00585760013311	103.2799716266119	101.1496541756487	103.6151520037692	101.0089085345794	111.6390498992594	117.2197890640526	107.8862886360707	99.62374918847007	91.93518478697126	115.6161512814511
108.1643468040241	115.513564792018	100.8082871472365	90.15833396891172	80.75181178192945	106.2119345108244	103.6357019704978	118.6675988922166	104.6814865325821	110.6695340076432	119.853643428548	107.9012803451977	108.3104203063091	85.07259796019829	110.8757884619019	90.37305360250316	78.03359059004612	95.38396964026683	82.88562502140557	98.66184766938778	109.6221648053977	94.7497489608142	95.94890618730602	115.1577731381278	97.98876400100923
92.30038998514823	119.9930632196284	111.1863441490532	116.0853161748206	106.2131618960208	79.00930578147317	105.278607453823	117.5290429986143	98.11780633921397	101.5473470031403	101.2736514516705	83.28461184911993	99.26847127137755	89.51345470034222	88.36770988389239	88.28581968790874	116.2273256314561	87.79010308450279	122.3419806861305	83.40765110297237	99.99457505604363	112.6709969318164	86.56485462756194	114.9145360867232	84.80702214094089
97.20840691628749	110.2974298142447	90.85528823086304	93.65065031691351	87.75534415971423	110.8168077888183	78.5717498598019	97.8944601133127	96.37688368279183	81.55633645475663	79.19184807786921	109.2287799527235	92.14404385745915	81.44381194020298	111.3165523241738	110.637018809118	100.5463680719273	108.0883185791946	82.36821000186781	87.64747516076775	117.7121258888079	85.50429649703996	87.76406108251037	113.4796406879198	104.6409336713906
119.5386191337374	93.02159963037609	102.9097508138699	110.6527371574552	102.3405269355202	104.491520747357	122.0985041062602	94.90224196125689	84.88866093313824	97.47300808482788	113.8441974587128	108.7189448829733	93.34764874084827	98.32735228370639	118.0131346666639	87.8855653062359	104.5876703265814	88.80700899420188	87.58678383936535	117.9583319688269	108.7857284232077	120.1473066138036	96.98587853101554	88.489340286003	85.67064552783661
106.508392711545	81.24349012420075	85.7440375667896	105.2310372083823	122.1238315074382	83.86046564316661	93.6193539948305	83.21474296341042	104.8889215741468	119.7496825045255	101.2102359156183	102.5171077808051	113.9247892908409	114.5691924467918	104.5547769797591	97.44264214691523	91.52142043821057	103.0218486949302	105.0999601598528	79.57207062868063	80.59723420389075	106.7617571193765	107.6080602630509	92.23745499470513	119.8851822683085
107.1138577966099	82.90297163782893	77.5694722845388	95.50322077288669	90.37986944119024	100.684440230691	91.39260617014378	97.45479938112206	87.30327758751474	104.1546813499274	120.3980182321362	111.9478386955102	91.85200139643375	100.630145948853	106.6896037060334	120.5677206015364	97.28575239419402	107.2957654951086	102.1567622257618	93.91760481625371	80.56402644308295	98.82434855559453	101.2516848761451	120.2008122800901	105.9387208018992
98.84423113633757	99.95969840660769	95.44306668611776	115.6825470187396	101.2360725976224	84.79484746981555	115.0449945524805	108.8255826292865	107.8621135541194	97.36335824137245	116.747764221098	94.37770978929689	118.2243265486773	109.6594789988479	86.15940112152768	114.4712293571267	86.15743660471222	99.74090058248424	85.30953070428438	111.8965975294211	87.04667441216556	93.33616797940715	79.0598341538248	107.9286567363633	80.3190940907962
82.76211822303958	113.146144643971	89.14291352913767	101.0236285792076	104.1037955806506	106.1330253161069	121.441430986342	83.29515302406723	107.4551828058335	108.7576607903028	116.8629893862204	121.196801215774	122.1613647612154	86.83544710755851	119.8943917974417	119.250835780669	77.9058806145417	102.5990166525918	94.31504342454284	120.9983857540194	86.9343037067076	82.08082326096707	94.97758737978418	103.8630753945586	97.40964384719203
104.4183814204355	112.812588914665	119.9455472386671	99.46452279682785	105.3102683057579	87.43027650994617	101.1454398251133	96.55981443526166	103.6263471341654	112.585731310141	88.39042864188571	107.7549539130861	102.9687211251875	109.7995706574343	118.3137302345904	109.3534786157914	84.17831578098789	89.73419613325106	109.7745657952713	109.573517610364	113.9593339393535	107.843192032142	103.6744417855075	89.99556484426766	106.6636407229792
101.9960665172087	106.4649301663262	108.418584579862	111.5857606761746	99.1271139650506	113.2597156729436	88.98483398679744	88.26438966041516	110.2412988057499	108.31363474582	99.46036108415484	91.45695276103324	85.28974965297394	105.2649410657434	79.98117583243246	110.1344651804967	98.10903557294115	87.19329687281028	121.7148966287734	99.6394075618929	104.6309057403706	114.6810392391792	115.445538886402	115.6868029764884	104.4853426115534
99.98700246907622	121.6444796247352	84.98195303016492	89.12661877315634	94.87710796027187	112.1391858421462	117.9688226683093	120.9174802909613	101.8052398497006	107.7462731186004	96.84504782280354	119.1074503593176	95.63886386180562	110.3411839653174	109.7635692954775	102.0761312093921	117.9643544079013	94.12600070054916	102.300591370749	114.2925117885163	118.2669278210312	81.22374080063425	93.64197311313823	105.3528470972672	93.41818832409055
77.52741782763144	92.50690679309095	106.3686794085131	116.5727643495779	96.65856716148829	85.16730983035562	95.72673400376679	112.3643572598539	83.5719743358429	100.0524363045082	102.3391827943102	81.65810904967735	101.229344909968	121.3825354943567	116.3279162842926	116.1721755493932	99.34609556554454	85.36985047254545	77.81044292377005	94.34291680290787	97.19549992785497	84.83983437917887	116.1203479992914	117.4537623425248	96.52650907024412
87.64500133127569	114.3612021105045	96.67556648023147	104.2001874409612	109.0659628832341	119.9999953178351	97.91214361159082	97.73455258905801	89.91375364614109	89.64137595900688	115.2629527139676	85.51226990294893	90.99373624157728	102.5980341500915	92.81261518678843	121.2116306230409	98.78026087775274	104.1702448591851	99.74394532490925	106.9080369676271	114.1480143152298	107.2236282638156	101.075550031597	116.9201322439671	111.9013465658845
96.25573871384023	109.5156903058519	104.3910787957909	114.491752571758	96.59997567569496	77.77495975477821	115.9858433463421	80.23605967053004	118.0737129411155	109.7224753233747	99.57577162932427	88.40820395353084	93.80648934447393	100.2155373179137	87.85870221956397	116.7458708428078	85.06206641854602	104.7273623546001	107.3722467969549	105.5991050765071	122.124108894174	112.7491937574256	78.46119998180291	118.4913345850645	122.06440544994
79.38903849597631	109.464558599927	93.75015364256217	84.12540087282098	122.3450816311208	94.8719157739926	97.81586662851663	82.2201340624204	108.3226933787459	104.1915776191705	97.74211702128224	96.6510341713641	109.6435451086408	117.3498155480628	102.8027939746841	117.3221230748774	116.5522849010898	107.2913988834155	86.85014958453719	117.6466903510238	115.705921890371	103.0998794519577	115.1836545751625	105.456498739095	114.6553806365764
120.250544486688	82.1414038955829	104.3501837933389	97.09776049122831	103.3241443069628	100.3310429069141	120.5893053580371	97.05571814656668	110.304249839445	118.4530532748008	105.8613064675338	93.53822861469243	112.0385730243354	122.0573668312117	113.3448726434187	91.61857317007156	83.9755391066147	111.2423810025033	114.3614179950712	97.19216058617769	103.1133255432553	120.9333744676609	105.7785882627387	78.76014277547637	86.61236572238289
92.42297237958144	86.01865603032591	93.43455652133308	100.7981633673061	81.64375865171527	106.0254141952782	109.3190194560497	118.0677967135273	106.096363733184	96.90744379215676	88.96204264781831	120.830822706765	98.35144791265019	102.7690525302832	110.4580469024193	79.53890429176921	113.5701075453331	108.0360298684895	88.05597144376969	118.1006166207526	78.23699883181985	99.18346884119249	86.16757364438543	119.6335971112861	95.10704436791328
99.86486093495955	104.0204513134078	82.98654669199381	95.69402539766688	99.85216866897132	99.49640137817342	95.62412905911668	88.70044312335378	78.71116774281099	89.66379271331898	94.81420790061398	79.73621090230816	87.09720510954864	92.88993353707767	110.7260638092196	93.30640062090548	85.78972353184734	117.2818459090925	112.1973545359322	87.09564095890852	79.58622454810846	98.33279007554316	108.7454059557404	102.8845080530484	80.78697949616316
88.68158698947892	99.24321971466787	81.49987175649608	97.38140317793943	118.8807006552286	112.0206953641849	109.2394774136908	113.8984311796655	115.4551926020883	80.37139254142078	92.34096274376861	120.303092302375	90.75350409047606	78.58252526781999	114.4214026879892	95.91170954328668	112.7608921591222	82.29693507258794	107.0825290093786	107.4616995663533	113.0937038051911	118.8212298001994	122.3747362338866	119.729679918915	103.7378919837438
114.4056465366097	92.02202240764521	105.2019822954076	100.2913660176394	121.3564721686993	110.2175497131384	121.7366580013992	115.2263169744224	89.80913740475218	109.2045155779235	119.9574924880274	116.738247816716	88.19362058927027	94.75418217181704	119.8191699380731	97.97094342540359	87.56137978112423	117.8072069251853	114.6376836638345	113.7016511103894	100.3363312677037	119.2671435824736	88.3211212465097	102.3250156422939	80.05542705878717
96.99023056663373	98.01616806665174	88.21087328365209	115.8802299994786	94.32457689390253	114.4818163255456	100.5509253663869	106.4154718759305	104.92966784071	113.7597951122648	117.9791515844664	81.22076113715168	89.64875216611759	117.5075552673457	92.52933712386765	86.58307183399936	102.0897397956486	82.26256113924632	94.36683388775455	79.19489937470867	88.15989384594744	91.5820888366859	113.0885852848415	100.2639670905982	83.77247351102127
95.06625752412921	93.60938777256712	117.8186098926686	102.5247350559264	88.89074818445729	95.73133170347758	108.2761748900296	80.02209400129553	112.0558047564521	116.3868352440089	102.0491901470329	112.3280189840384	112.9086378651647	81.88506155892688	100.2579613582339	90.03849853236058	89.24826867807352	118.3022258720359	116.2448191050609	107.3910461482101	99.89886591377893	102.5956451649281	117.0960580151692	117.8535052549979	113.2175271795665
91.83844434941227	83.57505182051841	101.2341321434945	103.6875881370637	92.00658977069321	96.2864990095013	78.74746894278583	87.30178841625558	109.6668376065113	110.0521643632752	84.3245727368119	106.4739915081005	91.45332777862433	119.5929408635741	117.488777521494	92.28862149801131	110.2324709391644	111.9047935813469	86.41624754686187	91.23330936952409	97.37615126868226	91.55539673705114	109.6636713611907	90.96999166479463	120.6576020247346
103.7940709956006	81.62653307496272	88.74537861825394	115.3086808988263	81.5453431356847	113.2339644506137	88.55549891703504	109.7903819212889	78.04408112895659	96.61092568868807	118.0947139098643	109.7311537901335	85.77221982867029	88.3242711970023	100.3458482601516	89.82329747609631	117.1091821934679	117.7622769571574	85.21150418950378	103.4800721607057	91.76133512320656	112.506550543728	79.42606369069306	86.58768881785774	91.81025562142563
103.3373123566883	98.44539355698691	102.2825725808688	114.9009490348948	89.05876293716642	106.3348711784561	107.7506309759117	116.7255479487613	117.0202606033654	106.4751581906782	121.4101698148262	79.30736174662262	89.88115366318965	85.983506976333	79.25845046067444	82.8942767661609	115.6938929403522	87.15122913406498	100.488768987149	116.4986832107475	93.06526178961421	119.5223082246428	84.34631533368396	84.68835489908086	119.6182726383963
81.0348852787064	109.5389068759686	95.0501095013868	116.8067705414452	121.6089860984541	89.53578105798698	92.58478485736316	103.0312428180313	85.63061503970289	108.3156999258729	79.39882274885333	84.35680102788399	97.68487547495543	90.69495840206351	117.8710740681008	114.4390422569833	110.9382651097058	102.7327195533662	108.9731394661606	103.8961809205625	83.6903594251317	96.56405592750593	78.62989408426118	92.30449529077048	118.9249693947818
85.58768958040538	113.010538904006	97.17292005123039	100.5521641325346	108.093617941859	118.8772958882337	80.59226368867459	94.0384313144847	90.13694144521004	115.613467684251	86.59515106285203	85.68365254696801	112.0399078633889	88.11150122617397	122.3866999758959	102.3738819285128	85.29479285669728	102.9648970930108	122.2555922112967	120.8183222759842	109.2237351682601	78.51033684890693	84.49617363642702	108.3691407924713	95.65583439507304
100.6992034356439	91.40342849291105	109.4542679449704	98.15991768208259	110.8834568609111	92.59040563565358	118.1359709828025	88.86374369375298	120.2288623486686	105.3937278733223	93.16321206184128	107.1360117153781	105.6134446962912	121.2476843173505	101.4523730627442	114.715096525476	118.9344140572122	85.77538378091526	90.24495184258122	103.2474367033076	86.65716984464349	86.63657843728431	91.58459063037158	121.694765767283	117.8721059378645
114.5221344301527	98.52031284175624	107.9016222105369	102.9041811160609	115.5651862958239	100.4840292671589	118.3485035030289	77.48943485136427	114.8661190124657	120.9537253441446	83.70289414466521	109.0752764490939	112.5845527435874	82.70833752352162	109.5290426064578	83.7681700635666	86.29784934924844	110.4355972243799	93.4465362273436	103.9505577434042	99.7296130004098	89.7190114006011	115.5114818295084	98.70903322900449	107.1149905101688
117.4942611181235	90.35139751337806	94.29891548704222	79.66200899243974	94.86338111127225	98.10125957294353	103.7291045193761	105.0963448996889	103.2739578451968	102.4736974793224	80.4082165718916	86.69855617441466	116.0151763357088	82.26869966831964	100.042611514685	93.1325629316423	80.51771380229447	86.49662118393256	87.88345731044808	110.0809813208259	111.1426609661327	116.0658921326643	97.69205757010982	106.5570006282446	116.0650263076675
83.68100135253667	109.712746777218	102.2265421833672	116.2156182427494	116.6923927942558	102.7920998718573	106.3537307660224	111.7815541242605	94.1846550242465	79.733857775079	116.870677373516	90.53143827740885	90.44313978437302	119.6808885518742	86.80000484071311	110.7568399070062	83.56997059449417	105.7062515977573	112.8431752906333	117.8087165228396	99.20920170612501	86.16399007577455	85.01118353096214	104.7998621818639	107.9237349561118
107.7966528715599	104.9535067538522	116.7032849925097	101.6517724445136	85.78027414858795	108.4586102090597	106.6242414946242	98.23994186915534	94.52577461252901	119.4971603347647	97.7180465310875	105.7773031283591	96.52974879793669	121.1952555427822	90.39514246932224	108.6437604274319	92.12480566829683	114.8142762189548	116.1033158619229	78.41266896803205	98.79642981694013	95.89251842343418	110.8753663222294	121.322304969011	110.038643470329
97.99997030456584	97.2396553567952	98.42313911879842	96.1393481670062	110.4207339769316	102.4597697321318	85.71454743410406	98.60762773240671	111.360484090866	82.32736628100123	121.4215342154054	87.42408590114859	94.09065538243814	98.7842349639517	91.82025564935893	114.178642379679	121.2085839741441	106.2026464627762	84.74813119979036	82.41413716649247	105.8452031385055	78.29989722437838	85.1395848286673	107.3178605619418	90.7720225915016
87.45972740879797	108.9903187797398	101.8188298693294	104.0960042289737	99.00470169053682	97.81834645210799	117.3702512157389	81.30265971792731	109.1026466080965	77.91276293875407	86.01507310250096	80.08217016706892	104.0128229443126	82.79411980530787	94.13163769092318	108.6585079610956	86.0928820679747	96.23772587021813	97.18918810011722	120.5713361258371	108.0944910142429	90.18599417886257	98.04255053534483	99.26098035156267	99.06454639961476
91.40403378418958	108.5518934546599	106.7839249448364	102.5468343297514	80.1515460449087	89.6275258858528	110.6753519925863	111.0757626726876	98.52920484579158	97.35648253296947	108.6900760130964	94.7794082300026	91.97616530223769	79.12445061178677	89.22494315926097	119.9742088636869	84.27273643487229	112.6960297725525	90.09826649172356	108.434504475642	81.91917750603821	110.4030245230211	105.3165904018893	100.9741436367442	89.46821013383712
84.47457501464378	99.10276100839999	105.3070615722923	110.5687371568295	85.29333871306409	116.8385157984971	116.6966528247652	95.88025671847518	80.78322326086342	105.0730622997428	102.029125806805	91.98755771038299	80.38918082738455	116.9008770189239	114.816299704639	85.87353309387063	100.8855223127948	88.37149026770912	101.6279775726912	114.6375916827967	110.0560555861002	89.930207302957	115.2673880663258	88.95447538887626	115.85156388691
82.13475126271584	84.87349276292437	115.2460313729395	82.41895879635769	98.76012254110682	113.3779426684589	79.48220003509688	100.3332088618355	82.04842601341007	86.39040637900287	119.6299390850372	82.65330822353431	81.15726755455151	121.9925661618374	119.5835092306037	83.55605856725865	102.2400975250054	120.4766017636354	105.1669477989753	109.9804444367015	87.39132064614883	81.11362074057757	90.64393280132985	105.5396190313811	93.10641705834477
95.42569130657094	110.9251621737036	93.95850499436946	111.1514579727703	100.8509777411214	86.75368579543003	93.73465124374465	106.0413476049033	104.5856151646111	91.28495294948623	90.16487408663374	77.86551410051216	80.57367738989254	109.7249698420489	108.7814314337282	86.18501448258436	97.22938080467506	103.5219647239518	110.3478527537025	87.88448793183137	111.2723540637257	103.3800197131924	107.0628464840763	101.7351180018393	99.8839403785738
96.37051942072134	81.72147928034937	87.64390562246341	91.00436312066086	79.25555313046733	91.19274464273823	108.8851583484626	121.2512315725454	103.2712502273002	85.34558469293302	106.9009882544736	79.04462221948279	109.1637267072259	105.4060633656444	105.4032944690637	97.61099460862806	95.76289666725427	81.64430656376246	97.34595132018663	94.48091457372651	93.01280958615428	80.14191997633826	108.2014426369517	99.06525202048732	99.73258549862234
78.37951698525103	86.48133886233221	80.63088261487104	106.138866600641	105.2475526719022	106.8344839137141	117.1482595674819	100.4915061279617	121.4374373981835	92.66354753242425	112.6810063023219	98.06235150676642	115.7784491872164	117.0137655056291	111.4026795647066	112.0699297762048	101.315148954782	114.1750975904935	120.6687094966073	91.51722443414292	81.11978399322221	111.7601656307499	113.4333803627513	116.9103396458721	120.3063972679805
92.82987034398317	117.13300596146	85.72690483384906	108.6578090367909	116.4655402957052	89.70681950192625	82.02055142846341	98.98624320603848	84.53418688462254	109.409398369494	89.37438529665172	84.07294760893581	103.682555884041	107.1342190091833	90.64739441128654	84.70325051120193	76.61781492652277	77.85077578415569	83.56974207383372	112.0789750878804	94.58689630352832	80.58896683039302	84.76442369329159	83.31285415189268	115.1439394963089
98.02312390184672	78.33528413776304	102.0910754058722	121.4760468416441	95.57556052493484	105.2960351088021	113.2705902629762	83.68793979628539	106.4414354225787	88.02124755055846	115.0442229659529	99.50252756430626	97.05785253557549	102.2298017452816	118.0615495957998	101.8799418683032	81.39978074568	118.5207971753902	105.8330341794698	97.06418439761393	78.12845833072869	110.4205492289442	116.3304623051982	115.985046268843	104.4837706404654
