81.19279576349507	98.0458816284129	89.31061624467853	121.4263438192968	111.2173144210172	109.900847523753	109.5656432174385	89.92633786043346	79.42223994003045	92.78387758683431	82.3559528520607	84.69278780564993	108.0355001339512	84.84007173611084	113.5559522436608	104.1883718530572	79.68666022806585	87.03815316253791	80.42673294118518	111.6704171498114	111.1464606640345	98.88997330618925	103.3321243711477	96.19905876323477	91.45319946612187
118.2633511625181	95.49163967907671	111.773146684854	77.20585407657349	91.14416907199684	104.8969553214538	96.53884635691128	83.05790928445026	78.09888126703933	88.71918180754491	89.77486515788425	108.1777049978778	107.829543355016	92.16295577566783	79.30518978784607	99.17587286391895	114.3506486548774	85.62170946081329	81.39257010902868	85.95203519446609	84.50473990788066	115.6004161638023	81.34884304242574	81.80103723336642	87.73120833744602
77.28636814227022	99.81824122334379	101.7326247912504	105.1228003615009	104.0767480574612	78.74374684741466	80.06621782365681	95.46528624041881	101.8293916766187	86.33922655708818	120.2459872539272	90.67800505295035	104.720047671594	87.79395120051768	84.77496634252225	96.52115287826905	92.33247459143243	111.4597001923414	81.05511477029675	108.5729050168684	76.35619936911596	108.4942575267842	92.08899226482363	114.5593802199201	95.09908496926639
103.7431379991189	100.9414898855268	104.2563977545603	120.332723628289	79.76101673091578	111.5007315890678	73.48488059841493	79.40955594531393	114.2252343302832	88.69516551254961	92.80559587751313	85.39215170785164	107.2624305534918	83.79386836413943	106.8586159541436	74.73762052544471	91.73277884329943	122.3222326327401	109.9313116550547	103.0837676020513	111.4733642202624	88.90915850208174	116.6086792258212	83.0212379278112	79.76999147576802
76.42519337305605	100.7905823666151	94.12189240029682	81.87981611438192	110.7837724158356	94.48389956338679	106.6982983578256	79.68209561683321	112.634516620968	76.01498099912762	88.22632002076524	115.9285457967598	120.6306562783971	80.37560302104923	84.35982966216501	114.4452692282932	103.2846475293301	120.2482967165236	119.9018522987006	110.3563016501899	113.6929391561129	90.45058876191709	82.25393016983483	89.59375794250911	90.17869452617829
91.17801155773182	78.94861596011926	87.02917382430408	104.9456051213036	75.40801107317715	81.58257287739593	112.3560275797024	82.9111264296147	112.1009995192296	105.7053492159561	116.2661179027103	107.657030765931	117.9223536857926	98.77160700037817	104.371889876182	76.66308992737004	95.01991928524961	107.1386698470507	80.13053590436685	107.4094639685621	102.487002073275	81.62621517176991	84.66736046272399	79.78292449236058	92.50271894651021
114.5346501205559	100.8444305623967	82.24040144275766	87.12946747192456	101.857894270736	119.0936376057217	107.9094321492195	114.6581868950935	105.1245823195005	115.451399365275	82.42765590283511	105.9415058294609	88.81869904331781	120.0427136051871	111.1042277976491	80.32409142541114	115.7188422428271	79.90940024210683	84.08278886275875	86.10595541778432	93.27502570061438	79.71841805933177	87.42492198877277	87.82886912974915	83.13347089532766
83.10816593293232	100.0332868754712	80.56400175291263	97.38333605130714	117.3620236159989	113.1352521930287	94.66728978254085	99.64783892773156	86.48552906757944	84.10049683130825	92.81313496106971	103.7556209316302	111.1648675408502	79.59726041673221	106.9589010279032	88.71353817219563	82.05172135951634	77.98880648927945	90.59683421151722	95.88362414289057	77.51697061675151	76.17375825298268	109.7890704850531	78.54575123422015	75.18628104412313
92.81270024373772	95.36812263847267	86.05596329394741	82.86782248497141	115.0948201350679	114.7488576793933	88.52447268791266	80.15749484138098	102.6490407541369	116.0920741092585	120.088764318389	106.2723677645977	120.9541004413733	80.41718836089215	77.74606206460386	108.7428369844673	105.3745305264578	116.9523012927602	78.13655352165021	78.70477455140913	89.06651981670292	89.05648078347306	86.88374166273051	89.32314862817272	95.38049212849245
86.40502575094447	118.5578298479249	116.9732789975369	108.6720847888614	113.2095001958181	93.71650552981828	74.74326704328971	81.36271643659794	80.18051797750729	120.5121453235556	111.3665708539441	85.60717600680047	121.2650014438333	112.2516880910631	88.72074005204658	82.39520577124067	83.54540787482014	84.48068567528543	86.56099620077963	81.6503137626583	80.05522442789687	87.25935010611003	93.50298929113137	105.4164546862236	115.7779935618338
99.17033829902023	118.8583874325977	80.24435337420155	103.9192548112943	79.1614385997524	112.7831324702829	102.7231511596194	77.04589551095584	80.1814275859725	116.8066661190124	108.2952736328556	112.4829736662599	117.7570628245421	91.22635556618755	99.2499261928771	102.4873234068218	85.43012473027427	108.0795172232488	106.8054665485327	89.06481889764734	86.36793744470245	103.4579264961959	78.15204967505287	105.9865301348772	97.42612481278344
96.20311199872398	83.91469739853709	111.5238489266306	105.2835891313984	87.60490296459136	115.5753546891729	120.0403334153052	104.2565600211572	78.3073236615092	111.2667856712011	106.9740521458408	96.79057025969536	84.55860654439029	85.92645113256309	76.65037998458442	115.3409220766966	89.25748402551696	112.5943381800082	105.6979754801723	99.44322257149283	98.23473180331712	120.5138693599635	85.72821962513729	107.1741434525056	106.3524704654911
109.9382157380028	99.13807578730928	96.74365935116282	78.858621327028	87.92768628820107	117.0663703114214	81.27397899561838	82.64848260038794	77.89484006387997	83.15910886138249	96.87426016667517	83.72520917638823	88.44169589336319	94.45327307639067	111.6621176956984	85.18861131089223	119.867978501912	92.48769899121727	98.82898364189072	91.19895602902442	109.7305759587391	91.94850481590214	105.446712001542	80.95129459172611	83.59838056908664
119.8204957190754	102.5791753431798	80.55266327828497	81.36808751787486	105.2867818337986	98.61807263732078	91.8715893929285	99.44184322396076	98.65316498706115	99.16975297731727	92.51019976703854	114.9603056225202	77.01567363995221	100.830116548357	83.08011644058006	93.62977266839394	69.94107238345856	89.94685293871837	87.7616551127477	88.73530679316382	83.46844839263673	79.5281736785637	84.99752091592609	79.89349214515813	105.1158407535466
100.3221620913995	82.40333357622788	113.0225466734724	77.75237834493663	88.36162454569516	116.8395451242875	82.21067912593386	77.38729099204636	91.10856065873757	93.89862068907269	120.7308488045659	94.85082846307843	107.6486392720423	88.29935154079364	99.30248856288028	111.3703759515375	82.53565823928872	120.8250599398693	120.4825326636033	113.0139978522279	84.58020185124664	106.4293951434244	102.7960836034109	118.3962383233429	89.59858893883927
80.84265211669771	120.5512675179891	118.7268990031483	77.62648155148122	90.47606824931546	80.7000605601922	97.06112235634302	103.7375164978075	111.8821346508962	110.5134174284423	82.33991678768264	117.0431897276232	95.56114205996919	92.33659602835289	107.4398655371838	116.0451246019847	81.88052331135567	89.01386639350157	117.7967480828799	117.6355451376652	101.1124313584364	92.83586736516997	101.1137816515275	103.2778267502207	93.33075363397219
75.93891895577902	111.8891373437682	96.19610634882464	100.881158941425	78.32464444834729	90.34937867102593	104.5798041208172	89.86593528388921	116.902297144653	97.10360851828969	96.1140365224523	96.15408963305347	81.95491323975173	112.0727700252686	108.7347044579389	87.01070335978132	97.68089627014859	80.41680420110784	77.6346388264317	101.5363451905664	117.7914197056576	103.9788260949846	93.22011579384221	119.5951223742538	106.8935893999545
98.8977894062197	82.08092449618307	94.59540334172974	107.750053948207	105.8763321474522	93.58915923946144	110.9532740442424	112.1402262656573	107.8201187748822	118.0124163775661	80.54971713071187	108.9015783646636	116.6735238195989	105.8328904775709	106.9101159776616	120.2181135560168	107.6092882724186	110.1412996082508	99.97185974161147	73.15809962396561	89.42231076406979	98.29549145545116	97.08462444388414	105.8960313573549	93.63712891102037
83.96205682306353	83.50538019892917	104.9486769654019	89.41545906263572	104.2063016416439	114.9120168980047	100.7490897562545	90.3519535106924	114.5124330796891	103.3272176388718	111.3039878265615	101.9157222746819	115.7889420960699	97.02706323974391	85.23448502647146	103.2966978708294	75.80253321331108	104.1416828458229	106.8404125399913	100.38619739075	77.16143533733889	113.230250171723	98.18300480882252	93.03458942344815	104.9903778262585
119.3952170248959	85.74625276355995	108.9568479980606	116.8059319154849	103.3826118426251	85.95210069635976	88.42530177805367	89.62501546068277	114.7535835396791	121.9038475174455	106.9550271498183	110.7894975754386	113.4970206646405	84.02035789054293	84.67821814590502	105.113949341353	109.4919737352257	119.7593779934392	85.43045229234065	77.92980878868701	107.5237509012813	91.5930672995898	97.1646038695101	99.47877708522657	100.2253004450178
93.98774950848059	78.5233018776002	98.79610120881763	86.91800036527601	118.6435702579637	109.0221740856595	84.10154626913803	87.62381143568305	113.3822102957718	116.6926430547612	81.28974309439275	82.78969091401395	113.8966847384786	82.7165809447656	88.58689497103379	99.71338145863561	92.0652231303352	108.5918753267766	87.48902216911743	90.12703510447706	112.6534217065756	92.81975894903469	99.55624414003211	87.32172874840865	80.05965969198321
77.43753910524035	114.4403768139502	98.09209445715624	109.8568055132683	99.71049352381502	114.0817850869628	78.43900041007323	110.4527662886381	117.2141083776632	114.2484670687362	88.63900788041603	85.04620098656336	98.80320100118135	98.79190021786994	82.58527747686954	104.9171795824687	109.6960991250836	96.49928974650209	86.73372903967127	80.6239827168892	119.8792693205066	112.3497148430375	115.5144076368903	87.78030741260125	88.0304609048888
100.0625660700846	77.2856725424553	76.23995298970242	76.92100788359502	88.55295632691264	105.9442738430974	91.3766775346037	107.7358140327594	111.2203555660494	106.2726625162777	117.6230041366073	117.7503062478383	84.10975725082542	97.17986159420164	79.24078879370273	81.805531246147	115.2100675496471	84.16781241463147	111.1121419877127	110.518978137081	105.3622923082084	87.6931810867095	108.8474163353945	84.24479191326697	117.2203073125985
100.5254751069969	88.47114221135735	97.7242907676129	108.5151871709057	100.5311834113644	107.4353797212245	104.4396147336921	95.45734292658148	121.4074504481192	122.0634816392064	102.1924371476077	77.8146873571651	105.9000613887829	88.06686956172068	109.4333117411354	94.86489062835079	94.10945599905166	119.3238225680415	96.29439078639507	75.00590299007983	100.334813379492	113.329932355252	112.2368758183612	90.95450106330398	110.500714940658
85.70268405690936	81.27043200505524	105.591553215764	113.2834043774827	85.36753481861098	110.0373164086238	108.7504119160891	114.9157845184299	117.1271561308289	106.9963608793705	118.3201224797036	100.5272307056838	96.00118679623439	98.16850710495166	103.4539427285867	94.79402734839088	118.0506730972118	101.0129976185235	76.30879300541376	92.05934581692345	101.8419117266777	112.7146048897649	104.6066653660875	85.73340364813893	114.32233499515
111.4731178963961	83.52873881139374	117.7792342498148	118.8662858778859	84.392596390501	121.1084325138302	95.1033228411478	114.9157615322686	120.3510032260933	92.19116350151103	86.3824751777001	110.6510673039136	121.9888406375826	102.5508909288007	106.0011267375128	88.00343059289122	98.75435151169125	80.7198493529939	108.1879442057315	89.58026148385132	120.6162405747421	115.3448412534021	96.53195419331576	119.8078938237205	108.7583687585755
86.77409436206253	92.68475076953952	76.57182903974164	106.0183619180994	85.43037170631122	85.01566028303002	117.000101026903	83.91271094954422	104.3910967479285	93.8823317722813	77.51956640822172	82.24735494782028	93.96261925441492	82.86217897476834	111.5871168653529	92.76777047529772	90.18866946884091	97.26506400689895	100.7383378293582	85.44190549191896	84.74741121410965	104.856214819151	102.5676309750241	121.2247990303998	119.9311027824901
87.2575522538843	113.1055098259436	76.33257125620342	87.8465219185813	88.33213355058834	92.45455742668615	110.532353047381	87.76427801549103	92.99157076450848	116.4601411283253	109.1706242199041	108.3605698084935	103.4771081956263	97.14370212538873	84.77131850033692	107.6346588090922	79.43893316964584	107.3717980016505	76.73573421653856	90.65459419833549	100.1343242723646	112.9877197105466	77.44393491940487	108.9447460575201	121.8946417732994
98.63066542153135	87.3471481443826	81.49683752325828	102.1103579708484	121.7803930468403	110.7734340281919	97.62333366798372	90.12965121952939	95.32189935456795	101.8974730012335	91.66906971881042	100.5976517753707	90.08272197354461	100.337397662804	110.5630750049288	88.46759903208928	77.78638395495484	100.2183205833528	85.08994395909507	85.42288258279508	83.98309339303373	92.64446577194013	83.11611797630219	77.64543126102612	105.1415020237653
106.440449479655	78.21678399251444	77.89754157512664	84.78411167989701	104.9054867052454	80.75811838787884	111.1077003541187	76.28890335049996	82.20834716722588	114.896169023927	111.3500911417424	113.3416435941101	88.62599048045358	94.72698849312955	107.1444491770725	94.25808040977958	106.2536317605241	82.20684218530083	76.67051500771046	94.32838629265478	105.7696785966101	104.4899452927009	68.9708578106698	102.5105978013025	110.2223561170029
91.71046907824903	104.2237240560892	90.37833901627081	77.43329118397389	121.0364883627976	111.5854974047454	78.31255337927288	102.9913681144626	114.0976460593768	81.99275349917382	77.57354311819695	91.57579403047022	115.8139410851674	98.04839949668801	87.23251111200157	88.56080092011676	80.38989472481771	104.4622875431653	107.0427348554277	76.40315629672878	100.915431417749	97.4610702038859	70.63567834859957	120.5652517614445	97.99922752790651
78.32488131869137	111.4336670494209	94.51227492046439	89.39908699989587	84.88005216890177	119.7496994962123	101.5212116352529	89.70678293286622	113.8449313948363	77.98535176279947	105.834787844539	100.1446699232023	79.91146994874028	107.8186356948803	110.3829512874602	117.3237469940123	106.4286752915061	117.7269358106183	112.9515595214893	96.14705712295766	96.82311858088454	119.4824377000538	90.33153759256118	97.20066669845798	83.23692528411961
92.37955374099464	118.3521042602431	96.78138735304182	112.2311379881171	98.2662883938745	108.7621063283755	99.86087700675378	77.69409601904525	79.90230226254603	103.6985892223055	115.1568347136099	78.03847419503943	112.6750358205474	91.1078424366797	110.2058657412137	104.9967282090497	96.68590871174855	80.69364749669121	79.37840650631895	87.89222709894696	118.2542916050618	92.75936505222866	106.9102312438018	99.75853794963237	120.0339986641518
89.95871084519048	98.5044452431527	85.36327776588047	89.26356100842058	121.5412167212337	104.5660568747426	113.6911478075608	106.3092036457286	100.2987329576045	100.8413708342517	102.0136044882947	95.50335848350737	106.6365440310207	93.37603753172522	86.57915674514351	88.60222590883518	95.78642632875122	89.19489200076717	97.80511737300702	90.35605036533141	98.6309104508986	93.98775183414348	113.1813058771433	82.97645194049004	90.78587969219817
117.7611299192211	101.4316112189946	99.74176679448213	117.2580508023145	81.40601001693666	119.3368061807236	101.1118743477442	113.4792209130576	78.08753185433018	109.3456053925053	108.4158621356775	109.1607218276015	120.3832823708569	101.1200101329912	114.4539365409374	118.6774475786201	76.61882726072794	119.5405765322835	105.3019488893578	104.9026390961981	116.5327760087023	119.6787153936804	105.8905121023225	83.87634177384932	115.9495181373577
95.56140937708277	81.0255178910206	102.0795236072198	108.0756872095258	79.01611489066478	83.65477389100334	94.32234516013386	108.8481023993413	91.03147080772422	95.95687595628785	109.4060155369678	78.51621310756873	111.266424656948	89.11259929485217	115.4554142550624	81.21241181557957	72.772343219025	98.48068834838909	105.9368999914186	111.190746094532	100.7527622328163	117.976491663042	91.0428432417939	105.420399975318	82.78422294426898
82.8799599275295	98.13798550062594	95.54587798078336	96.23115219304358	103.4269347781516	90.44693277272232	89.58280624653932	111.1232671486309	88.32856230474236	103.6776694523572	86.69613871406345	89.35347005701098	81.32961648488465	110.8234579448426	114.5489895064311	92.48791632308885	81.83574166167105	85.39464109084399	87.14242318514938	79.7969601502343	81.18536556134978	104.4651399382494	97.42041350397942	84.57142284417186	82.83646717617658
102.5500111140266	87.24486651528734	99.00575411982979	72.21082069920513	112.2040399710551	83.00618345089708	79.71081905996775	83.06076073030917	105.4399000090292	98.6478476774091	82.77234462802119	102.0594960152932	102.2520605504823	78.89828303705262	96.00780173675713	84.78380050181435	100.9715261325244	95.01602463630005	71.94961910949704	97.03451319556048	82.11528120081582	92.81053505611642	104.8004757765426	101.9222115860904	81.7858588143645
101.6828949203006	77.9635231913722	88.26181248761694	82.65996941122629	85.00452324224179	117.6141607070358	75.68245249512849	80.37151884444309	97.09177732790329	102.319047709644	82.42667671288989	78.52834570127405	86.848295379132	117.817992243951	79.49940163684636	83.74993760301062	74.81502175232491	117.9417047126868	114.9948618796074	111.6175722934881	121.2951902281043	107.119867483678	91.65144263602748	100.6095770368114	80.50728800056756
114.4610711088568	104.2823194134854	118.6502762822745	87.24601117917348	117.2992644850888	109.3495489611881	120.7968777706616	78.0841804120538	94.82291557610841	83.64829459355995	108.3117927598448	79.20888299975532	83.5163819693752	96.92686377469353	115.7840051302761	95.30406161444799	109.1920979831592	111.881980363793	116.5783467939078	81.95231762292275	114.7622719738621	105.2838133896826	113.3006094734274	85.25915357838997	119.8670534415171
92.84160664497567	79.22729198562099	111.814116865278	74.70278817303279	101.7478147330418	91.53114288841633	102.1459090760648	113.3954454540336	105.36759758739	115.444480858488	93.26306535024089	103.3717582009342	96.49303303847364	100.6545892655198	118.4357104903128	121.9060334783984	92.50466065805729	110.8671384872604	89.55407785033455	86.82619312052458	110.5171646671622	119.0925578062557	75.86025781066844	107.1444437372115	85.35931105384131
92.93049490842508	93.66617238842579	108.7579618172962	110.2120711612503	91.65553104087134	99.85960426820577	107.3947060812911	79.04559999939384	112.4274836126992	83.77606618790482	83.38323178249411	103.7322931432135	102.7446193352164	108.0761225524706	90.67747806737773	120.788668367074	103.1786806642599	76.21578775189255	105.462133434162	97.22849378005886	83.53192224055333	95.67097542955486	85.50627791317841	114.3337570719922	114.9965238713984
78.91772845284383	90.52132364052939	110.8036111942157	77.82913249055582	77.2572365767772	103.4662489719377	84.85999389885269	103.8379801263353	78.47969139573379	79.39373930673857	119.2236293914106	117.4106325939256	114.6797303783035	90.33240317131072	87.02887551662374	120.3506540853844	74.09930756114781	97.1164730930435	73.66122784209159	67.71203395248575	98.60396266143286	95.49615789259532	108.706178138681	113.4828803571813	101.2686200488619
100.6053872233789	112.4885603916624	102.9958576013597	106.4141373488602	108.3587816569743	112.0597971823548	79.22938175871415	70.23962045459101	106.9865202198482	78.0856414683647	83.68969301365958	102.8520846571541	92.69523738751002	85.75476070356711	106.7159177153659	84.91302797915175	92.58067996189322	111.1903433167892	78.71000771748093	96.77421997070586	103.3823455027475	93.90902807484689	93.64858237696211	96.73246414481596	98.71290414108998
85.94272298320811	78.91605712948309	101.6218316212866	78.4914410985524	88.13338612900249	105.767063956559	89.05221629356554	91.00115965679927	93.42713713263552	109.4175677415354	117.7218586841722	113.8490060671954	89.9139459924755	107.3745010159833	111.4092844873079	79.51091591660769	88.40540068325195	89.7149748376907	96.68010159684661	105.036530808704	117.1446076040856	90.99292204801081	107.3683811525976	111.5451620981108	88.8935449523084
95.61029533258277	111.6331668339862	75.1717189995711	89.56628829050047	78.18288016373417	110.3089863481534	121.0861540050721	82.85953370975616	79.12406728494541	107.8846725269272	113.3498156575784	68.78896768516576	78.57101992201761	75.22515981089281	92.76450007995288	83.14416328024986	77.49126365501729	109.0410071019629	105.14599639538	91.59086897539996	118.831367326695	98.99921907861157	82.72738523575211	84.76497106935581	117.059512317834
97.27217788963705	114.6197082792595	86.54613335098506	95.19514555535849	87.53974202634043	86.46700054613183	112.4196239917059	88.85365055409488	121.2566726230922	105.1654163540342	82.10344057971986	115.2099592327266	93.1398824630506	89.566790025787	108.5702648005859	78.71139194484769	77.90433796928303	97.79253959708461	89.20915994786796	107.8084903661774	95.91978508349145	116.2279102774447	110.1503202040962	113.0747821741775	96.74845323792272
119.4133753837425	104.0614014502666	110.9734380957396	72.72400830051539	119.0967814036663	91.3852534344943	103.2862385537996	72.90710580900199	107.1736905096361	92.02920868928346	116.8985400793544	87.62670171064464	114.7206305169154	104.4691568519667	85.55805184919882	79.53784046553729	104.644130242273	88.291516914021	72.9223518638052	99.37784349339411	86.46457153237913	108.8907705093894	101.082095684426	85.97122056002657	89.42263768873427
84.50480891813044	101.6019930628099	90.93439929359782	93.74148835339548	95.93554874152647	97.75837810719534	109.1573877419251	96.9315495097714	82.21455108579009	96.03941309704658	73.43809651821306	91.14142569290806	95.06336757218136	110.7654229100176	86.24446806215704	115.4446247094319	88.99997633107155	105.6301937027272	97.27108649867424	66.22001783136534	113.5267914744804	77.84264435510258	94.26975073403435	103.732093907537	84.63206202199494
112.2689178544389	77.04603695038644	69.79006217585049	89.02084984129826	88.58995152912416	112.2117121035939	92.08556647041088	82.95588366856704	92.4391555248036	96.36943657594981	111.5473883986499	105.982540070969	86.81968961374955	85.22776949367517	110.9669814537286	83.01806374295435	74.87202403933276	81.95107509788943	90.19319436193847	70.00815221379773	109.9108932435709	117.3011814181804	69.23051543757069	95.66375141922532	120.1482091863606
