40.84533164644749	72.47919241611297	79.1974498150624	99.85968727454105	99.57564347952983	84.49327957353285	49.89010256847658	60.87102822316145	103.9002765818489	99.84999987365661	94.38359548187759	88.10335532477281	102.9033586188573	107.4409270077019	55.7644552613162	66.43856317566015	39.02474872492822	93.79620893485301	62.07124378131952	64.8519931789718	83.1380127556651	88.28410993646061	62.20905422950824	103.43636333082	73.21148891084017
0.495833972745004	2.088782923747028	100.1346180414383	96.44092078175464	31.9006457607548	42.19007631492681	0.3040753032329125	92.69523440758633	15.48965615310021	18.98793113392679	71.33811098311804	106.5311264146831	102.7505200204614	77.64980889769154	1.052723446583981	1.900959028892471	107.0490360509507	103.4489316295791	94.94657968403637	102.7074331201268	0.3073073852262161	44.95167780889849	112.5896282955054	66.22822830240041	1.97301190609003
37.02407698243786	78.7136128334877	80.12931749728835	76.86645608011675	101.0224168568472	80.7752704981734	60.57742657716321	61.78537717018239	73.07007595340163	74.55779785043279	91.63979248933811	95.86282232384205	94.18028070974978	87.95815793945945	41.73902158983977	48.90072559408318	62.72785522848814	109.7339777368686	75.86901433149762	78.52158331329468	81.94074908931144	85.12511518748789	53.74094196448408	100.8847105113252	60.92840504025081
27.82760113239964	53.32737160892798	107.6600058096599	110.3300449278826	79.16627622674123	92.74592564831028	33.97819387883067	88.05766145405997	71.70414078182399	62.97801659763512	88.66410297068195	102.3682832364773	114.1425900062465	109.5100321336572	40.49024010064086	50.18615716661147	60.80612529283039	87.31103663630995	83.50784601985929	81.55770018038127	60.87790543291358	79.59898147645468	67.14103655492245	108.0772797323135	62.65043935069599
62.39789524322892	65.66931786042505	74.28207677688225	86.51732047170739	110.7134108973648	92.99838244955031	74.00879744589392	41.04550481427056	82.91974093284412	106.3724263018406	107.9168917456059	102.1357275292939	79.07047647134192	103.4453834054304	65.00419085950739	73.75866611316215	33.32690107852896	90.21838176521216	58.15700427125398	54.26137592194176	88.88317700321335	85.76528193626353	42.91643517253619	101.4247365844848	77.74333283669898
0.517262212979599	18.78883823185443	107.1882423214885	109.4361596579216	58.22551969298834	42.47480678674795	0.6205294077771639	82.14859816220917	65.12368129988151	64.05886214302669	65.43477367141254	89.37445737967637	99.11339463005294	79.05177404165777	2.706691793694162	23.54424681021189	78.76747557836259	112.1137005852428	111.1463912586871	95.38966939043245	19.95110374519427	74.7965700983933	92.38151659025765	67.55119223710655	21.6707685575571
19.74231198912454	35.06806366415019	85.69138727037058	101.0264334007312	82.62414149916921	68.6331164911431	41.21688123600306	71.50261997531831	75.9269261909493	60.72544720263156	80.44293348609492	112.2745972522663	109.3970635727445	86.50058134282791	30.95119050963472	39.82230044192642	64.71304966667471	98.17187313694491	78.24616427092568	89.68481922332855	54.63807521188296	85.61108424718734	78.8068754527503	81.82086897588024	61.55712293468628
26.10142304706987	65.84467091324588	84.65318488779046	110.5533267802647	82.18402025285829	83.28267866821062	40.29252702520913	72.63599488076653	70.48649844785785	89.07805747084922	101.2007082687781	100.3623778019147	97.84208085238399	98.95531682531036	49.09871586297847	41.35858887276045	50.35047915465847	95.69779087892971	77.65656472348924	69.41784032338923	70.78132531126447	96.60475911989006	64.25075851473999	88.5789252760779	75.01857689147353
65.62111608724899	71.60138957404736	81.91575639388705	70.43948897230652	105.6962279748819	95.87137704564566	62.56263809231557	38.49655140627951	85.95728853102923	100.8037069900885	86.39723981925937	91.27901255590406	98.19213970516918	107.1782491117482	81.20421132233434	79.06164438595074	20.73792080108574	91.11128581783652	62.78143941782491	42.7545958815338	84.00441874639461	105.6861153782016	21.2747790749835	108.8667532658903	78.67717535954678
81.40908831667613	96.75878723987226	38.37386933442772	66.5054390863573	108.542670148197	91.51701853592131	79.55647338402015	17.58221566548168	112.9353129639494	90.02242923674116	104.2105605368191	79.35098970305431	94.13304183589317	83.50856100017077	91.45835439434728	99.00523051730545	10.74048974879233	75.98949489709537	40.02432842323959	18.31406036220081	99.44966484178104	98.66341997380925	21.53410509441426	107.7745375331571	90.10021578611564
99.58511721721376	114.3499317616298	31.23162306023738	31.41513158752863	108.4480002304036	102.8781874074567	112.1453463532392	1.801216315664244	107.672065046987	113.7665216083825	87.41577405019002	43.05434742081271	75.44394042275002	69.07003945265895	95.55785297186561	97.33241405251339	0.481052357670893	59.85252422104367	6.363614535479538	0.2044357318259946	113.1475838064753	90.48959971215247	0.1389715987180785	75.89092536711283	106.946474009174
51.10254497817628	66.23528573742593	68.89886911030501	80.36070699004637	78.72771589857237	85.74447763235636	49.74193534864304	66.78135040836395	91.64034744844051	80.90714209121232	87.16720905600364	96.44276625388633	86.88366310411561	95.3371396407874	66.50792774993288	61.85761172186614	55.17765846856949	87.97544437206851	60.2839166710181	65.88307481223728	83.22676484480658	90.03426075109708	68.06243468764279	111.0742104790153	63.66043223776239
78.67823610212319	99.41828414687836	53.5467501648117	58.40866046453071	101.6990724511085	97.37697033659863	89.89946156536271	20.31005467251768	96.52386856411978	94.26254545592712	98.06732063085933	68.96041019420974	65.42950920799294	84.77868963962692	79.50370403270462	93.01366209622491	3.022960562442151	97.75048627144986	36.66765356869825	1.580016995938223	90.99832794997805	110.6736698904343	8.08546286788583	98.13046559177535	86.44550676651536
45.47963393282396	50.21074182637325	78.06814089460612	96.79690704259157	71.51967225108652	76.47570372715785	43.90229382561184	68.86304569682291	69.32569757105345	66.40661191331884	98.40709296375388	112.9218132398449	102.9395516473146	84.38885723905382	33.51002942478434	52.30311793177803	74.63169842592573	104.0855348188814	94.50279122415418	65.22066788027789	78.21252471092029	85.36657933004088	77.62183200579491	83.40731024195989	71.23677200765843
67.15439864521028	82.36233468172301	88.51300493009568	70.56423875297023	94.63981730364083	99.21437050264919	77.74756369040119	46.95189882444857	98.48788397671093	79.28245189720005	107.9533944249122	91.88348264502618	110.6626111577841	106.6907935254885	63.86907154527081	68.81082087515161	30.98056023830536	111.6440932899168	69.96419624655911	59.80491283532457	96.78518904335176	86.1772985799625	38.96563855507839	113.0301939725932	86.45261655422374
103.4637598580625	100.5108582236467	0.07622017140581375	2.420853475741701	85.12108842954068	95.64420641956919	95.54529754579011	0.8445186037463539	96.6952186197426	87.40343614397486	85.68079860220173	35.29103720820117	43.36455433473919	39.29195590093033	90.41388110895697	107.7413227149765	2.673506887262008	33.42995176458634	1.788437536820335	1.814028332964329	105.3955545111977	95.98522038342503	0.7736510717286145	75.99654418668331	99.77887426212772
69.85737022983093	73.35130929663036	67.1467443764158	88.90948797451934	103.4315502734917	101.1386761613235	66.1108542974588	60.3419945238571	80.84627837027966	82.67204136804013	109.3170138947398	89.15514201243087	89.79011943745279	110.9168234433691	59.0494072639196	78.69410284131089	31.70275083680885	92.38893006254976	47.14971098231487	53.93005520878305	85.53575170021216	90.38677243768063	34.59671446014784	103.4545527236939	77.83591867119233
89.51760496441051	88.74303212910749	74.30502911716971	63.33628227939157	99.80831235683681	107.993184946319	74.61737582690495	19.85892116569928	93.28258052607828	109.06848963829	89.90897423472246	85.14372246656752	79.52064245917801	85.46443069494045	88.1069897036889	94.38734856621315	26.3067395506889	97.18006535402671	36.52128501146338	24.12927820935697	78.67874990119263	103.397781343726	20.6655124628689	107.3278607083002	100.4951780405644
52.34719757222481	75.35004202256906	87.17802320978335	75.12901268984831	92.44315291460495	102.8223210856472	62.92886654775668	61.35062284611453	83.65456290312461	87.88928843046828	105.0127766976967	106.2632555978419	111.8014172800942	106.385589889927	71.62078530296937	70.21285936080487	51.41915955132279	91.73189885491625	80.10663736609045	65.73454456552037	72.6237539413123	100.6568841135046	46.36860986467828	106.5426826061234	65.4774920923381
109.9707574923599	110.3852898732503	14.20003316091248	27.71933226283809	91.79299170559722	106.9660075964939	96.03885618308539	1.696751631942113	82.16320640976434	95.57303887782824	83.77559102460617	49.66043071896011	46.28206244612994	74.19238900743447	87.50849497456544	102.8919158747278	1.940818150543603	67.71980815787482	0.969899861200527	0.9956561637921983	102.2910032677004	103.6590517521253	0.2013584219272472	77.19845979436158	101.9430143852589
92.71902618187534	101.7250686556228	31.80229385993687	61.48884471695456	91.61423808628793	87.9079438073922	98.07430935280458	7.682561463839381	108.2299279705282	101.8459991200232	91.29373446902706	58.0779867445664	69.82908047074638	100.6636531431651	80.12176895886839	90.87003316961004	0.4487209823837572	74.8316298163715	11.28089373044655	0.3745225389543654	103.9383409077652	100.9323796766107	9.518457277909434	94.17446359346926	96.55337366097906
81.51021352223285	102.2334665896417	56.59233931063916	69.59619274903133	85.37372232030141	89.89196090512246	103.3657840483107	2.62550890049357	101.604506918255	96.49888476634641	114.2044984415291	90.61227490417647	84.53158005182188	96.37199521196048	103.469506083606	90.15714996548793	1.288121670415343	84.85889111798505	17.78149127822962	8.696016147961007	108.8238236845873	92.75469528532545	7.771078462196712	81.38624798321086	94.8033710791198
54.62718915783417	71.02706027635894	79.92343585773443	92.64354261168577	80.94876409862911	81.4697895787674	39.75149322370183	79.96286617645353	97.18416777252688	78.82967803964029	93.83845259997663	102.8394882120131	108.8192467308345	100.4300441518784	49.36486025117212	57.97912586779388	43.47082402799182	107.7560609096309	73.41656955419337	79.19356462470859	71.78409674064704	99.6104210028262	57.08538271492404	87.04102317233958	54.97857441163522
62.13120867486927	66.66980969584385	83.39339551951933	72.33224814466479	106.7918846323692	107.2234383338765	55.45091441000876	60.09189452549967	81.48067633727682	92.92553459154696	91.59267419020304	86.36553435178435	91.33368429904429	103.6270833217202	53.66414168218213	73.1473235704735	31.70209702489998	108.1037217396593	67.08428425724637	43.62887008973017	72.03740029863273	103.5917332013954	38.60646905284976	89.67978717903561	72.81079752719363
83.84539181279695	86.41060087529237	37.74677495861332	70.1119282841742	109.0208498842414	107.9998680282727	89.27984729784589	7.721212381423896	91.15664436322457	89.21630992325144	90.66805093234079	73.19387525804123	81.85855178351787	88.85780495154168	97.46646667050823	101.9380541712061	2.982999830347875	103.9094104731013	45.24725592452751	31.51448317478621	84.0952573309699	85.49941963376538	25.39732167685796	86.75745523389232	97.33124855358155
71.65929020413104	92.25670543995622	43.64624662431934	54.10064960008995	93.7437841793446	105.2545140897118	92.56738235697769	1.551608714181651	94.82889418484646	104.3473250399306	97.45391269814726	81.88790789434495	69.71403702873592	102.3875323350534	93.95211184656853	102.9713247032543	5.575423461395125	81.74423522014845	24.81265313293942	10.96854841526416	103.302664665643	92.19048034591381	3.747196205077007	103.602089910706	95.09313611910179
31.62925216305753	48.42334057321121	94.60997716643507	102.3694327266632	84.68171203348597	73.8799298400036	34.44137894280536	68.12547285962508	93.29081984276978	79.44507876727751	85.74007472499355	91.56844291992364	100.4501832012945	92.89686302418497	49.99929143227034	42.97988026476123	63.63875612720656	107.5657183547966	80.09517430846391	77.90338367201313	81.55903036816953	82.51525905528375	76.31099908104258	98.46374914651271	78.08733878389744
44.3117421180099	54.06123087461881	81.96777729702762	89.83415122802529	92.98802236981432	95.38000504023337	40.763031955177	80.44107282573685	75.99087140336373	86.13971031284572	103.9092283623432	102.1339713919423	101.3755011473083	107.6889362829848	43.89234128475964	45.60999557623801	69.62602273140989	112.8092882892315	82.64364992122663	69.13916750643092	80.37656733746603	93.0818427421426	55.73548276777544	108.9965343471534	70.94957619562571
87.56222140962804	88.53048740261734	0.7062976943099444	24.92115721460492	100.1100859841725	87.30749643298482	101.6785003750316	1.289872581367526	108.2743313791085	102.6642717626161	84.94338662837096	43.56101857211824	56.33427250779872	69.30988009804625	103.2395928716871	99.60435696996053	2.468587671540585	56.40638723590419	1.815044855784248	2.495095718102164	112.2901492715486	100.9774216072924	0.5521384380488488	80.73869815491831	102.5646305547794
51.85463455966355	74.13272572157985	88.43289705074832	102.5095526571581	90.50016082334238	75.51420604312779	49.87347392206237	68.17512935822157	75.8593228035585	94.89881242796442	97.51805385833954	88.32405697131085	111.4128655224439	101.3570518532561	41.27214564665036	73.59831175833571	71.33467046254583	98.26002139310808	64.71492504788695	69.82249959293011	84.47516912281921	92.38018236278253	78.73819881582135	85.82821641633008	59.98676265715324
71.97892082489862	85.81395155105658	51.01866749187488	71.92933181551319	96.44579018806525	111.3248607834535	83.77319745349143	11.08510263266835	92.39583427413727	112.9448071951778	113.1189631319063	78.42286104886809	66.02657573850371	97.37211393188298	91.81605823935949	87.98317204472461	2.512217761558864	84.09860926019022	24.93723902019187	16.49921323572619	101.0792881090909	97.76701344699451	9.2589973144133	91.59087770708578	96.46761590168559
95.25253511440958	90.4581478174584	0.6756577607739864	20.51498231435502	107.1772912072393	84.05390891714853	85.35955669157327	0.2113743927958417	84.01865533446352	109.0483170477703	84.13982680092522	46.01226326682825	49.84516023085173	75.7036813120429	111.7076982140152	102.4365488580529	0.7475013317717434	49.80280341492087	1.180187666925156	0.9281425465166886	110.4240873490961	109.558035834941	1.078170446244133	71.07272946766693	96.952431062947
88.35715394456943	84.67811583842686	42.97279222113265	48.87895633603584	96.78094074022886	94.22424701494909	77.53698957406887	20.28071368188902	93.73971953606309	96.71932183477951	86.47297552950958	69.17211927574721	73.80721831621531	81.80401804293101	91.87236008068822	91.22728356279138	1.375361186515654	103.534426005952	24.58610001420926	15.47591431449881	94.93746955462953	107.7565540803933	19.22045904093843	86.92776920725314	107.7536477534788
114.0165528309184	108.0548627404389	0.6377669705767584	4.951398014064118	83.04311028370331	95.78495300519248	108.9024593646739	2.071745599429684	86.76053619265679	91.20370405544973	83.30119800701671	41.87023122931932	43.77808974059891	67.82911681748796	99.38546221686174	103.4309531532067	0.2936515430742435	77.26608112548814	1.930089899290142	2.096357975685867	109.656501669828	93.25892659361027	2.377066346021873	73.19426121859927	88.220112106589
101.4264295903495	90.36429712323796	0.5716188716254851	2.380433271582829	82.7471171425328	102.4491954350718	84.8895326495529	1.968307809509337	78.55187513755958	109.6005720895227	94.86376285093796	26.51363254352897	35.00755204648449	37.99104154936934	99.07813070427707	94.52274427799411	0.8985523614431998	42.8716959935793	0.9629605528739906	1.087722496837564	86.38942472461424	93.09312241044543	0.6215089846904167	62.13509016452696	95.99195579680301
92.46014198690905	93.17243215346893	1.472895431257516	14.25597794209019	103.4558964282876	103.203026738756	111.8274512120374	0.3373922681427258	95.55186105634542	103.2439835287445	93.15902959830359	55.42475340385026	42.69806693672241	77.51118629402268	86.87096722661194	91.12041926170231	0.6873272194973561	80.45405270321496	0.901118763453697	0.00444058364983837	99.70295312493784	113.4790964386256	1.958349812382944	89.37085185240166	103.897543868903
73.37836927596362	94.25699788261863	55.14931813075295	74.1225651368724	114.7850922830873	96.55226337138311	73.1720881122786	18.83080064273866	99.56635100378855	108.2678408874234	96.878681645272	67.71889375516263	67.38622160222735	89.31423129058663	84.96487728438827	77.29061150183007	0.2238955289949978	88.58010304472626	22.73487332674642	0.3121981083600627	90.21407389304713	91.1885266075069	6.893382465777417	86.28912894020365	88.28207393211598
68.15421911560645	91.59509189356856	57.19711170062526	74.00083050278825	109.2036489882377	111.0142071250224	77.60619171091008	19.68936318446899	87.0235706331858	101.4176846113455	105.6674898872194	89.39523815273141	96.06055076941557	104.3781467319807	85.37636944422748	89.08623626660983	4.207255070008362	93.73778100208679	38.44050686595457	14.7482606926978	88.43294734636551	102.7319800910844	29.76636068374544	88.90327545952329	86.83642563762356
95.16779266289706	86.31645439327374	2.515440650169602	24.81937580450492	90.87384979002435	104.6140351247496	88.25310112398593	2.014200621290432	84.76747453489776	96.18028402649183	102.229182163991	45.33399452192999	66.29293137460604	78.44993952566787	90.65065451850657	92.08325318373369	0.4908460902373578	67.87896842056168	1.920104724319553	2.981589448122011	99.49576351417127	96.37812588403611	2.48278128930847	75.98811846974853	110.2815209524642
72.75189143428855	92.46621609564039	83.40209642082894	86.54970375921279	92.62609130452617	94.30037327935986	82.09026821808779	51.71601912629197	84.10539369379853	106.6022233445414	97.3547294224463	94.44392569021829	103.6881781976156	110.9786721308816	82.81767584143313	68.68320111766232	20.61911902804436	94.20612458613459	61.69405735672694	56.43477952424888	89.73018100775903	91.40849357773915	31.71554441892413	87.2770098554011	80.21242545064933
102.0983583531299	80.84791739453108	2.885714562617282	2.500855951279366	65.65925630107166	86.04659456517551	84.03358107404563	2.697414352753762	81.34270554075772	91.35040491100638	63.48373573604943	0.1599604824504015	0.4546797285840753	26.55515505989785	104.9188992256023	89.57273652319802	0.8639351478777935	4.207268690443993	2.673869601848798	2.527722706481129	88.77501805489891	91.16009063997284	1.19472692416815	23.63704805807187	104.2924375911277
83.01307750190512	78.54988571630402	43.13440164458186	55.48625491059303	93.40261035397694	105.114982868331	86.81500466321052	9.489838047561175	106.1689858447887	95.34722871428126	96.4516194495389	89.76062101742524	70.47912884601533	87.90658585895424	79.04108374646972	83.31794962137135	14.41143433073448	95.01800804532414	22.00889661718411	30.98925648494819	109.3364964009813	92.24498250661003	19.56068660294579	106.5339923437569	106.6380724947174
94.47401209646614	76.19757419399897	46.34639990869154	53.40996933228034	86.55066924669404	85.46562987075058	88.98148460492982	33.3199755125775	90.07918388001434	94.84237645303398	88.67768667062931	93.80085742865114	89.93691588233317	93.75447637853031	89.35026639776422	84.25458318692787	11.36691856790817	91.82107354598254	36.57108149446853	22.43895060879819	87.2444379708249	93.81487505531607	17.88447478646214	95.93006650136704	87.99054416748132
103.2320731935572	109.3668192801344	2.39264342652512	1.914144567808865	86.36449578466271	86.76451841529271	94.99564946768176	2.646768171119049	87.3129137261819	88.3826309222659	74.69804121934723	30.92895162617616	29.02458409732236	46.88140157521521	97.27245017889544	110.006864343147	1.008099845290216	41.41610428453066	1.771922317949181	0.7055914201694733	102.5080965347849	80.46834246572234	2.343088013515936	65.23600009200001	110.1082907725204
72.82292732045218	86.62299358800543	53.18132842449732	68.01355489504128	86.60121350707333	112.7944937767064	80.20766768092537	21.27278512741933	105.8994590870804	98.30590452088526	87.69294398340574	74.95130723421461	77.9586804948281	106.2021383951826	99.46352015326822	97.90585405242592	19.1724611234996	102.5352464564438	22.68752706279906	31.4538684246767	92.47452964597977	98.00469146876266	25.98392110410236	108.800979522443	99.26958898454996
99.44848534913878	70.37565122969716	2.176272869953499	2.818888712229832	64.47891376516519	60.82414041894424	88.12689855507617	2.904111078249982	54.88395045316699	77.96688290154846	36.33033871742032	2.431804016667833	1.499371285038789	6.844784286401698	98.47907077130644	89.36682044837822	2.233195843105795	0.8055880787020642	0.5539097470297005	2.70023656515188	84.27557114279595	63.12700461032169	0.3483319556642601	4.307543090128071	104.684798045821
102.7494091313482	97.95832106386331	0.04549373800292192	1.115414133527005	69.99087418060918	98.8774033033572	107.9515742110663	1.034951359708031	89.68252873796175	82.28080877381394	90.42211605306392	3.601261776019086	24.68922344583061	40.84629845836479	107.5216289200843	92.70218015101328	2.527452471012577	30.37028574793918	1.033790419681385	1.945580373976818	105.4778482560358	93.90265620543131	0.546251559990959	48.59218842565925	109.6049432001328
98.98808350824164	96.37272521851199	0.9505762326662337	28.35971123456096	90.6937257924429	91.39308626046567	91.19457890602581	0.6444608694765663	109.7158459879061	98.79549830484963	97.48501142979129	53.75465153855562	38.83420606608222	59.24747088308231	114.6640455452143	89.89715438002887	1.811206215857069	65.30617409788778	1.247638775133788	0.03655181121071352	111.8951868524398	110.9783144906654	2.867864290417747	88.75300635660054	101.5490692713392
106.6457815595423	96.75541844876804	0.7680039594967027	0.587270070680076	63.2121733875673	62.71498511784407	86.78406403671059	0.9733983699352744	70.43022994490543	63.55128703369012	38.64523357630704	2.268732614570134	1.084684025765187	16.25188421245003	96.89211727189146	101.734408310923	2.681863736102447	1.573601641131161	1.056702024854243	2.099833411126761	93.80452872881798	82.17872751306052	0.2196784446022365	16.9287303180472	102.9820700926758
87.13806979043932	59.34346860674015	1.917201809727652	0.1465098683054264	38.80918725386239	38.70649354376398	83.97427451556624	0.3042156823215216	38.76109054633697	42.83768878617163	9.861422005031567	0.1770538515325498	1.945866817189954	2.922828257647071	68.47876172672082	66.23419761770299	2.018953122016582	2.38320087574581	1.519187373080455	1.322589827313409	61.67410500977189	46.59756017019741	2.029995815997637	0.4616713498105687	85.9326424868048
