42.55844318639569	73.20258316543153	82.12809175963912	87.93404358950953	104.9692010565926	99.48476545092126	60.06861358570436	45.7158972144663	98.78085616536362	78.325377761749	102.9318517934714	101.2079294605101	103.2543485284572	105.3470443487145	48.88767757201651	69.42351012087443	38.40890895499398	108.8467228109481	56.9335210929238	62.73334275754635	75.02738925830955	108.9008858509	58.76564943091238	89.54221547481772	86.31105598837476
73.89067132095386	74.05588591971204	61.13399465671648	61.25997687000998	100.6507126932794	103.4999656641909	68.61554697612677	24.57222888130496	109.4963467521145	99.58321480416797	92.54924492213182	85.63452179886077	97.39146836734092	107.1749805861183	79.8392449043227	72.4072626788077	19.75547223837422	93.49637920901553	31.64417055463694	29.29259987945547	84.56355207187215	103.8773680419481	9.990797875421535	93.37076265751659	83.57819101967976
13.88925469283118	41.53952970165248	99.0672289298501	87.83410157331573	60.70649611090049	73.84963253098097	24.79245958915884	98.01978340592144	70.66487204382284	71.90683841558561	90.55386407116373	98.47148490212878	97.20037614581618	90.91646410477466	27.07297407695428	11.32696824840482	92.82667902396059	95.00845190036654	102.6329938453539	78.67436475106793	54.48740893039619	73.99169738408982	73.83498536748307	92.70975910130977	38.16110065994327
1.464588267460813	2.590299120744833	93.54748950251604	106.1954409090967	38.02568607590603	41.93709627693939	1.132702874272563	86.90082505839143	50.86139008167486	42.20324974788119	79.2620515018294	103.7309721701733	93.02927614798995	89.86150116589545	1.608449844228744	14.27008142567506	90.27366667288176	89.93720677316412	109.3886153148758	105.1218793733276	21.30056828470588	54.44507069717143	100.0497999527447	66.68336227808611	20.72947592726893
1.379135735022338	26.12578353982715	87.12258800980896	90.69962907004492	46.65427696732537	46.22812733930432	0.5995083602205886	90.2276020608878	41.55925280808335	52.49179437202369	79.4372451364282	110.4442355731744	99.07963911043666	84.26797657685965	0.9307231843568915	12.2457589549199	78.83311713748277	88.12840687705211	92.22704180023487	92.80770375414194	31.65926584116986	78.75965766179706	97.52463907441883	86.73795981439764	35.47783526966266
61.08348448813389	79.3442177725817	75.38669216755832	79.49835786527697	102.1933889664433	93.87068655397255	77.7249210844539	33.99914653326137	98.5202021167818	93.58140721724241	106.0334348559771	106.5443848322175	95.83776452173383	105.9956429189946	69.74307361036888	86.66098257795741	19.73432736588924	103.6076248880821	55.81095033199198	43.54178467575933	97.33192468084417	109.6215281334999	40.41761464156119	90.11301602790262	91.20922557110234
33.92086982546658	31.64020020872884	107.4863439043506	105.449682095794	70.26199620419359	69.99865883578002	31.88762102522551	70.83905170857287	80.21335782742061	80.5209280096219	81.85548930892205	96.69059473540915	85.35907547543377	89.14236412614794	43.76790241942822	42.92771908552177	62.71114077388155	92.48190149808451	98.94770117706025	91.61085845220478	43.89711300172434	80.80757315444444	80.79026890120826	99.2335000133466	58.6955290676276
0.6178074609982682	30.45813868313779	107.8304593519832	92.12132102236029	49.01980365089629	52.99335569651304	2.096829996764646	87.4148024921757	59.19547556208309	53.46540683444405	84.92890208474846	94.15358675697385	108.4692086300967	100.8312144659317	1.831581452464409	0.5810208290296117	77.75016462563802	94.55565789140169	98.46269206472459	91.88848508895359	32.50659472366628	51.0142963706151	85.17716737664001	83.24257445076537	34.99610011918919
69.01462588576015	87.23445698518996	86.01663772592332	70.24964777050208	98.96121255690115	98.23146613331789	79.29900354185349	39.74205201225104	90.92659969695109	98.23711936578269	94.0256321554879	94.44079907672322	106.8794065349534	95.77485022701651	60.33948853960479	69.20068343904806	28.34339348760615	104.6728248916912	58.90866146158639	49.5083541630278	97.76776488890997	89.42308985350211	44.18169987342944	86.58013139938478	82.99607412781504
28.66864068083017	49.31086125240948	97.28217825830092	107.6916768605044	93.17016117805289	94.56446201856025	54.44338691052046	62.3433872935033	71.08229836583084	83.69281072890644	101.9970151988418	95.80765221228333	96.48339407857634	112.185226511994	32.10830873870754	62.96946140408853	70.68741768936391	93.2534447460783	66.10304120143459	63.84327776069098	70.11316575440125	100.4380474928633	64.83419139684295	104.7688315095188	71.57919714206564
85.7816898882385	102.948106643058	61.3088405799345	70.46761450713453	90.21165361456029	89.03004343846185	72.29951256426882	37.23323986683985	114.1894499269143	105.8625395177948	93.33587716438804	86.86147103016009	86.20046831211909	104.9160923250997	88.48131464710511	73.68957452637136	22.32867579830996	95.40307271930746	39.46787819103275	36.26924692538759	108.5413547708973	90.5942669019459	31.865256021733	103.795705309674	92.76275589322513
62.4308439242196	94.16603753232975	60.0271351321302	86.6203506833556	109.0051720265047	104.0685837624514	58.88393848151701	37.16792331435497	93.48587355982828	98.58230116395298	92.33711831174514	105.3110257605852	80.93599303601943	99.27532705865998	81.57181850290375	77.02888481559415	21.9059584204571	93.01613537401816	62.46382943336337	58.37049509528168	82.66886374453604	113.7490013731446	25.85153647291384	111.8880532892322	78.58307313174757
12.09074159553586	36.10872981723455	98.10302390772459	100.4326224228335	72.69389731328242	88.88631207267089	36.38864507811816	78.75887038351507	64.84209188425723	84.59697723741849	98.34700999842123	103.8827753361222	92.66407591626253	96.61207314505748	27.66491839196136	30.71470098443655	61.86465351748456	106.9719140181509	92.71767317931879	66.17898982620694	56.89437709429602	89.71783308013335	66.0811068356479	81.61915746915443	64.89357606567349
108.7250286029027	92.25905242075768	34.90600335208197	38.02655597709064	104.5068164551722	106.1819904467342	106.6687547632627	2.502420403857312	91.61651139975319	102.6800673192034	108.1552164946811	64.28459928424633	74.69052445389138	64.18756326594249	91.91021821209202	108.6419115744953	2.675061000970039	80.2705852502836	1.031611961715545	2.91098307158092	89.32759820147318	96.50882705049352	1.685349853953069	93.67399758951262	101.8500688628227
88.14995219680812	95.80089365250781	44.89152206335832	65.82805603572247	100.1771148238074	92.33576130791666	94.97341665323364	10.65768102876279	85.22943597145485	96.93756415974953	86.91187609059003	66.39650335203621	70.97167847351839	82.88000711111258	94.92852493365172	78.37413712893138	9.131317411393375	99.0383875236477	12.19136134007394	20.3713002172211	106.6504243150835	109.2067520592644	4.584772923912816	107.778588538508	84.80802386701482
52.91620949390342	78.65077719739007	74.21621003029884	79.41849605354012	100.4637990211727	83.49902665278788	48.87273959221241	56.36865464663497	83.58640277422046	76.69826995675645	105.5366454139596	108.6563451299431	99.36954079262841	101.5514991358926	50.59483167587339	52.97725806758818	60.89243152874265	105.4302044578491	62.99526148906067	69.5238198686947	62.29334923334116	79.36009109805268	66.91561018102045	88.5920575120162	61.9653289758698
100.0231734789372	88.60344204368302	0.6971378644529458	11.62859635898136	101.2634569708664	90.0000533465408	114.5533112190505	0.1720165790290128	77.68391717025369	103.2871300731727	91.13139904710071	32.53942204933188	42.66512449282918	67.69555084282862	98.80004790691683	103.0359906334599	1.614137210467972	62.67346251180835	1.35004564195936	1.437168863293861	92.19596948401379	109.8869097031139	0.3607920632624245	71.44696042123648	99.66868949773435
86.92681638735105	85.06579400703586	7.441988901409108	7.337901964305797	103.1348665157198	90.60777830543179	89.23522990672915	0.7858860797527141	93.89946458425494	98.9929286737848	95.39145473458052	47.06394160830342	36.23840371094015	69.5273259919571	99.37340767696608	101.9237329542111	0.2427826411701728	54.2443891352802	1.571227469061442	0.4210177454696755	100.1273018552785	84.6232016517732	2.544311470701983	73.44468701769193	89.44810167830623
90.39715284200577	97.31735916345535	1.269187820059456	9.040058797666813	87.51298260714742	90.3617718861846	96.14484806305212	2.172535247438721	100.8150406974409	85.01752196373715	91.34202728118559	31.85132015655573	47.0108448015175	70.85035761518201	102.9429071210737	94.65675460475576	0.2669718129941246	74.99921033979042	2.575805587984632	0.1268973223645881	112.0566459572024	101.3036234488308	2.572473679013558	77.6328599660425	97.05684575217086
109.8643881413175	93.95460992067473	13.73227149354486	29.92357503347549	109.4583577692999	109.6401336021463	104.4523081375414	2.514118792840254	92.48520507838266	111.2265201489446	107.2770330356449	41.05314998429787	50.77328417059901	59.5346038645939	114.0478637568236	93.47569100270972	1.980926201145832	56.54082274041161	0.6111765047952946	0.3880120853871658	94.74204142377712	97.81716875801703	0.3510187181170651	90.82895648286049	90.92601935824143
56.73818297822987	49.32110019021869	95.0547067103972	107.0726473205628	94.29752248022938	98.89504315740541	46.72218851556504	67.80671399997783	92.90380923914765	90.85272287468271	110.3343787310149	103.4982767983724	106.7117597870996	107.0241226927098	46.30771577831451	55.98507246686619	61.00220412662861	110.9098853965446	66.95300651217585	58.07880022413661	72.36605911652029	102.1238461702801	70.69209808260008	100.7926183470654	60.96361212463239
22.1226669882277	41.27234081911697	98.30042535064648	111.5935838075114	79.58432753358503	89.16973497598626	26.53692096285612	78.59141862623693	74.41443749560271	71.84969735207216	97.39747715477918	88.12146995660106	85.48918615491547	86.39666727306518	16.34165942177228	43.41905730648575	72.91037719600534	111.8319065662517	76.7814916795399	79.99687947249815	64.3710396328681	73.05102721395897	88.28802058661159	80.85756976426856	32.46231376189623
29.03428381143296	64.43685375908393	83.20042272285329	97.21291052240952	93.83023251537843	80.38007386252053	44.23467182599997	91.36532909844927	90.36968498407138	89.79974730706064	83.91987970199942	88.45634503651297	101.7883659274617	83.86448728488726	52.2181119318177	59.62977536896892	76.71158320515028	92.48931682914981	82.15030871989846	77.13585081835679	64.19136898390026	97.42829245355925	86.16926329335544	107.9148884096864	60.8024900933069
56.68385384776118	69.72088873281578	66.7685119069085	76.60888667975344	98.45048393738142	98.00211721242042	76.42572838880793	56.82630935956992	101.2878518452462	94.96646927121421	93.93362131636803	77.90627419298093	86.6399316449866	87.24780259967348	78.73863744949665	72.48927398086236	24.65822120314877	107.0743100220249	48.98662134203245	37.10425391109684	78.99486330910543	110.5587294467795	27.73479045045465	90.23411046771713	73.61771370407381
40.41760497370051	63.36421347135256	97.02307576382461	98.9340439168524	82.93889707169498	83.35297722982375	47.68795480421738	69.24186888696718	78.00158568749129	74.2409515749701	101.7014577417714	112.2927483053756	96.89282139078917	106.4001396638644	61.34858711509597	58.42781466051687	70.31847714447474	86.15735859613683	84.21358989963903	51.89490237664656	66.11175887142797	85.36877308352031	56.99910736068	91.9905326618332	81.94175718119129
56.66635665175946	68.49167163267518	58.50621071876758	77.98829558496847	88.8797719264368	99.98122692729716	69.20685451361777	32.67508070045882	90.49914807149648	92.03957745993044	91.91893995227998	79.23394570130844	90.46529957330453	104.8074371633301	78.42664622959381	70.95054274772468	31.85593586681162	98.15054856659864	62.02171176396574	47.13246930732147	77.84219980695404	93.31096349234555	34.0417378502495	103.2670940391304	81.45605955514984
96.66576469810482	90.62064286229385	62.5538690777058	65.92878182102459	86.62935824640945	97.08422304173882	83.21055761081315	16.0249917415801	110.670127726771	99.0898823203748	90.46346733523576	64.39762541915137	94.89589622304916	94.06132000956201	102.7477754574909	81.26429431951628	2.524731387125421	99.0869719111132	32.18438924199637	5.090438980120595	84.88194391038165	86.35107713908104	7.267691510923498	106.7358125511347	84.81760572407457
96.31441974613958	106.9048168318931	5.119994212036779	26.68706018091864	106.0861265950747	90.51362448769362	108.7776629913247	2.338387685084823	80.51426840684124	104.7471013153314	91.40507390969093	41.80668365214201	52.43321028835541	75.16906516815258	89.23278126266956	113.9955234514109	1.608674820256118	72.16216868652469	0.5594700440651748	2.998727233979955	94.919375093634	99.30066980319052	1.337886946392634	69.29829524981746	98.16030956469967
33.67470718367941	56.35285792771074	99.56134385266103	100.0291244725528	81.04102203311555	92.02191938308015	56.5424961573249	83.82466107977112	93.99949435844904	86.25518606119959	106.7634416446589	108.3831593024645	89.00491087395378	92.81015727820039	42.25390915544495	53.98631180652799	69.39911244882924	102.6007134299396	76.96541150072055	70.09127321756708	69.80387015033494	79.17998675688681	71.19517548322116	93.49778370843345	49.9090430085722
71.60023685975762	76.39789089976632	46.82679474365763	84.88258161172196	85.19780585708664	100.9079155655423	67.68143530161294	39.62432745547446	111.0759272850779	106.8765080338475	87.39565657160885	90.64055145506688	81.36321950550641	95.80044445819141	75.03700673657092	85.18615324001877	9.810561795633841	96.32463521949532	32.82895971545091	30.11997127204465	88.47669511819984	86.97587842980558	9.913406609997402	99.29605177682002	77.6492571322369
84.89881653682255	86.36000694375707	63.10543078966303	62.59771779578378	111.0482546484218	103.3528226371654	76.17378203906138	11.20830913030441	101.8740900763848	113.0584645846887	87.82743938595056	78.79789199473598	69.51272251535474	91.06744888196346	81.28624188140267	77.08913632536894	0.2893354719549959	90.67077676387491	32.50370076120141	9.655571801892027	97.03752604852372	92.73957237934566	6.856769360357987	95.97544340673974	108.4417646442726
71.13379098550844	98.71345795513881	54.99079797581709	74.30582498102837	106.8274035830213	86.35511862437218	74.65751365572964	14.99021397087328	111.9978114749199	101.3737541195803	92.04619494842393	85.56367829979476	73.58748251515068	94.95064075219678	96.15415082395029	85.432171340548	2.724582510681281	86.02095681484514	44.32930625729921	26.561626735724	104.0865813554921	101.6905701710928	24.43349829351939	82.68742367126129	84.32793076503904
88.71516903630958	104.7675688001319	43.75897563426321	53.33415502559517	85.77812280771218	97.88549890668385	92.68791768856431	5.816718127237355	92.74547924996912	101.2696783036181	113.0153078931411	82.10369405261069	69.80527017533507	98.72348975850824	100.623444303167	101.3124283724704	0.5519595977653735	91.61526435272381	27.11158317470238	20.52423241228335	95.59199402862089	95.89717386742582	1.949219690189667	99.85292909699237	109.2680126074923
105.4972262158036	110.7179705567426	27.03886452728318	44.98034226142397	103.0687493305821	95.84829156635188	81.70214687405456	6.379836808157599	110.4435883771001	96.53883359226199	84.22982819565387	55.36082080662143	75.31160845029255	79.48828150259919	87.07479389759283	108.5205315685247	1.65455485396285	84.74421469814337	25.55108247907826	2.448595015934974	101.7793451973071	104.6134136265566	2.708790355210158	90.81756106623982	112.2176181968302
96.04982486042984	103.8756949658859	0.4039825434339393	2.035544428412873	82.2368890185913	97.15770792455986	100.100636219333	1.089074625355233	73.99057438645966	106.1277921306165	73.44474816520865	32.90406734403449	33.54434068785356	44.71826462864655	108.1977127462137	86.36630028142521	1.183982028481149	36.45203134496621	0.1704669851788867	0.6427280674612246	102.8164519917051	94.15355720942414	2.398135948449299	70.78526920847139	110.8474314370181
99.96414714452683	101.9170484010239	2.45223599205503	28.20479183148127	93.37613379300529	110.7047431415001	105.5250531758854	2.546327113942024	89.65580411540651	86.4250957220664	86.85809082509452	38.36752717795101	34.87575823009384	76.2568574803291	85.87770876525273	90.56286355537955	2.650987246007031	73.64702060569267	1.261890717039456	1.471710108714214	108.393292912823	100.387436409971	0.1023555131238483	85.53818628049453	106.8953469129234
87.22587356177415	84.77887507691497	12.14451730917694	34.7166395427527	86.87632175118728	102.9659145967775	86.90677661994042	2.804886250167998	109.9044572378012	109.2470773473551	83.51753855513888	61.43745862877667	71.23567477151568	74.53828008394385	97.58178654849723	85.94395955760643	1.540414781547084	80.16841167837264	2.875903276152721	0.7838872660387317	84.93047922873838	113.3751975044382	2.035600291424693	93.82273751735934	95.96182350316971
87.6752325302015	79.58550749695127	64.67812274873963	88.62747643946904	97.41166293758938	91.47868427676299	90.67194077769484	40.0988664639731	85.99616736618756	107.9397018888177	114.3525268404944	92.90703824035829	86.7418862605119	88.62430528829954	67.41323234686905	96.69435196985452	14.46815097941172	88.98069189914969	56.03001407881109	35.61842573368502	92.19732151317082	88.4728218588471	41.2918071660194	109.1836617543603	94.88320009161579
81.70770808479097	89.27825011005737	6.181897640949234	35.98625974196112	99.91944688278483	108.4241660905948	94.7068029406025	2.114795705966003	84.42780946050844	108.6282860942594	94.70999872524538	58.48174240847563	60.78108128121816	82.90432776741443	98.67628578272101	88.61633347618994	0.4525548586298684	70.2346830288091	1.753541494752619	0.05619707145939759	107.3413511941285	95.60376550857929	1.154779925424602	88.72945940334451	89.95319441808414
82.17835710522421	108.4464156040621	35.29807259456613	55.45402540913697	94.91530504957278	102.2747574394385	90.01296953567422	1.789596370623684	106.0089143990944	92.51637096371448	91.0395594844794	78.37137274655562	54.34745229848826	92.49669195583283	82.06113663721696	97.77093329979047	1.34486411708682	86.04633801447014	18.13162171514293	5.303171451550774	89.49352699881088	84.91403283738194	2.309861893233391	98.72221658066847	109.7332090621179
103.7847720554613	97.79982317694076	2.567893576973017	22.04699802217445	98.94004494158843	102.6120808145618	94.83468045714162	0.5676219159074265	91.35509210842537	89.68986130434467	90.61461421863432	50.60130722241612	36.64041062620063	72.94251126019132	98.81024326122493	101.4146841425801	1.941415640349125	47.0790143146871	2.98818172048815	0.7978226763305376	110.0329697413903	95.58244175890023	1.560834590761037	83.20703111216339	86.5382546277346
96.56412733725917	95.90731351907962	2.487404715470788	0.2095908464977818	49.46754312269493	71.31394134985567	99.36798694582851	1.674814903299513	46.15632253994124	74.17100116968641	55.85654295155896	0.8673076431707398	0.6398063168818702	0.7556332881368033	86.45981824557974	98.54449666370481	2.856378088084436	1.573590792223347	2.140935365286953	0.3335459846323353	75.99343775984428	76.77261727065965	1.933417523415162	22.72160134230178	89.24833989455725
99.77115580847794	82.27675552478235	2.147751725016793	0.5995249297385963	75.13624700688862	73.75412375151564	95.67261388372138	2.207855258300666	58.6868221974195	67.88703003734631	45.41321459044523	2.864380587854684	1.047559981268006	6.592329792349972	89.24531035556498	93.17935738183137	1.425760934542278	6.923306556977831	1.846313995520614	0.2524758649210576	76.10425911023698	75.0157835746889	1.505144168649717	7.999990844374963	99.4553247999814
109.3410693462782	108.728564534657	2.182003701221029	6.093577348485962	79.72439032090047	104.1728868294632	85.3291295937689	1.472187274141469	94.41617650835512	101.5695930930426	72.0546996601721	23.0527788875761	25.17987822002476	49.22932153820398	87.54129219214713	112.5152503962095	0.0155768839034768	55.2144867540801	0.2871693703803518	0.09542101530622051	101.6587811929053	106.7762393275987	0.6989490664803626	59.98760721573254	108.649256711602
96.73412279175965	112.1818196690053	1.732721042044177	3.521490611194153	98.56604472674951	96.18944535758732	108.9917261651077	1.944998764462585	88.34392957260795	83.32024790732079	94.02623086029868	24.91673043596864	47.46122899233495	71.93985887159729	107.2725859558895	102.4109464022887	1.104394395894311	57.07167299924247	2.996065589583295	0.2186091871828212	103.5941153006345	112.4812192366181	1.341154446681752	64.68725009801166	104.7138060155396
107.7956923356943	99.45646802709324	0.9148785854036419	1.296756117891583	62.61073231235173	86.24036343093744	88.21965657599864	1.334957868792825	76.50407231271703	81.35219615549492	64.21871674127564	0.5318241034661748	0.07939537975848943	30.9539277272458	102.0488612369168	97.32397709737228	1.04799686960477	0.9247775592680156	0.7468367477120639	0.7903113372728898	82.01136334156229	95.02127389359097	2.651699851248574	25.06444575600038	87.06965120646834
95.3325729511113	101.3740426058015	0.1968480758313643	0.3556029360561661	71.067771128061	89.46687784554263	99.40734129548024	2.473562641997528	74.81400327143004	69.01180931133401	50.73484994031386	0.8449537116970172	4.095175539957257	17.70346012785179	100.7169180569136	96.71516582735688	2.180222674962631	14.44821049227792	1.00065929252492	2.474882145669054	95.02433083131017	88.93687547839933	0.8591363155459566	46.85462738842133	89.6962417707425
90.59085168587515	114.377639431073	10.24283710084763	24.50937350701461	83.53563849135534	104.5619303104341	87.22694897223363	2.718525878845445	103.060269608337	102.9887572074754	90.38296009678277	53.91232761906572	58.50219833903377	68.55943448061363	110.6018088042013	113.0411257611319	0.108832127046771	55.94949687630917	1.680172993560372	0.6403571284984768	97.47809637015042	97.30003979169598	2.414426775094762	63.64865622323723	99.33998200753831
103.5403386540549	98.64164521438947	1.675431435527377	2.417045581703635	70.18611508728688	78.69391603643967	85.33001583858685	2.76607876770157	91.26341530265265	97.2371763220722	92.12472160299359	18.43848804236448	9.067804864748904	56.13211708494897	102.1699356753404	109.0779275697716	2.45679670911073	53.83773794370116	0.83188291608072	0.1189570741700155	90.04275929301038	86.06310988073469	1.228363559601412	66.76333567404438	114.032370146334
109.722219516584	93.39171728705523	30.2117957036828	25.59658719965283	90.49079606994043	97.80166139156864	107.0951137367168	1.442114809991943	91.7862240213877	109.1984695743008	92.19025485114902	60.02261809848441	62.00313874938276	70.82619751236444	101.2531258190872	98.10787930895243	1.33260851597229	74.00541049924404	2.456347163278124	2.688415898186909	102.8918999112958	106.3429321209893	0.6117110267237897	90.23357932187892	109.9352347213457
