42.37472939538419	48.11305007555061	88.4745138599902	92.09537809357747	60.76701304272515	74.27792701064816	37.6121725249455	99.95534458811051	77.07679030454877	81.5502001178363	97.6949008681826	88.55506295269265	101.6566598853554	101.0600797164535	49.34545368863535	44.69459398524442	87.29094559605556	96.57011614937791	105.1523662356722	92.22156685220699	76.31437457701722	74.18941062648986	86.51296445350712	95.55022037604078	49.22327993311993
62.61469920333762	61.35101326994071	94.48189528624128	85.57907017938734	93.18564677761582	72.2853793399053	63.67746230641343	105.2948873616333	79.10902991700044	85.42291242908031	79.9090890426744	99.02034318128899	104.0953228378387	102.7201651464632	47.06662317336026	60.32856003747631	91.73749334046124	84.18039013088332	85.0583014681112	91.21083973014861	60.13084777229864	97.55717098526185	87.69554103920346	96.05805014336215	54.04030801977309
70.66447310529044	85.48939766143643	82.94420190279224	88.72943876438106	94.60097447729486	86.63904797002547	74.77536334393835	73.63641389765849	109.3392478863539	93.52750562669286	106.3370461964211	90.46664275788606	113.1312330421896	88.43128247317844	81.51593219110531	81.01147870733207	79.68625046597258	104.4728410570697	97.01722166305859	87.88482363084043	79.32726575099548	112.2806017903291	64.63402482454084	104.1624791897018	85.20258762153969
79.62910819005859	89.05008005372753	108.5634067876643	97.30907510050818	78.19867199830036	82.89126806076675	67.75922711659832	89.42330139042951	104.8548091437173	100.9599882651287	82.08303895363152	104.6590936378145	105.6182058411455	93.90186676749745	66.48487785629884	65.52947773414795	80.630462182166	101.9377649727666	86.89840265105435	85.43098705995148	92.92419172114482	104.4405110710694	81.8452816115027	105.4705934898199	71.10209647998764
78.88089006760539	88.4592279746757	96.13636625345598	96.31492970810858	89.61180183362258	93.76091371983394	89.21890173668476	78.92062553638571	98.43361721860578	83.64914602080292	100.1663003966739	102.9442408531564	104.2964260457887	109.7800378641665	87.18339101721553	74.50573467062493	88.07768002009439	89.26921700157126	79.57692491606427	73.45571021165574	78.23892265477971	97.96141442786286	70.74762235038642	86.83959305151512	100.0469359190134
89.78360578827207	96.29415706994872	87.64952457177394	89.62622255409448	107.2938733962601	87.35834549787384	94.3822649648328	75.15408041361974	101.3212083554549	101.3713368119425	100.0041903252013	81.67133789283642	87.28117254642747	100.6421334421271	107.3682538737763	112.1589278566242	57.9189664037895	81.02391529048865	66.80354708715967	68.86273844163	88.69679180498666	90.39411516873123	66.74997769894354	93.02519898935846	102.4756865466466
68.75133395810151	73.98845869776075	94.59630819679379	95.60037614791158	103.6442986631461	85.33844382661434	88.72404635454851	87.87858516757095	77.49397831600064	102.602628273876	97.70517654263367	110.317282021643	89.39792071107959	105.4405917352409	67.63206922913423	81.8854889705224	96.54763173422711	101.4830529940405	91.9577392639431	80.03492537268403	88.06008761046454	97.6586577143409	97.31336199277885	90.01035233890767	85.95131335627474
61.84575108282446	81.38814568849799	102.3191027568355	86.14347995706456	77.57954976121732	85.2428947431773	62.05920859305019	96.45966575750985	94.37859572620451	94.91879949664386	110.0783013222429	107.6123453330914	107.6572567705434	100.5779628778825	74.91498294320996	89.13682260001411	94.00737200745021	90.40208384963093	98.00458906519178	80.3536252914694	71.6271763961706	86.33297094282996	85.32089252057813	83.44413490875043	90.48312007147511
67.07782671195952	61.36829056679741	99.96238927846991	113.2022060657719	98.2156499261546	101.5727134319585	59.47606250561716	103.9177745901074	98.7802981842656	86.59264881139016	80.00369170532527	99.63222903221745	104.5936552416794	86.95374541085519	75.45298471201353	58.47090230378377	90.18644851294863	99.5504703010934	100.1992672882464	89.23457387443214	92.82597928933215	98.26408224311827	95.44192522888866	104.6651703603996	83.51462071026235
91.55062689715739	79.57529357481316	103.8555589492546	79.64568502978315	86.33120867886031	99.38821898403	101.1078145989631	81.99929321929696	93.23451874114308	87.5796811647341	99.93275025980633	107.7201960411646	94.7200076175347	94.73851890819036	86.59779300080513	79.86419414755488	61.08652342102832	110.6960610556096	77.4311070681467	83.48589934161055	85.02757223211376	99.38147247735013	77.5702979350463	99.09858221843996	87.62290954066219
86.14654156737518	101.883213390481	94.42050677879374	103.2937383728059	101.9808092801905	111.796774947036	92.08638914531527	65.79805490698544	96.43233937096771	96.23274865723293	114.7438659057703	86.01676237038163	82.9676840472993	89.18305944713546	84.30363062288819	106.8939530727776	68.28555345448602	104.7281342647127	67.75617696973936	71.03269710458535	93.40533417216209	95.22098399891624	66.95580950145965	108.1355868122832	84.46340403530263
105.4825493156808	110.3854560979038	73.44937434331285	96.54609900213489	85.20380813311873	114.3291380535865	81.10582989138155	72.02940703718812	105.6341329567578	91.86828723980925	85.77424554625875	84.1226363172983	94.87352990413093	107.9763089183701	101.4133414107921	101.1968397580746	75.94040520929207	83.65375553011403	73.92119520401027	65.2906141320657	94.46697482423104	92.5829089858196	56.41544241481363	113.3290547667428	85.27969315683974
96.64770821459022	96.0521654703586	87.43182217872881	99.1974030307789	102.7579355845196	102.7580378782745	95.63997314199848	71.83057171556931	99.33486368560884	108.6602607760783	92.91105724142473	92.95284301505957	98.79913120565283	93.27532462524776	78.66411130103575	91.45225868648239	64.91389369920677	99.89280001451758	78.39875412643961	73.51283153979986	84.23286616963003	95.18118123554069	77.09421402629674	111.322021501198	102.4688478277187
104.0513945063922	84.08057675726106	89.64079230213298	76.18847039330953	93.03800303473164	107.313281784307	102.71528389889	70.33665612022486	101.5618204469285	113.6505298145691	91.06891113455006	78.16137120361745	76.70172059303523	82.76259252429628	86.19595883967366	108.6405196187083	45.38389984333209	94.51409019630528	65.9044898567825	70.35136843975644	110.6988831592261	114.3614139593415	50.05869273688963	93.68506187242829	112.3642669479163
58.81451254425198	56.56437272919564	97.90757211980247	99.15074947667654	91.16425937147568	97.10350852563742	75.5474330383625	103.2205169854253	83.06036729560776	81.85049664409401	107.7198443030916	107.5879567923151	103.6233359063828	103.2677276390497	69.80876444327123	54.753873731689	96.52053014839143	90.06873140827756	101.8447230327125	82.80965565051059	76.0875967030135	94.36298715168627	96.88459931369886	102.4243968990893	67.3333736554416
92.22894499697163	81.63402777340505	87.19155690114339	102.020593851739	91.45739271429024	108.9863432216989	98.47256747174742	69.00856270424146	106.5509133653136	85.3733598450972	95.24049630255163	101.8682455860205	100.0743121028589	88.76083745600165	85.0354654006198	104.5702646594083	65.05678760733571	98.49002364966796	79.8842000169963	75.65433458996137	103.9594162240939	101.9918675389266	68.08394951578502	98.22798655861442	107.6016850061479
73.6412653151141	93.99471615195483	91.28965987124444	95.93307249282235	102.3917455351519	112.6887800699545	89.3506512687247	86.8146397620656	86.27057019646213	98.48938481682391	86.26031562601722	90.10746367356887	99.67594515732834	88.64866395383005	87.98883556405005	105.1840752311415	62.02353671400893	99.58401078223687	96.56186579154553	66.72475879342196	101.331615603043	108.290493545034	73.81900107619322	90.73546823652232	104.0751930382812
98.40612670284088	85.68393406863528	65.70536601314519	87.25548512840794	96.24221631544749	113.918589538199	94.54237499836916	62.03188427966518	105.8731838328215	98.44704092257612	99.46927264927952	80.10773240554062	79.47546988397578	87.75804244870778	95.04566743871965	105.7878468145369	66.28724851458854	105.4308376060673	73.49217861591019	63.70427346741523	88.27949116717168	93.60947261637976	66.59414407944695	87.53257990276201	92.97663901038733
86.54087899064812	96.84567873816778	58.0251044367098	65.94262871935878	93.84943492259184	106.5741034232094	103.4425567444767	53.81988926849958	98.36873302094676	95.80135094139233	101.7742238328646	93.966326346271	79.92564816260659	99.84998060605045	111.1523144964823	102.9290492952117	50.27912656695293	82.04943835068372	55.69471824104963	51.82822602576104	86.46427950696609	95.27587777776124	37.07446103750702	95.81724067480732	85.66080703493898
68.99741431648158	88.48625498597752	92.07589050545144	84.50086233699903	88.53011086090704	98.40416674575276	92.67612516526104	86.91880915992876	102.7319670653022	109.1917419324546	103.1143685218934	98.86649141081487	92.87658466413623	111.348758971782	72.96272612434569	97.4276007021552	72.35186365405983	93.43516959539747	94.83818863076657	87.07214819321808	100.1045885358174	86.93349510554496	82.41184862360873	96.6589033965061	89.96030175024582
90.13273116212783	93.22823520111093	75.6020837525152	96.26918178981904	105.0267915910736	85.87525818314344	76.56007236315402	73.68217996744886	104.4116281539456	85.5023930267074	94.35371178781305	106.2472767676247	91.41452765952715	88.20927952815663	95.85577174710244	86.66678165023897	73.9799996438891	94.8801137166479	76.56696806113355	73.61795751455637	97.26087589967834	87.47587412473436	72.2400830276691	111.2192508642743	86.98374721084841
90.74627544796719	87.5923762570775	97.12282488524278	88.96648500997237	104.9746540901573	112.8735472065045	77.93811943565474	69.55496674378206	104.3447254575827	83.55899534775567	114.490697123294	110.2365104785541	94.0169244907017	104.250587786918	90.27713523831677	102.8672727101117	62.67797337067468	108.6375621596223	68.47115048854101	91.4029542150538	106.796489940447	95.86425063406693	63.31505748541093	97.61113664506749	97.3874626357085
85.4537818391081	98.67932569523947	80.0498669550288	74.49191709886341	111.9707856128313	106.3694928468869	77.86079392312934	62.23787494113293	86.32688311559271	88.68902710871367	105.1101918849224	106.0161252983756	109.4827644322043	103.1178248242653	77.91764833083703	91.96513475134712	63.97858303640534	109.0600288642541	68.98958426478443	62.38123656800796	89.26182723515366	106.8530932228525	55.68482473714485	114.4099189639304	102.9970613479892
87.00812928284194	74.68734884864389	102.6463352126654	87.85538219283197	106.8700063089094	94.23467583636759	96.7297986581957	71.62764483485037	106.9668351748857	83.51736007820902	98.44945059222488	107.0604017392162	102.3725635303011	114.1827911495974	79.85487041062468	77.7830326448983	66.44375172537003	96.72331988755515	75.18171727085743	96.34062521501114	86.96737444004148	98.28650301542812	75.09383836362633	105.1177516167128	96.62928212897549
96.10126295308278	92.62678351804735	91.12862154711988	96.52119788211985	112.5543562239019	91.00156485293621	96.92684494475958	77.24439832096864	105.9862007701592	108.6271909899664	111.7267132161031	107.951046994281	98.63534850847802	102.5899239204985	91.17136741039228	89.72972004714038	64.33943098510338	107.7012695623866	74.83989462954138	65.95575851870755	93.95515136759815	104.2962805783344	81.13846772808841	99.38377825700069	102.3278656901268
70.70061246821457	97.71692160443445	87.86081782430361	111.1923817114606	82.79489839603853	97.77383473737454	90.45157959142246	75.71323192760764	99.99377906999241	90.92879005690605	88.67898343767023	102.9350268218136	109.424870383756	106.5421951470089	84.17012418124196	97.15068475933259	99.32432670925938	113.5244871702836	100.105288368998	78.88916686068123	97.16671222995384	108.8131653666041	83.12546328227292	91.84950804784172	86.1966339392899
108.3763856683084	87.01464156248724	52.93302076235811	50.19801774041774	109.5123207571487	111.9187000271058	96.5453365626464	45.71744351957491	98.57021114168811	108.9776110632354	108.8132097914413	82.60393806876394	91.75472903322625	74.4581857468666	89.4049564289095	98.77842617785819	28.87395532086847	84.73594377277988	54.1080047252768	32.30094669138133	89.95019989086083	93.43083128188763	32.18167862280045	90.2837726875015	111.3586912050722
75.88307185961781	93.29745808633501	90.34541048978096	93.30040442454104	96.02481027377863	84.33874672121721	83.21369133897069	92.89992427434248	103.1951567000294	104.6715275981379	106.5471572810229	110.0544965295523	113.3490059364971	102.8063109528036	66.24269650031502	92.77602525997138	93.91391399397588	91.37672037524688	78.65510326703216	85.02961717934022	83.93889054098277	104.8489094190637	88.46468656372534	94.83627088574342	96.08039949674003
104.8172383361205	92.56256902049711	81.65826813884735	85.89214998416722	114.0326454728738	101.9400485174481	112.4226156709976	52.78562657109327	88.4193016218605	108.289580672349	105.614787715684	75.37779896263261	73.8511521045851	91.09500423560289	113.2044915918682	91.87549807552064	38.19138945124528	103.1797096960702	68.7196585677659	60.61529054849936	106.398118067535	111.3984678578807	42.25049378238504	89.35250991141895	103.479182119195
109.3488046479143	97.3956841634097	88.10728566899394	92.17295663776945	107.1419055575346	88.00250569848147	81.62825962021249	73.24072345610642	106.4636160959695	103.2447895143703	103.7302464971025	86.76638318888075	93.73606224650423	89.79014670601148	103.1349868911221	95.16085660703845	51.53950849175617	84.54795196626696	83.94678447164395	49.79438774935939	90.51502655157125	93.82012134445074	72.66693989334114	88.67894411877731	96.91746036097273
90.2408778665434	112.8143502534001	71.67177749617736	75.22150428582715	88.61094586849629	108.0099122496472	86.33506429553424	63.22759344269535	93.55468524376617	104.7084258169103	91.24422615818736	86.62907035815165	97.81549978126611	98.4302046411392	104.3650383351595	103.004577471581	63.06345871066586	107.1652239888813	74.36184800941724	71.1514671852192	101.3588276165866	96.25240520139697	70.33877709039346	110.3674325817469	100.6357415286614
99.54687103893775	94.07984682314948	54.19597429353229	61.54924564563512	99.17842777514133	89.73412033858992	93.05309049721129	50.00972789589193	108.7532216869358	92.1397805854582	112.4940179582998	95.11934428837149	74.69735448776002	78.20207756041437	106.766550389189	114.5992330047328	32.55513338708946	92.81557224188758	52.57374641045651	51.67801323870691	97.54278278480326	113.1223150095385	49.19566211349121	89.76240720883008	100.5066765226697
105.2382928952724	86.75288685544419	29.51094375385455	53.63802277820741	77.69613983191154	90.76054927562339	87.22555332963834	17.1045047148923	93.34225582995587	101.6536904392208	99.16995388476107	72.0371953071426	63.08699099071424	62.89272848945821	94.1984936511587	111.0700762415064	7.625981151616301	82.20447734493878	31.34910990787175	10.70914878139605	100.8620266569299	96.9224795132392	7.821045598799834	85.70978241706455	105.1694332999458
98.91240293499179	91.76748554836051	37.38686693693733	46.8308356517478	96.86543507811656	104.4956356996644	91.39257876304855	31.88548711100866	104.9845723547809	110.8805352043398	81.53518900185851	70.65100219484393	59.7799257359148	84.84572254401382	103.8724323816832	101.1201315062457	32.72137417936877	92.06157920339822	51.52246932722964	32.04213374914397	93.33611258207399	105.2314393374336	37.63858495978194	91.91929214706965	105.61815497896
96.32186129149238	97.83163498829298	61.41259569676953	92.41686439072711	85.0313875082535	110.5019695565957	84.61796580329835	51.65046752793764	95.16870002643095	94.69351615694414	112.0028904490208	97.37828122304848	96.11942107238053	81.20820032972084	92.19509232271525	111.329352227414	42.20765892184208	91.70688378286179	57.52380079452011	62.51624673197402	108.7874411767438	102.7550139223169	67.08474303737667	103.6966576181693	102.3925684762559
92.38618990502582	89.47960360927368	76.34516288933619	91.90185454976876	93.42069514306151	110.3059525741985	95.45500638933848	73.61600508248395	87.19264449439851	105.5335638393948	110.4230337800431	96.94897412543114	98.1637381784404	110.8265511631649	78.55444419134413	76.97860750126941	89.16796042809341	104.0455103405191	98.15078351455678	71.57804517821768	106.9316068744864	100.2966326712511	90.93775040484442	85.89760943619169	106.7355721019049
94.21991195342679	108.940219520944	73.68248751893019	101.4062937407442	89.87217877342172	114.1033726107781	90.44644462772908	76.56506318937988	99.89772346062446	104.4155712562356	104.4560419993134	106.2583618994535	87.80138816496705	93.50718315721578	107.4094003814141	86.77126870561717	57.44124183663402	94.78027556961375	64.82196520732708	71.32789848631077	89.05321154314315	108.9658558235229	64.88435414077215	98.50361754070867	89.50734207734017
102.8738676004888	108.4028269604579	83.06838412220698	82.19707664760966	105.9736628994428	89.90549790993003	101.1835588449544	78.09195531763078	108.5429694263166	98.71121747913472	105.8797288908625	85.2152516682799	79.18371650191553	98.37184929835819	100.0346457140682	96.20100188804417	57.38311455717904	111.1403285844155	84.85134974416466	77.20575875725663	96.38560206385932	113.2349140839521	65.98045437599195	108.6945749439074	105.1727632697871
112.9832650412502	86.22894672633288	70.08569776584234	58.21409224088964	86.33923093882414	100.1184471928956	85.04506152809019	31.94622986169514	87.11898167572275	103.7054243387299	93.88067586130691	73.88471499510068	80.52687163274936	82.33601513722957	88.31383754267959	98.35756603073848	24.89410139242511	86.49116712613362	32.351942082357	53.00135604924589	91.84776558865153	89.75080314563796	24.89020515717264	103.5949091408224	97.92819480298294
88.32973404471416	95.28852697726346	73.34966683314602	72.00224825475523	112.8205329289064	106.053386793538	93.80689949529778	53.94336460571644	100.0055951952649	90.26780812365851	106.7664205143638	95.10415223642337	100.1877382394477	98.26383240646976	105.9947144122503	111.3221977862492	47.17796506279734	90.59638512085704	74.37776413437372	65.21427661624659	101.6982907768188	89.22602756134897	63.52871646518007	85.12254910356995	108.6014498825035
105.9013796775562	109.9490847190844	34.42069321338205	51.63885117044966	94.18613059337594	94.46912181180133	85.22646751494381	25.18809527771064	83.39357882189388	93.17306205179071	95.39082457847661	45.16367010513103	53.80619394353994	60.74073906516533	98.51575448103215	113.9346693217764	3.510496100635443	71.7224580991512	26.54757896233643	23.08623545459673	96.3902546175228	95.54722619946384	0.1947133417158791	81.56979840329085	110.8310193226496
98.58123861592915	99.34829975630997	89.15607485848088	101.9550412755692	85.14567760562984	107.5060876458766	85.36907127633035	58.70949200880428	92.71525881814492	85.5139620004863	86.21507200297179	84.93707277187089	88.60402320419023	105.4573276201325	93.94761655978937	82.19951853065878	69.68251022294893	88.16424249512929	88.80547577898227	74.85504686377773	93.15960854858237	106.2335463807622	66.87075024746557	92.81198928139021	84.57611624285451
96.02682466964605	108.9176527651329	34.98009559276927	39.86447384761469	107.087402163378	81.31812241251386	101.9804681865168	30.17664082980339	89.44211771880489	100.7339577996338	92.31500872521346	71.54602191481914	73.34186119889638	66.48793673198119	102.0827974789932	99.81978434913424	19.88699443417993	65.28810430772198	15.11404706078617	14.85879710412553	97.81399627988347	108.0382510502899	20.65634769787152	90.35945030689408	110.3987541803002
104.9565907128268	111.7793597035416	41.52391403027601	47.97768440614291	99.46259673599249	107.1763024984562	99.04172439181079	22.64514143172084	104.1983977472915	84.41418955027623	90.58469981341226	70.95509479834588	61.37116437825219	64.48775660214974	98.67757538128467	103.0140465181601	0.4612530872341793	77.40998130183578	12.99158213716296	22.21683132505353	106.2299911683952	86.4116928430246	6.465294656577065	89.3272002205118	107.9262865023717
89.14250410939978	85.13652359298422	83.7817395804275	74.43824256651158	112.3702104117247	100.468849940152	95.05855302429754	59.97605925252395	88.07573411483273	114.5563139122294	101.4314122708522	78.67931300806589	89.58533712532153	96.37593272236359	104.255519141536	96.9119459244898	48.86423726206426	80.65699939795572	74.62102131812	58.89166406909123	106.6810659485527	99.62136149530315	66.55464614133021	91.48358112590731	86.54715046512598
97.24008434111374	91.89998814812995	2.820082300396169	0.9651693235433552	85.55912541036362	65.61517297293098	91.53723162469586	0.7414663344738479	75.21487711113107	65.71389791150604	68.83667208700409	23.76697160187506	23.37070811826048	32.3457816917014	96.5069585519347	91.21081813998553	0.453795957965162	43.58142195068901	2.062167309545759	1.590594774973043	72.27392409853692	82.54286857520034	1.674956958429618	49.57584336518644	96.06125257718337
90.69138418162184	96.41856284761093	48.12559500368959	79.19883925142935	92.79808692369564	85.74933313659638	108.7990288683347	35.111366775733	108.2827732042027	113.3245445935136	96.95159156812869	90.32254480848587	77.70433773117303	95.63457277372562	93.09235316781759	103.8766513221793	20.22073287806779	92.50192916075203	53.36921085850076	25.54211947610304	86.29150279696665	92.84548090835611	36.98210072473387	75.84247685213104	93.04558794897889
104.7049907344549	98.40066091975632	2.906467574126317	13.90916273942566	79.07785213141084	96.40383173745046	83.66384634161878	2.624284972092028	67.68343646840793	89.267556103259	72.54112393029227	36.17584831342774	36.92038960208943	58.37876359304735	77.17609202816335	107.2447898927618	2.113037968051945	62.69487345469118	2.666159301077418	1.791496039371179	90.91066326732916	83.42603953186298	0.487501709443743	66.73237321499585	97.59932214352668
103.3861315094073	89.59138510548384	56.81544873866621	59.04093131174005	93.08865466968224	96.78420874321594	99.76009432481645	52.66957875991861	92.11518751026243	93.71977590827365	112.8801220080231	87.74359645901863	74.52807401068762	84.83091659285788	94.29663370380453	105.7190428711496	51.99035624014414	82.12365725554521	55.47772648773459	56.10828663628257	99.12422017609508	104.5770262725188	38.36115905347376	103.9047935337472	103.4658674295581
114.169182768253	94.12011757989214	56.11506702372546	54.31532512943714	85.32899212197432	87.67870612996823	102.9025229848001	20.45206124631427	101.1958230254215	82.48409675696803	96.85293262218831	52.99296277862865	69.98391006884133	79.80920590873865	95.58505583420606	100.1322952035105	4.667915852473818	77.95303573562836	34.50244925953858	16.72256279418177	109.1430347341145	93.47767679677784	31.58445164805255	73.84859100062147	92.69019690350103
