87.20471386396748	92.68521740149089	79.16027602113307	113.0758244799	93.62672092962234	98.51271298998354	86.93931353718465	110.7942994420176	99.87877760417665	96.64650677989725	104.4261161323202	112.2971249907125	120.9698809494081	95.66703083857442	95.67983565861471	106.2129150955548	101.8448562286862	111.2040048356082	108.2357525362442	78.30606514714985	83.81054733208653	76.96700426884964	95.88929973138762	80.85755144793384	112.9928512341319
76.0843929567519	96.58501951721628	80.34924250363051	119.5516613707223	109.5499521518225	97.13949298700105	99.73722930249359	90.74889803068592	116.888234312654	85.64764979327626	109.9561910111796	84.65530281445952	116.1691271287435	92.31819038912225	97.91337550502929	112.3413468119989	110.7413090633259	91.56692728871577	105.8532079736613	112.1018359284928	112.6340558758203	93.83685192361131	94.22371510863078	105.9924763660113	85.7723136792022
79.4999644274574	89.408120659427	108.7916958584767	107.212597017889	86.91944587889012	77.81707595411368	87.11435400966465	119.726477044662	76.13820898453704	95.82724060555354	101.2628933171194	78.43236519106084	94.03952454119985	80.48952659078826	96.24264466649247	111.3315379187611	78.77007745982982	115.5433515085931	91.84470387870994	78.4167093886104	118.2556159725539	115.3505341125948	96.8256593938363	91.94065857718078	79.24455428246006
114.3225370741698	77.54858439449708	98.33454543232416	112.2272833908048	88.68487645992401	120.1677947095136	94.77469490711226	74.6435690967064	116.4878136162041	77.50860928372316	86.6463080384821	87.98766276260002	121.1814371189801	105.5334315670603	94.36794156580058	92.24347287681758	95.62494068337132	92.30504151555499	79.62802064973249	83.149421854237	77.59364478451408	107.7475736333495	84.10889229886835	92.22737557788997	103.6798227461925
86.4773521997413	96.29724313329301	88.84608092083668	121.2517564346103	101.3758800784542	100.7836846962925	81.85242948212455	113.5574281781695	89.2700219631873	88.49248646487757	111.1818109205717	104.7272026743105	97.57587209244095	102.0787799308732	77.00074072450421	109.217330980196	101.3580221735954	91.06903696800983	79.42118014135841	101.3526708091576	82.1315083694213	86.06310617829972	101.2621945933471	81.19852905000349	92.05696484185644
107.0840167225986	96.86201448297966	108.8868892098891	97.53179528463244	92.75364855826557	86.75539451543698	112.344249868991	114.8302727217965	101.6743897347795	103.9637345277575	102.9871864527321	111.1283889667724	115.7339094196737	77.24195463712502	80.03202884543532	118.8455367097999	95.25456192760601	120.1765357004604	106.5603531210468	110.5049604374535	108.5230612308173	85.4910970935652	109.0514530777827	120.1025792749886	108.1383421883651
97.3691675720171	98.98755821732313	78.01959985678015	114.7473156349475	85.81274036559444	97.02917883644429	95.74401391257196	85.19356913329743	107.5458883871114	107.3433386330189	108.6045712553135	83.19773559274076	110.4785454781269	100.225708816598	80.03436683250777	104.3840607556435	78.73990178791631	103.1955573789738	107.930746750683	105.4702669296095	99.86188412447865	104.6662897695841	88.49752267823989	108.6749709376105	85.90947929750608
109.2757486603801	80.44891460617706	81.9998996763252	101.5430025461387	106.6845258075788	88.55908266514042	112.5634712004536	104.9425190040123	84.09299525236243	120.4746344308275	90.12890457233328	80.89057336137574	81.01619500244549	111.4241744478685	78.99910596001317	86.96603369982317	75.99329955345571	102.1492186004636	109.0205733234487	73.54616036041735	116.9336218629003	91.47312372235467	108.6163457457019	116.7009218086289	108.8193761935866
94.90479662325698	112.9121573528676	119.5547729591299	81.36304667455819	111.2563728808657	113.5120609415966	112.9849301797772	77.32152060116813	117.8843427891954	89.09438969884904	117.1042589172894	106.4278168418558	101.2855613140607	119.7232824949585	90.94876607947319	84.24906284958092	104.0036795273138	111.0965628997797	103.6498876789569	86.22425207348921	112.9977155926273	99.72324352448248	111.4220512903502	82.44721326516232	75.40714359126457
78.21137823384301	108.7036017385831	102.2107719708547	92.25501029076442	98.39721795916506	116.2876504567101	81.69918477025354	93.64538801042647	120.7745081721316	111.2731325830514	94.81617100226437	89.34598178476418	114.6543910323285	82.49820013722204	108.868767829926	114.0692116621441	101.2715130533458	84.0717920772053	111.3811195654569	78.05040102168641	114.4591261380306	100.2784023253268	112.235549147875	114.7171092240957	96.45656300682387
85.03395943890214	81.46976465889188	115.3206658964307	110.0121920238343	87.55283983395717	116.5357777053599	90.23044168942813	103.6612205213468	84.75806342708304	98.74192552626445	102.5721556418075	106.4448387087117	97.72332131331892	104.520528299317	99.19571836752309	87.06734971210253	99.48766036445556	89.65058342935174	106.6013921983784	94.27337538121049	111.3605399937015	81.73846506251465	86.68798145322442	120.9271405290854	83.32252912162855
110.8943088995133	111.6026340901337	85.84353102859203	80.02393566916494	95.37855735801512	106.0607038290765	94.56416431640415	77.25949853609806	78.43929486012848	86.35619163029742	95.61676340537772	112.5030667799872	119.5692657786042	95.63986632944214	82.18395629393324	87.63695391020757	82.22717696256855	118.1766805146982	117.1372399258173	92.37361351088296	95.55508133674363	86.93069323223644	101.0721352450465	121.8647310859328	105.7017448005179
81.37214884293066	101.0683027976955	79.61816366597088	105.6323777651879	107.462989822493	98.31878927865192	100.4439549762724	118.6428121272436	95.65944758073472	98.44032285302742	108.5201839959717	113.5162504151044	97.78943858751076	94.76514017784086	81.32982900641784	84.73462897298425	84.96693124239339	120.7366610687198	117.2752493962865	86.83615158219466	80.16128143063602	105.7081244199046	113.6092631196327	117.7077798016624	100.688510553625
79.20955081389143	104.7333019192044	89.02612977605672	110.5683503822306	103.3093282016743	107.1968354517772	103.1908873506082	106.0475160323853	80.46298678471143	101.1629714324352	87.25718872170722	87.72043366999098	102.401211090328	119.1676767175136	92.10218523823507	80.65568318222982	107.8917964667524	110.9582909101279	107.2666993907646	102.3571615948041	99.22659749797204	97.25496591231769	78.13070782331833	103.5703506201799	106.5331970466401
99.25682658568721	87.08398196179874	98.292078304911	110.7419007477879	115.4151166080374	85.13045457711807	117.7513373661943	92.10534796804608	85.0320726267243	121.5997033188893	85.14174989872214	113.104418188177	96.29721998719064	115.4047177108304	80.23789133516802	119.1750759585381	82.12445290034324	113.0110388943935	79.64915533831719	101.9966835176312	90.13379942248986	93.86475534668682	103.9110662845686	101.2146290365331	85.58859882288522
83.88795511674712	89.45283791677693	108.3359910682591	89.44415941618162	112.9870045230567	94.11662619884908	118.4778292601668	76.46542795321199	113.3048931019599	105.9320018332103	91.78301059635409	88.20395397182592	113.6415259139704	94.76603635234866	93.44728186903794	76.36847041356779	107.8384462398182	105.0267506325621	83.10865468493689	85.85806258867702	109.1942435095539	111.051120812228	112.72012203207	89.68601976410466	85.7413081012823
102.0942743585163	80.91217658110685	102.8184635927644	79.61877162943244	108.6195524532481	108.0833407952368	116.9288610136128	76.01152554499963	94.92797257284532	100.5319910917174	99.3925143889858	93.94867996355269	119.2371039556957	108.1990014367165	107.2828469757723	108.7793535877904	71.42773663053521	109.4459809851567	113.7209272427595	76.94049238046944	106.2597105106359	114.0436554065339	103.7228977185943	99.96338102848863	88.81302694705285
118.6440511841902	114.7517464023613	100.8246065210483	100.0307953173775	91.27876726563652	117.4678662216557	118.2075641059072	97.94872813524995	94.16779354673625	81.65179948548119	117.9548585398299	96.76897798483029	105.5516041732602	119.3211557787291	102.2894602768127	120.1531197990141	80.41169503804566	98.07544804526503	110.4531651641228	112.75983424258	113.4904075623442	104.9954616727822	94.60613969940195	105.5178518662284	92.54152263469588
112.3979915753791	114.2699809623996	93.72124312683304	120.3094383283972	98.20983665369315	98.7513707449117	101.6196293372827	105.305635108784	86.24721128189907	78.28742209906051	118.9863687479753	106.946362749795	115.1952052901597	87.22078781557255	102.5365682693565	120.9953067096716	114.1648001516582	108.234816098758	102.2776395946926	75.70219050564897	89.7553122880154	105.8618989935726	97.60808424556392	107.2194558059571	103.0843067778576
94.22422193345093	112.9447672856643	84.01973836707045	116.1879991952902	120.4488938611331	104.62911989391	76.91607772126248	117.2388033556756	86.24662220603629	101.984812762671	80.47223425196924	93.52193101332736	90.31563025394819	81.2732037585148	101.3126961224338	100.4928530669938	92.54328707212035	119.2571565889506	109.1183336966749	94.46398466604396	87.50504710047699	108.2190578175893	118.2378980047261	91.71707010062804	84.57042638037197
87.79130810410692	117.7549769441991	102.1025460477274	116.8193288338454	98.20316415867151	95.47691173700453	105.1009029660711	78.11701425777449	99.81459801948395	94.52767165575958	117.0854588191887	88.57250533597508	93.46977339245277	85.52754712150073	87.12509662246251	106.1974117398161	111.943829400887	101.3642065419325	88.9297023172677	110.5248130017667	78.78365780288644	102.3778762411443	83.91798664719556	119.7357281747214	100.2012096618755
82.51534076357612	120.0334868804847	94.93789557132848	120.4995020995783	114.156040177383	81.51815072486855	108.6987935318626	108.1796005581613	114.4480309853665	109.8302905445891	105.3925847916202	119.2649001517532	98.98558897056057	101.224452217239	79.98632322639801	85.11699802487524	84.77812442434406	93.79985962212521	92.77534243407152	101.6814511345424	83.59170653740166	95.6361232811289	97.85935949067198	119.4875441133335	101.511663645944
78.43139115095006	106.3739255102649	87.44403177994604	95.87198746716739	95.35831691296113	109.5047617720776	116.0271331431417	115.944740008374	111.9135991086785	99.98387201730266	102.0755459431831	107.5632938451851	84.59152359547934	117.4811143619833	116.5885559875221	88.22940794785166	109.2501747145682	93.37501562192466	119.0191131112283	96.91301784930394	101.1163061356498	96.30933713491885	99.10348347195327	117.9880535760135	119.1414312553251
105.2464793890015	89.78139635875419	92.30651464042474	83.35487585675477	77.47016418965808	85.87724762291124	85.0510827794329	117.0175355229912	101.4035098104555	89.02057675932511	88.99858690338655	111.1017247437262	120.9837268970944	108.7888462758698	120.8215107778514	95.10068514402982	90.49165945320465	115.5936677828554	119.0230746402013	74.90635113337642	88.08265629471596	87.08758986327157	95.58681161978177	102.9810583877115	93.63657473288663
82.81032526646187	83.73480361916045	83.88839594581357	103.1457620815828	78.54331090801817	83.7837032999457	85.93308016083118	81.05102019826866	88.93739633637891	103.9082886751405	120.6596192455879	90.75400357989388	80.55014741762719	102.4218166701938	91.99863643497639	85.48600607571018	84.91851543194575	92.11756889128178	85.0496007194203	74.5212852492148	103.724960222336	79.52179822362388	96.39590881595294	110.992096284544	101.2374190730909
73.86101106673648	101.3064660165162	111.4829098096468	78.37150432934075	99.7881471311801	113.2224866201041	110.7644776211122	81.08834845020647	92.76096460568762	102.5307961251993	86.42248031403815	114.6620901516989	117.7713744954845	108.1089789553405	82.72807986506761	118.990635802299	116.240530236237	108.3534948687521	97.71555683735565	118.1801999409013	82.71542939470842	117.7338326702631	108.6069585344414	108.5438133863269	116.4875483036006
89.67542672414321	94.06003166878011	118.3331573315814	88.20873310761786	89.41541749449445	109.115134489867	94.99855068921848	118.6184162826036	92.4304088433407	105.7001523560603	107.3887628211698	104.5096968057209	108.4633955731076	119.1248668546865	92.57823872722122	95.79589000786322	116.7181898332888	78.93401895266595	116.4495824177549	89.57627030108642	120.2228290412062	112.2442656779004	91.45244473729062	105.0454714527792	116.4466305724795
76.67129211412846	76.27428975093153	88.81979252923324	107.8136833727913	83.20678951955553	108.8027117173053	79.60213642825003	117.0914675591525	81.44445123957938	98.99829195899382	115.599468558224	109.2824739760222	96.73845455000708	105.5039241641287	75.5890801397647	80.43803102291606	110.0393128055217	79.24417167959587	114.5950632002854	110.1727573863191	93.0062394099792	107.4168792485379	103.8025456837083	89.90447189936134	100.2655296377394
117.9591078651397	102.5500198816213	97.75140965203101	118.2227813924521	113.6461551717045	100.8180746197896	79.8761248223768	100.9891092410359	114.1607291713227	85.52214083210808	79.06357740273981	121.9201512276352	121.0196375161312	94.41992813241148	104.3716925601423	77.83084553028883	80.78386217076273	117.3089072772909	121.174099681588	115.880366481712	81.8569161965907	80.60620753902198	94.97644722461051	80.64174517253238	90.74211017179897
104.4922919579773	87.00243984339454	112.5044717837711	75.53153651412583	89.85063053221329	111.0277405032379	117.077196479964	75.27759098195027	106.6994866167025	100.2642692199724	86.29121930292935	109.1442728084762	116.278281492752	108.6652309114835	114.8855662154848	82.86769162136993	106.1605721118161	121.4147876710004	73.22678358322364	74.41171894258432	108.6779044509267	80.79381522236362	101.7436438530767	99.3487531324195	93.4883605417954
79.92896866064986	79.85363395768796	97.95988535483005	105.400845646456	95.99334564565842	79.43083919307713	99.47103557652423	109.9142527068484	89.63534161016685	120.3671652220994	94.45786994698716	98.75929853515963	118.5564692742193	107.8945506353613	116.0903499662402	79.74005033698117	76.64747564813678	102.7931595232587	73.14107341136911	109.6602484217708	88.31039266606378	111.6894057321089	86.00500431075987	119.6652622513587	121.3698174887546
106.7954446208163	93.41966675511904	107.2038233492719	82.10377391855425	78.86726717831186	100.2483324510243	120.626358064319	106.2552658712369	95.66592440742909	106.3286133867017	104.2961712002151	110.9990043601695	102.9022254103054	107.5218620793854	116.5178939496989	105.7799429724138	82.68867365712526	118.5296094584813	86.25333538668119	67.46529283257533	92.28551670220195	107.4005220283173	96.56811433267794	95.91575809726774	84.29237958421955
117.052699059889	111.7355124925489	102.9240749583286	99.14095524030645	77.20357766565505	97.08240660876723	117.5604930731597	92.35054527940024	92.24251396569957	116.4930614794578	114.3012408983505	110.7756097627134	103.2978182556317	85.79264387422369	99.11876654112284	116.861691091885	68.1125939091379	88.80645952693706	88.98274515389922	102.5949630178972	86.88019288481335	105.6394346338894	96.37050208359669	76.20838025952567	95.24115049635198
100.0596669169169	78.21550444719264	81.100243205195	99.27782962150326	97.24955404616128	83.85847129738592	89.65947002574929	79.74747836899294	109.5767437573031	80.50345018604975	82.82029575399028	112.0170175304583	77.84714140102352	107.5233606728169	120.2031754614208	93.43318187966563	84.19050529152966	102.939056693377	83.64989158665742	84.28291186176334	104.9196326769896	116.1317730464739	106.6356717836124	116.7397986479215	97.39464462741364
111.9544609242305	112.8814121421065	102.9701800521046	78.75284759813762	86.8032183788894	84.13183363429494	112.611446502533	105.4989700294595	110.1327276110551	86.80436504208916	122.3481574802106	91.33996288543283	81.97003279662786	95.39255148914012	101.7125898997359	89.97669742298619	93.17339166325694	91.94850718708683	109.8714751320453	88.12710853898426	111.6356148026248	110.6640648277719	94.37055930357171	120.7145770702778	102.6212132357556
96.6647245293492	95.54700408613829	119.5881212104438	78.895176255287	80.52662885122709	110.6310193351719	80.9659145679254	93.01767560057826	103.852774161619	93.12893509289133	119.3157161922195	116.0370410918611	81.28509550259257	88.10844611762145	88.84643618942684	97.8485586962064	82.3316872080924	78.07018503599774	112.737522217586	80.26552926266918	97.17390352242802	114.6220286349926	91.96556305015315	120.9248209905643	102.0901051966722
102.2246422300591	112.0863068896181	83.91322329224238	80.3423334928125	94.41952705208134	106.2485769864363	121.2212511770555	72.48362747802187	87.32869318311074	110.5208242556227	77.53732963524673	73.1560226344393	86.6316140975505	103.7006909926357	122.3127354327902	117.9666411442311	85.06489337386171	83.18896428428616	72.36881596918641	109.5078683748037	85.81640005270584	110.7000075156256	73.03049534399659	115.0189661102733	102.1961649528339
88.85024253465835	101.2978122385242	74.50656020571057	115.0298360337959	96.07077529992034	84.45758839274374	98.36668947232786	105.8058599658198	88.81370202147583	103.8103052032388	77.59131000211907	99.93326976842086	110.9171602866068	90.40118036936127	95.19212053622542	94.04924334935245	115.0856342801324	102.6190281554952	90.94508858729138	104.0338664239501	116.8287693730975	96.23999967661855	91.22077185335606	87.46902840474499	104.9489229206304
116.7608033079851	79.41013441445439	103.5209331355076	85.88487006472069	87.96588229162798	108.9723660051725	87.70200125460987	99.6170442716431	90.89042602284178	112.1291035443522	84.5193670319215	90.30344831944944	110.890882728013	95.48640595993774	90.88070626515014	81.65057742012807	96.76670954726085	95.69067272452108	93.00299218525534	107.2797124385678	113.1641136529987	91.07612810041542	88.60717096584456	120.8593607862874	110.3684687421512
111.7350464930606	99.90448281468665	102.4394700328858	82.19860383275035	80.63397629684248	101.3972665120486	109.6513515395051	110.0763212800601	96.03256646890071	107.4311667407465	103.6959659442325	96.24635892458213	102.0885547684207	110.5806831221732	79.47320556678375	78.23313646340162	72.99759854117724	111.8759236472134	84.13468174629583	76.52638050228605	91.20397365814023	81.86473912060328	83.00104202077317	112.8105440218892	88.10824044099047
89.05122536701863	97.06868878498179	112.4947306319211	81.93106196495881	100.3569599151572	93.15382390246134	119.0739468606276	86.44971301631143	91.34390537004361	100.2439146323971	107.3179015226456	108.5846137603816	80.82473976244978	114.7173696664811	106.3155722572771	106.8664416029395	97.45335599334391	110.0832430265289	93.41574812974346	84.72997815046581	114.9139339755856	110.9650090850236	107.8443348665779	109.9034958491807	114.9369483663918
114.5782493473027	87.83366147140536	89.49266928730957	101.7372577360615	77.6094725526756	84.20144216575839	87.12557775829043	79.78602389311992	116.8792524609318	79.15560072430414	110.0640015977006	107.7941381397893	93.47575768519799	107.1946441829178	80.09154257449026	95.40698115850503	79.57472744094629	79.2019635544201	104.7862499306878	107.2465522775427	107.6991735453122	81.58662640224725	104.4306438519376	112.4064123987579	95.96505562140045
110.5153438800482	96.83570743558059	91.35026813762488	103.2266864041951	98.05537103518714	93.38986048208112	111.4134123468635	75.85532908275587	99.9775273410973	79.33307688425802	92.51654837364322	94.70486824238898	77.78147309057853	104.8007191095436	78.14197690005518	84.3357591845437	104.8157591569648	78.88117975927058	86.82546529823487	95.9845595035342	79.52267166482207	111.8386724373937	110.149430892604	85.01757339366532	116.8868638689132
97.55107768716071	89.68018313932637	111.8002258227869	110.9974238932373	96.30773916162043	82.49691748732836	108.5972106535988	113.3526374818924	80.99004587129203	109.1826408989818	99.17659329681679	96.10791670121286	85.13469053433514	102.0682030025105	106.6780275324676	96.66059885722417	72.00601290802003	88.64161771405995	94.11172528683734	96.46155396998603	96.26533781255327	90.4760172113633	71.59376524363279	111.6623083898286	114.1514500385203
91.5972802860047	79.57214036836768	105.3341400512639	86.57558987591784	78.33138292515061	114.5639694195195	88.0932030206036	78.36972706695461	82.68421684608727	101.4697970759617	87.86378843289266	77.30815914189253	111.8286384763744	105.740614316115	80.2599992173805	85.10605704483174	108.0689132632432	117.8181839082581	106.9799687099771	86.68107484135888	111.8658057688985	94.99622115630595	81.01888615450851	88.60443302645612	108.3651717220508
78.70395838080479	87.07727723192882	80.33714627898574	102.3703404163816	100.0782240349949	81.16940800425543	106.4711817384943	65.900092475617	106.3046266401467	117.2774215532953	104.6381932228044	82.70352491769685	93.0340507689023	102.5585612137067	86.82781414946177	106.1997703977904	88.38645234663267	87.43825090891667	80.17444980000221	76.07405806183071	106.5371428729819	93.63545177302157	67.61990598093877	80.65068790148621	82.04058444377755
88.75909389574264	92.49528078509415	106.6154312246992	110.4470782022643	110.1951900876234	77.63852698001061	92.38404938883529	77.29524672163778	108.7202421412572	91.83718621531142	113.06535178068	116.4592695510464	91.37772544947175	117.9954341583028	80.68978685310907	109.2110594641039	88.34431590732166	93.04016910769758	70.52047824599057	93.68200318966873	82.78776943122088	95.76415497944163	69.17442106052448	97.61029579778946	93.18442453339679
92.68534763737118	92.13180235289894	90.39408083976519	91.33863157971059	113.0931650016987	104.1999055712241	108.7993619993735	102.9162807865188	80.48317853065734	100.6658278102618	75.75343761222602	98.18561733937992	97.00988574904179	81.08667640385225	101.673786112662	120.6433027446944	69.06886604010799	86.14217730921837	71.17301731958939	87.36711927239563	103.9575857618991	94.37652442916072	84.33236913816772	98.15785361484838	100.51366578723
86.15219259940386	93.40301818370524	94.64560076808772	92.10130857376099	82.80988256420706	107.2527553535939	121.2697804860522	99.97152602993408	84.46978844808403	82.18528242268543	97.66992844410638	107.0203651190037	100.8294202423274	73.07804435333892	80.70274421438057	100.8178812248265	70.05907426054321	95.39792074146678	82.2430117248839	65.08418502176328	85.17584259242209	119.3221555916753	87.15890206530628	77.26237909949084	95.13228479542141
106.021147698777	89.80935182025985	91.71450454123972	78.50140747935501	87.82181439758806	82.80904276999968	113.2208793048451	100.1579640983183	109.2380243777037	120.0755958395357	117.9746408421101	107.7939314744052	114.8272684551376	103.7455914000882	107.8180087197984	88.59280849720092	92.22599566515137	79.17590687400444	103.1741243756924	96.9273092589213	94.83654084988071	111.3496781506901	90.62647303002228	81.76367741034761	106.4329603460345
