98.00267473646217	98.49504709942525	99.9042687061694	99.97162616622002	99.31663167562793	99.38845131652518	98.10033169882504	99.57107700194533	99.30827084487876	99.2175578121951	99.73834171182394	99.99030366680235	99.98685448000657	99.88164711880707	98.18018328690182	98.40964536002291	99.40424167353517	99.98632799674154	99.72633789504964	99.59858253723762	98.87198395584801	99.51857606215333	99.51871447745837	99.81108686474354	98.68183056128271
98.37246568536209	98.83952886884141	99.79876062512473	99.90122859213763	99.52598802378412	99.57503122852968	98.4789258998655	99.37503445628147	99.52297320788529	99.4549181877552	99.86000684683776	99.99216415954332	99.99736200553372	99.95329943871339	98.53634212766383	98.73338733314851	99.18460365981535	99.97882904985791	99.5556496388611	99.38734603937301	99.13561353056906	99.68831280764124	99.30175451649519	99.9123237929913	98.98257826008525
98.17349478500161	98.67386153218085	99.86182086776363	99.94615076588458	99.42436865450203	99.48902161392196	98.28028872259215	99.47246192202481	99.40855028109425	99.352494582643	99.79255539955091	99.99749083359269	99.99028058212578	99.92085768292633	98.34161879557615	98.55700698610234	99.28658306676992	99.98017338049064	99.64859334852649	99.50928080545853	98.99213504951544	99.60933911386091	99.41857638143324	99.86483835995379	98.81820438558681
99.12385077956397	99.43890990373218	99.38112507499514	99.59122865656006	99.88320293775313	99.90254737610985	99.183516269471	98.72012405128679	99.8631999247562	99.83302776679412	99.99640836026164	99.82958929501969	99.87581611998378	99.98712275232124	99.24691691691424	99.38865791738358	98.4668873964435	99.97408585951058	98.99863996046444	98.7623909423348	99.65736313751725	99.95455978183513	98.61535772379187	99.99723557369026	99.53317386956914
98.98497136306027	99.33960994408687	99.4790563551114	99.67839638124266	99.82132349449084	99.85254953828485	99.06940688190555	98.87876097007636	99.81154516507348	99.76979874110461	99.98503529933438	99.87841753929108	99.92485368608976	99.99706837448601	99.09687232617468	99.27807442323557	98.62910084589492	99.98878867099145	99.13770011518321	98.90944290752032	99.56097858833097	99.91812557749191	98.76689078419584	99.99719390380302	99.42958681139795
99.49036656309923	99.7274886527383	98.98321356204458	99.25341163258649	99.98360904801106	99.99037503664431	99.53431659936413	98.15954361226147	99.97756533208721	99.96517804753896	99.98703921767358	99.58542332035006	99.66514712805625	99.89171985437021	99.57462285141095	99.67863264397862	97.8190210548357	99.85070114573338	98.49665280473688	98.20626815924987	99.87119463026275	99.99484324744061	98.02680646048239	99.95277031616216	99.79388193461769
98.74234083341939	99.1299240430567	99.62784373035588	99.78819688592809	99.72349377587	99.7592804282483	98.84614320799963	99.10240379220652	99.71028497910925	99.66315137307066	99.94932334285764	99.94694395486354	99.9719932027385	99.99556670151129	98.87916635592536	99.08020514854609	98.85163591755261	99.99372759575158	99.33694177961922	99.13124785464984	99.40629963486901	99.84192324471894	99.0214540931553	99.98145567857829	99.25901240379777
99.48753558972527	99.72409217767668	98.99630423118776	99.25748584923613	99.98219723108019	99.98875096791163	99.52526406359763	98.15900576925904	99.97917498542486	99.96389640568989	99.98677154432649	99.60035282673199	99.68695945956026	99.89328642322347	99.56218526023278	99.68080906319422	97.84670702901973	99.8576578111862	98.52978597205868	98.24087580013023	99.85504736612074	99.99643816905095	98.04362614458589	99.95370856276925	99.79461235810764
97.18344209648843	97.8111948179608	99.99542500112432	99.99282205830544	98.82423828409756	98.90167837502176	97.31258325569274	99.83751065219118	98.79441445261227	98.72893280996134	99.41335658583638	99.99603963552048	99.99013150619447	99.62305929326108	97.43754388848677	97.68983147505723	99.73065479350959	99.96342727141862	99.9265139352583	99.85344326709395	98.26654249321264	99.11597513652117	99.80371353138267	99.52451552072401	98.02148043469289
98.99957130556771	99.34441969670321	99.46949144896736	99.65683863702581	99.84355762298642	99.86073694576399	99.07295353889101	98.83524708054581	99.82006559024734	99.78388640371568	99.98788714418832	99.8753445301254	99.91370358836163	99.99603874624853	99.14211069219088	99.30252514443714	98.59899360044822	99.98582524496702	99.10539761991248	98.87133345537129	99.58816934704662	99.92186529456809	98.7580524882588	99.99741723862532	99.45202426194358
99.73928257948124	99.89959318246085	98.53484318500594	98.8358362986131	99.99688701978272	99.98882376975789	99.78231551307142	97.53739451025639	99.99687131867002	99.99414403814616	99.987498870257	99.29371462693982	99.39798497395202	99.72111823675394	99.79952409230047	99.87455580515145	97.18777477658679	99.65069948093044	97.96330078715314	97.60355195738627	99.97137626374595	99.97205278997451	97.41384646524688	99.81405597569507	99.93668412934274
99.23210880789574	99.5245988445059	99.28900953416424	99.48970370387423	99.91759628411131	99.93787501372613	99.31208144403175	98.55964902424297	99.90671449148627	99.88955147650925	99.99378946585674	99.76985878901814	99.83012989590763	99.97036484442168	99.35904643752058	99.46828211000756	98.26539914532005	99.94865394751878	98.86518018660018	98.60612848971036	99.71881506297373	99.97428708147214	98.46597056527774	99.99428857316893	99.63249713141235
99.27516328755988	99.56071274595861	99.25081799619544	99.46476884543884	99.93079866114179	99.94752974524837	99.3419495354197	98.50910656770286	99.91978878807021	99.8949336682205	99.99173852191731	99.75743360286037	99.81432265332379	99.96320060740544	99.37539541169984	99.49765402690886	98.24305169360646	99.94093118342566	98.84526346502436	98.56057304017799	99.73742121948587	99.98141981852775	98.40068712648717	99.99303229479249	99.64493670680271
99.55128695465285	99.77078933208023	98.87907932999231	99.16357306829592	99.99074957594264	99.99536112556775	99.60627477342869	98.04869403104071	99.98981147217511	99.97984821219822	99.98945310018932	99.54649161562308	99.61958518149879	99.85874771083556	99.62465845418636	99.72140210616975	97.73285032151364	99.8180802996245	98.40385197521485	98.08941833317317	99.8920606637749	99.98690955626783	97.92111670573181	99.93054815706624	99.83279584620767
99.63872701919124	99.83951854864408	98.71478154696871	99.02659925388105	99.99748412900924	99.99351186924403	99.69735531732236	97.81774092948734	99.99703578596078	99.99425171408699	99.99734239484063	99.42907389313032	99.51709808269548	99.80102560313928	99.71550752086495	99.79954226015583	97.46237554455416	99.74311481596872	98.21231543381107	97.89382070468423	99.93789423679634	99.97662592180373	97.69356842543814	99.88265346796896	99.88950517862452
98.90895091129265	99.25078191509506	99.5513495772088	99.71737226022812	99.79653731372919	99.81849550864223	98.96829593282511	98.97173975629883	99.7733623428548	99.73878855284902	99.9752991676435	99.90333737074279	99.9387908464098	99.99734112576459	99.01963860453617	99.18438808022697	98.70049373951039	99.99562336165249	99.2032071333834	99.00665246387993	99.50042971665761	99.89130578257446	98.88654226443897	99.99363555074413	99.37559782947849
99.94962372585941	99.99724236386245	97.71014506058226	98.12765948996284	99.89820229170839	99.97231023822869	99.96502399566675	96.58332065619997	99.92356197045341	99.99159558301417	99.84212745599821	98.70289681188873	98.85427966273448	99.32124857700218	99.97465736881068	99.99341593502066	96.13382013201985	99.2245032329035	97.02120902171886	96.63216813047504	99.99011387116042	99.99299795232093	96.38092428472031	99.48421147413111	99.98965543077539
98.76431739788165	99.15916224762616	99.61974194636342	99.78226545975227	99.73007660136619	99.76874095702854	98.84505929389388	99.08539814267502	99.72317504710175	99.6655427273792	99.95538077301285	99.94041496047848	99.96705177714715	99.99616093849065	98.92173728077303	99.07660481041195	98.82794466602695	99.99540830703469	99.31319993975426	99.10466420930281	99.43380233374471	99.85398525606465	98.99246109542862	99.98122117568197	99.28909463734276
99.18312950124981	99.48639004306874	99.32842378182298	99.5498234217178	99.90262138972426	99.92159287046201	99.25137300875726	98.65432282841311	99.8873438787132	99.86545792264644	99.99749345800129	99.80428262877643	99.84691932822581	99.97935440913461	99.30226729957755	99.42417985526654	98.34684147366947	99.95889013152845	98.9232771455206	98.66052012688159	99.69296368460223	99.96574366360973	98.53127025492013	99.99710795039331	99.58941375538573
99.19940153940031	99.50480240399855	99.32438829359718	99.53394178851069	99.90246673923814	99.92650384159937	99.25490006029115	98.61194279004624	99.89260924619821	99.87327250738947	99.99699296569452	99.78946186942242	99.84760164001193	99.97994424765297	99.31689050169877	99.45498387323647	98.3554561352578	99.95995752277206	98.93432646301414	98.66243733395207	99.7015803560452	99.96833798682607	98.51654191222464	99.99618065428363	99.5853412430957
98.95395069588436	99.3061730918607	99.51021472780586	99.67933751628793	99.81457913714522	99.83967764572928	99.05116215589405	98.91075033559817	99.80330540494757	99.76966375533557	99.98174903593402	99.8905721755403	99.93065373683625	99.99738542630125	99.09591282009397	99.255122726263	98.65653319790873	99.99113711176935	99.14227399252273	98.94063012755174	99.55658101063594	99.91444703178529	98.80925153819197	99.9966090744594	99.41363693958567
99.23009469555288	99.52251483445009	99.29287486116762	99.51632806474173	99.91605407801069	99.935415379386	99.28707994897262	98.57815471742238	99.90884034465404	99.88256964430209	99.99447193027933	99.77314981890703	99.83156928461642	99.97179588067978	99.33527578108911	99.47532140681595	98.30223024073008	99.95130650767405	98.88597161053885	98.61219282815198	99.70949558723812	99.97595185867122	98.49404709897685	99.99405098463023	99.61592759757869
98.31521881431988	98.78632569772149	99.8146517902989	99.91744620093165	99.51035716695509	99.5491023584636	98.42501273025179	99.39937466131397	99.48718933587273	99.41321760306795	99.8429347732655	99.99456596019292	99.99586005935784	99.94747315551149	98.48977526936142	98.69189205906221	99.19964539912792	99.97871635516579	99.59393690095325	99.41812178886144	99.10645585207529	99.66675366420841	99.33287051897808	99.90029654216247	98.9395964647881
99.32224372197925	99.59481462316762	99.19762210092507	99.42615311181633	99.94148299693484	99.95944607445971	99.38161251249339	98.46734819201558	99.93509959618586	99.9115208791446	99.98915008481569	99.72875038810869	99.78158745451873	99.95480744902318	99.41606694404786	99.54208967263131	98.14232559602561	99.92594497783909	98.76795953413779	98.49287814581366	99.76574846713277	99.98624968183391	98.33195078014893	99.98516263804405	99.67460713542688
99.75757736758844	99.91463852563427	98.45955495950994	98.808163906564	99.99524001008152	99.98888648795345	99.8059534178749	97.45692485406298	99.9974548154749	99.99197556413033	99.98134858260424	99.25775245944428	99.34800650553872	99.68914097600906	99.83143089886907	99.89030035990848	97.13289038606209	99.61400994308656	97.89922120796342	97.51710273886127	99.98064357926418	99.97219239184302	97.36514094142392	99.79572824307296	99.9461831995123
98.38888937945732	98.81808573497064	99.79111659071052	99.90724861821388	99.52955459271072	99.57406590244054	98.48049468297378	99.36123343376352	99.51000194005204	99.44753561673581	99.85533680946338	99.99095641649168	99.99746992766057	99.95422454266556	98.52186957202916	98.73469712584946	99.15965325550161	99.97885274342741	99.55114576685128	99.39105494612018	99.14383026480097	99.68872628281208	99.30221547505337	99.91385298105877	98.96235686468049
98.74645084337337	99.14322523475293	99.63042010873642	99.78802968374336	99.72479907630415	99.76311599620824	98.84204556917039	99.09019726470086	99.71213208790807	99.66664620782136	99.94850052086703	99.94021205065738	99.96893839656195	99.99478260185992	98.87742096566747	99.05700656257198	98.86583785214995	99.99381668173719	99.31759854837362	99.1314162049531	99.40574812890175	99.84233456482971	99.00419608381395	99.9782335093153	99.25901816179029
98.34150341153797	98.79258613615498	99.80220653965158	99.91311649495266	99.52008813252675	99.56173691957659	98.46280585015771	99.37515832349375	99.51078898798042	99.44848003877439	99.85163615711329	99.99286942739813	99.9974994919009	99.95193676677972	98.51130943870812	98.73034815734908	99.18913944245455	99.97873499711025	99.57872646096587	99.4029668201358	99.12496678484632	99.69106454797253	99.31572033647639	99.91369191965282	98.94917699906486
98.51899934220751	98.93746519065445	99.74256598491202	99.8659068629981	99.60513767204701	99.6486162051872	98.59654541197345	99.28807324409247	99.58912419136759	99.52728305714488	99.89038077451154	99.97965497122873	99.99400280905176	99.97348058625502	98.6598286732016	98.84260805211945	99.08110015239343	99.98110299286527	99.48486840759068	99.29817219739721	99.22995768796915	99.74691828648649	99.20512496430088	99.94384147838356	99.06407924126405
99.7833655558359	99.9227583705816	98.41829700154817	98.73997610016201	99.9937676369598	99.9894498539467	99.82005821591291	97.42403329393301	99.99695710515917	99.99074756177356	99.9766130459405	99.20604140518729	99.32882779396979	99.66270961464818	99.84408132968014	99.90318676953532	97.04690572074379	99.58960766530657	97.81984414467847	97.45300517822004	99.9867427218243	99.97275880138902	97.27599738123629	99.78079256910959	99.96015452798561
99.86584902122841	99.96912922904453	98.14513335355315	98.52799852210028	99.97039187407033	99.99727802088711	99.88549220142384	97.07585757445938	99.98272073108691	99.99041946351736	99.93998290985388	99.02907689566409	99.16576495771902	99.54924201970559	99.90716166637773	99.9522497771101	96.68736010006835	99.45702446209282	97.55511907448914	97.15662221345592	99.99722819362422	99.98073207294075	96.96465576977982	99.67301483622691	99.98536785148312
99.99734398867375	99.97451801647824	96.79497855825974	97.28416960029925	99.64493133528755	99.80344717864784	99.99671886761978	95.39962258893812	99.67545749116334	99.86843256823541	99.54101954653807	97.97315978794128	98.17691779675424	98.76492864853167	99.9925485033812	99.99488464823033	94.94746467076772	98.6496871177843	95.97508782501943	95.49717896903053	99.96415011142584	99.88238249695405	95.27428588737354	98.99008293885451	99.99099473217579
99.985638762272	99.92876635506225	96.42672116600725	96.95153851689268	99.51370024522596	99.71390954720415	99.98346904492081	95.00720656928596	99.55393461103267	99.79213820864518	99.40223939056332	97.69490730144065	97.88750842106214	98.54466197679184	99.96569383136608	99.99100477487278	94.48282824077474	98.39502385519341	95.577834392841	95.0406903747909	99.92256003984377	99.80245138534886	94.79784369810751	98.77333382682743	99.99439303908095
99.69784623117923	99.87788612915178	98.61651111196875	98.91994390792016	99.99700699931824	99.98973854776018	99.73912639464349	97.68371937172398	99.99658739459906	99.99750006734776	99.99422823886029	99.34344148416223	99.43746976067908	99.75296743026384	99.77172088746137	99.84803391863942	97.29717879961046	99.69264066158962	98.06321250739181	97.69065291492588	99.9619590072585	99.97294107999346	97.52548221472321	99.84823411350816	99.92045237912004
99.39244571290315	99.65248207811766	99.09521690147207	99.35506959548734	99.96695338160329	99.97668366552946	99.45039956689567	98.31215553542975	99.95823424851241	99.94170791816894	99.98658115644743	99.6604585196685	99.73926880971075	99.93140834241142	99.48857278416628	99.60952311325751	98.00548564747669	99.89164866719574	98.63494297485211	98.3641002430592	99.81046159322324	99.99425965542645	98.2260437575592	99.97095442929253	99.74089970799761
98.80099985619353	99.18192578211068	99.59311825218821	99.75638825522491	99.75310972464966	99.78325557093729	98.90535607430402	99.02649337275776	99.72739685728871	99.6941441557894	99.96072902092479	99.92938402999189	99.96138944668094	99.99711927771322	98.94770801814448	99.12832185940644	98.80637446700769	99.99749868340025	99.29255407205895	99.07619485834208	99.44125237320065	99.86704419651964	98.94385373446124	99.98510276348361	99.29859298008944
99.99729013927708	99.97608777714861	96.78578681196943	97.27175473396542	99.64373603334998	99.81979062206275	99.99741075365213	95.46258956240334	99.68155672963945	99.8760021040318	99.55725311163064	98.01744166250896	98.16268465041237	98.78732235897608	99.99405783281307	99.99433672535318	94.92674704826854	98.64332059733601	95.9736962841118	95.49432434150779	99.96876398457691	99.88351024815523	95.29761498612073	99.00320090949245	99.990184254209
99.64727243866005	99.83914396792986	98.73040925319619	99.03252634683935	99.99749523322777	99.99364518194923	99.68282937910396	97.80982482603909	99.99721793643582	99.99388061272253	99.99749960596873	99.42178282055886	99.52928518195225	99.80695194784853	99.71085122599756	99.80622597846664	97.45862157658257	99.74667104695337	98.19177043934044	97.89023356482518	99.93578432315324	99.97672036855838	97.70827817508645	99.88884431391907	99.882011602566
99.46561236384156	99.71129656615506	99.02705237473238	99.28418147203949	99.97966574659694	99.98782633124743	99.51899932152867	98.21774837443822	99.97428831224403	99.95655508779842	99.98642501175989	99.62282980476991	99.69662838830045	99.90624301187529	99.54873423085884	99.66813182306106	97.91506674655143	99.86475464803502	98.53643303146889	98.25216305532798	99.85519485153027	99.99740025630963	98.10057404662257	99.9595794916094	99.7779235948466
99.9972913587478	99.97986632279988	96.84018218945674	97.32213074723307	99.67014912952548	99.82083784301044	99.997435778671	95.4908591344709	99.71075249843487	99.88376483662881	99.57472862841378	98.05654214436724	98.20686765620921	98.8212986234773	99.99577848989958	99.99291120690901	95.00363826347672	98.67580317421282	96.06780136588206	95.60070989484133	99.97281452449974	99.89004864493138	95.34531843363719	99.02584019330631	99.98803946219061
99.93960552366904	99.994772147315	97.79765466860502	98.18436938819893	99.91332538963412	99.98145120555304	99.96097392535899	96.65171614506806	99.93569397768299	99.99586798744608	99.86210509199482	98.77370519313973	98.89843019413378	99.3557268699024	99.96969905328504	99.99110729855614	96.22816767725712	99.25487729244647	97.12024197271182	96.70770977911722	99.99002661238781	99.99599485660562	96.50488787014262	99.5287686227463	99.99312902808988
99.53316283014829	99.75653471109786	98.90324196808126	99.1880309178751	99.99037542963126	99.99442966211373	99.58034899828687	98.05232368212063	99.98500954006074	99.97688898777987	99.98864262661067	99.56106430819267	99.62739719835405	99.8673263517011	99.62322873067141	99.71935148141064	97.74163847857442	99.82150887756592	98.42784613456662	98.11365355777397	99.88322348877084	99.9888888228179	97.95493712151192	99.93891876154312	99.82705344308901
99.77117136013204	99.91536492201828	98.46058632033193	98.77923249200659	99.99493095504695	99.98895626617693	99.80982070343192	97.49401525684314	99.99717695879727	99.99182686920513	99.98458342214917	99.25294614725185	99.33786057677916	99.68291016123226	99.82565371128551	99.88854474663809	97.08708031574011	99.62531030272575	97.88039115771785	97.53065480576069	99.98052164465474	99.97222865864742	97.31170780492336	99.79627731622739	99.94802970180558
99.96306843227086	99.99697249928977	97.63957558914356	98.04979594155728	99.88395560479152	99.96626173941151	99.97857421763574	96.4530521155303	99.90463176649804	99.98669979904003	99.81665379825738	98.6327639198653	98.77024653226231	99.25635864953712	99.98354187463676	99.99646800000075	96.00481068100191	99.16854406644535	96.9128605225151	96.47118732061125	99.99105175286799	99.98902435453874	96.30466597792388	99.44536745363781	99.98580181392281
99.46623482276561	99.71478802284443	98.99641706285445	99.27522930163776	99.98090734315716	99.98742152526869	99.51583466755079	98.19475625433054	99.97369714430555	99.96376204234274	99.98662645407749	99.60475055929969	99.67976789150117	99.9040985442614	99.55605299847996	99.67863490522892	97.86308923673485	99.85831442454493	98.51539293393556	98.21969704022221	99.85550060471454	99.99745645461449	98.05577323944091	99.95555473657697	99.78419788812769
99.72278407828978	99.55518689256012	94.69149255498496	95.36957959765719	98.79712815008649	99.11891112994995	99.7105019495187	92.95268280291006	98.86611786162788	99.24981457637259	98.60684447441707	96.29981392410323	96.55111362962434	97.36497515179607	99.65277186474947	99.75654755215223	92.3631150154778	97.19023593903204	93.64500352962385	93.07875971262882	99.53659175748952	99.26304082109885	92.7488170030109	97.71898763769742	99.77586405338783
99.93396743033341	99.99414584186266	97.81972303917964	98.21518449462252	99.91994593806599	99.98168345768595	99.95620138958378	96.6609618630425	99.93715106634916	99.99566272337617	99.86916989239138	98.76627412344158	98.93508299385408	99.36110637686086	99.96763423627155	99.98766867559316	96.238049378678	99.27060037647566	97.12420941645311	96.7402861562001	99.99018763851043	99.99684965058617	96.52492490216837	99.52790895791026	99.99460377330706
99.72246850526648	99.5323819234207	94.68694352315904	95.26620180458468	98.74136644790177	99.1000704316488	99.70980581750628	92.91709602293595	98.84008466429464	99.23031486086755	98.59488639066171	96.26430621909064	96.4893742603642	97.33279069570081	99.65474984344432	99.74885298690101	92.3149856106935	97.14340109581808	93.58849139810143	93.00483842421603	99.52183312678964	99.2574276860869	92.7233109146455	97.68643784647684	99.7640163690298
99.69454636225473	99.51298596859839	94.56792044341091	95.18503203644464	98.72545041153853	99.04652473789326	99.69243230010994	92.84923226694424	98.77691543449546	99.19716270606584	98.53561356506671	96.17753260098839	96.40411721167501	97.28750756674287	99.62758552330327	99.73710485954716	92.17216869022519	97.074852139787	93.51827282141164	92.92239143603415	99.48829629562476	99.21507408656761	92.60047669915554	97.61718729005715	99.74038541345799
99.8714715420838	99.97218632227813	98.14293200052123	98.51254377687381	99.97146341098771	99.99749980638245	99.89451221223028	97.05131905345017	99.9790903928034	99.99081048262198	99.93803518857398	99.0266319188527	99.13670712962779	99.53324549090011	99.91391999076275	99.95481745354249	96.69452682516621	99.46058244877474	97.50899822000639	97.12217197838015	99.99745084348508	99.9818637412003	96.915483236626	99.67110234395602	99.98934242484079
