49.08799582155612	76.12411124448556	88.83561443047289	90.22523114171111	47.17531853338211	96.05963487898512	69.96648616439103	126.0503327215721	76.85243960640162	68.98467971624666	112.8235021074838	70.7171522879985	83.49575705615345	96.91303868925687	22.61385116206416	57.00290202567484	127.3951032854366	86.18343911039238	95.88235673610831	92.92423050168576	35.03345613298295	89.56951187464263	86.76638365754113	115.6356299015823	43.54022792065723
84.42552418208916	64.70018575908	62.90699578284632	103.0635099624095	117.3987852793398	118.6117031555499	82.20748340317883	89.11231483816974	81.29375724466713	87.36063973790354	94.95511761211336	76.1082718229797	88.95713009837685	93.87506723644356	55.43157533399871	57.90133756108582	50.96741214883463	122.2295694826042	79.84115978042009	60.15220664165989	104.410416721228	114.3436639892437	56.81436529478385	117.4631566303808	84.95058294706348
83.43317592745848	73.87558707174321	99.00314726017254	95.4220914040509	58.98089562521314	82.25143331876296	38.88704234679233	98.28574301252496	57.43703120035396	72.47248520945837	104.930446278174	74.76247222955416	126.1381059884255	105.6244436956904	39.03887300451565	81.15359562686767	110.7445231181456	127.1700741107801	117.2542349724512	95.62262101923766	105.6984191596425	108.4448891825353	122.6400148033653	123.4505990055713	63.07623405839766
31.71286063446795	59.27935088564799	108.2555355570669	83.28256590324486	80.92978715338579	92.79533767845616	27.03351860196707	96.13803921440149	98.10198758694241	88.65128250896146	80.33312364666395	82.01019754538508	127.0542744957748	113.0883213897217	48.90992072208009	51.73211872606117	102.5023558782775	80.7061858394579	121.6140067810757	72.69435536933378	59.2036024551105	80.02822916754316	84.46878530608063	73.65656655508414	95.70444389208586
49.62690665671295	51.96749256007715	87.02597982205435	84.29099445820198	70.66242949430915	56.07861862984457	21.23824011297602	94.3184026187979	52.83440462586049	77.91165609481791	92.72203394558167	123.6823612174821	82.17404001916128	70.10444873236777	32.36979628374888	41.64806302731576	113.2193664240685	78.14919150797446	90.04137320319367	78.2062229912227	63.70375128630727	80.55856152022636	101.4871813898412	92.50703112894948	47.06765263420654
84.32929335007282	65.89511480915785	93.72555285756054	120.7795726538434	102.1427767330324	107.9665063704143	43.51650823896249	98.20655381744081	80.13055225164027	62.58788621257492	125.6928449995098	128.5471358615293	122.647723742105	79.81891121630169	59.70990839158898	57.52708047999171	80.60488912846584	76.42259992631351	121.9754825571266	94.94980665700889	94.15439484212288	121.0505359407113	109.4298124117338	117.8913533480299	108.9320755878118
110.920034524106	95.73098889757854	61.96337241262806	66.68993454329896	82.80234274918104	99.24808627665843	69.98923813879236	88.30964039933831	126.7647109168871	88.37566514183774	75.67805002916003	76.19209183180769	123.2837585308597	82.97842854248765	114.8372761770464	101.3418020217844	48.75034483963378	92.72352038264769	79.71971522680154	91.53857197269602	122.5394687507816	112.6602705625742	70.28113975552181	111.3499802616216	77.71109954796727
44.97735076568269	98.07081536691084	114.0898482151273	129.777939271169	105.0404927183033	112.7989095762846	80.6469206639336	97.10487585617291	77.19857191685239	87.85208088472477	68.8230118053567	88.96402561694126	106.6800208741369	84.59548561107754	75.64811761188761	69.38027342124404	67.15439008223863	95.84247185815906	110.5297688402105	91.20054989432661	50.13388980422839	79.74697878417707	66.70551191416308	85.78549077566652	58.47446888277838
45.20594257570362	53.87110608305389	115.3276684323219	117.0896827934517	66.65076395460272	108.9220700316685	60.89607529626079	124.7839694885546	96.16934149317348	58.11048807549477	68.06873594040559	99.49652854677592	113.8448735686373	83.86572632044977	49.13599164616984	52.99886077502255	88.83927267144212	109.7815738599244	115.0289136995393	84.85216643507383	94.91425813403465	93.92375132863846	76.17145271724883	70.73602541729871	45.05472999150074
86.31089011921871	121.731111293262	75.99621011505047	85.3449789632762	75.75469067699882	111.6990986039754	74.48281864540864	58.62533982442889	89.45761761198798	129.4048599841932	99.51841227642149	75.30769674984516	79.53807997399599	120.7814155689585	85.54187171504961	92.80794886085971	79.9177371143367	73.03272262157721	46.62782744852791	48.66656888284761	76.44280038650584	125.5545768641115	55.97713695297804	92.72801494768925	76.02162452867638
86.0718192717531	117.405288462813	43.7617414439447	96.62569361022204	93.22404335051006	88.21597276181716	79.17679693540606	31.5051919147587	96.38277410609001	104.6047032813819	85.54300352211673	113.0417050914127	113.674682498398	69.87164164398339	110.9164701316644	94.33012173441477	52.80530884590381	105.8981800523732	80.78309804356954	80.85805040279772	105.5382446539396	91.1490208137316	36.4233677906615	84.42355186618772	102.8864972395623
80.50831091617641	97.51162052936195	80.02361654691161	85.06812429683174	61.88242750610665	74.64966322559835	67.00286143858956	72.37625350338887	102.603220597841	111.8877326720053	71.13935360679632	113.6392737367621	118.759268232172	86.644116510085	74.2400877066099	80.77429975092545	71.41642431873994	120.9527102934026	77.45251200502685	120.6270543544979	78.95889732263603	80.32839819302868	69.38233733786713	97.52403746409144	58.72043578262731
67.03732002736822	87.89851096200178	126.7807837349686	86.890915908891	74.40488426684161	112.8408169727643	82.51734587473123	67.97778061618237	59.90101444150532	93.37685061019184	101.8323024771413	113.6797395543268	122.9640284449144	74.08596221754033	59.02545426599987	57.52439195998093	101.7384167370788	83.01871636726212	68.81329919364964	75.31375560529648	110.0035350051496	110.7343865920342	80.90952586213794	111.9105589226408	75.3972061602546
68.37903007001471	78.28242642458062	93.97165528174763	62.9616005021696	86.44282215143058	93.14030404620587	92.5458616588263	37.01601483191213	114.6023824186147	87.53330069304721	92.06313766225227	110.9901170968128	91.93201908616314	93.44990936992522	101.5724853064582	85.53762988365277	38.33530322179442	85.60119209698786	57.16866983598788	74.3157275234943	96.6728437363149	121.7187879087464	36.796397202322	116.2282885787927	123.5410362223162
62.45629613134683	83.40864413224725	121.1483472372685	126.6183093078227	71.78068540353065	104.8709928485865	100.9924074954266	80.27937665764765	103.7927513140661	101.9385520155912	93.76904201647334	129.0012670144605	82.15138033219988	124.8507065110962	45.59639317814425	108.0424560836739	112.1276781500034	107.837015760022	104.1759437136709	107.6536432907178	64.24418217149132	98.01601898340206	114.6041839168113	92.6067234318304	64.1208674736645
86.51072065038159	80.34002569398824	87.46602560663362	101.7258754216465	92.4874962155876	94.33152199926752	115.3557791015178	60.42185472267322	98.05704312723503	106.5701264690995	106.0054806121871	63.16307171055747	98.00619563000805	86.96033417017692	91.15958155422361	68.61510840290998	91.47131297959501	98.75379696399216	51.46404113175154	44.73128598530687	119.1837205422373	125.5936513731523	63.69738954032202	107.2919765721256	123.1762851912521
73.74773880713893	115.0472346493881	32.28305736665005	77.96128180262195	76.81829322888485	109.6371077538616	99.23986401107413	26.54695237191227	101.6402744691297	92.97725241523629	81.45779313705825	58.00132895901109	64.79855300665747	64.54284061871761	88.42520797373733	125.9591590199462	37.94480567733928	71.46400267976995	47.53120004023364	9.256109946013169	82.20670664660946	72.52931581684477	49.93113565280331	64.58479781640347	76.22290422173828
121.6377253803499	114.5384461653766	71.30045472709875	37.94633152904598	99.07559154981831	75.01717626117548	79.35221516837487	58.58472891776181	93.19648028946686	108.9120752661796	95.23236955016756	54.90414182594805	99.66425684950428	101.1050859283898	98.94072902978422	91.18397841919898	34.07573103301469	62.45667232894449	64.66671205264348	19.59961850906751	101.1493635398381	90.67528628756497	25.69694417193861	115.1866258641257	81.6475521025185
93.0386670395684	59.36077725622616	90.44859469441879	68.2653605536655	125.3547899512199	94.46982658899495	85.32629668309218	72.72492611312859	111.4691365412072	121.0875419468984	80.86244634938755	88.55007542564833	113.4360340144407	127.0832429870853	72.95202658817695	71.48036170749633	98.09115299185265	123.4166807993518	69.83023595496103	109.6631837965377	92.27169919505768	68.20922512428298	88.23935543273612	124.0319383855803	112.1899529546002
113.9338462817986	115.8997457909967	44.52059216425846	31.10646841479919	86.13632310079642	82.52402838965034	81.15926735180547	6.32018118219208	120.9878977651981	88.85302392101534	101.8104514385816	96.54472552668457	61.65833731096421	55.85418170206324	82.19301265286113	71.18650978198002	44.7483561638532	62.04582570473502	42.10736120378289	9.207173684228785	86.66731932142426	85.02106295013124	28.84114766385981	90.5555431440869	109.1408128608386
77.31035473484718	104.2896302895269	90.24998856497517	110.6758107265728	106.7879587854046	77.95930849929445	78.26646854165644	76.25642681581509	100.2580184649283	121.6389402578494	109.8298544445831	69.90611264909505	111.563626854975	122.0629027470227	88.02219085652168	64.71900989839079	77.96702454524687	106.8392017692669	73.11594157468146	60.94610082278804	69.74256468022581	99.74927142686832	48.94931500504454	81.95332778624557	87.10732677394343
88.1105901176461	89.39048672859651	70.4709293543568	57.73013994455269	108.7159536092754	125.7746310887098	77.70428691809232	80.85502889207942	73.98016215480155	109.7694782344932	95.28136832685335	95.68420858825276	75.5782245491326	78.98133095371657	121.6690110268597	93.79708661164676	42.78598729435321	64.46434689969908	55.25304489972544	42.82329436507821	82.35103008863238	112.7149895158428	34.2900305200135	91.41131274349888	82.40004879502843
110.6452731370458	91.7365292315324	99.66295485172668	89.70496287249131	110.2447706875336	101.628580424154	58.35760653562706	91.13354499392931	120.8465594178924	78.27759632629007	80.32651125887834	71.13799134371529	119.3776286315901	115.3033053941052	73.04005047162232	108.6444763357767	66.96987971527184	110.6313424377252	112.686613316276	109.4696680954309	96.7781535261567	97.19826699042653	56.40448466846664	119.1127533026887	117.1103154536222
79.91241117217575	121.1494786955474	97.66340868542105	98.08851220005022	111.8170953284306	111.8997932126522	128.0357509832674	32.27310130044239	102.9464457418788	106.4946900575232	88.6873669722258	88.53246379981827	57.35382934420362	73.37306165977913	122.871580338435	125.6716382796311	57.67338309879185	69.05566287383243	61.92013997237588	80.38548819526	71.8039587418145	111.5644483751553	62.35614650925496	66.89519792971807	77.30570909528988
75.39716749009554	84.77448006668334	63.52697561196348	76.99551951505509	98.78312441183479	99.06534863721052	81.18703774037461	53.53577694661163	84.93701730397009	99.85250707952042	127.1932758574562	69.28461445728902	72.11194403533648	67.83056911800907	119.6808307044622	79.79194360160871	64.0026445756765	120.7046812991298	79.23213416707529	78.42093003795959	94.88928476687462	94.1520533255536	52.64795540071859	112.165688890328	75.25423782485947
104.0242806504438	122.0370822521286	42.29370019762067	75.59594990267284	89.98521549201419	89.57977372234549	75.36008001102525	34.76004770277734	87.39169558194908	72.1847210091195	124.1685208435077	59.80419100910234	105.2442731776331	86.15748776047126	128.0456607107594	98.69134675633825	28.95599406467888	101.6456891029957	41.72037742493976	27.66691161709844	109.4216050927091	96.18150133614782	71.42088579228383	73.08219272123422	86.8081531589408
75.59673564169297	84.783284991649	65.22725320838023	42.26710786718971	107.626480905126	104.8878085565223	124.7291650556597	21.25838516954525	83.4085343169487	88.44551319740977	123.673501939878	89.19337325422501	51.04628439278021	103.288930518133	84.51460868041627	76.97379687454104	18.01049503490604	68.03130097304799	23.43757369672941	33.63167900213153	80.56914724238749	110.3675721922201	52.76987168269929	117.2541577426499	89.05262793479409
98.0033252423593	115.4714286693959	72.77954590629949	43.00380100412951	81.69279199153692	85.68237671206813	126.9685631245669	65.68399524933776	74.88386469565354	117.6613085741661	106.6268394893842	98.6720290072129	72.86626064496484	116.3873970297535	112.479808340607	88.07557416974241	19.94645480148789	96.60223997238327	64.20219887608677	22.39737957284686	98.5131318985585	111.6365650207134	17.28344138067097	101.7173351703048	97.66131096059623
117.6558718357775	121.3995624712616	110.3509679698192	109.7442936054238	94.26068267103675	81.05676655428043	96.36484759945279	89.4891710243476	120.8627475925178	110.6932520350271	71.55617768238459	63.0758977351222	114.7527735630227	77.54864325620221	91.57840558898444	67.74652425238972	77.24370648007637	117.5883516749621	86.88566358982509	86.70227250422387	80.45029489213708	111.0117941734601	68.90542542780506	73.25539896371291	96.22025306288265
101.0867039471231	82.41418726804061	74.06489364931063	88.01879114910756	77.26179581392662	122.9687762715194	71.31287624379021	73.16598494508702	87.81957714670727	103.1136652262842	98.23377112879945	101.1691987754974	116.2658774351648	106.6251569618732	111.2115496107663	119.6846578787529	74.78255344799513	107.9545199471372	80.83192360307922	84.11245269558147	102.3932869440067	124.407799697762	78.52949159901283	125.666547306223	123.869671188146
72.88788765643763	100.3525515939811	87.80824895117594	49.0782917474893	115.5083857536831	109.6177045687166	88.19599697459043	54.25188636670603	121.3367492570721	85.49289779378451	124.8310120095078	62.46318324475033	87.2098392483137	74.18620862451094	115.6112536640805	86.52051635391612	27.6321351657675	71.31591037928888	73.3231209805339	41.11137903059388	112.3229386966684	95.84682257690881	24.16823297247474	122.8181798320955	76.46658913904295
123.1846563360604	97.76381881355813	26.90833313180929	57.00791657124886	77.00912794491839	71.19530049643338	91.62997831874085	53.56835726326875	68.13597083375289	88.83375426364458	75.6375455177906	71.061891558737	78.88165352597676	88.29734384758889	94.94915513988127	74.70294494131227	30.8904393045659	54.6933928162051	41.20571039129285	53.90704014696628	92.54742125343122	109.9283336071131	37.92994631307992	111.2827090221774	79.75560795903016
80.76656157764705	123.2163681786271	69.22985260234276	103.5203873253581	123.961012672556	97.55063139947094	81.3299134964083	104.7832326230068	79.72758966334334	110.3630819077399	96.44535537784282	72.78126004130858	105.3437445611876	80.83598742461486	91.31621763832108	85.76230875564268	93.07316120238062	109.3052792297079	91.67809781516752	101.8283658544095	90.66041763257741	121.6505234454305	91.50372123882994	76.18604201039668	96.44194521313935
86.48849435090938	71.30883264819123	83.51392390394344	89.50955690249262	80.91783055626919	72.23562190742253	77.57465435895713	80.33400099515302	85.04394695450381	97.64121377629517	86.79098906881626	112.0677435984783	78.53255198366654	114.5233951960738	65.01489955715925	108.7470573957924	71.81699943725354	91.78455097975831	96.19721401850268	100.0512357098673	123.5851093172959	106.6191773607309	55.13708037787239	110.9352056788732	67.18674672145214
129.7722700597567	109.0584172013009	51.02778741419851	52.79292481110303	121.8061131399104	80.17801862807275	100.8411252555723	5.383919255210557	89.35495344413806	100.9447880432712	114.3065245898469	89.03459398188662	83.38908141165214	56.3783508042808	119.6735210233046	71.15228087451001	19.11264113226923	91.30457806678149	29.02435958509946	42.08072070502416	119.5488808057071	84.19336298433109	45.06937593352713	84.72458685130825	87.50263355943912
102.1084974783443	85.22061807539805	72.31452361343045	54.18605804867993	83.88363577546059	102.8796051223591	72.38966015415657	72.92726636284181	121.046255886792	96.12696517685586	121.0040045068265	112.0342470049792	89.50472701779242	105.4384965889168	103.4501873590607	113.8727135775728	64.16605425894414	102.856708375959	88.01280968955683	40.99260379153046	113.2981813647682	96.85220496311619	72.4506131985992	99.60501865093377	87.89997451856871
108.8642910749217	120.7635247640706	103.686623088482	106.0792577919571	116.1615661341023	122.5084089531261	84.16035936241823	76.50525469097694	75.42820647058227	85.25416642319685	103.662376288229	121.3006946771621	118.559208926861	94.03098665169922	69.27683837290689	94.31041152184986	71.92208361760095	93.15460569972498	90.98827831727377	83.14992416778334	73.00668341666254	81.4436915772841	63.29293783951798	73.73592904163452	92.97624873640724
87.41611765129562	118.4790393505627	41.80749647304685	85.50515238878154	101.4997795625165	126.2788058283417	80.55358547065154	61.05829358159197	104.1543373693264	72.25966314837588	109.2716352858465	93.47236192510593	102.3668815519124	62.52361880006231	83.30391679384059	81.26088444914294	10.90756210230958	105.3471599796881	58.98661783966013	58.73589193717979	84.68917090877625	111.9298131494911	66.32995666287255	103.1594641107829	125.3219657523678
83.38205879755223	73.49458891673092	98.23066355301052	51.06230165614562	118.3603363186149	85.15134596988386	104.1066337567622	42.29459944549691	109.9198586208925	119.592164572904	104.4920253404023	85.9239360019883	59.97403429274867	89.54317126434964	108.4718409075112	75.19180056311238	29.93757508809102	113.6374293744805	88.9558962462186	51.87148395082531	92.06356199395873	94.07252619954247	46.89903132405979	108.849599065301	108.8628042366466
75.24969209099335	117.903020544292	92.69106611968139	103.0375381375776	77.08490027712284	88.62894927193246	92.69194550822274	101.6220091794955	109.1189747343277	68.88273560785935	112.9606146812733	94.36360843994456	80.29651873930804	75.49958032894969	100.2423461131183	110.9503433406769	45.68704353090462	102.4855137011774	79.42102407942926	91.24422669861521	65.84735307831984	81.92541481284654	51.37772375013762	118.3757434812837	74.65813990930549
78.46289830470462	73.01767989842938	1.26173165637217	48.24241412021946	66.50246543636358	117.5234861095383	105.7841804336886	1.987322232210893	110.7823665098697	77.59242763183013	59.19101718937324	45.96864265731347	72.36350393885076	88.39206249360558	94.27137341413314	109.0161180800887	0.6976990762772672	67.37440160709075	0.6025188366897125	22.84422931648701	92.6034675612797	119.9002822476203	18.31008900606072	50.13673005367613	124.738343759856
79.96220605107484	79.52839139812795	95.35464608966146	101.4818014027587	113.7716134927865	99.11747251878214	79.63077363963188	77.76509207934325	125.673006190884	76.29003901224712	95.07155897710945	112.0136949029323	90.10982757827094	120.6696694190984	100.333860266527	124.100443373963	73.82945422091825	105.0048107678445	90.08171637078974	64.98909769813957	99.47699006971655	96.49809849829791	43.04537588166215	85.21376790187054	91.66121325588173
79.20762111033342	110.285024285177	12.23453727908892	29.26241337484847	78.95915901724599	73.71842964357583	92.03028837274039	39.65162508815361	118.9808659220188	107.8539084001658	89.72156049115263	63.15075139727676	88.0883174537301	92.37342938556841	72.08847411718757	86.76659907882592	16.89797941283144	85.17981390244019	33.69330251803571	10.19734903269034	78.70599178595516	71.79686289556476	0.3580980461353402	105.4149890190945	118.0634931058353
70.65185976339366	121.3383090101532	88.92115865758953	88.45504549136879	124.2204494552147	114.7326945444295	106.2711117487261	15.66217876248837	113.8976811693909	99.52445248933594	87.92547331270765	57.02466678511458	75.17008213211147	110.6830410726396	75.51220514166189	80.01678470451755	6.924959937217295	95.80343699977587	42.56455633994518	36.96363785227661	72.25994014868928	102.2482131823338	15.44981827600603	76.04333615195316	126.9359394666719
92.6166835815973	95.07210698600392	26.02250693830874	39.09732726692752	92.6211760081227	101.3025978778262	91.94559419813638	35.23638982378944	72.04611674292708	112.4239912775278	94.4595942937771	71.07055047290049	32.16476512997647	68.30967591183426	73.46088636611209	97.57341522516832	23.4594283110857	74.87137993741239	38.14056262373649	30.34546392650891	97.5004604834192	74.20497222568909	1.930565837224938	53.28682610135445	115.7359198002839
86.80903373943107	97.85829446717025	59.98873492592121	61.50007969558975	77.07581687466379	79.03718029659933	114.0470542482618	4.147872300800529	67.86390478503601	86.06150613036341	117.7885927040138	56.60998183200488	54.10298421149402	78.08785261461719	118.7417340898029	98.52345009836287	44.40249018213929	85.51489046126352	23.62914955475294	45.8165622427708	116.7154333831523	107.002307871686	56.6821932336818	91.83628510615148	93.68063899545845
88.32009681148671	87.54965234892859	1.347126090523762	30.53586704427313	91.16727911511344	75.19170523252882	62.35730888825479	1.166694671150968	73.81094035311595	100.825783858087	77.14134016291355	39.57814763230239	10.1356756244537	34.01147120801951	78.32720864501601	114.5054085517961	2.903790463739498	52.30093907454423	0.7225728546122756	2.43611122383361	95.29074143693126	106.2063007353862	0.8739239785568202	34.02056019168833	86.31718580191212
89.26247040173303	121.2908705618156	52.18644231003459	53.01278801422714	114.5046596010037	112.9543434386147	115.3866045074836	45.83993732460648	97.55649636831532	125.319712448963	103.0943592688706	69.53681199153476	62.48622230658998	106.5658335064657	82.99562672385636	77.056867411444	55.79705636455255	102.2660872183923	24.39956630787175	63.31918752049192	94.37805855519218	116.044611739297	20.18905239069292	114.8641206357814	93.62013247918212
105.5629702287508	97.45185604809294	1.498755678638133	11.93080487083112	95.06332953943588	70.63075308139408	101.9838710966395	1.230190372942213	56.88684616528013	62.03493212340253	76.15099245707128	17.942848502986	13.18824071833404	35.77517752329175	100.6649847322971	120.9769763520395	1.71329767521296	49.40423326826885	1.426669664737792	1.674675818338701	92.2031521350936	80.2565069986579	1.918376672870928	82.29024651236476	70.44966749043945
104.1284676697951	109.4617175898724	47.43515006066097	30.91201857530795	78.98352047323111	69.56378127088044	87.26235043130573	1.039483628473099	96.536721907431	92.41258010181693	78.97177760788847	65.72792635938021	36.37580023084287	80.67344002443102	68.72232404173596	110.0898546270282	22.0134769296332	62.16061821027652	4.478185754203764	2.751647940276554	69.56931847733027	114.3788605481914	10.98768797074916	45.57853565779851	97.52241574967744
