123.1955044583489	97.53011732832681	118.5073991476235	92.86474285734786	75.95060794119274	80.53236523957018	117.9089292570472	84.59719194490852	100.824928042939	75.60460922310462	90.80148552859522	121.7586832289221	72.43521556121301	72.25444215322861	106.2381918119003	96.8344100097443	69.50682332209774	102.4237108387667	127.0962628188683	75.82410224360554	99.09050418802894	94.95599439839134	75.66042969941734	87.38282097758382	97.30959221598003
84.96321775024344	104.557966555457	81.71804118258227	102.4229181176513	91.23912955107488	90.67820810420011	91.40550715966268	112.2128664733481	89.05206971699215	106.1505291551448	79.81515515513546	127.35619650704	91.81445893673586	121.6408714259126	76.18648158296565	73.34054611631775	85.89488009550891	84.80147062629129	102.5988899357712	100.9457239941391	102.0622356584557	66.47294561981232	124.2592058729135	127.0657045536751	101.2248870298303
98.5769923154991	120.7164546120375	109.3122971297855	119.6403930928919	120.829144918155	128.7583068799555	107.5741947668279	88.95622655421349	73.22808327608105	72.60813296122552	86.26988136179627	80.05072815938908	70.85306855647282	105.4984456683835	125.3307049545915	123.0777324627938	71.69005540846372	104.1970864885673	80.57144180440885	125.4107192462496	107.3971937711845	101.4939157706365	118.5204714711071	98.22965738245685	114.1034869058263
75.23799397109576	103.8146799902298	92.12549352713626	97.28146579779686	75.91558100833976	111.8421786978038	112.9700378879909	104.3322319134552	68.87998933356157	120.4801603241547	125.5032642477591	91.77908212392936	82.34061265627835	100.3834462597266	93.30026888151728	83.19114229302403	107.0761296693348	125.7170765441444	71.86736084297294	110.6126694290042	108.3290622970361	69.7832963100583	87.02937221038258	103.0589046517828	118.5521794793882
84.15643029165184	128.6588353338497	82.12267537814041	86.3338839346888	120.255908674729	107.005259421984	122.3952304617373	103.1390981372305	102.073941176021	116.5415877109831	116.9709700677907	123.1943699240819	98.25946227750751	86.91072359918724	93.55542341778985	87.23882185207262	112.892080690796	129.7310535375007	123.2884307892924	92.2843987215189	73.02580893845142	92.03321707085659	67.85215597003462	96.85936183979929	117.2451755385493
108.2822163715012	66.20980053634594	108.1022242970031	103.3675612917305	105.3191066756006	86.74064666241108	104.39559033349	70.14106063926596	71.08139482576703	94.0918775857435	122.1666761436131	74.95285571728884	117.1776560826432	77.58996662998477	121.1794085280423	71.96093345094765	74.37314079079864	105.3283891013193	122.9206888592678	86.48299926692204	125.0730940175739	88.53213491234756	129.379783923924	112.5972780804559	83.60757311349511
77.27052265600658	104.538057249606	102.3681548445854	85.29516379971875	119.40849592637	97.68220253938102	115.9387729907401	98.20531060102849	78.80970711107834	97.49442379300555	106.3223113006154	101.8385262158096	89.22143194455045	104.525653258061	112.804811166259	67.32660564406804	74.14568628706142	120.295022063156	88.0791354092573	72.07564405710434	98.00035604056134	113.1733097063898	90.01554196304629	123.257128720434	80.01095497870479
125.7778398921877	72.85628866364782	128.42467254239	118.7074186445294	84.39371968763328	126.839586720721	123.5709816188731	108.6306863337769	121.5194631427368	98.5648885420367	69.98359341908004	116.188275435077	124.8495162801694	106.6178474909315	113.7857546614769	87.9322977872343	89.67113738346825	129.70600865478	104.5156874560085	96.59997557655281	97.68470786040706	77.34338954493273	111.1477039551208	107.8168101386236	107.7226537449349
117.6452733642245	76.71258411075637	77.34514208111048	88.73262974102654	108.8967004247316	106.9508250149435	112.7271523830082	104.802252324982	122.3882313611881	88.00498680761224	75.24465243355255	124.3622911072147	98.18326537954155	129.2528373101492	109.0523601370931	104.7218669065723	112.7416100411644	116.0988450042289	87.32436261415012	69.81690264943121	84.70095818002606	111.4669133447415	123.7815733309768	101.8186188284405	112.4823293198803
102.9417256794939	101.044283685093	117.6071736201837	68.70599538094467	115.3751217179795	115.5094995841096	110.7095365121575	71.71232186415349	73.96173245436823	98.99371009915262	127.9984467295169	104.22065892524	115.7170884148643	72.33856711828612	103.392008773948	77.91253672407628	118.3032728615731	75.35448145962083	104.2974005384534	80.37387067135735	124.9389375518483	86.33109368880547	109.0882669813032	105.0494153430885	92.58718568489475
77.61582017242586	117.6589252609866	89.13331779790758	87.31736789832648	103.4320721908831	107.6075741982389	110.1715836610238	104.1360183628852	107.3041952895282	83.62314850568283	120.6806898615413	88.94110779611448	115.2826915057143	101.033368065216	92.03596234283785	106.8202826119836	115.7899068208407	83.26288883859073	67.01506088738385	111.5059314114824	128.7743285685624	118.4948192033468	104.9135923872468	128.9400527549124	94.54272364393766
99.61480215021533	104.7095448033197	124.5996795365551	103.1984272599197	74.11381907181158	78.68009742392877	114.5440779007706	83.7773708494699	127.4490942886442	76.1395795272711	97.44167179085352	118.1549162681857	85.80548035011968	84.29070969044483	98.08723752558572	75.657895621774	77.2721287901521	104.9569535118043	117.5308762462181	93.62002001896788	69.70443458711713	79.25550980082167	114.3950928970659	126.8563220959822	78.30891873136302
126.1910358751898	97.99498956621537	86.31025422443096	72.53463291381935	101.0117428746325	75.9806584208569	71.35316899266299	90.61085510039612	114.9686373361424	89.58635228803747	129.8642029560559	86.26249728683298	115.9331381145836	94.99114801733893	84.33621026685292	71.28039729106258	85.29211523598488	118.3627669173322	74.29536454876957	89.71421732765941	96.5805678377226	114.9043092697473	81.08739144497542	102.5935688071454	98.72781767029483
122.8288393080828	84.66629406018087	122.5349561251585	122.6623922083934	106.1810561029536	93.43723596613289	73.33621862370455	122.071162730138	103.1081951542437	85.34440488005909	76.89257178361684	116.4344996480545	109.6805295886243	100.9336179144627	73.97892976172814	111.9941880546612	83.71542089196994	125.455681166722	120.606897766111	112.7885392109663	68.39036201088437	86.39170080053216	123.0079671560144	73.49715115408753	83.50364550829708
67.84309095764642	112.0008279752184	92.23351453558888	75.76228181469433	80.69377128676562	111.1439840280234	117.2576067664867	77.29568107717665	79.06964878398463	80.9697571061337	115.5941197965681	78.66519614589726	73.79450199072593	98.27276609206217	77.97710307442094	86.91206306162786	70.43397870844456	91.78628507729861	116.7797982087014	100.4077150537644	104.5690024272191	124.9411456741535	81.44059477187203	98.64671350637829	80.69705095261857
87.07522463731387	122.5801778884725	89.66167264561234	111.3750821462574	118.4302546343266	103.2154047483635	81.56482925468232	113.8724400006022	128.810346596043	113.0802810381999	95.56815566793728	70.42816262633801	90.31159282924132	116.4909433602975	86.2290730419345	126.0379209746278	72.15127126600632	93.88442929873651	108.1673531270636	79.50083507869405	93.35151230090777	98.61335736369398	81.95549329578915	110.8623043797033	71.39276683267947
101.1096444822558	119.3094437836884	95.15263132269939	121.7785634909108	112.6221902226903	107.5120162031065	127.9770216692428	76.21352627036266	74.07399312215233	79.74526063986953	120.3744569077211	76.99502959979847	81.12271085272154	104.5454200954779	114.4771559353139	109.4316611259325	84.87267297525224	105.0944162431107	105.6907434854332	73.19857067857768	77.81006336356081	105.3564572789133	117.7459162449011	72.56926837608556	123.5872034596322
71.89951349718136	78.07017330704589	93.88764506557	128.2532586566533	89.75341042906241	83.10060786428257	110.3401391474268	74.42626966554326	87.573770764841	124.4075507629816	93.62233930384116	128.6475224850795	81.03376388280168	88.49201623235587	90.16597124857442	77.86367806634669	77.21850034411905	71.10809848495747	79.14508514375413	73.4683525666738	124.5758610062864	73.02829124089699	115.635339951152	95.17515339485885	70.65846297486972
74.64674031680148	91.26980599060524	95.39473584897786	116.9281433413982	93.16200957245766	113.5377437753962	104.5660040239525	124.2940054082519	87.58839942584298	128.2748227078655	90.07021923768055	124.9101950861122	128.8932199976878	98.01628722952069	126.3629048170747	110.1514412883574	71.06832138719086	92.64705825751163	73.91958857065717	72.86976283295203	82.7355866957915	91.06112334919655	126.2647157195228	109.1934451651468	86.76783934060181
126.3998341827595	107.9721910036673	82.73911165580959	100.8761824187848	116.024717743362	110.4385274579756	101.3608066076055	118.9435308905661	93.55618957326045	92.32966578184958	116.2269684657581	85.60406229285223	83.50031557914181	122.4249310713725	103.5532545320028	99.8632561688928	84.48518380691242	69.8909602602855	120.9698665898125	94.05225593552913	113.0222004010824	77.40786005019748	60.88598752361553	83.89078895550405	90.21280500821571
73.29881721465138	124.9783284132333	104.912557915411	95.75075076438601	107.2844506154165	72.90624922438879	119.2548746645876	83.18482579421708	91.99001922563261	110.6400240238142	107.9317050865233	86.02155477809862	110.8934452662431	85.96941104271779	109.7692429580245	109.4724908827218	87.93584140156163	124.4094034006741	72.50066792429995	119.6517575252635	79.26513142071533	125.6250282431511	69.48719689496671	102.8565880784435	106.1453662598612
123.4324001736345	101.6043607493082	68.48791678319675	121.036507668661	123.2998523423553	90.62824057752384	99.4208212291729	99.11483066291265	127.7134646314106	90.15293631237174	73.20458019888247	88.53828097218626	74.20595668619798	71.62231123298612	70.36020955555493	85.98455337362594	82.65302064327122	102.336892142771	98.05070983154394	83.94020158902799	85.93618414884325	112.3594180292642	116.4461013261511	104.3462891384914	108.8474155082065
104.5614706163541	72.94454805872522	102.3581596796375	92.27397585166869	75.86418459887533	106.8397594204798	107.5778820602933	118.4044673471683	125.059317343645	117.4733237875439	107.9682037930685	109.6708542599895	82.857835452166	85.96628686338214	86.00902206027763	76.05870538176093	83.18679488680975	114.4058861822374	120.5917246145531	109.0790759116295	117.5622353221741	106.3623075833819	110.9343532774172	105.9075873502994	124.4863794237534
89.77906906785901	78.37355371241811	80.57289535916686	119.9086415081728	80.98547168716236	116.9853439933726	70.72381662382411	96.97345977758907	121.2371034386505	108.87128484639	85.58500271038713	123.7789720617731	78.7988873686889	118.7046303027017	71.95071268906153	100.953200716211	124.1598332261302	101.4870766281296	111.0858879737731	73.9239610500704	123.1728424762896	125.572304288938	74.22779031046649	112.5405648777034	70.7048026470932
69.92535190486015	128.9168142453861	67.64177072533816	105.131087622161	123.7691614617599	82.68032544836575	89.57906422790919	73.57016378275181	108.9886964716667	112.182019703446	98.91134966515042	69.47943126157351	81.69826396622412	85.82247951240757	120.2652485614359	124.066632063485	71.24180978754353	92.28741742194042	112.757027485475	122.8787831902388	86.30759803684342	121.4167185047531	108.3233392870774	105.6977218163809	75.90256160771753
112.8464765980477	123.0090937430823	113.0803425237715	123.926975038304	122.2175268199623	76.23826747481723	71.7573732062537	94.67311645163898	100.4516827299446	109.0944942433605	72.36515643753651	110.987396293489	81.81036455735902	91.55515937586716	117.6692579084148	102.3690542428904	74.64836049813943	114.8148592519503	78.01981449705275	88.08469599732578	109.426474377626	72.33950797984407	121.7253775315386	128.2664990836881	94.63270726874902
117.9843864053674	113.7069738180036	113.6474197335976	76.95560332667311	73.25872665152052	119.2955099824259	114.5576101191515	71.09549339704475	85.61279385638578	112.4037673994513	85.87559384698281	128.8077937539026	107.2238853324274	103.8579728096429	120.6150716276372	115.9448274585458	91.36442408846547	90.79547670844798	109.957739959661	113.0758280126907	90.86234849633082	110.9088086518966	87.55990423341915	86.47804585731129	120.1201351656148
98.86035418911672	99.92016783620107	101.608364180405	122.9381157456083	99.84817157009135	108.492874888463	107.5057982242878	95.65190137189893	99.90419253643546	119.3013032518431	105.4769793063591	125.4315033724452	77.18792654028456	95.36148189722928	92.04324708042564	70.30402580345378	118.1920964984166	110.3635956039696	87.50602333876762	81.41235634956902	71.90492873521239	89.69700553384655	122.4408973935496	106.7530973336131	117.7260736009982
72.88759614073403	72.52059515625767	86.7458154514311	96.97815780036417	79.53346628739305	122.4450672278281	128.6986070028305	62.19631148626374	116.2918638335097	78.42646525670341	105.8714429676841	112.3095359887094	93.66020901793135	97.22466175189608	114.5512046329959	91.1371400336525	116.2256478851127	86.1858526750316	104.8336984987766	70.06228243399391	116.2512810089281	107.6669262452177	85.83580186719509	127.9783283326772	88.95409897381289
108.0919310725132	115.3653376450367	112.4146492191361	77.85760337901453	86.84952167439532	92.39535384506141	88.99701803851354	115.3854719948467	127.1175559255483	102.6729881347935	80.50807457124947	121.2518325593293	110.750167822701	72.10528868737313	89.83541197557479	77.51440523903224	102.6737746036843	109.6048100105818	108.6912938047848	76.41332143326781	116.3178978038963	86.02677533339643	80.33285989437925	88.11478653361134	71.63726061417923
79.65801132313624	88.83739369941875	125.9351969153516	77.92358304492129	94.17381893907823	127.5563123546114	121.4397823826878	124.0127235921974	91.85769988749178	83.57781942833492	119.3182831889063	110.7567932810857	127.3647039712298	116.6286593378604	79.94692139934713	128.2368022304686	97.40029533725851	91.39469840018275	66.08767826885973	105.3071750573662	125.3185281312578	88.99179585042612	110.3485215057586	99.56397452281294	104.1218885104564
75.03297105683373	126.6072390928798	91.67178635901706	105.5530446416602	72.27960224025665	126.3211811790337	109.1384566716924	120.1636282234602	78.60302649525801	73.6662204437733	78.50381517663908	100.1565136238471	99.67095860182468	104.6749592509654	127.8367959880707	128.6391308405388	114.0002201554628	81.3012765064247	116.7991454830127	100.1251587302823	73.33634082661271	95.78231869579	106.8539951190879	73.33121460837947	116.5639000334448
126.4335533572295	80.48779186606981	96.49408624348436	96.31836922185374	86.27237139741294	77.058852372129	119.27000075366	81.54704441312059	124.6240088765123	84.35596779761627	97.05106897316273	78.44474980710822	114.3201856089798	94.02373208128971	94.61810478300541	86.48022915677437	118.9037510198361	93.0769821544651	106.8185751577903	107.9753382000301	85.44436670441037	109.6196455450255	107.9136518835918	95.43510332962256	125.6724420172766
77.67815799652492	107.4794119803484	90.31688890707663	72.4353261737202	71.39340038943523	114.6875642451518	105.4991483784515	63.70372635983946	105.7640902233898	119.6102161368451	81.25240346690782	89.3041933431596	102.8173091226	84.86752112993379	123.6353324360462	78.57637238998242	107.1287676753296	102.7342911302063	63.26159094437082	88.07665432602836	78.47939939513664	110.8553889959435	104.7707473770425	100.9147322522722	73.80431631791627
109.9987331011051	114.1164543399826	73.64540868291928	78.79188059878412	84.23179719391383	121.1211708110893	81.27667820451421	63.41287923837021	109.1169127571445	83.08700688043463	89.31460692039975	110.8567028862027	75.16820934713175	109.2044597161078	109.2084057462532	72.88183914841839	96.79603714947385	125.9688574751121	82.64615507346805	58.77841127309428	126.0650119759559	110.2520963669443	116.0413264058125	104.1110039239882	84.84446638612023
70.17689364725632	111.1889423554298	87.00517700558564	93.43841310251707	81.99119147687477	118.9289930542628	103.8911213399407	100.4973064064615	73.35306651485934	76.73639239511944	94.73397583273874	73.22045075779199	119.509828678359	72.77822236196748	115.2995452938874	81.58602880233232	62.25971800650258	84.97805304839555	63.42357815248383	77.41106907368962	128.0561201616251	105.3247576992223	61.63242056117511	126.2249973961258	127.0042251731908
79.56305518285129	95.15253561647009	109.9152831267514	84.22759832276216	120.5191748794165	90.00270212882837	88.49055983366358	102.3980610981737	88.80653243622422	77.76653619405499	112.3165331719043	92.43135118419444	95.17604709349499	105.1246446053986	98.53640948606659	116.0774567243148	95.60069047341813	122.3690536945707	104.5020656867278	69.74492123324201	113.5474801439876	76.82872141178177	74.88458372739333	127.9805063126224	114.6800324195305
91.57891867039791	108.0939329352877	108.662735036096	125.526162898931	116.0039324133168	92.95842192818074	114.5612092634956	80.53044797127424	84.44267980795645	94.60877276106875	113.4658039623386	98.47577372892613	105.5138199964045	98.86417870458064	103.63166036765	119.1955972915411	118.2115766869984	96.0935161215703	80.75029537721632	105.0349164877733	97.93278175671598	89.85635787446481	122.7585281439747	74.75735746245144	102.3418839194764
74.21792308207482	71.59504427335058	123.4547478056606	87.01739673575906	105.1118612529668	96.9283965556539	105.457850522444	108.1510889207875	126.2040334595309	97.78019596114567	70.04408775449048	123.7996493413275	124.4410292889263	82.49893207313099	116.5436802946968	106.9919849624371	97.26996757289302	96.07223277037725	104.5285686499085	75.20185279870319	121.9701762515024	82.94082149520139	81.27905775772152	79.79062666784415	83.98313795781077
78.72846528809703	90.29177598078215	88.45228282944956	101.445596144118	103.4285778297744	103.9501595521324	88.72809350640792	107.3714996042276	74.15790290020425	77.80972011782173	127.6614139834337	74.86303309455843	89.85407730051112	90.96489240804864	108.0837445186092	102.114960173891	113.7111452863862	123.5350730735414	84.17317544768846	77.45798277866777	110.9798197798016	100.3644187516676	82.93441993887392	86.72042877579824	107.306856493106
108.3714982061658	103.072645069758	107.2543722826788	85.83035699059083	106.4748272333347	106.3069978822801	126.1909524577019	84.19312781664784	112.0694444041366	84.94183779201177	97.94490897511098	105.2996373946003	114.8652197181421	123.393485652021	117.2521126284677	111.9933715736472	70.36990263016897	121.3404821904327	96.30956172676039	74.20722590471405	70.26473520200086	92.30868327512587	76.92627138928864	113.189596088062	91.5857779566704
77.34511839715179	82.16634219283681	110.0183642178295	112.1795347971911	85.06393005995788	125.7997133992648	69.25909187062594	87.9820722798229	112.0701861571993	117.7918005635986	121.9456726292071	94.37242336246818	114.8976074743212	119.1386506781881	83.04472100262086	126.934111030555	92.87458135617062	92.7452377381654	108.8812500681391	72.23096531952595	86.34384514308645	125.8638615214466	76.02052219667671	102.3721573090679	98.56601300176337
119.5368587529238	123.3647003201968	92.9720927790373	100.7878702996088	91.00238701731816	94.16534882316085	128.1915071590337	107.8515809518649	81.93772246437906	101.9745907792075	128.5486073665934	70.65195608650146	70.27472176228214	127.3099692534009	101.8608579030382	96.52298033782779	75.34592787395715	89.89981436371028	101.0056218920136	70.2427543056597	101.8540359171163	92.40201358421058	83.70266035046085	80.28708966734314	77.19363929983177
112.7125935445676	71.57857027187681	61.93377925997854	97.01839520765381	72.77512608641079	125.3813577170047	109.7917977686261	88.95209987255294	126.9699862644061	90.37576929888721	79.60120122430678	114.2689619892766	92.27705488156363	82.12812020327183	111.0848228199038	101.266802875572	93.9128414321856	106.9777401036783	100.579258748633	106.0991176413464	84.09475337551439	96.03151986635474	65.44848171588991	68.79179224462699	85.59195490299442
91.11984529704849	121.4242134764586	95.88096129441452	88.36416397064903	77.61889415933683	101.4327149908747	80.75549054362726	121.2979874101503	87.9789610592926	73.03640175788436	117.4742304603571	85.68260114313354	77.00958657891627	121.9635296128563	74.21074554860424	75.47295287018346	83.55811375764563	96.07229486491944	114.4558939304541	99.41510628336567	89.25113115838604	115.6565780615243	94.92129695916802	91.23979615344717	97.83408702353701
95.02118721400717	74.43127660429792	107.3550062747682	97.79584985041322	103.5175453838187	101.4704253300363	74.28358734586145	101.9925053011395	96.73459825516346	96.91844569696691	112.5442020801521	78.65340968577584	112.4424844333744	99.03215230913193	105.6631652371679	123.0163815525135	69.89238259178119	88.25100123213596	70.07009306836451	84.65824081886419	105.8260614610368	88.67314851810698	87.87111244687428	82.38360735001805	118.8824716986506
89.046048815766	70.27288676616297	114.4565443832607	103.8625743974978	122.8207126310663	109.4764779581086	124.8870227624768	104.9458958850852	85.12748078930139	84.46826988363007	104.1177316976861	78.19032145682721	105.8999131026549	100.9926445885073	72.37240014465515	97.33454116120657	106.1203951985793	76.52809863689164	66.44827974388332	112.1067668344772	72.02465682041107	109.8291238179976	57.9155550928959	94.17775833361952	127.9713168531692
79.8660329384289	74.43463021073885	123.3837208725218	86.90271910979497	104.7188009027254	107.6740175666767	87.32432140113234	80.20856899685377	126.1530322094651	110.6775548895618	101.3537764796732	88.60939171964903	88.67432249044546	108.3710121364391	83.02895333882097	111.8393605705155	118.494312141394	91.83874974886312	76.60425501785849	90.18481182815871	112.6346422563333	127.7172404035752	77.59415097935062	104.7135181755104	80.88970142364968
78.94762619623046	99.39344117390084	101.0899399705565	108.0426230652402	120.3140062530097	92.74367516302779	111.0977064481289	72.57099861394079	120.4716101292494	78.0885082499953	101.2067267393058	93.37103343503823	78.09999111124991	97.89614178986739	120.8151740792589	89.67437099445158	100.4995349091747	73.50980440228808	104.00197443456	80.98792559950863	93.60134410865351	118.2852641188527	94.14537772712153	89.08358731300824	125.4406466921396
78.15938354366679	119.1853501924739	91.66891660209527	110.7341418075105	114.8040469230733	104.8652380337015	106.6264653686366	102.737555555661	66.9829466311279	123.8485676281169	78.18161844992234	77.59163322328027	115.169840190794	68.70126075972075	97.95458480627894	111.1900958901566	85.44484508825147	82.16598972304864	64.13441724910975	75.40130672524261	121.8075738802978	110.0509153524536	105.5140565814276	83.54769944215175	86.45331719771872
