95.62560129698201	99.77708624940013	107.0161588684001	99.54063592330016	91.01040284747043	103.9936161485592	99.73301989801308	82.45957914416299	124.0108861586775	74.17424369427378	84.77425606409921	112.2493509587031	103.3975198189767	82.14262993276959	73.83002238500157	101.9243687192053	111.7642855054227	106.6112648514322	116.0062448065098	77.48187766522271	81.70269554371684	75.53234552270321	104.4465578639102	87.05180293429412	111.9319746075039
82.22201742399642	82.95746209328524	73.55701577576974	127.2473699698098	72.56306882769076	105.0739248666917	125.1548087222432	113.9952652086611	102.2053800840502	103.1367630956045	114.8874107767784	104.0677153921083	111.813994608685	71.37830874970699	121.4431725949516	86.04343213581811	116.4599398663658	92.90010877040876	101.6782090445382	84.92248832362874	85.87825523200425	109.9891051334997	84.83418272785531	89.82128406269501	82.66458459586366
74.5371450623289	90.70661453805387	77.67680785777793	105.0658401119743	104.3090863863843	123.253398056676	79.25260819652941	118.8245027171174	86.96864389578234	79.32804570831435	124.4656841315938	97.75556892559747	105.2707945798504	110.4806905658665	129.2924282287748	82.50280712173647	74.41598218379436	77.58842676616065	123.9942438051271	118.38609799865	108.2407234126616	76.39447478695926	78.95007208058266	113.1829661617523	105.3486991885351
99.6092395934937	125.6003842278454	86.74750901451193	88.8275103337041	113.8350927641823	123.0932270396663	81.1764066920087	70.83704834973229	75.81782829896569	104.2245209804943	128.574969874163	121.4015774669532	77.0532320637342	81.87484417868706	99.96565886178035	109.9307907838815	96.45879591301471	94.03500973162492	127.2347609483234	102.0444046759054	99.60742729850224	70.34319190269572	85.00755799501219	82.92652681105403	124.6193160112913
77.41455677081021	102.3898436120777	102.3639143624824	123.3123666302629	104.4713263401481	114.4580384456571	115.397111380691	82.93263692898633	128.7257203316423	100.1071985264914	106.2503117683016	75.61919544013598	108.1439590719367	97.44418782062598	103.7042193505399	87.62582874184835	83.01227207155019	126.2972431744586	119.6241679169468	98.75712111586409	116.7615434550961	91.98985552231505	77.41834204234297	118.4515742296645	84.29422890416312
90.1003835223338	93.80875127109377	90.62627341871161	91.77573901736469	83.38392259783336	107.6311418315923	114.3076622363071	81.02388986760671	125.4914388882275	106.6301802705618	83.06204880653385	107.1457076842351	117.9912703931852	124.0227200973729	108.8843410379988	117.5656822309754	89.74621671837123	115.2724535132982	120.9430183350421	121.482381553033	115.5020843019941	99.56176257293316	117.6994594856019	127.4455434343932	120.0723281471405
77.34790441729029	107.8585704619253	82.50077891606344	73.79972757942313	116.6375463360354	70.74802048048419	125.2113156761557	128.0885859347755	101.7467555268366	99.8164720123026	125.0118391362238	85.87776698775809	88.27701688693107	74.36323702309031	79.8449620305239	108.3631209562792	74.73645278563735	121.9532469579358	71.12717816330439	128.6611130802471	93.55419065132685	95.62434228503028	120.7386880757422	84.93302941774476	86.87079904272059
84.70955831357678	124.5509185597734	103.0656705865249	113.7454820984533	92.0990255741083	110.3509403403085	106.1192259944649	89.36702048491165	90.81444824478379	78.19811051615748	125.1553314085551	128.107349288845	125.1198597788465	122.8732187242361	71.16904085548192	81.25069335481233	112.6059113003646	112.089791927083	96.41743734983643	80.72462992545833	118.4932882210876	110.7889377000693	112.7422366526414	86.76512843944175	127.4267775358619
85.8440959608842	108.7337977631206	104.6431615431727	116.3236745642683	124.3829246074899	77.27608368286428	79.07179141937699	129.5032075217642	98.42610418395219	128.4176084659059	122.7411626516236	122.1364990595256	70.25855475917123	95.29547438319322	70.77831525158669	95.82139817407401	100.7752783504608	109.6240248765945	82.36942764636575	78.39322687121819	121.1092170006858	71.03723290104979	126.9214047780184	128.8725708284219	110.0321282383703
110.3830065921041	81.59237874360437	125.3031911680467	107.8630885600415	85.21659225499201	128.6067452213576	85.50932486895942	117.7402925142309	93.11823888510673	124.6668741248203	124.904098414324	100.0571856964351	113.8214992093384	120.686768220341	111.108473012249	119.6045734011648	112.5693330744217	92.97542860610038	87.74385133075029	73.49256644427322	101.477208556678	102.3180167663569	84.36484792853445	119.0677969582996	114.295095000747
84.53167880375072	128.4109978879168	85.0500094965187	78.0419651121051	123.6905418090656	79.49096364847165	110.4553406374825	90.32917443801577	75.75227915015864	113.8788937451164	94.83111591940769	117.2997297350947	103.1768762843093	79.11482945353876	84.10224269667839	85.89744103289728	71.45660340551187	115.0421216540181	124.2909988977781	93.32340274482054	125.0943444162765	95.26996287074475	128.3774625370562	70.87117092944339	81.64489049271744
93.43872483962353	120.8963644092522	106.4513408233379	100.9950545307352	81.7731322558592	95.83542783174725	74.39411185680328	86.43182013321353	103.4676131071838	76.12740606172568	128.4786130361973	126.2399330475222	86.91394963587736	124.1841802819757	122.7778249538533	79.32319581780287	123.1168228100238	127.7293257179314	125.6212809019522	93.40575194215505	95.13144559538347	87.25158076791787	77.14154870812378	117.3681924699253	95.38538321185045
99.00311605218451	98.15130299617289	126.9124250162388	129.348358516309	116.6860712057441	109.2008167335219	128.9704158208484	123.5039406375148	111.2796296761658	115.2014156983928	116.0455544455953	121.5970723650508	122.5219338385587	73.17323828256282	99.31514846180866	119.3060160781638	101.3638420200841	103.3293984438429	79.03462202505393	88.65144271511178	100.5220254152238	119.1823238568754	86.30860111039213	122.1718189463869	74.04192190593623
90.98457518529901	95.81443518682519	125.2135186219566	104.4426899743953	85.50031250529673	82.25476624916934	105.2290711726143	117.2349999327228	69.98041139432584	121.6638897950226	100.2596057425722	106.7644430417487	120.4709566167891	126.5063295859934	79.10103539903415	74.93383299668382	120.4317567475255	106.3823010192018	127.0748355632689	116.9073619666627	84.610086472871	75.80484688822597	100.7442582499293	77.54210459723552	115.3498026845041
97.64984803502469	115.6077073393449	79.81948681029371	121.4121132706263	106.8553869885342	78.68085024514249	87.70382660505886	82.5350565581154	79.62604504129996	94.27892604248066	73.43875749387874	101.6806964240811	102.3847077431981	129.9104206067905	70.44596523245977	123.7377236802336	108.0735989627431	129.0459123905368	74.42186323170449	87.75338816157512	100.9626233905338	74.53615479682118	91.93536201054485	114.985902855699	102.7304699068108
101.3083845873672	76.56822844382789	101.561357694977	93.8849009529757	73.65140944430667	127.2084881505207	120.0502888078754	73.16813899071926	76.6031562222753	119.687890481932	104.1937365375923	110.6989558115683	82.87176646360109	129.4901647796241	125.5018714691882	80.39931429577598	83.47668890202833	75.83048366088933	83.34348329698665	109.1223474012824	126.3833465865607	127.5611674016598	129.0497096043676	109.8722376743578	116.5499362091662
119.0422661784118	87.74793612308473	129.5276213761643	78.14851709703429	96.44187808445182	129.1751466073208	100.2555903555027	104.7047943988946	83.98440499522732	71.52727943276103	123.4477363828735	76.35273620852176	72.78698184384446	85.9036569397788	104.8605056443431	99.3955702365042	71.62504843082776	72.53039547981682	77.24683173961813	98.84274767152567	99.80220452517955	81.00585461974151	119.361425506817	101.692367563973	85.70082936712964
129.2532076508564	116.4061196461864	95.78892021875807	103.4975876743209	120.9445397919057	100.4726022977319	99.82658197052135	123.5520201575581	97.44286646668932	80.70438115577201	97.12979287444486	124.8653717833603	120.8782238175248	114.8790206689482	98.85657195427899	126.1600781408431	89.98063706281187	71.39279075059454	83.6792672690646	105.2504719127163	121.3208622832501	94.03991518592208	124.1402037178291	102.1620044517721	108.9155964702059
126.9473577596299	120.2869559440569	99.99806105994702	83.54019033666644	128.1925327594234	79.15457896230087	96.36346401564413	74.24782441816693	76.61380020536107	103.5160883924557	76.58810317672254	94.56417710928446	114.7335323701002	109.8860121697705	70.23154986455613	72.19214765972275	71.69929120905648	95.87832952604107	83.46600414371382	112.1076825892069	72.24166376348452	97.28230851886643	87.20140593399256	105.173196245981	129.2925556420954
85.34330100463806	112.3763242266234	110.2145505252089	111.2736675063242	98.08285732297617	118.4324776868538	103.8925390984525	82.89260080878844	72.41271065239972	86.95612434173141	94.48916026893347	76.1799797775943	92.11795081204141	71.27103017414072	101.5797825643703	98.59433777750354	121.6092859947729	109.8864402186956	115.8071996409788	91.69322015044344	82.76694049027731	103.309764560226	73.55189852578656	115.0717186407662	118.3080167328777
84.32052040983054	77.15885412754638	101.6479534738802	127.6174692858112	102.2604995921489	128.2370259337377	70.51691065297392	118.4794088210415	126.8355419851849	87.76961487006264	84.99500856773064	108.8501736307539	70.04766495397365	114.6957689707145	118.4152470006558	93.66163616524152	104.3948703116958	75.64438737686204	106.6539168549494	77.48590200908443	95.45252547074458	88.7908848027385	114.1252648436643	113.2276215559325	100.070636307414
89.22665146793804	126.6795715251884	88.0208395288186	81.31022066270417	99.3922817173432	103.9883261070931	96.2820731252302	79.35554458828292	76.99292477411069	123.909737893941	99.50085509522975	73.44018882209082	111.989738640732	99.54249680910812	107.2553132628772	84.1204638564172	103.6115461258428	109.7967147573769	126.4764597658142	95.37095661396478	88.90867125198542	115.1655394530399	103.3096053693225	92.86835752101047	119.6651967930694
109.9156446872979	111.8192121246567	86.57751142815503	96.30092233979981	91.36071474507312	78.99866195797702	72.80388312297818	123.6384377219665	104.7314191994525	100.6424474664887	74.42085941453558	74.0515224620187	118.1728375510776	83.28382526555963	83.06872644876356	103.9029073764344	77.51944571501522	95.23763273229802	125.5805430053747	93.80807012360349	75.6506218578072	113.0946766761897	88.00738200987682	99.34932432462693	111.7278514473941
121.6340459588035	111.2672606205719	125.0251172175785	125.0842925207654	71.00408125703176	80.50066019792988	114.0711927072072	112.7990595012266	96.29985990331252	120.4350573961221	84.89255230737112	106.9349430518204	121.4891835467797	121.0761195537763	106.2613705087459	113.9965212668043	121.1664883139275	88.85051717451806	79.49071272715486	82.04908132033833	120.6751684725103	109.9359127918826	111.0858480598101	97.85404788896749	70.63296586875903
122.1741696840599	73.28157114102802	98.7401779648516	91.77000817788402	70.72334377788755	94.24318725134282	83.50153948893474	118.4653859876593	82.50332214966397	104.5846142251376	91.65214733875301	88.40493055759151	104.0807965444145	76.07725965986646	123.6314759369139	112.0271056029302	89.83159070891914	99.63781126394468	91.89951688694561	85.24022141051391	117.5732327776104	126.9569527051541	116.1755364039576	82.97844180301547	104.7770963984856
103.5349106942572	93.66988322822893	83.88455358752368	76.27834828583687	108.3190595731944	70.26897454217109	100.5997981076565	126.1934994278537	111.560209152035	105.200765219732	95.33401669059504	77.77058460322654	85.11480867264918	78.58286277999123	97.94115690738087	126.591478748494	91.24146417144246	128.2305043624383	94.06723247751179	105.7446585717517	119.1228045958559	99.95877703586638	72.94059071315957	125.722570760449	108.3594420995763
97.88103355458281	74.64797554472747	73.93977614798558	72.85810253663651	96.59888217015683	79.17914373819626	70.93006260146379	124.9808491983721	105.5810415199127	118.0644415320617	93.51472587608916	111.4641647924412	108.7834904106149	99.76400811566555	95.63625434341985	93.68082564269974	129.735952366169	119.365650992855	113.8429988773436	105.8966162620013	127.497434902976	81.42746916791006	72.41848446409725	119.5352936901309	116.362441759311
87.92577295618966	74.26439007939366	116.8436960043655	125.829692246435	81.14232266054402	96.34155793065815	111.9693701653474	112.792428072568	84.83261817390172	128.9843576380174	71.53210224154704	70.63112540560637	91.74104912680433	76.20649466786294	82.80858870121625	111.3025589903092	92.31020937191437	76.6655316201884	113.903371778781	71.6610729950247	77.95603804062635	85.8187981209756	77.29048972000879	97.316617391078	115.0026971504373
96.17039204542554	90.6676472686605	77.42536679376863	100.4226862170464	119.2824065155899	114.1548800229318	118.6760232536697	101.7558082327974	126.3698415312722	93.28055124107308	86.6672766724533	86.67352942578981	92.91609731532068	126.5306975383965	110.1708926277034	73.31854264165347	109.6935324226845	124.0604602713515	108.5686701528325	119.0014883413153	84.10232588227053	124.7333049305035	107.8659752884256	120.8292849504303	90.96466209638406
83.59852029772017	119.0598594885385	124.728373711966	122.1792518145922	72.8519564280122	112.7684913345526	92.73224227507799	98.45756795280556	126.3041817750752	107.5413911349608	93.19445923535454	94.99342871412082	101.3725646459886	91.01856185942513	109.5072367093078	118.1025894317177	85.82409431969664	126.9567055789261	77.69780549173851	86.60405889756194	74.94635180292654	100.1831779035317	105.9972768743326	128.6909281135455	98.98763813334523
72.09612814398629	125.9089578911596	111.9689114436917	118.7843065788148	86.70513037672329	95.70461275220981	76.24753386942702	96.60915505859512	127.2589953582183	117.7655660665303	84.16360352593082	109.8348476810112	121.8747440188858	111.3111364082985	87.71190999629252	85.2512456502461	72.62050535507647	94.10496040064102	92.90180595624571	123.0167635248908	106.1964088187524	126.5781183704977	85.31333528342088	127.5580191689814	92.10167723916153
96.40965328728112	112.0322004626642	91.93178277742226	94.86152559182504	102.2478730700773	126.4717476728064	110.509347885434	83.77156923009944	127.8846414411957	77.70448243217149	106.590734786723	100.4491740068522	70.26122045158172	102.9569838519965	109.7428918387466	84.61656250100438	95.82125189289241	85.87755389793845	105.9893521172027	103.0105094649834	101.2431001284916	113.4894371574076	123.3058774063229	128.5684374419	124.0735306912861
81.67510338069431	100.2951307319226	90.8751975657738	87.19913557962511	70.73188231536291	90.04940201898685	87.0300539031864	77.10780637160519	93.1899889108206	107.6405177489097	116.0265425278006	74.52551928709481	106.7823266990025	122.7705866833359	73.41541716035317	74.73879881823134	124.3405046640916	100.4296912950909	101.7395676183667	72.61915154767055	102.3136424428729	113.6189892949835	128.1398943408333	72.08554572601554	79.48657810678159
85.26342606008983	95.77628395936632	75.22195669111059	98.58569929348971	85.18809500093391	85.33311588413112	86.05951694293188	89.86514104061395	105.7700568859131	128.4166339167611	91.17993928112298	127.5527009884363	108.7468162703782	117.2239810322248	84.13926619753515	107.1086390672793	94.47613426201124	121.3706096562325	101.4506267232213	103.1842653238452	110.4113497830469	79.95528442544256	124.3384664684574	103.6173820873894	107.0684961358796
71.69376632924005	102.498490323479	125.2430828530022	125.0847585768298	75.22181361948518	96.31704739597666	129.2328600403117	70.40085761563984	82.14239650336064	99.3870594904333	92.23096467310376	74.25667395901776	89.60173226760998	121.8369609297476	101.7195271141634	89.00156703511517	107.1229911650247	128.5525490946113	93.65137629569931	102.8246052204735	86.15157987740447	100.8606334751378	78.07762105106147	75.87958411755962	120.5987079901069
128.5749145132248	113.9762396499121	116.1078410024066	110.0914981963853	120.8158312073477	117.716833397428	75.10799081988262	101.0058906245479	105.3119990929769	122.5471896351154	97.45056403007275	98.23213157443814	117.1670227625401	72.64127046488659	80.87688592607884	122.1432692587244	92.05229729696373	117.0779772248055	106.328630907443	125.1353684028813	89.1759143717784	94.31349488632671	85.17160026073773	76.9700844511962	128.6047729328984
91.01445461336996	112.2219460190937	118.297502639808	116.3750791347641	83.80343130435145	98.13223081709506	114.7155613684971	92.27776271257227	118.9315784250976	108.8414669218383	95.00158936370225	109.8545353232811	88.61666840260671	70.2348537231252	107.5096257049074	84.56693678955051	102.5225296400561	99.6432930840237	120.577387086949	104.7633809158754	103.1863799101242	95.1260907412034	112.7512921995185	97.07413146249716	88.80976094714794
87.92632875969146	108.4820773313232	109.8104919800755	127.2369030715383	92.36606984265953	101.3798783671864	85.03106594749893	118.2483250435338	128.5667152559437	116.5128714546656	92.76426031237915	123.4577375857107	120.4223623631306	114.7302793776362	102.9059609393789	121.6097275049751	109.2050496774183	108.1110347199565	104.9579649851706	120.9036242217288	118.1447168363907	110.8433071211688	80.21805501499355	93.25259430497003	82.43350230170196
112.8196406062182	110.0191742707068	109.1374287720071	124.8885324983875	86.34108615198905	95.65819079884879	103.9550358974174	97.31334938666731	88.25909546542286	79.17930197137281	109.2890023221499	84.05546544085837	79.09984139579745	116.9816800873593	89.31432979152184	125.4419588219913	77.55436485469373	88.01136114557983	104.8857555683615	122.103887380094	81.0769848217216	93.04122415839785	87.59614597698217	79.68395879327181	111.1875136437433
99.79293641775783	118.7869683529207	100.6152003835952	77.79126418730451	104.3432181054405	82.23471270316557	75.61197545419648	113.0538713838417	92.94828715388684	93.243784813864	123.7241005729945	82.04454858358133	97.40098564875981	98.8151764753047	116.7512977384534	93.02364200934566	73.01742647296069	124.2408156371878	76.98280024494851	83.43193310068111	91.28330312929467	92.89354215006981	118.3064900844265	77.70665059208753	89.12693704826694
110.1243276972497	94.92254100258995	112.1312638126609	115.6183088686975	72.30489158990902	70.43579997998556	81.05886044312358	75.40787314413878	114.4016102178108	129.2456406835753	93.03446868178526	100.0801530274975	100.1490241547068	115.9681417103305	80.27170492175166	105.6452891172346	127.1732210448544	105.8837193366002	88.40847060478046	116.9079285956753	70.46798139417794	72.55107659689196	114.3562059401414	82.53958011294651	88.86377013239019
70.00767657304274	117.7812612128608	110.4132920444787	107.4657741075519	73.84813134751579	83.65858605869468	79.19253148378066	78.88709594819065	73.62334857453304	91.38307568655898	88.45641772900147	99.87294789985373	94.86487301028743	84.70161147411019	88.77051789704643	123.7236248414478	89.41726602830113	86.61966917459264	91.69451394721568	123.0892259548881	126.4467339820556	70.29589446373333	127.8447573547744	97.75627094931104	102.5763332932196
72.20672887742764	87.23322398167682	93.31705542958564	92.69349805592094	112.1965890875913	102.0049371484483	120.9388346598453	116.1323956999603	112.4028813377075	111.1769879860337	86.26692720081643	95.6493045384168	123.240811324875	82.05218673384158	124.8463874527025	84.65945729284525	107.1938686992698	102.4384288122898	108.5305511367352	119.4132956002462	103.5101480011668	121.6789772113257	118.6269186747257	129.8018902479997	118.4246806797186
92.99545982290903	128.4546223202028	107.0653407887789	81.70927638377104	100.0630220274736	127.7483252689186	91.72008371385087	106.9734276958998	82.69679945140309	79.72277781950817	122.0100414006108	76.30326398104333	108.9743337029603	115.5596118560213	101.6095077898792	71.00312464559738	86.30969988310498	108.3045808665792	73.90623099921621	98.27976141064272	76.58730295635358	111.5382088236003	80.58365915427801	99.12752596280089	108.9753203412159
128.8889638912157	107.8002787751007	104.4055288062423	128.6041455090945	105.4363655843239	99.33642242908655	117.9056668264901	99.40771833851872	121.8257876639403	87.63969959636859	103.2206064106385	84.18919196726696	95.34244006860715	109.7653197571032	99.25998208078207	114.8493699123631	73.79169878877974	85.10773436575205	84.08194755634233	99.74912509575404	116.5283573721434	108.275511919791	74.89428408697093	90.52686113435249	76.57914643144319
105.7155228611716	75.9375389612127	104.3948226419335	78.11741877945114	115.4512203395489	78.4590283926603	127.100220858314	96.86835930284923	76.63627322588476	74.34311121142474	120.5484455711967	80.998347783049	95.34376752268614	116.2008510744289	78.05177140545507	118.7146668388567	93.22135888843052	122.364937768168	106.6521285287101	124.2997869053253	120.244576334733	129.5519791049514	80.95920107548655	98.7862628645901	83.18273272229233
113.9147898811593	91.05731033959539	124.2250771736219	110.2607010966273	111.4092878332514	117.0291125139243	96.98304293777433	89.49221926147519	74.36444557903178	129.4270635822696	89.49268652017214	118.0054485229604	100.9154792046251	70.95284056905642	70.90389364767358	93.61237472823429	110.4012731948264	81.91186648658196	82.25491989026426	123.9999956788777	77.74543402320182	116.7864205107427	81.22737762521575	108.3792270132846	123.4851552617183
71.02583903296039	98.92282551644098	75.27293545312637	89.70188816389521	123.4180728299368	70.42415985541795	72.47912000937779	108.5922250835829	114.5888970584239	96.39275457302433	126.0438869157209	84.13960455398984	100.4490584486617	117.9525428678315	78.97238971403721	98.11814111740347	98.00650527309736	71.57554165386509	84.58400336175656	75.94417147615155	126.9689155050667	111.3988647075412	123.5566037223546	100.9553423620754	83.00912023356742
82.09388810405717	107.6771214829937	81.65341311436759	76.74889668910068	123.3150944131597	88.83604188569313	84.33182796877395	117.8342865319513	84.75975178160616	81.87831639832612	116.7797002946245	89.9548617391608	76.63612364364691	74.34663918203108	111.6456543091116	78.6698904807599	127.3694393386252	128.8932259192587	99.35964814065505	83.18519969773646	93.24779782682623	104.0425815648828	125.9001515644456	90.38281133256717	103.0011420786303
107.8099110776781	98.40071907347919	88.02414428294512	93.63484012055355	102.7765634655216	99.47595929877622	122.261778936726	88.78149006638243	69.90084466376679	119.6452704022843	97.24160478683322	93.83492705453349	70.5319469869592	109.6927234204436	69.96646846544505	117.4028355219345	115.312230546574	81.51178506542365	106.4207793951714	99.79865488030759	125.7850266049713	121.0443499058393	103.6734657731905	95.57322156336542	86.74425805596177
