1.49254236288723	1.865659577101114	110.4542792643279	79.93627771036148	41.54527424434187	26.0700415217168	0.9657170119652525	63.17559362338996	36.73846389152815	33.69032326978948	69.27096139951814	105.2896745802189	100.8998331582871	67.17317365939067	2.910613834103009	0.1770209355376074	51.90598919314303	81.32603122874244	91.94344037898389	71.24840051013075	0.007053871983777293	43.3346157931847	30.33061746264192	74.80219232516181	2.365458040501335
0.981466891906374	0.4343175874348674	58.93145728882666	103.7716349226808	32.97099486332208	52.79319923959925	1.528342593499633	19.02271072398702	65.73554988590001	32.26479432017024	79.44708106777502	92.68215637829897	87.49598289339428	104.7513865009182	1.17529804959971	0.5520693819223756	31.30715371939178	109.8100406688739	57.54627872939079	35.0363070050772	9.530459723486914	67.81783619824317	13.34736065273547	93.57102801946688	11.84822024738702
1.375491873874045	0.05858845954964267	91.22228104254472	90.24483308990887	64.84744725048967	36.22897351118465	1.481343753022304	47.08325133872651	30.9607949899956	39.71901221634572	76.26997879811984	110.5552907857008	121.3420337195726	95.93518709474486	2.412231383339023	1.052327438360648	40.26750714106912	102.6596317472089	74.68000514269457	58.33254864966688	18.12602779628364	53.58018449628668	39.96470836523583	92.42419786870502	2.523574654208216
17.45485522117808	48.38286601233067	57.76877190484231	39.60698803863736	90.1793908023526	68.69608890731868	8.99005142398628	0.322655896093008	100.5112006537117	90.37296520643477	100.899542203722	92.67506911209531	102.4407139974228	96.60580895766647	38.11326268815957	55.72078881524845	0.6285994488011724	97.30243014801337	0.7538143315637365	2.15857133324899	66.79975030326949	100.1790403937849	0.07043945916834551	112.3995240231689	67.45122225073833
0.1883153436268714	28.00432974522499	70.25370776660367	48.98818175673853	100.929274070302	107.0194975950137	16.70408280825737	8.075113813899069	101.8942943664193	61.7021213629565	90.09521201816997	106.3812177168708	85.11082687699468	78.55448745572853	1.195640095239463	40.51427322077703	1.178791563493691	109.2627476591177	1.109394033207506	2.41451235534293	64.53514686158758	83.71537549250134	1.328903295272793	95.0049495236223	42.87434506715212
44.14673741115602	76.28051438551768	2.983139426180534	8.574336379368773	105.2744677170998	120.6107132926997	34.0210786671634	2.52173786172826	87.72542640594415	95.59498495255899	83.40730268292782	69.62572724386024	72.3848248023709	110.9763257574736	56.35638374365286	48.25530509409529	2.795689862034443	82.3350335752485	1.644880561020752	1.307501462563112	103.812426634706	91.69222902487918	0.0005028156798743354	77.02748033648413	83.45530841079373
0.2096726776579815	26.85897782177314	82.91987647998204	68.99039755330418	76.30216785629744	63.01139943085948	0.8335696135278798	19.70641728853893	56.96293164205635	68.3559272316952	72.96533099057653	97.1989862635204	86.43822341585039	91.99150102081667	2.910568035154493	14.15010191343542	0.8845143891858229	79.52879280483297	47.13406616853221	17.92272573363491	62.5129362842567	103.8922760834959	2.639283539503231	104.9737421052453	31.88607658951116
57.6463094885778	79.05228731157993	2.203050158447755	9.600664058026993	106.8783114443118	88.01533384019433	35.01891919068744	0.8364663346996399	87.47102031677632	80.16962993874266	77.09421752246537	54.93097831230298	76.83871371127276	100.0940023076042	76.65477298666997	62.75494457027408	2.644775080100453	107.119179634807	2.323875276790918	1.410812446333582	75.32043606244306	120.3546323628169	0.1781615112284043	82.14202155926282	76.27141344598968
1.704067073368897	2.353854296568415	80.92596287656335	112.7031147477368	0.1131122985064949	0.3398074860863575	1.53695039047405	93.67544361652791	1.848541103610224	2.3284456984208	63.54046844824502	104.7951137181308	110.7765784996646	53.74095485574883	2.907106449540334	1.577774368435376	74.96428146069717	104.3067556975893	91.88309227925511	79.71370954074996	2.031158778172378	31.54383707017611	93.85855375110496	45.15385865075994	1.239502834460505
21.08456026556522	29.96795979166961	62.55411996191818	80.22990676697323	88.75626361448622	81.24052399170111	1.568588929081393	5.413605782218038	91.10076557847269	97.70344266678958	89.56012495845782	88.23411672083023	75.34472280358668	105.3672423897547	0.4511392016375625	15.17603216667639	0.8569654335878334	77.85041487233485	26.11075137043365	0.7603234805279178	40.11226667630201	75.89246943308788	1.560708813611137	93.71854896355273	59.85733288666236
71.219916481027	75.59632229528177	0.6021212920210595	0.4741986325518519	80.58005241775058	109.7708799371433	74.79318904007198	0.4011932143383091	106.0842629267234	100.5520585004111	93.02422144433839	13.7473536781872	31.68343005331955	87.6777745033007	80.68363253024178	102.3575947899756	1.119538546327651	64.90390962402326	0.0760423758555713	2.449707646877445	76.7198495897026	84.20316384586226	1.048718790243257	65.01207627778268	109.0916767684132
43.70339305965418	31.43662600494748	15.85158147823139	52.77859263820937	106.5751183572035	73.52915851377914	22.90185897678658	2.13683282750031	74.54965122377125	84.80367183650725	95.66706424026088	75.87251996589053	72.34100549053341	93.1746624708374	37.22228503368821	62.74619492461244	0.8135592090193142	88.49785270446937	0.07225764132063509	0.3862284393844883	81.02790013151241	77.83671599510203	2.475887830801151	94.42016387312994	40.89785833485116
29.81404422298898	48.89375692921635	30.96331692397077	63.23529451219338	70.71571254672421	86.53649451487274	47.89979668125436	1.81670737763251	77.38638758261405	109.7538294569026	120.4318211668555	80.3160101853077	61.23875306563964	74.49282151627547	23.93422320759908	42.66712817118986	0.6543280425205644	95.10703842299169	2.581761089657688	2.641433943958548	90.29589921461056	107.3595286999972	1.278961189562443	108.9587741867045	44.86160719987178
61.62779169871231	73.44299579015185	0.8706551855050062	33.30961372732308	120.6100491885228	100.8159412326001	54.37239932376568	1.591367236506636	94.70854754041869	111.6186866270501	106.8529267689943	73.2018055348743	82.85135629253799	103.3817100345621	56.6177735692456	59.43389383135643	0.08498866942009078	71.29551057483772	0.01542254247718169	1.545247886240444	85.22664925237034	116.2062731595622	1.612299744422896	113.8365339300772	70.43914105480636
63.90304949323699	98.80446221358132	1.197408894257884	1.033373482302331	118.1609989855467	98.34580127364865	69.83848827348592	2.527692890643073	91.45302760875155	96.99006559763237	99.5365672141413	62.79174752943368	37.61289572684449	78.15173747013148	66.10615194871959	65.08608643918953	2.235175341893379	81.43697494458274	0.5646000477064104	0.1369360621412372	100.3582905533988	104.4903942438696	1.054184915066322	74.73932330132382	69.12437730640261
1.914290100048757	39.29768402172913	41.39966596508037	88.2214578912248	81.63561959842558	89.60146542377092	10.65068400016324	9.70719067497653	92.68645005708638	65.21210984156701	82.87095112550094	88.1496351762471	108.2946020923819	105.5998987409846	14.83077751089174	8.584966588883304	0.3666639161395198	101.6841208512497	4.897025516035228	3.954659354694659	29.56935495490417	69.91952072193055	0.8697300632510903	109.32365738563	60.40810227330954
82.141283276541	92.25828797259862	2.926777908505983	0.5828530977987851	99.35260418611396	119.8423672530923	85.26763949719316	1.220892219503622	81.16859065883462	93.2697273260701	72.79382437915547	1.269306060682322	1.597056748495665	29.89590933432038	110.0864709661022	113.5205524426162	2.961487477095396	3.126452502420975	2.458120811315255	0.09904101919168286	110.3068830846455	120.370820010705	2.946459275408103	36.9556187569834	116.3296339282518
1.780466896436121	24.33063337377522	48.3821523666077	83.93023668111769	90.19844372297891	76.68601037647386	1.19612474662809	18.11501027097894	61.44824042947695	88.87108583049235	89.66203521087934	72.36694097579307	99.71555368003956	95.13301435791281	7.350486275685839	2.270121860918302	1.068875283621655	102.238699996691	46.96145249608102	10.92579437773138	50.21041795308705	99.87926060995527	6.255890755549778	80.64973213777564	35.1498752997598
27.04537566197466	62.75062573486633	42.86738224340911	33.96516263378086	108.6067919768885	92.17613286136429	11.75678624584483	0.8129712116037493	110.6516537191467	102.1150419596856	91.42153487968663	74.08129978865932	97.71167565624822	108.0257994914356	46.50054168304828	47.62017955571412	2.339938384500825	88.7476331726327	0.3362690885696067	1.242909599005285	48.8558473705687	116.5786292514864	0.4676399671271141	105.1440150424841	74.43442210471156
23.50732894972623	48.31231035222257	40.12108462658509	43.87623178423753	67.81514219409588	90.23305139371018	33.1863250188839	1.826957247097633	110.4096809430353	67.69494305761097	101.6562352802963	70.07491497986524	85.20041471892584	99.66184231823499	31.853664236269	24.10526577251695	2.325054050170721	105.1379934525943	0.9260336225920014	1.515779567960946	51.02512386689052	80.50975530379495	0.4411629409504065	95.47338013138068	70.66449233042951
2.929935914111565	48.61947972683839	30.56818919838513	54.63695069617609	97.87014031121925	94.41036291548765	18.26832943889793	0.144146417791724	89.23230106844724	85.21394176436728	118.7778059081653	82.65213980318954	90.94603946971388	98.53830286672007	17.65007874086169	1.519709615616708	0.01441521456555064	106.4926964803982	37.51553389695261	0.3702588975795404	56.55194955922798	79.52330833220508	1.780281497154729	99.84259691942771	19.42180605582033
35.36209490198372	46.12558785279828	20.81166744857889	57.73419179674231	110.0423213897787	108.4568518429851	27.12211808211295	1.917022987022082	91.92345372675901	76.79829985371708	111.0475524169715	61.6553317079952	100.794552986706	109.2480670175464	15.27094984685085	48.99970112032894	1.038263465977634	106.4859260891704	0.5678293060776476	2.169069065071727	65.45779194980783	99.4551017439218	2.086208160497874	95.77109629979887	65.72137707640917
1.545785936383864	1.591321645765337	70.86119910862746	84.64263118205554	69.16034089360741	57.01514721535011	1.920587526272624	47.1934901051826	51.11607180226017	51.81265847513271	79.74121438953796	93.36192241903487	94.12338051250158	74.0529840242247	1.556580039565098	2.3014648411795	26.34395956891493	103.1971254461061	61.21612148848581	46.50339406642181	28.79531763222808	55.06050922606121	30.570204252935	97.05409269635881	1.574731380036976
49.69112445246199	55.56973274237062	8.623765026553656	36.18385546808476	98.64606157989974	103.0815064359723	47.36377604298212	2.724852105939371	90.33690734772372	69.73014937615289	82.78398716125558	70.09089019215345	77.20532909634601	112.5914319943848	25.09759650632601	34.89551787656492	2.236894654045581	83.59760705111078	1.571825333097414	2.071828189012941	68.32446597936459	108.3181077656869	0.1112142917250083	91.3929833088829	49.74735572431433
57.16212289298295	74.16461030844917	0.008935802947089198	0.382664390021586	85.47354348437993	105.8538842824892	91.48942186209629	2.437764092598584	97.66712137057553	78.49994726812264	90.96333905643377	36.25768412725856	39.58911879361718	50.22127603309524	86.0482288434533	104.8006804623058	2.912457107832453	43.39525680025632	0.5267428810011903	0.617231156172493	89.27982449825855	75.53105603350667	0.1815665207694459	58.99334400734949	105.8917416552877
2.561643542044034	1.495857838371772	59.05011104289005	83.11154800938441	75.8466853421759	76.75643109905661	2.575857279566659	24.30054286360161	48.91226839949422	62.32955639071407	87.54850860539986	83.92117931484518	95.01356558456111	92.52235305463762	0.5375550949934373	0.3920647480616475	29.87700067429891	107.8737634869761	50.17540920256315	51.83860740344829	34.78005391451701	72.79820812339669	38.92826118111469	80.01028578833358	2.8506344471555
1.527349631006444	0.7248377954795444	76.17594703314363	99.2832681442755	93.51981342277455	82.20388164100693	1.430829046601412	24.35029536657046	81.45867368414662	85.20380467429331	98.09525459745808	96.14286576681815	114.4169379152677	87.82135490365303	0.730381096971995	6.470842107273857	2.338311622926287	78.10243163736797	33.03305764929706	0.6478929885936573	61.33246242851996	86.95538642710116	1.740907368982541	92.75647510684868	18.56309670568379
0.808850726130997	0.0383043422613624	65.08628483155745	107.2061923374243	65.95501493063442	45.23206406364474	0.6403812725488154	51.6150862734832	54.83331107848332	24.22154657458106	99.11363998903666	113.7422969171423	82.7089773786988	100.352472768537	1.310608376034515	0.3641487496272396	1.2018100093943	79.57972551455457	38.51777090241073	18.26031121117971	21.36973507963444	60.78799232250567	35.8111613186167	104.9731714732485	0.2423352662514442
0.459893375334839	1.158364811165815	53.53786693049716	87.7707815963125	41.70328414602197	49.82866688502065	0.04867655838589993	27.8928239419345	63.91742185483514	71.835966316525	84.29289388964517	89.71472108447074	83.31123509338022	93.36787178157255	1.205800979962003	0.7787537245295082	0.2714224346456934	102.3768324098847	42.75671468828733	51.34368561274334	18.50787325951744	96.33606862939358	32.06722380953335	83.90075204862075	29.67816430386659
76.2323207084045	88.13451986989615	1.291712561426143	1.220502678459069	86.64091321888924	94.39547944210945	74.31548681044126	0.1581038541135393	87.30925551299613	80.42856296496169	106.2076788683638	28.09172150517047	21.00598258010555	78.45868201718258	69.80275052725486	96.40113072685526	2.104601753828234	37.20068834187207	0.9441827770662092	0.3754406750754519	114.6383789549298	116.5025819312243	1.849129596882119	59.02911745441553	110.271020656803
84.95136658201633	109.3325593938403	2.410450322400352	1.937625583137033	75.21830555251366	106.2559236359827	74.08111849029213	0.05243550381195841	75.73732240801407	97.52406080029502	74.88056282480683	7.270656976847221	29.01051356315845	59.76527023959326	96.79639449910597	90.71440617095129	2.816709082183891	29.37939787722024	2.613578914797153	2.677914330257185	94.44137661012755	108.7558477488131	1.288493844441922	52.41697098690466	77.84060868408397
119.761058969318	79.96654567771697	1.054966705969043	2.53995617696225	51.09720616640735	93.69274182345615	87.17798504393207	1.603755095562307	83.16076212558443	108.8481372402103	73.69748874385084	1.984980977620143	0.3252727629189757	1.403657783830885	101.2438045412735	77.30692786387064	1.485330418141712	1.277038126381353	2.420974413360887	1.353333316820453	86.10621548252048	94.78208674455702	1.037299857088619	6.22801151394313	92.00977304660088
100.7257991172107	79.22544959521531	2.234879162598525	0.536515758681696	38.32520463187404	68.40111978466274	104.165792509694	1.46668775847421	74.86886718579888	62.83177052909065	19.96358669925928	0.8661667821965908	0.399402487437217	0.1541960126865107	92.80275712194387	115.6592659867279	1.376974457958318	1.321566441655151	1.032403090171746	1.50811246108396	89.75040433256073	84.81901251900544	0.005012936643528665	0.5415114911258603	89.55020215973835
64.51900900297971	91.17095264965236	0.05972464284852233	2.919746723654648	105.2630393381502	109.0256270122196	74.57171590594712	0.9548726924166364	94.66719964789175	83.22087875090463	111.1323213717337	37.40745801774104	66.96069672071259	85.39775722383331	81.24398130701846	102.4104742056485	0.8156352149461474	50.3824470233545	2.240598627776933	0.3260876493350104	109.7879420255856	117.2600623078359	1.152530578905513	102.8943827061158	90.23202208516481
19.39595404840593	66.46488741924738	26.57287875117632	38.06150290330365	96.78596369763994	75.73545152647056	61.38318536915963	1.349605798402058	112.9351453097337	76.30509208022347	88.53880075818707	88.1613963549127	83.18054251954518	109.3290511383935	63.03575768765475	66.70620714033677	2.177978120651789	103.5904303926128	2.84157208308469	0.798730943983575	81.35896807721235	115.2702188209302	0.8034983871729	77.26123454433753	83.82865252601511
0.52027177166668	20.42378344164682	46.03027859639566	57.1988570672313	63.57501336072927	66.60224381633013	0.7932571791872027	2.87714491485774	75.46423823879191	67.08716573186616	79.31950991237092	85.46873780252484	92.09717466383279	118.9619739597448	1.960260424242181	12.59248013274954	1.135546545114299	83.97832364242593	39.80265098965202	2.847284461258465	63.34419576391259	87.06108862955199	0.464691651009879	119.144581736606	9.336149604016665
111.094814335469	101.583781129794	2.655889877611664	0.9775090892022529	82.6995247381322	62.53149683494691	88.0496199290545	0.01997484330484158	58.63991188180889	83.55752502480831	76.8730612772448	2.045587848509755	1.855778816322665	0.1637268893501302	104.1591169829641	79.31281136962022	2.466089590786699	2.296681344585218	2.113999301994253	0.5141076832588747	118.8595792146014	81.57534665754986	0.9457283504312965	6.822882311346717	92.03636633380226
52.05022929856801	70.4129978269318	0.08786858754677621	14.43540810947863	106.335916320851	78.55780192177893	66.52925407300864	2.99529204310504	102.7093199548918	108.144913425717	80.23951419024907	55.37317504844195	32.65333715989517	98.15124456133412	68.87208271942056	61.95325005692268	2.86955426818359	76.03902279202806	2.413107235246107	2.717156095349226	101.6212897208225	95.80580255640777	0.5408494267313584	91.07696305323755	108.4388368506853
39.47325518160942	88.7578774643122	0.6276284090689543	41.1868914064202	117.7566119376539	103.8169874818423	52.11017408440293	0.8636383769736886	84.84830639253421	115.7092327064625	108.0599699151134	46.15508366557907	78.61383842316684	88.34593253295955	74.27996727695748	47.58256765892108	0.1077166034928109	65.16082625364332	1.574092923966567	2.259938435640325	88.64721687047611	99.57502265582221	1.810141597275328	76.35155739077084	70.8191926817716
84.57118365344144	118.0377961826829	1.703755517707471	2.802476970018449	60.99711161477114	95.3257679660712	109.8122673798633	1.052872802611802	63.26417323668957	104.951635592749	36.32358011768167	2.875289314786257	1.003156504606817	1.473630015554475	89.75554689295723	121.6032055710985	0.2669170414629535	1.525896051530345	0.7497666930817941	2.963192041233867	86.70675998863022	77.17617702219273	0.3878261679782407	0.6506489184826625	79.09439252866878
92.65030402140084	108.1687040541285	0.1660573095754344	1.361123042627699	69.61968934571051	76.56408625826204	88.04053876619869	0.3861376426514398	89.47335273388883	93.25670771432689	67.59111163898143	1.689836048764563	0.439828231920032	45.85757049506404	113.9295048309341	100.0278729503997	1.102342636971705	2.245071390668432	2.383262070954821	0.6591370282329376	101.8495329222179	78.7193575184621	2.982074514586762	39.93649133510515	100.217200627747
46.30062845216064	97.71189833726856	3.047503916548749	29.85259027513118	92.24364624132674	80.01376155092296	50.56829708103731	1.031318283923163	85.74496083555842	119.953652417097	117.224314113385	72.42540742855221	85.11667391556878	73.13598089641273	54.48950163878337	71.54328096722236	2.426642572155469	71.91907333039421	2.042893938160582	1.59164566034322	91.07165329005838	104.2936087824708	2.404158826611503	86.45992741104833	96.07060950253725
89.17303759576714	75.74360973512056	2.709035792843289	2.717162055948778	91.60288375063982	83.71185622448138	102.0517399291925	1.284581476711426	121.1324319741289	83.15192680529879	79.78221254665365	24.41765541740787	45.70718787133293	64.37888880464401	101.2179963091136	90.99100399653307	0.9440755162910601	48.633363715744	1.929862499757153	2.778183535083512	99.04624187339172	106.7869425864577	0.9163316218531719	71.04532674973294	84.24606655045935
118.3703618964091	91.70099675315181	0.2439623518204763	0.4213232577582937	89.07512770285703	107.4730766854511	96.8950670281853	1.172203377029729	109.6330675035242	108.1726727088069	72.49793525613188	0.3686385204789474	2.404639962896296	43.05997754250087	117.9028544957874	109.2987791973842	2.989665176219485	24.26899647539516	0.003555843577701135	2.480691529886112	106.4353686042361	87.20192731882808	0.8046556917364693	63.52946063778475	88.23199525844481
58.15564845992412	65.5250772593526	3.379091546472278	8.633428151806953	92.13095021792394	114.3792413635683	39.15859139171721	0.1126877318553552	75.84231369034354	89.86262700105485	99.84965736755039	75.72251766034448	60.35974226831358	88.66040677492343	33.73183333754103	72.09313501911606	1.190476605873419	76.51323575075398	1.556933638207144	1.405799150398199	81.27736865895773	113.7249872538199	1.503977059862535	113.7094273817107	73.60783669747899
58.87618514951815	46.74046761745396	2.730986350943913	2.781717763407949	0.2587773473486366	8.508269590280342	70.27017453022975	0.3344684859458064	1.600370578327655	20.32979350139	0.4757929900965763	1.043274666850342	0.5420165030014665	2.416897772135457	48.83238188239679	58.63103904397795	2.454519163401849	2.552050477851123	2.139240521361999	2.963812637240557	42.08023141780421	26.68337236295461	2.216303272367457	0.4035800861817876	79.22558753646365
92.43484208562637	83.32341334608482	2.476441943636919	2.549823747796979	83.36924645128748	108.3435887177683	90.00128364699547	2.03002964033012	110.0130453079621	106.8015702872337	92.50153212587722	2.001007784411551	2.825851486790848	39.10694652905095	105.320748474959	106.9896485226521	2.162143864696429	46.87068801253606	0.3858388719459201	2.770305152148739	87.70152875798658	103.6725586833866	0.1896332990776375	57.85062474153584	93.25778894036026
84.62070287367942	57.71470255781112	2.354283283487191	0.5001691305019129	1.707779599680256	9.552133191595829	86.44336156557927	0.4544296297761047	0.2619477440971174	44.39556822761145	2.337276848550358	1.931949202114047	0.02225320484446516	0.8592671955715214	78.5542166872217	81.06784263961798	1.83055853692298	1.00295599232817	0.2469845222446122	1.730207761147424	67.57470538140822	18.03350180743903	0.254676823889099	0.2297838517549	93.94603378406133
75.55717274816152	62.88699493689552	0.01480132659426394	2.991807891071778	2.553540225425985	0.01552438846423223	66.99639370153484	0.875576564423364	1.335866632512728	8.122560572362346	2.915915698348513	1.219015486904158	1.056719620176815	2.842561656292596	46.75724285116934	91.18102598030458	0.2138765718526661	1.358542559236485	0.6408515013765217	2.327247267374272	52.17583989668455	26.64450515404356	0.3250249218211624	0.4386356153672855	68.32202544454793
64.31897306351394	111.0572613887445	0.2489103785198159	2.21112078086341	94.805468991363	98.54108295375184	111.6876696352692	1.738943671547974	100.7559400472201	90.17380330212514	98.12987547411555	2.69124226302331	23.39980314294991	71.6383746672152	88.86836557096922	88.15429989119659	0.6073256562948053	21.98290614330217	2.403348941104131	1.245918626926494	106.4030905573404	76.21370151742138	0.1828102521767861	49.5452029174017	112.6386754963984
