46.3799374185482	91.60186821953937	89.75815491971082	83.87527078618881	71.36957384109809	122.8485060085713	53.20050375524247	97.22752513564265	64.09950698524409	62.985458650691	84.9600885685263	86.09793438577385	85.32813988523245	122.626011806948	55.66295490116367	77.25988801192165	110.7615824619467	102.8960558567723	100.8291913955532	60.26469601465882	102.9940425546163	70.33273822501414	62.21655857777077	84.44747512035181	92.48989941482264
61.22829568274919	94.17324619293595	94.27817612884456	84.15245119124101	113.8092109626281	65.44982629980223	52.43682021765764	78.87946334897029	89.05892175111083	67.19594068710684	125.6617759706727	118.9603938113673	109.6302745594111	109.5299540643304	95.1950039098702	72.20806101159326	97.75540719668973	73.18004277885846	73.22735326703176	86.79509679300142	69.71125192548944	77.20290441041605	107.8696054125637	90.59136007816423	89.93885016926416
67.64809989191552	54.71025384724972	99.87636656833899	85.03447832264077	83.97491791660309	97.23507091835691	44.89433308985787	75.88271671232835	64.1386119413711	77.61299180627663	72.68196543733968	121.9360473102483	84.28277847525278	82.12151366017096	22.55102541368857	50.29703934124755	120.4082878319804	103.0882679070146	98.8668326601277	128.2539268804699	78.53438274524338	78.2322948149359	118.7220856394814	113.2616162733208	88.76317178405995
66.67326818327187	68.09600989625577	98.97117032205728	113.1232338005946	87.44945512603476	52.44758935562027	45.13432339592187	76.73573859739081	64.62816540100206	66.95768903643554	74.03657593144356	103.6567755211906	105.3328801302531	63.65370189240014	16.36790834708368	38.23590164690015	71.57705404461328	82.49153381154592	93.52459400904679	80.0379159258418	66.80071539946577	96.23235192883649	106.8505311051173	81.09592961948019	32.72325468471515
103.607141032695	64.10657936935006	113.6683830006674	76.76607226262293	109.5765152088331	98.37136721756127	103.1425460585432	69.26608523544128	97.02651772222811	106.863540155042	116.5984021140856	108.0056622982422	92.56789180825139	115.179849444463	91.34082810033371	65.37557710089476	75.97888854476317	84.64660043196899	77.99395123773724	91.81055515262622	76.95301925752896	98.80367780965597	71.51544704202846	107.8661601404118	84.85171450660303
48.58799067284448	91.28817269192399	81.33713074384718	88.30356660721209	97.22175375437369	110.2850361479109	42.73884960184085	86.46983914335138	117.0218121131379	93.92200135746862	70.75564379048204	85.63665969290442	106.4426169081716	125.1627459431347	48.67039415110646	95.06516964028859	93.33519021905954	118.288418206849	74.86565089680845	109.0280395555937	96.40765627357737	120.9900628631833	64.70509678616145	114.6559384080612	60.73442864266025
54.37272449342994	77.62489631168481	74.78010315505333	111.9391769090075	110.7718823694708	106.4114630946	83.17570010110187	74.51033043156333	111.3407985153378	89.67427261538313	101.4644286950411	94.94950456197051	103.6664993355714	94.7346427116187	92.53407602031278	80.53154325251275	60.54105374758683	72.19470134774932	112.2265486918769	73.62594969410767	91.96418995911424	87.74317463111626	94.47457682584819	90.69991585679746	99.00784479770854
104.1168529454143	66.19884932985755	79.13477384767731	84.75985473140062	116.3537522050397	88.95428462527592	84.13775849364268	80.59722301566495	87.56974298277552	70.72886547487134	89.17028703588721	70.245723209076	73.39792584343552	102.3000451565397	90.53773918915567	110.3151854404953	70.88586215881936	103.7368750494541	105.6533483747981	101.9023752595199	73.78122804259505	126.5564130127077	80.49231259506038	122.1635338327927	112.8061247789211
90.30079372049565	118.1264503390722	78.56771037125388	66.7630012651923	81.50739437590705	98.94166796608016	85.62771437396455	68.16643934274742	74.35869041692604	102.2272652726075	117.7321584627043	109.19119360279	87.60733036781642	105.6328043655701	103.2539858056217	103.4477897718196	51.45627132471917	117.3030561237169	59.43827014079125	60.85750505952072	113.1129800755205	102.3407297618117	73.97406270899053	110.6167017134202	110.595811633314
52.38593824331713	104.8053175174299	70.8273061102757	126.9738403028829	107.1386866735848	87.0964099823881	85.54019825915097	88.46871697494582	72.79625561200113	98.20076414758273	82.53447869497569	118.0846649164162	70.64702856477396	84.42097319037509	81.80745746782597	48.1324679300825	75.4110509451327	120.7961665861165	119.9068319625837	106.2425605289637	107.8957048895012	120.2959776496947	120.6858846984852	78.22446708582126	54.56092525525226
97.63944460014586	75.04205216352656	112.8798759591077	68.89335961644312	101.5824472478648	93.63549844293911	92.95198581173912	92.66611250387399	97.1144437184265	123.5308845396904	73.82297900710914	85.45274215931691	77.67925593115768	113.668175533772	73.7826107763342	114.4584908858641	73.78034179537514	91.3590994842031	94.56302165993085	55.84608962556035	122.8265270787181	73.35787901310727	95.36117420677097	94.1063262562492	95.33068463196867
93.52342976475404	120.573670724959	63.86232198304135	101.1123472797659	81.59649024111046	116.1291299119227	82.95145863695265	67.70973249087383	114.3525423039489	103.0205452530701	129.8151035344873	103.107129129002	108.2316822546714	116.0359252929356	79.74170017045087	98.58266749310289	99.0160420927015	78.08092438472144	87.0817503922128	103.5904174178357	105.1229317445773	125.4500750734958	49.46463627790718	117.9926733726313	91.91567168726007
46.54173028559484	105.3415172784532	69.14883040804995	117.0157731958965	96.28471110217792	88.50259690336834	51.06591484799679	84.24634202424407	93.96183543439707	120.8772309263394	103.0306564138588	118.3058845363096	118.8654561068737	108.9073450853383	52.23322915861843	52.09636888664487	100.1260273583956	127.1789238175143	98.36741679240521	95.79578395167943	57.58573602869193	89.40968645897024	81.26035573536542	90.02134019526591	95.64954157171661
65.50320743553988	93.95372018195715	90.81295001480868	81.98111718588837	101.4822894570965	79.93195250695645	65.62242345522453	96.95760799600882	90.34303759883849	83.37227265024913	126.9271898948161	96.30170205168055	103.7089299962378	125.5818792492619	73.29577280822178	62.12402497153128	71.73658450517249	115.1342249211217	84.2493726424245	86.01831437423917	102.5389948687438	74.38613600087767	79.3499803529533	83.28896513378196	81.21239033950441
102.3821686422605	83.74088953942422	61.85813640377509	89.40395679964895	99.45635376421808	119.6969801394039	100.4895935506815	61.07518130313653	93.6111182146432	92.391117398747	83.22035141197792	108.5286979729602	97.19392280022954	124.4657114935496	73.66345540294043	65.98975778123508	35.4438121825965	86.23723581474043	93.3254866343775	73.28330334787086	88.51275740459076	127.6081731710816	71.01590720996603	128.2190652209354	72.20103717168432
67.64494628801809	109.818449955777	80.59181191879999	65.58666277294111	123.0500136194379	88.46422964521992	114.9576625449237	53.51262537962077	97.08282853375879	77.99381937072168	127.3415296307584	103.1681585120988	90.64473117024748	98.55861284341313	101.5879072650622	81.08398204308742	96.83184705653255	97.87007761791565	78.69482525243103	89.40622751994611	122.0332944486435	71.37012823400222	86.95508278180837	117.1207779937708	111.8766462130631
78.58685467862625	106.5664386632481	95.34387220183601	117.6424562950344	124.7061634607692	83.05124543112947	103.1793785535891	71.94279097178401	73.81203151722914	74.62735732154988	108.628329598056	108.5089273038026	71.36093398074219	81.7085925801149	81.40645782354358	99.7143113467676	57.92009529146522	90.61753407924307	86.58927262518088	55.96108736618453	82.62673615938799	107.3381942077566	91.07839424590397	109.8808904646333	124.9768152914758
116.7702281384241	107.3674402187438	94.60679007667264	80.06409367459266	107.1291286848756	80.29844593625384	70.58112751947712	68.95536178470581	121.484322164058	105.7440054340456	87.36164515561522	75.72719381775089	77.72024098484823	121.449293747846	83.75031116860085	83.43479355992504	65.8511674605499	116.112827818211	73.80429227197899	51.40910420963633	90.45805756104923	77.51438217993356	81.29231467980092	90.43441013222485	121.8299463858691
83.3865209523946	93.54460453753293	94.85104119746291	117.7467178433575	78.73428385446591	116.4208812995001	82.46299445081748	87.70616689697913	107.4159244978336	93.25666390905116	117.2051162855084	92.27050476048819	77.69550340000045	110.3217461162727	116.5159437500708	111.6694221476548	93.01582620102425	106.8734377953802	50.35525330396756	68.12876376221095	70.14085915890873	103.2258137240628	85.83682882739983	123.8792449840634	91.84947244673862
79.81399870491565	111.3095862046294	97.94942836476477	90.00818659742453	71.15958805178022	82.03504288518205	83.34737508673663	43.47010321890167	100.9155065205545	70.87317814638709	85.15276441270065	94.11679695039123	80.89385670140588	84.76107859988252	115.7492518603443	123.571339592503	92.60865814552804	102.0415633797111	92.47887021026048	90.1265335013404	96.37496061519909	107.7430176887889	73.38001755564784	73.1608292696482	73.7015074953526
72.08448566337056	79.13435611050872	117.920441056039	70.07703442800205	64.38160423763787	120.8506848507112	70.41316679656923	113.7250524000873	65.12798064778468	116.780360847469	118.142545811965	89.89971570635738	101.1920898823807	127.8151896748486	50.31469053643634	106.0027405847399	76.21452124344995	126.706818516521	100.3989483715034	89.70223614181185	82.03189659241977	114.4960047041307	105.4769304716459	109.8534495557501	111.5024760949952
94.26980051197518	87.36128529335927	110.4837914006224	97.58330687657977	117.8008056088045	122.8175053554034	99.84436572278327	89.92320228496614	78.26166794121744	89.05553805027834	126.2505900893527	98.77534845052736	116.1553673122415	100.5645684484738	77.22968905700534	93.68994057139756	94.71092880579732	102.0669398361745	103.3249025452795	47.09528164274201	88.91169447116951	77.13449984893063	56.33979317834915	119.8355309274045	106.8071226831646
46.58006373137725	73.99087741979554	92.14978188787131	97.99329693588683	59.22020321093257	76.11916375192408	53.11431932921023	100.551800630423	115.5280759871184	100.0158433174496	117.3071141047778	106.2817108543124	117.0784466538646	99.51075329733317	88.14507465589	57.17909527744726	69.72878150542317	113.6811229081199	86.47652534152223	120.3062928369921	63.77356629346727	77.96789048950289	75.90580121695361	86.50961132395312	63.11202195702332
76.83574080395185	63.47978985420831	89.08976477273126	75.74145804067302	69.92055891965803	95.2052999410155	79.64143742803182	83.66902042451881	115.8889943898162	71.59539032597007	96.75782095043103	74.24928835673397	101.8858168985226	118.370936382884	76.72037571352391	77.32838895263816	54.78134972580285	96.16462127410576	78.66573992608795	71.26459574856037	104.9541341739386	79.01704365627444	107.8487665408549	114.2818358934946	68.17407001637025
112.8878102383667	80.73466682226071	80.25238944535018	113.680899435246	88.5882398578145	105.0476950954569	98.92152490395961	81.4820389149598	120.3542382820742	80.05754501057254	85.1024041428207	96.85872850247502	106.2211077318507	88.09536966680744	88.11433545105474	116.0456782180766	70.2816163166129	109.082814100822	95.92006685602578	94.1752345583111	69.49233291781952	99.1872897332928	54.57459172105946	115.7013812685687	95.17463012519531
54.56016583694237	84.69625850109796	82.12618041231136	95.54355955488069	114.4045773121347	70.83950125272375	53.64775028467193	72.85222851565445	75.98304629670739	100.169742369377	100.3811036089876	118.8801905584839	124.1383288722435	102.6663747425598	73.01395743440312	110.4767949646072	110.309525058826	106.6700981650228	113.525020397919	90.93585856971814	64.68644349881508	89.05461046388828	79.31469895329653	71.94520572959499	98.85302057400293
87.34008281970995	83.41351137606108	103.5852003484699	91.1560004002847	103.8003119798116	80.0324809168545	54.56528256504262	109.3751730874059	71.31656035093167	83.76625125927012	79.98434990258846	105.8062752068538	99.91196522015724	76.48806821543812	52.68276478626318	82.74067289853141	102.052123868226	85.70484725197156	67.9523509446358	70.53021265893686	93.30721642383007	70.19726441824081	105.7817705073023	88.98961912770633	88.52314070037268
68.6694478840833	104.6686093072663	68.5220984698536	95.88680130109468	99.09966290200481	116.5447391036898	85.74566671284759	117.4282355628307	105.9128135845286	95.53535648838675	124.1473726671182	72.38362189337268	115.5452358266031	125.127920936747	95.48840792687324	58.39523485066546	80.1138947270496	78.51100490346035	68.32944938776254	74.21784351574692	100.212898308322	91.45090936655932	85.67971753032276	100.2108390109663	72.40986680430167
119.0835766781067	87.70593349657247	60.53028717324588	87.22614024274154	103.1480420275564	79.33335411031156	103.7820753882226	56.84254868183885	126.3081378226918	103.617241291681	121.0062933743336	81.47494560221526	105.212088541011	76.07749741543667	77.43030461733389	112.4256005766447	64.42978130476095	107.6463906093226	80.17395386972538	68.65435222170169	123.3945533786325	86.14731848906152	43.84763292164172	106.8790509166354	74.73751198317125
76.05218224542411	119.4349301758616	64.37706635086283	87.59662776190112	112.459303168446	91.80988238107349	79.06185918966247	13.16919465761912	92.33648980639134	124.4864341491802	76.02055902642432	86.46189315230268	85.34393265925686	56.04002152493396	82.89216846656053	103.7045173824283	21.4453580096876	105.3943566551499	24.89206699307146	28.0499376711597	77.15919004806753	99.33760482657038	53.77255997143817	99.12326770068142	125.613888406542
95.61765896045999	90.42547776278445	36.02949872498183	20.60002668988993	67.19122434772225	87.49165162444807	125.0236137145421	31.262946870877	66.29184043118009	82.39906263054658	85.4822224566305	52.31695571279717	69.46101881073341	53.69126911174081	88.62766788788653	76.68627112019965	37.64163633250928	95.05506606921654	48.91123616373764	0.5783726710628438	108.566197861037	73.12786908140318	41.10833086752076	106.789633844062	124.1277287264632
84.70227820240981	104.801577150358	79.72264671103439	97.52885499589192	97.72105695932662	128.7688978484591	118.6106381554405	55.71825481674524	80.90948669764978	78.13662939509783	124.2020707388239	79.73606566506817	65.59271488589033	90.11804401137057	91.89641482995972	69.28345596881131	65.21077018338275	98.21007881009842	101.8011107625919	79.65554620441856	73.66740714889224	105.6658740247541	78.50404523962035	104.2985573697261	78.35113603956646
108.9673139355862	111.1001955940333	61.54555272025335	71.35026784712923	84.35359274011448	94.36491220853203	77.32896594586188	62.30888379926147	73.25747325958386	117.6479108350749	110.8516810630444	92.6851757037594	104.1081773593218	113.217988109975	76.81296109239074	77.70917594190448	102.773498182126	117.4582114604044	62.47481965211087	57.15124842683525	73.06754387624827	101.3392733098356	76.32752719196077	108.7327849084305	103.8458069932796
107.5371901392576	104.718476001345	60.14653460821525	87.15603046644515	93.06264081977373	109.8805267278967	106.742563862343	46.12238260281123	89.50378498306667	111.0878265743053	73.20642399544725	45.5121620425415	67.71340218785286	91.10103509209898	121.5092260902669	74.9010183883677	55.62221498711649	70.85092245324606	40.06441739580956	41.45519272607646	82.7499861041028	88.21721588992474	11.81561884132562	62.4938039973962	104.7231611225491
61.30255342224628	87.79480419145779	97.58036007978355	64.54603520623608	69.41586502874334	86.09383220542344	94.40337712164387	84.31166708478437	69.29922719686004	119.9035592629067	73.26184153924179	104.0218504508804	81.44342346373466	115.6134999161879	82.26197340640286	109.4364992492518	48.68970366731959	110.5009269610301	85.7694889208239	96.16622185094084	110.384313717671	104.160366450066	57.0773522883151	88.35018831505056	80.98983755929881
86.18333795520999	79.86585992015472	66.19533959782758	86.26723292925871	114.3074907439956	122.0113996095598	98.35877321079289	38.40470403156162	89.0751873438987	127.2006739398418	115.9515726372026	103.5893244933557	74.24328058991215	86.56534870067014	95.98732311520661	96.96463271332161	84.30846649697216	116.3665357606425	59.90626146896844	85.40570443751139	84.01865995082441	70.811887286642	56.52497994951828	123.8772025259896	83.36635690647024
93.74728464451266	80.82111085815275	84.25200214068536	61.91885896975992	80.53446265826949	102.7639319729967	79.54236581985928	74.45414660869915	92.15078650086352	77.64511746329168	88.64587969794356	73.73041116935714	101.7791424414608	97.51087353313874	108.625993391666	107.0965022936354	73.88276240256118	89.69707852137662	50.72619488447745	49.31726157268818	117.003771559691	124.9126376246948	61.13569612632472	82.78365655424764	86.38679917881687
72.75561661870988	112.1504648583239	44.77153489193749	67.364652695796	79.25125000569393	113.4372213885896	73.39462577467253	48.88024663680102	81.49683983053033	76.49516109565749	106.0512672993842	74.0598723257873	65.70914030141677	102.6012900766124	99.31396882655602	112.6994676855339	19.44336392635765	95.98633674123138	74.07498391866912	17.19804770745905	102.0225135742179	121.2556235042264	28.94434201714004	115.5392026385491	123.180358687172
90.99552648341391	105.2190448035215	95.36837678339842	76.59650536242702	105.726857454247	114.4947202069603	84.95609327284461	63.32601303229873	105.910307542863	103.2311976801863	102.4309797241322	99.61623228423585	114.2545011917318	116.5104978405075	116.70158057805	114.6175417656784	35.63060369010961	116.4206722419884	67.30363457430207	37.0590538554605	82.46986566994055	85.08670136884945	25.04551556724797	69.63533691527579	95.02972264500758
76.52958445039502	118.2314187344345	59.41957765506692	88.35189065543251	115.9300470325938	75.9874112025031	97.5325662935678	52.75137222268701	85.3522053182741	91.04764779282996	83.03563648515316	49.43600641779896	104.1346720848817	71.53913853357354	72.9955843933962	102.4447395855931	39.1616331301381	103.6935571521154	58.93259552898112	61.31342639389229	126.8551078953687	95.09850824753816	19.22919812940182	106.8685679796356	108.8700384268362
112.6319759726954	112.750831341522	76.17670808630081	60.1736688476077	118.6063197963753	76.84538882779015	93.5629412405446	63.33325806859133	115.7499652145311	99.69527808207522	100.6602205231615	64.51104272158024	111.2279208498103	97.82549662076789	125.2294040055221	109.222250127582	57.29463836458171	106.2548973186907	86.70041092421161	38.16645874083935	127.6248920636128	71.50749876178038	69.57322244540838	83.38465951843474	75.50122087638539
73.11782197436209	85.41139667232791	17.68736223062889	6.086465502804252	57.37530310563928	73.52782888387736	78.8392383643767	13.62169102459716	108.4680957469745	116.9836969577999	56.68928360278211	66.26098517575235	76.94181404263479	41.79518690445467	116.3037688068326	114.9198338466382	1.110666605513631	84.48690019636103	9.409651365158197	2.072024367992169	92.12462371709272	119.16134170086	11.50808210164929	72.58681543221925	95.98733243491735
73.5100954278743	97.6791106079971	72.70260565695989	78.55592883948343	102.5604577928315	106.8805215205874	108.0641338269308	60.37833227681418	71.15468886264431	75.83490634805247	86.36887920861187	84.26235277226286	93.96850915514338	61.72953445593247	103.0752614957147	116.9264613806056	39.22950667444	86.32847729026149	54.72323218444197	56.34153592703832	100.4127671618479	103.078113883709	42.95251330946616	122.81715435456	89.32749227852538
85.19659250854872	118.5983202841769	85.03455394311123	86.84328467961782	107.7467571051392	126.7214724006266	83.7728861752302	24.22922920615633	121.4063701103532	81.15789387263541	111.9294408897791	90.82857127163727	89.09278302554114	105.0806969687024	80.9495141535369	76.08385094978058	30.83507705381268	107.5716357918769	69.7064028364408	66.4872934758782	116.6127604871943	116.5265658572738	40.24629867277974	113.665983554703	77.29600960111972
115.4414077801655	94.71719567566635	58.58339146445434	30.2310176840088	102.4644472931253	113.365223908845	89.24747417999231	24.55977663876373	90.20773857807097	124.9038884759532	73.99541479961748	82.73335327737355	79.55306636276097	101.6650757635258	81.39230442030049	83.37130357346815	10.55984372811285	106.471354673679	30.16443823723435	22.29176628785512	115.7470592572592	80.60679103306879	28.88208744317195	94.5345725063916	107.1162874741949
87.01794015903347	106.8203461987772	35.85527298627673	26.32853305418524	103.2628310013941	105.8135454178438	112.1686320275285	0.6788119592591038	74.4989288353533	91.97242746487052	86.72315268635614	68.39123583919007	16.93599251255333	56.06910092828443	112.1570981041597	104.7328965094446	1.224865328221128	31.56679071683273	23.84367552864245	2.724981156045977	110.1025127105974	98.59062481338003	1.299639740785472	55.60770043492188	113.8624881657512
88.27920331917781	98.90935456168236	67.6155154430936	61.44363781015993	121.028910473475	118.0953955170514	82.90114139465931	55.28959706238032	121.5327800372133	105.9368434394476	107.0485261702457	59.12869776206512	98.24878653039386	109.0931753086285	97.12104532108948	128.3269865872827	76.04962718298796	69.73180926582913	61.62479454267513	29.6507654490913	123.8809316856665	89.04366819502758	59.47582479295654	121.202174494642	75.99828765851527
113.997096145233	119.7684568216152	98.17906230574849	90.16915507825694	93.9228838846913	111.6050318852291	102.9813482824891	56.19308318468686	95.23925522308591	86.87667192296126	126.5512767755829	80.40948562737805	72.67301689202593	103.023727337098	112.2463890338616	99.09732485586537	31.96355534223849	66.42688244365304	80.55228460855861	54.0754520409628	126.553953089892	107.4107935284171	49.37017316788916	106.165457572904	82.94719148886442
75.31218608961014	100.0202114210821	55.40599410547296	58.90514438816282	73.57067242960699	92.69025584547568	97.21006653730691	10.26944030024545	67.46986270349467	69.54468312895119	75.94823657578264	46.93013379521599	74.36127854328265	94.65304675068499	98.64352897860621	124.373636714266	1.307508325683988	67.45908617867691	8.829563761605868	33.97468239278133	113.76026274188	116.8289319928947	35.02735553271316	62.37055147371409	118.5648450789761
119.3563252434129	65.08563671939544	7.497863525910134	27.83651144216157	87.01506325341802	110.4158506272888	76.48032299397605	2.270444021357767	65.88389662548077	88.98763343082314	94.67986223449472	39.2874080705445	40.22602702450916	34.36347700145902	115.7320003720839	114.4208333655169	1.39558185712833	23.27579838506157	1.604489864557795	0.8675231513703443	89.929945930279	57.91187770033133	2.48864082684844	69.49201721239658	113.314403142098
