98.76262321817896	81.87118313249356	96.35531987461461	77.56145603799288	96.816980572315	90.18039150566972	105.2465718312652	120.7547642081242	89.88747438160136	126.2475883003713	112.5975590820978	102.464864129698	116.3511833513402	89.52843367473314	104.3840104348702	80.26542185312151	105.5545081863235	89.71225968391227	118.5413537128403	122.8841973782774	98.01626072179835	113.1888691329966	104.9419076556775	83.70700211788223	115.9450569950048
124.2302927555669	127.8357169151634	100.7466518300141	91.69590995326834	121.0278340860535	91.76303970773967	71.1102858783694	85.68657701666164	88.32953240612071	81.35261732730042	83.79164312479622	79.15365437552829	78.7267015756571	70.57781189606338	118.1309182844289	126.7205577086303	100.7894169346847	109.2474081701023	113.7182222324238	107.0277963645469	92.9882855726771	87.9995831082376	90.53398431297011	81.55495389473531	89.36757521938254
73.6320493147032	74.1510040902517	84.58930190809114	72.56511601909106	80.77143906537363	81.66110744784243	103.4404264418471	83.58521518404544	109.6381234632581	80.07999691526059	94.05504387572209	75.27980589092007	111.8995136473088	72.58462534404981	99.96186192986778	88.9252752205835	116.4323479252521	93.07570997569758	88.92568850965297	94.03647602350848	121.7497872817322	95.83026057189652	120.98523685318	91.78847101332532	114.5241890648249
105.9779274990554	107.3056982859842	80.19500240347422	84.13257752838128	110.771881349087	110.4736073081685	104.9575469582753	120.86408645527	70.44042740236334	106.2744349146264	93.87123013136086	78.47468190137556	116.8843418758912	71.11839832370239	96.28647016819126	100.0018979191863	117.4587613949399	118.9301131974971	93.62029742514639	118.9844385986534	100.2908150968908	74.17203787907431	105.8752139836884	129.0153664550356	122.6943827102962
100.0391520876829	110.968214260189	113.7099649892444	77.48341885039892	79.46201287270814	78.69167323080639	78.63065967026084	119.3910738665936	71.90055107293639	121.7048839639334	91.44984835606454	78.48685099444532	104.1342686399486	118.1988449377749	108.0024610228691	77.86592833057161	77.92740068641973	80.1891216545679	119.1676852905288	96.88867705529368	124.1828757634658	129.1246726888629	73.21593184760235	127.6280631910588	71.84168868184076
79.32142647190663	105.1493698556104	105.2758200630734	127.95717755223	84.81288592208104	118.5477930932674	85.346842309651	121.3028089695255	79.77002620011018	103.5942692161827	117.312589174184	101.1294798596805	73.64001515772905	85.59542931124103	84.51063789757094	117.3863099081775	87.00887392239521	125.1962801330803	81.48890109209118	98.14570292947502	118.653936933695	121.6806837839391	87.38821123188296	81.30824097249389	80.52064737028694
107.7758721955349	91.73847626291372	110.3808227870993	107.9239062291305	82.26980436787308	91.20266943448706	86.58832343796314	112.3719941549485	111.6759431940297	71.59009089632846	77.72681291664372	129.0013169820037	121.121670039269	92.16047698777754	126.5315465026544	119.6343991684549	105.6594866641483	118.1428539585594	83.45439032018378	76.74007127868312	91.85775895157323	83.91936907169534	72.47829524496089	86.38947433495426	73.91322432159441
99.1332259021944	108.9604500880487	80.68525513702214	70.74830340244633	85.72029486043695	127.8140372146781	104.8656511847005	71.50253177187255	74.68978550226299	82.59362272293636	87.90016462923168	93.08450700338092	90.44480883262395	106.2749493343051	77.29239168912679	83.39489373270492	90.03746051771122	118.7767411081642	83.2179298239159	108.3245393956082	101.2409401047141	93.73324228484887	95.43845375703717	123.0777374890874	110.4332584483945
106.0306567299266	125.5242263455623	96.99116193504184	123.8275410085157	108.8477624246565	86.17672037626951	89.99804798740423	124.3440013388907	80.64599924597688	103.8465585828815	71.04241139466029	129.7543086990421	126.5832817384608	101.5445070049047	81.33807182264074	100.7711894507421	94.78539805479336	96.46465499518389	87.52839222409554	99.3211790308749	127.1048653697554	124.5135683278134	71.02759664801839	102.7689887917916	100.5874432511025
111.904712447667	75.17543147608596	80.56279305604284	101.5741003656385	75.44953144917702	123.6333744078802	122.698870185936	129.6161472937107	102.1450807363164	79.78571626174872	94.40943763730687	123.0239500895693	88.18820242135951	116.37039663107	76.38465335720487	86.11022431566502	89.98534277805797	111.7204151441929	92.15768658922609	118.5127369317075	91.0761314913855	85.50929976036849	127.3654370956881	87.76234894248074	114.9243025170487
128.4105990698721	81.6754389637552	118.4965840629113	89.5324888383806	121.8991025154238	128.2578829919109	117.7332772329909	71.96724872957429	124.7278234721736	126.4471254819786	114.9197954178957	71.62973936414545	108.6932935621093	123.3697696887588	78.48352135683716	101.2548939937571	124.6286684598801	105.8008460671454	111.950240262182	96.33406625762149	85.52655883359063	122.1542870750866	88.42766418173625	97.32758913508459	82.27801221729963
100.7274543345641	128.8658645119069	72.43880021364072	108.3282386600684	90.49790737134865	117.9055926152513	90.7206259360953	120.3955298473031	91.91221554124414	120.3678516424086	93.07310891841757	112.1956322534612	119.1936449349558	109.2161497827314	125.6407711036788	111.1641383025421	92.67968664053225	107.4352335527014	105.2025998338152	92.32224659156715	81.17389662122919	105.6415220600663	121.160404451469	105.1193436826906	124.9907563644064
103.6198817632884	115.1815191857364	125.1828773559556	76.75965120736211	89.4105689965924	86.78664393944157	90.84681339338903	71.53790854029016	96.55178690597126	117.5712488607663	79.86461869969453	117.0693679866091	93.16477930795902	93.3039143444407	128.4811668572416	123.0137147718251	129.7967284336737	75.63869145353917	109.1514533267533	112.2271934404169	128.1625310675589	108.6226261562205	123.9898009828194	92.80373686095029	73.45469593724552
115.5327711349821	104.2773467628833	90.67705380004909	122.4285935408668	106.9748868894394	116.122319446008	117.1696490841503	76.44367177099826	99.60677738016108	84.98507064556638	121.8712634913329	95.74518139851395	88.63003889187063	83.58019461301676	94.72433856563333	124.0359450245879	83.60918097832199	112.689472339763	122.843135079892	85.57577375670428	115.4684184619951	116.0775346266547	77.43950277543468	82.66325290814052	102.4613731440967
111.0359446843956	92.84990250787081	96.95628947746566	82.71250036324531	126.3857323541399	82.87112027323667	77.38154062582316	82.67669375374868	111.3537532658027	107.9030439143324	84.10537296343655	70.26247250991638	108.5486259863975	104.2446582805683	114.1387398921864	106.0758853742948	106.7941752468989	87.51952446904583	73.36947651302573	78.63521028768	87.31629979914011	129.2290196828501	71.84650690821513	74.35774362893488	92.7025343338041
122.4336830719441	89.642443648352	78.5390118050577	109.2064942372061	122.2412993892016	129.9240857692499	126.9195683957622	90.23068635011606	71.39553394924916	126.9104018624694	77.81383138056189	85.63211808416111	85.52737784549704	110.6033181552683	102.7688697390185	120.8685826739482	77.75604578668307	77.71881983027143	98.55606497384042	73.90986485642352	95.25526036909278	122.2979618618598	98.26344076359848	109.071066346118	109.1512968735341
113.4755522307869	73.10530131901209	78.2796858534179	127.2493613405245	106.656132165069	91.18761512464917	120.6669596868202	117.040031948064	94.28059975146087	105.2501028338453	90.23535013110168	81.73298339162389	80.94810853347222	84.01517289572865	114.7012921025735	117.7268573190644	92.10658952067507	83.93249937664029	115.9562551078455	88.51141879009845	96.36462807760259	94.13852512191761	95.75243546403581	129.153884133865	113.7584893039315
77.11287814260234	125.8056945412348	121.6091537789701	101.0203889781228	80.47172974289114	128.8488264798742	97.50303609497701	104.5321158557865	103.410662232798	87.13873194877286	84.314814960378	125.390882558713	102.2298517363993	77.63312560364039	110.4388308445346	70.25051964115528	78.04108316481164	89.33837113227479	128.9877475877404	103.3063011624544	99.62154492466624	78.14071753066892	121.3222745886737	94.75144886784162	109.8532120463849
97.71342651721773	72.71594124346957	87.31186995977332	118.7272501373788	118.8486951317582	93.10568572363158	105.9892486682158	88.58971806971736	77.87003123792324	74.05084140380437	97.02044828629967	96.52894633254452	126.741964972731	97.02941751526534	74.26384885481168	119.2478791800917	79.11435212504179	102.6218180734855	128.9915259562527	91.91747681713326	104.960250399055	115.0926813772629	92.21375558556565	125.4957130547294	70.84589885129067
86.02108143701838	88.92451267074389	70.55024565730265	126.9482707049648	119.1336450822343	70.21530401648658	100.3950807435144	108.6452687584343	125.2521979212134	99.41111090735862	108.4281352865408	72.15651639057667	74.45092402164556	107.4440546419402	87.68223072067049	100.025715171825	69.99608330062293	89.12603811952829	124.6957074693855	73.40539552987097	91.79275271657417	124.9092817666501	103.7279407470479	103.8032304401391	75.55256617544646
118.8172773089063	95.72026735147915	116.4308895347978	105.0857722535229	118.4596465060081	110.8586307994649	115.637628761698	111.1974045623735	119.6651324459925	98.91655243640656	105.1868797401014	78.37692711211062	80.8141981345928	89.16716704886052	116.7302582546732	108.620552954129	91.38230623461345	82.82985764713516	90.86347240523602	97.66167473282083	109.375431607948	112.7948973001822	116.494054955077	85.58234728083033	124.8541737350748
119.2112615452719	81.78001027997905	107.2399788046756	123.7804094181506	85.73374662084196	129.3860277024239	84.61485585517806	82.07265577985196	97.75637908026378	100.0672269110966	99.28942656203188	77.32020266740562	99.83437714462531	88.86302441312897	81.71461603072868	98.76073602787051	74.37925906785833	74.96220005749093	113.5087084303944	107.2377652304906	96.27771721804501	89.50542075797365	114.9524893285656	75.64850110527543	97.53341881757697
106.7310512157107	74.44706208222304	112.8913507940538	75.92942462374481	80.63894517789267	75.68739139071074	82.22988109989359	100.7982458131002	114.179459693838	74.00634997973492	92.49018433797767	118.8223611317041	84.4937756760022	114.9601076389254	70.34113752471708	103.5861874033984	104.8383818097421	87.12788668642386	75.93584183923589	87.14267007223697	120.9404687563706	103.184562277613	71.47993751001792	113.3340082163005	110.9718468972744
107.2647481938083	87.1599518061891	117.7591602583217	113.7195055073297	99.52143825578659	78.14285437188566	87.29653230349155	113.8925747434359	110.0605986222616	81.55167469416067	76.77034232387089	117.2029464053734	99.80659686607419	74.06622189364586	89.67559067947562	112.8301926882938	100.4284227333814	81.06606195311021	81.85971777879435	84.13142089212013	113.7093470001519	108.9657064590154	73.9745116178526	91.70649023707826	93.97531218955638
95.73401936090833	82.44715503209746	89.38590983875729	79.2508424194842	120.4555917440985	95.92397546672345	95.11527489414927	113.4457599870577	99.22269419661322	103.5929390700124	117.4339645385677	116.6885161801879	91.28407112184102	129.0243330209494	113.0434550494817	72.74074610835108	108.2677449343194	121.6223013136511	85.52215562098705	97.63798953590413	92.73234096261575	125.8781075316786	123.6447055963605	123.2231150513483	106.7342128235588
82.34324231864352	81.69533970637717	98.00021248384488	100.6359253456446	84.47179660258763	96.64275688898108	98.83692107908053	126.1343767541888	112.3104012679702	104.9978824063713	80.33385275591569	115.5055252979836	115.5078246445979	74.22943661525561	77.52578536693458	103.568870229602	80.94576995108733	107.5969102686733	93.37958896180962	77.3709779473084	122.751664883505	75.37240438414072	92.59143620294887	115.9544741987545	103.1454446689164
106.7046229692252	123.4159762968418	98.68740242836159	125.6925082999132	84.60301894168268	91.53016106504822	87.55468204822365	87.28329495735369	114.8969479918339	115.3972566734866	80.47589115257446	93.77367539982774	94.17050782135975	95.89204794465691	107.1515574319295	115.0149407129866	96.57091085757753	81.65436574384054	94.96922279655254	80.39027080242096	129.6490048610857	115.1406905654959	72.7856594744182	85.20320145436018	121.7729252734564
121.3384581924375	94.87901556193137	125.7400871430974	96.00900840178242	108.0105018906086	111.1591130281174	78.81693539249233	111.7947230316856	108.3185328903745	121.1395491057837	108.713805544371	129.1836656792793	114.547455743314	116.4088250020911	80.34890433801175	108.1655478260427	112.671649800072	96.23221194979931	123.681735724189	95.96385471467619	86.67572561780324	75.63476622578605	115.7975434251433	88.54640570361939	90.65928877850237
76.33468451953249	122.7679063922342	124.5958690411165	98.11044522987083	128.4406382881261	112.7372205558734	106.0700073285145	80.68967438188307	117.2954816713795	128.5709175988926	126.2899703488661	77.08298468737183	112.6911172682819	118.6145065611185	110.7938375599546	89.74209888493331	103.3736069921575	105.076682801469	95.28286136975778	86.38703132135376	85.53862889452124	93.5995203450474	125.4827181785323	123.5190647925744	79.39787573795834
121.6398994859665	78.65220840737571	71.89004524847681	128.9362490923002	76.03213862496891	99.71839180551737	123.1030478847503	106.1051032885614	85.46212578510105	82.91229749637087	123.288554603183	122.6299362717809	88.57628651025206	77.61274696412974	70.74332838265343	107.8915805019786	92.36110379406526	96.67813014103412	103.5339920549758	123.8301034890632	83.63144614099575	93.0592789066886	99.01390840507014	72.95982457390483	127.7777680305401
118.9841557130693	111.5387096245219	119.0816047974687	72.23810249271509	127.249376097709	112.9008291486432	117.0499209536242	124.5016884847689	91.13583744908622	117.8458639230363	125.3280676199162	113.2108869783073	128.1643287805327	104.2410957505365	84.20197588146543	95.96972256995276	84.94474693906358	81.6256283218116	77.1250868569734	109.0787037372552	78.18614088471223	125.0002234178359	108.2224584772571	98.79074587133871	92.51398850574982
84.75873822203678	70.4297643371971	104.8112188706566	75.8068039508822	82.37234672039419	95.46892138126941	125.9543296631604	91.97746730380314	102.8187480568758	127.4615376724863	80.45585949652607	110.947472160998	114.2503599573652	76.94260828597137	123.4487549610492	103.0461878819095	88.25807846023069	92.78020191975821	103.6636051594265	74.05944667494245	88.75792894762462	74.01261653190728	70.76100445694506	83.84683329736102	106.8320988029944
116.928535772488	114.6432597177488	102.0396130605852	104.565821351336	108.1918703158183	110.8254241303644	71.78400762271482	90.75470083092529	79.30374227155698	70.76990710210062	124.5337638390061	125.3507330322482	81.36705013642751	75.64360074113213	77.23397577085383	105.5098831901891	117.02727801498	119.0797929788416	85.87462477024923	106.0045244117525	129.6417907820946	78.31926904116837	128.9258721712444	97.48818915721441	93.23734175928239
116.2452413023572	110.1863492908474	113.8684789465224	118.8363328377703	97.05010501000794	88.11632583235517	107.1148241560606	111.3881928026571	122.1769835307499	77.54784479637117	128.3459451493686	98.71508834461358	85.80226305989399	90.76334071690144	81.20392415698015	112.9725380369758	113.1903824181973	114.5663173909722	81.38414985433558	118.8089022520624	77.71882981805788	95.20575427245311	101.5072731835625	106.3245980941966	125.047686068114
108.2291526005768	106.4993786114026	97.10625847790919	71.31202967629989	120.7695270293127	82.86547089304776	96.70566215714727	122.7375954145716	90.03414267200267	104.950969481423	91.26395080147398	112.1911945299979	102.0536689480193	97.66167720853144	109.2886438922692	70.27780742976793	70.79878828733229	105.988559795001	116.5265008159399	114.0685246335208	126.4109442057084	88.84364893343805	94.20437349122012	99.92842487216612	81.26144556313594
105.0061806572427	102.9401608591845	92.04763608749911	120.5521159227452	129.4825092733984	83.16520046120833	82.21297514223019	119.6349527155394	87.91978571472981	83.23006936405508	106.4341045913723	113.6995401231891	83.9557932119408	71.48383340331785	96.89449893635573	117.022831807695	121.4243176009659	81.65089966809096	125.4272203993491	94.01381249336964	71.26939359059901	110.7048765268185	108.9850938266334	93.27572854528425	87.81833222932056
101.4400689162185	112.831081765425	100.8994948324963	120.4292612608157	103.9853129173486	121.6421275590444	71.26645553669275	75.7253889542154	111.3269372974502	120.0017116587123	89.18077668631358	102.1961620057214	80.94981339655106	127.5109814421685	70.14054695286137	101.5333721405787	123.8577146932358	88.54070936795402	106.7787144567348	109.7958609516484	111.0382015730254	71.05324095405679	128.0086147697	128.5063139806658	129.9161083053996
103.9401130813349	128.4107396836694	72.03893958708125	85.63535745575727	88.50706196721151	125.2652997756752	101.3045034455435	86.87556590390247	115.0630705654679	128.7938410890922	109.7564438822419	114.0187567186956	110.0180350994436	109.0194603848506	105.9831684160397	80.52716038291177	115.8053888240976	93.16107834373655	110.7453901721109	106.1309607185058	97.72446350641158	71.02900549077317	118.9208686717816	71.34644684016975	88.66727202875825
126.2359779344411	107.642878218433	80.4144853844759	97.36227610645722	78.4725477612488	112.6499329371415	97.67181587394325	95.03800190793541	89.91764582466757	77.27009499481922	106.1132395497555	105.5664488682111	110.8338652130353	97.85164632486695	93.18489827237633	92.75346450994549	96.77938643788896	70.90998839309961	118.6666088374172	92.86105712286314	73.01846995460433	126.9527308118264	91.7826135161063	87.14121541036641	88.43938349564715
117.548553183701	94.79695005877737	116.3093557853503	124.7743822802543	97.55365748401422	111.4183012534179	126.7001812133745	110.6959217489069	70.48092146924918	108.6259921312475	79.74766391684665	110.4525178099653	104.7677953937413	88.94727701272228	129.7718826357849	72.36981751998748	80.23638686984577	83.81540618448999	122.0561089657818	78.20058061065166	83.98014455955308	82.30798372649814	111.045426587826	103.3425308229143	127.9020857129526
104.6685638808019	116.7687026251874	124.3852938145162	125.707152682692	96.68354333685879	105.8789183256801	106.7181308632295	99.73705301020155	109.1981799808619	117.909621020791	112.0496964774429	82.39673423803048	108.7192056693928	111.5588648201179	109.2681701924513	85.55439823720386	73.20265817539838	108.9198766799921	109.0983052494834	106.0681354612607	108.9985941185986	71.59593023188341	100.8087105021222	95.49283660163194	103.3880815293364
95.1855805825364	90.44871604055858	112.2907992081688	112.6627926930859	103.6866918256202	111.443729886151	101.4526299648946	117.4678643002721	104.9332185821919	109.7014298675451	87.03361568387166	95.27460162010567	85.05822505245094	112.1051748401646	96.16105443625358	103.2653986597795	100.2717428410161	94.70624899480464	126.8922904168688	87.90116333445835	112.9836990945287	77.16939639690544	100.6973605752349	87.73564386429373	79.40487672643928
82.4413579695043	103.2693825753506	77.81416963137097	103.7063423468037	128.0978487963323	88.6360669277135	79.01334191975931	85.21534105094106	86.25462113446702	114.479679533418	85.12367578159849	87.08217266086803	91.14965827191679	110.1252335268653	129.8760111095108	118.9684681740902	71.48994782942762	85.09506885982479	118.1098770841252	90.0924469885998	88.729407853141	120.7128531006574	82.46057681602306	89.00788533240546	128.7070579300866
87.08977603279887	91.40111120385689	96.99928661798846	104.3432339795624	89.91864702723997	121.0807178512284	86.56623850350067	88.94597800893013	109.428488485103	101.7808428609401	97.15280667086169	119.9270134429411	70.15145860635887	82.04663494620206	98.25851649044563	95.13831005460916	101.8873837037417	120.2387984752669	69.62655360226846	79.76809778327629	113.484507017519	82.96527788652318	121.7549331164167	91.95767697980372	127.1555915873665
100.7078546077382	100.7791684031367	108.0174998476884	75.01858109479491	119.0212753029496	118.7004208225799	108.1492840949687	121.8740580309822	99.68868675795193	77.04533884772826	104.9278046266692	78.43690821328647	99.07644399664107	72.07152027217316	103.3886238156263	75.20877385347106	104.2532110286805	118.7138778689572	86.40973127849442	113.3182140362391	78.586043871405	122.5029403227622	102.9473702388094	74.33328420781285	93.15104159373804
125.7708008889722	101.3339569996716	119.4224244795608	70.444886413596	84.96038064780166	105.3996881345605	97.69331198734146	82.9840693755593	114.1750865225963	92.80981062871088	112.8530119333727	98.96727749832812	88.12053566381763	103.063765929246	127.7732001210467	75.02698791528061	117.4766764009424	99.97394978967057	90.22321230439387	115.2400203594102	127.8347701133926	84.38450215477874	77.5916391977363	71.92636316351619	122.8431249412531
128.4387910382945	124.6876261370094	97.7972897968021	121.2634939840524	92.23125290059481	114.9246353450631	127.8253089753294	90.5769567506719	99.38089358728055	94.96870134154358	80.02321186654	93.73613271410211	96.55659766485371	115.5869407369916	87.69274256222101	88.37797693916539	104.9190197978198	84.27838007358773	86.68785933118147	102.3661733189457	121.2329941074988	71.24879635476168	96.48941915338349	97.04498299667105	108.6511678615696
113.5215374279189	101.2805759114897	129.155562638578	110.5902813758335	118.3801611934984	125.7510651032378	99.39986893619621	116.0314558334115	125.5757027625963	106.9958741356161	105.0145248830619	104.3065228052206	72.92790747727226	70.73283470695925	84.53508714859032	73.77782555058816	92.78971160577777	93.4590818710154	114.9969627858277	96.24922761778248	84.99544889127344	111.3093230572854	129.1488519459768	94.82275161525732	109.4286861118694
99.9535493284522	70.99098782083888	102.961246679136	84.28669798381657	72.31653602117557	108.1455052939409	73.55227915958251	71.57915659931274	110.85372122257	117.9374395232475	112.8599644578499	117.8844148443509	86.29862002394282	116.4401336258766	122.5907246322475	127.704779264224	89.97307441136797	102.2283921678523	78.46939951482268	105.4845399596365	112.1508283453302	108.5809519403396	75.71575742580887	119.8109775063675	88.70019840886614
123.6541723082206	108.0880343200361	124.112696835682	105.1727141938934	111.1003091980906	92.2597641443047	82.773165547049	117.390569480665	92.05525965054505	127.6781681508653	99.63909330609243	80.82516036160548	73.00936898536494	79.24700054258081	83.94811263342756	85.75483660764316	98.23704746818055	124.073245986732	86.93228475487351	90.69297934207927	114.9536100853098	86.68819169832197	93.39000897761203	75.01156152234121	87.19670837112407
