115.4090571898616	103.6457034914924	94.468339947159	94.9274419206164	87.56363012009302	128.8745707847023	116.9596081824777	109.2661246738894	97.56489502158827	108.8836566728755	103.466672397385	76.16509245504193	107.8605360274886	97.55547438368608	84.31500098301453	91.55374924394314	89.77643671274707	116.8765784613554	88.04886512442451	110.7258655941164	99.03047309718227	74.00916427105935	82.74478924797594	90.41496423990547	114.5944359305393
127.8816200787888	83.86765618036506	79.04708687622505	72.24137317045829	91.03201549197077	87.14749515962174	113.6021852713351	77.40708633456197	118.1588242346077	117.2307966074891	122.3525849744618	126.7995955078381	105.8070028113642	76.11642544529597	75.91862463314202	115.6805679131755	104.1015919650325	121.353779302751	100.6914232306958	81.84499952899165	112.7924334368563	76.78273278840614	84.14089984981655	123.2743316268624	104.7353926233018
115.8675420207169	75.12397875898809	91.12831470258885	98.89001561799293	77.09999754137363	112.3176874053062	85.31412952706215	109.658820079579	99.16956351761127	98.02323877610758	92.91626125632706	123.6560631116029	123.524962399036	115.028330471844	125.7604190326672	104.014590918639	93.96421163072297	83.89667567006089	110.2475166574569	88.92841033663507	104.4208366325979	101.9087896891068	117.229613742221	120.5927307811334	99.39270763569931
94.22247939357896	100.1801581063097	74.76378500614656	98.67753936238694	79.49817433587731	81.53961929706217	83.32312115530318	87.14979332255868	125.1376242224496	105.5693741608584	79.70892944908945	120.28226807125	83.544622395156	106.71853279931	69.85873903376086	123.16594783859	96.00400637505609	114.3669418511835	104.5258820607563	111.2314255654457	111.8852936487733	78.55281695855278	110.0336983847794	94.89061890491709	79.66870686193803
116.9608607053027	124.4227492459006	75.32988535842291	110.3352709385079	80.89507697625953	99.62919141184426	109.7677417203288	86.5162670272675	124.4154037284388	115.9808334429781	76.62188887119768	92.41116413099112	121.083085432896	98.01278466973366	86.84320742391171	105.012262054944	110.8540677491723	73.35662867881022	111.4394631305589	94.77267864004314	94.731838225977	104.6352853931675	123.4733580215942	125.2012513272394	129.6472976333735
118.5585476998268	101.6090420884792	89.26558744913687	73.05482892796404	111.8081694583302	90.23451407083255	105.2936722244116	80.04790418412095	118.6206142753854	86.13090067254664	70.96848402331561	71.29479513074892	76.35913860189312	90.26502098505421	119.5696904489231	103.9374788188358	89.66623608586518	113.0290075934759	74.147174316723	84.021357821367	78.24528207325989	115.4380162812472	121.4894374248995	118.8919601842504	126.7437536271326
92.10934328103386	121.4255635167312	118.95811910867	86.98707160092088	89.16054755740728	104.837480956978	120.4585123024778	126.3992723561915	116.3344782462273	83.26576710362536	102.8788587178168	101.0727744176327	98.76971769420481	113.1341037755867	87.44290826522115	118.8064489306963	86.23508855402486	112.1294352167996	84.8864051981455	100.6831753745226	119.7808334461197	84.39868269791809	87.23208017516217	114.9623532705498	128.867217722557
76.59606420183954	91.23266289555099	75.8645795170636	90.4370164314645	80.86980237161521	86.20871464202386	79.17257277774429	86.50168446908444	129.2314338806686	102.3174734624799	123.2123824181072	106.0355169805594	72.96227758848791	123.9597232649175	74.70407187357782	70.07446169215878	104.3952810947639	91.17261257010135	123.0348540959388	125.3058796573278	70.03872597972244	96.22376481110264	102.8330241913046	100.5504940080568	127.2780573370029
94.77494885343454	89.07265645956666	122.4257161015946	93.03091696372819	73.30920095340737	122.7786809522129	97.23006469980265	81.89927462794729	70.24055970020142	87.11459836397897	121.2344824253792	117.6762438503727	92.69901155142858	71.83618260937241	100.536315652538	70.9331141569766	91.65670844013705	104.1778344936636	112.0767763245475	79.41814103169401	100.0327654543158	128.9444025462292	99.60474972375857	124.7818892485828	122.2238370871743
88.89003258153042	116.8926490655966	106.2470546375887	96.15089202140362	72.14376523969534	87.66869500407725	103.3534333496393	89.88751919921094	74.78167804772875	78.40366883771181	82.3116793043464	129.1345425304783	113.4738254212741	77.05137081466603	122.3174356705028	78.51828205333597	81.56228540984523	127.7335034434837	80.29149764572328	78.49577554708956	96.88630647520472	120.8253773770349	127.6969554440298	117.0082329423421	82.18668851363128
104.2904188569719	108.0250481798575	102.147895467829	101.4588556531014	73.43652128225993	127.4840352862568	79.79973304699307	77.85070591830339	127.7720800476468	111.324451225405	124.6350609616614	86.7358211870938	100.61638011942	75.77365377368137	71.27617481592635	81.88902787487353	104.667987824449	106.6166046477788	97.85344743063446	99.49815006322999	125.8099814552678	90.5289201708014	77.09069960058989	114.3700816531536	81.31347690763099
89.08864504156244	96.96801538327588	96.34432973837517	76.89235454571674	89.14821297877089	93.11062453293566	79.21712212874644	123.2371546775797	73.82850477105531	108.2101923313431	106.2845285769121	99.24127340464236	119.4832097989602	75.69109626709751	114.1324987951711	103.3469733449501	85.91102426306989	80.42062605757728	97.12437250589093	94.50486907702962	92.60263447476501	75.83962571643072	78.73706552470395	82.87782496376065	72.11367623565903
91.0771095444931	116.321473748085	111.1672378255768	79.17591926665916	101.8057298965474	76.64974495837725	126.1693807430256	81.25725913796632	89.42744550276132	118.2223808736934	125.3514500030136	74.21065781224942	106.2092871180424	90.34856417618525	119.645286212076	102.0857592370483	127.9731974157223	109.3034348080813	114.3449891531077	127.6670566884662	76.76450318900038	75.40322058404213	95.35686667825924	74.64597752508514	126.048315002682
106.2907410092605	115.4563225418078	99.05057799331155	107.8169212305187	105.4911532144516	107.1638730604523	99.88764578799979	93.66086685465257	74.41630419611141	128.483856411641	117.2345916715977	75.44291856806626	72.97754824325342	129.1624110316842	100.8654720731317	76.55800560391394	92.16015313638431	123.8803981181304	102.1521810730062	117.4792426303943	127.1047759773916	92.30811081207786	119.7863377690999	129.3349178605357	82.1829859393915
78.77896533541475	96.74510211917914	106.9667025921636	105.4308854683661	85.09628058223794	93.45351184543287	96.85952361840964	123.9397554130697	85.6556413100944	84.63722572463702	119.5951059595606	108.1702779311232	122.0685564891446	87.46677726048071	78.41026468172247	81.80049020146603	96.05511697713401	101.3588492500394	122.0042754064064	91.69335198927288	124.2746715837699	85.61831966120364	92.19440759178158	128.0358511216473	92.55071170052216
78.83851653783958	97.09861284980568	91.15225797954095	97.36581590615029	82.69086609531755	80.95248108156645	83.02251547766716	71.39815156983288	96.95713795170195	83.98468780916853	73.57297476873262	114.3146544101374	84.73643966982181	123.8852333973425	86.13019410482232	92.97979262870594	109.0301039249277	109.0087280568887	125.9662189111939	127.7177274889269	123.0588127593929	98.68187466472398	120.3544510402373	70.52105608723279	125.1382627929839
107.4723330570805	111.5580742302589	108.6319351132296	102.6537245683617	83.55836703563249	93.72452616215575	78.28974061062408	106.6863144168509	104.8044132570244	108.0524357012804	88.64419273453792	88.26608056432984	120.178942849461	78.98821562207222	121.5358726582006	105.2207946404458	71.84288423439639	73.96544627844847	79.08370297234652	125.9936068831279	111.8917356368234	99.06931813625044	71.39687822552592	78.93217901519897	85.2783853106701
120.4824862299313	91.12475841702337	126.2738081179995	71.14617156753805	85.17767838955358	95.17512272192853	122.5761512041269	69.77309755465829	88.48003167680405	92.37257195704944	112.6455056700765	111.3573308727111	106.8640871945102	116.1990147210053	83.30090288076897	124.1628358341443	71.22422240438488	112.1747418131061	79.81978707703438	120.8511397662804	79.75418141579527	82.16865551420368	102.781433379208	84.54481835882979	114.8035299739567
74.63653830377999	91.90233375503306	127.1333773925901	102.9921814932005	125.243330271384	124.6837038379231	122.7629904435435	117.7063816272549	120.6357813153409	87.17190095017165	123.8968627048288	91.32692527428627	119.4855922064266	118.9583669617299	117.0813173479885	124.1351569043559	74.56500289971336	121.0542315163954	118.83073195587	105.5737066624359	129.4332596232014	113.414642337128	85.01741501573848	114.5775905593956	114.3577578266876
79.92501249221434	79.5404348226914	122.7060554865255	71.48264553249609	98.79852778485966	122.0222604156724	95.76507259636263	95.04079812822526	83.15021523548855	74.36830929740624	107.7851161547457	96.2027271103193	70.74308458281614	125.2146300965201	105.5455000434832	72.92979047428508	99.08835799530533	81.88119459120199	88.37451653489694	72.74420921779351	118.26806646211	99.27529880759548	103.9559741755479	75.91886867150146	127.8788673512348
119.5798691042003	104.5118528663567	70.25037583338823	95.78126589697762	72.76506721571936	77.15074542966768	129.6625091023537	88.47392776571355	82.57761859415999	97.56912418670946	73.89245770689342	86.66439319478685	83.0017256955652	106.3141531870002	87.26824271377026	127.9446718790529	120.2054755729692	109.3057137877605	94.62083127545111	106.7128461757528	110.0671742178124	114.6141578850823	83.75725694418793	122.7819618361824	80.2537686851434
122.010001754179	98.20585680501026	105.5729655458529	88.08315689704554	105.3008487899252	99.46961266145311	86.87255059457883	92.63188172038573	124.3696630331012	93.37185747193766	103.4446989583543	74.05163676171404	91.26517475566632	98.44246866628336	126.7262154285944	79.76009960791654	111.7672025446485	116.5956331808876	91.04635150823886	122.1954530548671	128.1608959033283	89.61275570074386	74.60148752435215	97.81734694023015	105.3167540246948
94.23904694535324	77.19059863846806	108.5618525563847	73.48919799161024	126.9476535692349	75.15980672255722	100.3695869523714	129.6301429650358	98.14372433288622	97.45456811939955	92.06596083883008	129.9234799109507	73.72134906434299	121.1577829793387	112.755362192376	126.8944675465028	96.01835356832311	82.39640892484144	97.33491879991004	112.4573092126848	110.2603995402597	85.56664926090605	92.42872842196948	111.162830943653	77.48455512478451
99.61335377324542	92.90903748454987	127.0507596875307	84.41715376680898	88.79241528851693	86.11658758997169	74.52642736441793	126.9156212854196	117.6232997899497	106.7268150659351	84.99616328180844	122.7512914857246	92.42911320679721	119.0800840686402	118.6753466901276	81.2740982630261	122.5634829940375	89.37785169551869	83.57073159808995	92.1906561293828	104.9525004946347	85.69259006006776	73.26172130228839	128.7347241769033	73.89481776153104
100.4111135442196	84.85706078576723	119.3559296050157	94.45004114545193	102.3316254063468	96.52627653301238	72.16216369661164	112.1548110895785	85.97289157009942	116.4991000090619	103.675006304453	92.47414426425513	80.94834493668104	71.07348800118699	96.40295122027118	108.7051892360037	104.0339865637142	77.21303450237993	80.23200533751894	104.9038700427449	113.0838219349363	105.1390096053436	107.1638589152967	71.63413521672344	122.5191255796613
122.4805852302999	78.38039034933223	116.0083893907835	91.123354766491	102.2655410247681	84.72027256278253	82.78134635620401	79.77263495031991	110.2525546350635	107.0506289099939	114.1561642611788	73.45884936444497	128.5439254817462	99.20211770322769	119.5724815552093	77.96754265529711	80.48165827001085	120.9406824778286	111.3000558897376	109.7065375132244	116.0582178766802	95.86467292027962	113.4226707770343	101.5910952064586	86.56887286715266
84.01069608265499	98.81653392654871	117.0445749552377	122.58712874241	124.502301208373	70.24811815016326	96.09169156354062	121.3577394121968	101.6062261963399	120.1421875184396	105.8568965525712	99.44898562966401	113.3225543761195	120.598249150603	72.753508991507	100.3603701081477	114.2362571587444	123.0087948437796	81.37178585175332	124.502342267418	83.06311918440004	95.60641280267939	115.7364744245653	117.4289859576438	93.59913988255225
124.2444120348573	91.25910346048038	76.8091300771724	88.03872315753348	97.24437056296337	91.50427187036739	83.03034420321372	126.699433807532	117.8702270512647	84.31613802290178	91.14730382199843	103.8189957971934	100.1972606802387	111.0913767525357	105.8542194151838	128.1570004887016	87.01435468262545	120.0840260996058	112.8380430613243	77.11889484281838	110.8917829642262	80.23195291675134	71.0157507339551	77.02049784142393	74.44679897095199
84.65446865749922	94.102155588225	76.99107040581796	106.1335503168999	128.8411139633825	103.9859698710198	118.615146039752	116.1390546742512	89.64954279589713	72.36979413427349	94.10030695234727	94.49620872421715	128.4383837770093	80.17093752558917	110.0402619827862	96.211188213905	106.0055858265786	85.25584901802098	113.1240741121366	112.3922664449923	90.12806245359295	92.22858104271936	129.507564194055	75.17603876235493	120.5417724293635
83.50439082698539	114.1849064556775	98.50020996279838	77.02895768692518	96.01619052214957	79.46348691908857	129.8742141353338	84.29974868704399	124.2486494551024	90.35793083395995	91.20795858830115	74.92510207039412	76.75602491485375	83.90770296250186	79.08699468811812	76.11427584506711	90.56041843038255	88.98269628995521	89.42868788284417	71.06133224197679	107.5555631523004	129.7771698676298	85.74939093606754	113.8578327221091	110.1942025869115
82.96313645651469	72.99973902356962	86.20223284363286	121.3819306307335	105.6673104062818	112.2452403938924	113.6773954408914	91.81844516247652	101.6098890806583	76.03376311027773	71.94274223317773	116.261949125637	117.79797667523	82.14101826870598	74.30127031487888	109.6429915549975	100.3597801334477	92.50290679708954	112.1161876290239	124.6712935750442	86.12418424264638	73.63783362032251	123.4482234868954	123.0562668607043	105.3908003327296
90.8661865698502	80.81273816118254	123.8946236106541	70.8029382006259	95.02202890445209	118.6630526895688	81.01731894818464	109.4269201496536	121.161133040392	87.49589278996048	122.0000605644519	103.9158367301833	75.54805774955312	77.18704316906472	98.82414210266933	117.4084556682062	88.7658229400356	113.8580860415406	103.754212138094	126.5227736874851	104.9676338968602	71.19033893102873	128.9179560369419	70.95044800424493	128.9305707280834
73.70910633676745	123.7450379964563	88.91975643128303	122.5526478482096	126.0589522488368	87.05590523903813	83.80582995629645	85.70251144190266	95.58407633235484	112.6378495862463	102.5138187776994	115.8137584125307	79.53992353131039	124.7322431231644	103.5416068091587	74.40522448230455	74.63899421931139	76.75293865238855	71.38889157673721	124.2838419274249	104.7962620822898	129.0672198615119	111.9338854798286	116.6130591511993	129.756175420339
90.369956106619	124.00676409405	113.7792578219996	95.36306293619751	92.77009019973531	112.4259382128841	121.8794313124064	92.55308969687354	104.901592717341	85.75834671489534	129.5516043548199	129.4356459589291	93.53187021073887	71.95911926893852	74.41547173158446	94.27700383068074	94.39664318289149	114.6515557540653	77.20845046243961	75.7336296233351	120.6304039927105	73.50962685088449	97.29025188161458	122.8869736112783	90.72655615953281
113.3641397260474	119.0309738188822	100.971250338393	73.14191760485942	92.93045833528748	77.17588808520058	128.9143864834576	88.65369222360505	89.35219478484105	112.1761897494186	127.6031718438362	100.3009445600238	71.60499277992142	105.5767312698533	99.43717030345459	92.27269366815875	127.2883394977943	121.7805807634379	81.40351462359769	93.74958312316772	110.0442053395307	77.89931415126813	96.13197434968974	83.5079636137225	86.32785937964849
106.2991923090781	123.4251134965596	84.54241009783374	105.8249727008751	110.744196381423	88.66858545909582	92.16344325170593	95.4593951675609	76.05563304977001	97.57445069066193	70.62872894591189	78.0026150902149	76.60246566670506	112.450209811138	94.42383451337386	117.8539350127598	125.3276228358803	75.64088752682481	99.70144819079533	116.7304715883327	97.52435946576405	109.0274003192884	129.1394088030179	72.98722706795409	72.86784228245537
93.41375306996801	74.91832786277037	110.653043994782	112.882522231758	97.86627093371158	106.8317520495252	116.685443720838	95.34719931837462	110.5729810853807	106.456631839082	99.53747704357181	109.5217202706582	80.80255230482784	121.2908139572514	125.8646565193509	99.04424981970703	97.44956728501769	125.6822081946253	82.34670321713482	76.2391534965122	120.9479177754392	73.19556858695535	83.52869742016073	107.6954425751426	86.47226350422979
112.371238508062	96.44889889686308	73.50458322425368	71.13236429496514	79.83395558052032	101.2869000459986	82.80275535202689	120.086855020473	75.72480816533707	83.81418450079761	123.1605559931416	101.3283541298097	125.1425228057743	85.45700436568913	88.63957135923233	87.50616440856689	86.58354231832399	123.6772128683357	124.2070622314298	108.2076678755606	104.5214965643304	102.4653107548891	88.49524482654832	75.03106271047433	70.261363425482
85.99726938275485	114.5342462927485	124.0751124201739	104.9381851287127	97.36913254548817	70.35216592289802	77.35336944153867	120.8760830375416	104.379546094973	92.34171752021348	95.35397210165175	70.68066232732821	100.5955102375468	91.49184700078226	127.4506029406307	72.95082842845599	85.13510131371297	121.3974952803677	94.75055128093011	104.3484760940738	108.6606482495985	126.5951065726825	107.225362441194	103.6888588090845	84.40179414416546
119.9388781036066	81.37337515117839	77.57339907593578	102.4380728845001	117.8651446225338	100.8007198922703	80.35711375374892	76.80474294235337	83.48703350937562	114.1204728948232	120.3362936905547	70.77145934843477	105.2058288993207	95.45081254602782	119.3139496689486	92.17644721348735	91.67070955141186	125.1618827037264	79.20915881872442	109.3177644958827	82.18664924499768	125.5864036614374	71.04369144721365	83.57689552946663	91.38410744074775
90.0281789578698	85.40541817980792	74.33831691412321	70.97425242518068	99.84749834767192	101.5011165134131	87.95606217669976	69.56505302693593	117.26967391011	98.55703314181079	97.58685840653284	128.0716791103658	106.5712374238868	76.26872362769998	115.9187228282219	121.3901341962661	109.8380836551721	116.2719525216706	95.79490950763193	97.86926449990278	78.70546242465039	91.97057022169631	128.1647598048455	122.3298824287035	109.6373478561517
120.9335866978034	112.5671079768511	73.78882601229888	121.7119013727807	89.22959325838393	91.41261575690564	94.4361458050746	98.27822871146054	73.7252290398165	97.61748614315793	108.6943032909742	80.9959985663309	71.05355865776821	98.2900529395184	104.4554068553826	85.83456508229717	83.92296099221541	86.60333412530073	75.61335363546334	71.73746326292623	113.1462820057874	99.94135854012964	128.1518620989639	85.15990190471317	86.92052800238832
94.66952625097007	99.91404954409558	111.0169113428178	91.46895797403889	108.931460127439	71.75021131313116	97.43301754108569	71.47081602656067	71.79699276995105	94.0035734200457	112.8791827022101	118.0435332096782	102.9768086129997	110.0761122577885	110.0478062019356	118.7170591159539	76.05471934239827	81.77945215525772	82.38389340273454	119.6167830708769	70.58523973082454	74.77469155291993	116.7184157826043	120.1603055254843	115.8377176272537
127.9495454541605	118.3180382341929	101.3592424095108	122.7707447375291	123.0339221312958	129.8917427410098	129.7575149976797	124.2101399753213	79.71647258239378	103.0678481751004	102.879295855045	83.17774718301968	92.58123695153273	72.94876892891419	106.8847092610204	107.2088388364277	114.3023563263889	91.77730755159169	71.97674084913125	104.5813354184696	111.4316594275095	73.15534193289878	87.03826480423703	100.4436504670075	127.7122640351567
116.8426178397974	124.3256093762337	107.7971646619542	113.1454014930483	72.39478152336144	115.4939922790596	96.70107379095182	70.40545028741282	105.4026093075639	93.97708930224043	84.89248646646556	128.898850155754	74.35117661695693	95.05752134525304	77.83420799893366	109.1198569030419	70.69742477882778	75.9713007163194	78.69263431403441	72.44556992580955	96.07018513239929	94.4551713191281	75.22167702874192	83.92160339366438	82.11261901759369
79.2750615653149	91.12996347209253	97.346110714209	117.3477359021218	79.3851355788281	99.09746094070468	73.52882681500655	69.3551527546915	72.8690471311665	122.0218085140064	126.4748032072874	127.1088347923813	78.83386177335983	75.10344481302278	72.45314947411352	79.52815010275243	105.4742523780693	79.69013376234909	104.5652912728112	74.21949344480474	118.4646163462537	97.24394617748025	118.3022244044909	116.2561401859081	77.30874751315794
85.04854801061384	98.17011212056485	88.85998668383093	124.1890630365561	88.25562421812549	126.9042097327544	99.00936879402479	93.59248895323356	77.20822266154821	113.2552243118967	86.64800536987866	86.7740299303878	114.4726171330252	112.4142970953435	92.57077646604014	81.44384100833609	109.4813605409918	70.256454614829	87.9958200076364	120.644857582054	79.26110463940334	94.3973822256567	100.646892173054	119.9256518282605	90.29067229364493
93.78098746120223	101.7888623591855	119.000033564539	95.18498170202868	88.8839836257232	81.28536687100812	120.5693444635794	88.44046429338891	113.2278221869856	75.78262190069063	74.80710098796497	127.3208351637054	114.5440628822585	90.7214609068668	73.12069162749876	115.1015374258889	78.44080476725182	95.62183190064763	98.12301481184093	99.17900387757965	88.1357656243115	99.0071492456058	91.54789482714395	99.84033835479676	125.8650302306995
71.60210372347291	73.00752690646941	79.82805721984109	83.41739760064745	90.88901773648534	92.26871453325252	87.33134200515237	90.04568255735744	128.8924749298062	107.646473018565	126.5178313448375	87.65334003105994	101.1974668095408	89.5563572290216	89.4740617945635	105.3870056423777	97.72720147576115	104.9298510027025	88.83860242798697	91.31758142620099	123.899836916369	127.8264960721194	116.0670191831309	96.682090510065	88.5397925144805
75.02206071860877	74.51950054760982	128.0423250761679	123.0275949709122	122.3454915901348	120.0108105060112	103.7218549253239	122.822456491911	107.124169034969	122.9233363170852	108.5237996775115	110.229233831154	97.76846080414256	91.17552411340016	99.36539586101875	127.8506049033325	118.5042293768307	80.07614994838111	80.6110406929923	88.42719356519245	75.05346168059241	72.01991318898239	72.4783914197865	77.41049644334825	84.97351209703722
