109.8486299247738	92.78298146559325	108.1826162324369	124.3551533646074	119.1654372183903	71.17754537028847	104.2663356861849	81.1501270737935	107.3693036840367	101.8654814327141	107.8682023606149	115.5632853986424	114.1420982675206	125.7172438168869	116.2218297710166	94.1805245900172	94.75552028620679	128.2381724745053	89.76060846434109	84.63364179893867	99.25547067785149	76.49543329624549	106.4542083569767	106.2687707454587	81.61568011665349
84.79178043988023	91.72352505084211	79.46817204470152	74.66530022901762	75.36188983551081	102.5787317309188	88.78557354835441	88.72757345889302	86.52807572439281	115.320505427352	81.00057420958233	97.66814796934587	80.20333515620388	71.6987432505901	94.55543828345964	84.73438186236024	93.19269523278209	96.80638314326295	79.2915882503914	76.79191917794478	125.1594735845233	122.9154754527384	105.9326504284358	84.92620482498009	119.9186980809054
83.68045725014693	88.94357722487082	81.31624426064175	117.8447211207342	91.01057577964255	76.21533052608707	75.74475243086198	121.6994197671836	104.5617789259818	108.9631878813155	104.7986389204515	116.6958029080594	101.3519331450794	128.9731218532575	117.5529260125353	81.37957944544519	89.79978419402273	106.7936807334765	103.2102867073374	115.8659891381535	118.2276631011663	119.0732773880407	122.3869850312552	91.47199245864599	120.2312085644934
119.3086172070681	65.31314723278327	125.9136709531704	89.0462017671841	90.93559839884037	75.56612011446045	82.91681338365251	86.65667642041072	68.71909160942724	70.35592110132264	122.8197161768571	92.04122396879751	74.03444558821572	98.78645662595292	111.3054120058391	93.77091322089197	126.3674017752111	99.28474351601773	117.8563020797301	108.3650546524966	71.10567604629431	118.243257842419	113.5535543582005	83.4318247217913	84.05442771134499
69.8821337320497	92.14460525384297	127.8634124826172	106.5783584458642	73.80057550569919	122.3204043640366	90.48253854947617	115.2306032854583	83.06129983062166	108.6130839958809	100.4944190239653	126.9946774760944	90.4564148807373	86.16082088676065	122.4245330795349	69.80973472909686	116.0715934813074	112.7729516444478	98.48900019870334	97.39618565675302	91.80060800772809	73.06002362746253	70.6548276101026	89.97137939048147	96.32642376017331
98.55299733476281	80.35998369126148	127.4561843120919	74.75459447875369	82.17924558525014	77.91691090302041	79.86684971499857	72.89936499963878	119.7136777551263	97.78748764251489	127.5275451842261	96.27243556598084	90.16042739584528	76.97018029469665	125.2609851368871	127.7696086838041	103.0607879154817	78.19989111673085	87.45134006816735	80.44985494968434	87.42507171865445	117.8323286188566	117.7734282756247	105.9922354213632	119.5024545597365
119.5088558982972	113.1859791553146	92.03423352858958	90.17204503267328	71.26473746906517	82.56175848337142	101.2683019584229	84.19410215377714	69.25414813581658	102.4636218992407	114.4625470820635	92.09854163834777	91.41586933602247	112.0706112405325	74.40970708992378	95.60892747308901	127.1488433792405	103.4801903751399	123.9073999444125	102.1372239325153	123.5143496172184	77.25439249562378	73.21569034519975	94.68274523364215	112.9490094709573
119.2225166344165	83.7631435085174	101.6133208660924	106.0761390505093	104.2502949577811	80.0805213253313	122.4842799348478	103.5896905684278	70.03606936274511	108.1073227574693	82.73635531933391	88.65196276096682	86.97164448317476	70.23630261957517	64.03286588583214	118.8094303507589	78.91878723844091	96.91767579440946	115.5874691633997	127.9078013979851	115.3508640942003	105.2785809653773	98.23122273735393	85.09717727381187	99.55252521974614
104.2384422281718	99.18803875776203	113.6100921146476	121.4688104634347	98.71709736080393	106.2571139221819	80.53688474790876	90.21451104121951	113.4554401577142	110.6156031251079	83.20153945746476	127.6223460223871	120.5948596230868	113.6741941877122	93.40562051170681	121.6938145869726	66.35287624714805	110.5423978720898	74.96701203886371	71.72233566442615	91.00964920068672	72.73484643277627	101.3331052371177	92.69748490144653	115.372555901504
105.9665003116879	116.2723192265623	83.46920144873134	71.64046240281189	101.9654929435663	69.72246173881308	89.80891055337932	109.4364485410139	100.7108172384976	88.97224693458509	118.0798190858958	102.8310388585976	85.26829715324783	98.18275088318694	98.06664457731415	120.1729724541714	70.14912206848641	108.1189276623485	84.90012747836549	71.81175260444115	122.2293074070354	108.5488728437722	80.30899246318653	107.5932977609859	77.79380513593445
118.3159048321024	70.57477023675025	89.91935333887103	104.6806908590412	74.66406150543627	104.8305866270704	101.3138527221215	99.20969297647488	104.4984391830943	121.5612765978588	104.6789817721086	93.79200180305554	126.9233803239137	102.8050555693563	76.60594474701038	90.40565544024881	90.60617041738681	115.7403124066124	122.781290612822	79.25096871716825	75.35455714112413	110.1062656174923	85.80443562615424	77.79290854184366	86.484886107268
98.71770579928653	111.8806210001163	79.31510055725374	119.4382261681169	75.2557493495186	114.8117359113503	122.2246769377832	107.9277938035679	99.41956061563786	128.4150065200418	74.25932864695858	111.8882015680536	102.4068229334765	92.4492364487775	124.3206216805908	106.2344803334991	112.5696548645872	86.8769743027097	69.57976785308693	70.57609168815091	86.36820623797927	97.82204068755188	71.70826366862211	104.3965787580576	119.7781256191609
103.1490544817558	109.9344846638894	97.66512162321595	120.2142333991306	128.3073901409281	116.9641987813436	87.11079561621283	89.75131257517403	115.8585114991197	83.81252462094008	77.24342688408055	81.09013220618812	122.7143253503443	89.57760126721664	97.67600194483624	68.5947620160936	107.9940880380772	125.9251664415444	96.74117913199187	85.95400538792772	81.70894133158487	116.9026309182823	73.81401784522515	85.19465008155926	119.4217838795614
78.62587517232787	121.3858073499153	85.66185468584689	92.21625933894893	87.88756413823403	113.9187493049889	83.37298879963313	64.47629150869061	119.755455890319	126.5337155544571	82.29170505141249	123.3106809362592	119.1603621457971	105.5363014885453	76.69515065247121	95.53637468882776	74.16609122449761	103.2423391440763	73.51603354647695	115.8840624411975	88.50152627592622	101.5980327344722	114.3041363102717	75.7945142074107	75.06308927611879
127.7961128292168	89.48141481914631	72.90972247393698	81.95594455218263	124.3556128664583	128.5080190093341	76.63908217122908	70.46980070892766	84.74283670949379	122.3311904063147	93.66223472994199	119.5735601477543	114.1482612563444	73.59795984462008	70.79374529122258	82.59923419430031	66.11937618251071	90.96516141573734	79.85859392636274	81.87593627919276	78.73079934114742	99.09060417638955	89.75594691171267	78.46554957946793	95.20169273508779
86.03960555158692	89.61390780797697	107.5318235720456	95.89432328457644	102.8937183043165	102.5911293594349	123.0976829679552	76.91053945425898	96.72378311892726	110.7579308661606	85.11241514717392	118.3295472479752	90.19005707820959	76.73843436369728	86.03959756742353	120.5949666279404	105.7376760843418	71.17915149311411	78.29315388602758	106.6960118889029	119.1596418651439	72.05466897394845	125.2958944523144	97.55993997131526	114.2013820075659
104.3088951584439	109.265541391225	63.20193222029019	108.7246462673651	84.61661780799304	99.02193381105525	71.6494940355979	61.14156774274618	98.34858212280386	96.98637098071694	91.31383276339061	65.52112270594479	92.9037712533457	105.1380034955551	86.7729618555429	112.6921011632262	62.97640505441683	84.40496038035039	82.52016779735186	109.6136384158855	75.28002114696523	104.5168585592207	71.24243549361292	83.42439769972641	93.5316798546819
110.5143561213581	116.8552603840018	122.8651196228627	78.68913208995301	112.2245968104161	127.1002858328166	121.8840205670459	98.42330939411994	80.26453098773123	78.5134574851967	122.4360577041994	114.7746490714381	124.6450404916687	111.4590046946066	70.35142190711861	85.5937542478302	79.45173591004117	78.56385455815901	116.3655706718415	98.54765502112934	91.9318704881756	128.984615117085	84.89614147051105	125.7240910225907	88.94887092665338
115.3883372656488	105.618559766855	105.072470871151	83.50197759387781	76.15592869676351	88.5565953859481	110.9311155155056	79.90881267493499	87.91881664987876	97.19750890403782	88.33858116549747	118.9490549445057	117.8119708606758	74.20169806340013	72.81717560899307	84.48402737249465	65.25906351463263	88.82677290038924	100.8873654271475	116.5429685873761	73.21361517254726	109.3790442610042	107.0216642664611	96.15120852204257	70.21158450650432
71.79115911439609	111.3476740081288	72.02507834568775	123.6689241644348	84.17958641130112	125.9461506505246	121.4336744625193	117.3450184749749	120.3335276655511	77.4548133649977	95.95476136460722	101.1658839504691	106.7897467383987	76.82369060764808	102.6591865403184	73.57877034197367	83.9116075775206	80.62296916492646	108.3372284291379	84.73908437407667	113.9553860771209	89.36469014740382	61.34746676262873	124.3986716487674	93.56143626406231
108.7209431186045	120.4772823238023	122.8871199065877	104.5644504431246	100.1061847696882	93.18292447574527	121.0714888537521	115.1575471094783	84.91568736100629	84.86556792899673	87.7336858268101	121.2135971896935	117.7716497155998	110.7854254510082	91.85546177993893	71.22143154340206	122.6409546956581	110.0302782528068	128.4556671292395	120.2935959972636	73.28095297300378	102.7955262923317	96.80640806960767	117.8840304145875	116.3168250006883
71.2817878527152	74.75349409272958	106.524147948857	113.8669162128475	96.42784508014455	82.51554470288919	114.5998220363452	73.36522640997579	109.1769439031776	107.8435648238298	85.28347768006383	121.3179997525367	116.2378621047436	114.1288676195438	103.0981900398219	79.40048302548425	112.6302384413023	108.7183941415802	119.4171024503254	111.2379722312058	85.43499034245659	120.0370942333355	99.01233517889699	110.0449545422576	83.06415269295211
79.68267678661306	91.25024435044216	114.2178982557782	70.71453659550677	69.90452246121968	119.6136750558564	104.2490632107443	77.40758953066447	110.7966066111338	125.3034471412489	109.2189156639143	93.40306274882471	86.55925188001	109.4582849264895	113.8357182119641	81.74265168637498	110.5949078949271	92.51595475148861	109.230769021361	84.96151179239733	97.52329656913861	104.0078233580365	123.4866172851375	120.569587092023	105.1405153398265
125.4718767197439	71.37238179177217	108.3292671436655	117.4225945519754	94.18489130244669	129.6053202338713	111.1439559415302	80.66224917915588	111.8764372088521	110.158310908791	78.96939905286641	88.74987527922893	102.7058676380332	119.8645539478507	83.14719470579973	128.1061205010926	110.0661783868178	78.39124365945408	76.04585699208219	111.6948463397628	80.88511498963459	120.7002852808935	122.5837363573416	100.8561100969775	81.02049806681613
86.79436215767933	86.12652213247402	77.74562748444146	117.471070321123	73.05843817509256	93.12023421791206	109.6649655673089	92.59915745453773	125.1586424041876	71.80363619995296	85.76874721431973	86.3983286535944	77.59927382710657	101.5283144299807	84.25707993114702	98.35065665437116	79.07785360141474	119.6177015798692	94.62203377138425	114.438896391382	73.75078998892215	99.39088869327219	85.48797334918039	118.3132726511333	106.6291360975372
69.88556598372703	122.6011636851648	86.17049954051204	96.96707481713702	92.17327818785735	72.83514163091014	103.4883506638041	114.558433829168	115.9870277783291	113.9915490015111	114.3746558415642	78.42485641415367	72.37354652964268	113.0016422137507	101.9414809095326	82.36504411083966	108.596512913271	123.2852821197722	99.8512007666929	68.65011184623491	77.53815026496058	86.20591333774004	83.52479823059912	82.57869762759599	76.75967649175423
99.39308299756709	90.88701052927189	121.2356253514908	71.24771349006484	128.6849142496585	97.31934903373556	108.3636102523516	124.3573147777621	88.18878570981246	120.1450774494568	102.9020688008304	86.02662924520621	72.43200424564388	106.5568569268969	85.1439312043677	100.8808132927504	65.19441368687956	79.81130928144239	106.168262963351	102.4464051321141	78.14198875443552	115.1758640173938	76.36197211779408	125.1376313396145	74.61392187725534
114.6406104514063	107.7880959953525	68.4716207322996	118.1240220493915	73.18437059391813	76.95452846471349	75.2188910367705	112.1335551942355	119.7285867805155	123.6271700450027	106.5513448988052	68.50790748855725	120.7072090703111	97.24790124115594	99.01450833216433	84.30896548320277	91.74518819916827	105.4885225148357	74.42895097453346	92.64846403588291	81.78100917432758	70.2079119649067	106.8518402586599	119.9463794428141	70.7711110010024
84.61779201475753	70.34431626599	81.26913958729824	76.68102097024557	94.72752347543661	97.94806537232624	73.19634752497569	73.80856754785471	92.51022218619102	89.67313615618335	111.2963655329162	125.0026772624746	104.1518826951113	74.94628942129248	105.6746952615253	80.99419446919744	89.33901068521892	119.2464979542057	86.6629678399525	123.348153103791	70.92112819673186	83.98530815926473	121.0227041309891	111.6998545261213	120.8341539732355
119.9208697640022	100.5879289530631	115.4034070492391	76.34171358360281	75.75983544608835	93.97865913088981	87.8639503014044	115.1107700322959	71.73300578232019	83.8641287398293	92.69533642944852	114.0270273479969	95.73210636336641	83.7083849658267	104.0420823457875	95.70924416885336	77.92766092852361	98.81148328361539	98.02763110601302	106.2512563365181	124.0640259576041	81.71606736982237	89.80704754553952	71.67995942334835	92.6374792297502
76.70722333290055	93.40504427963194	87.45687232716212	73.89952358576332	92.99527583119402	71.67430867035573	70.10092706312037	89.58759383179246	73.63988193136468	87.27983074780542	77.53802419665658	125.8789813177829	104.2406644111513	95.32591804899425	113.4085810414347	83.5223953038403	66.06719874707984	100.8718204744	77.17975972626346	64.98766410470577	85.8012064173498	129.8893490247782	116.6057708199195	129.076658796996	101.2077506161453
125.0964963140402	114.2195835324069	97.9366262302435	77.69476031033638	109.5440885289533	107.6946903388293	125.9935865417927	65.56660823615829	119.4121899447967	104.7642971579358	127.598025258218	102.7351417466845	78.18951072896691	72.9506243166296	77.51356243220792	93.28676545701826	99.38593319775734	107.8985567313102	69.20941341915545	115.5764600071799	115.4749997083208	80.24226092633444	124.0755235789392	104.5611354129225	85.90476227584
122.0864985466308	118.8051951357	70.42148888770632	71.78201655732985	111.7226943959617	105.8081206343086	106.8701060285816	69.29150620986981	111.55819526172	78.83005558116133	123.0665240534993	112.5310823229467	112.0556787532791	102.2201663289776	79.82407596398787	97.53357293752789	91.87618121610879	72.64210869058148	121.932754811638	81.64901888883141	90.37434411494708	120.9213202829608	123.2474446465449	120.4497640374305	112.4927124301284
121.2033222826784	126.4881352106667	75.73264342110164	71.09672701352459	127.9349978420482	81.74417767227935	116.0036267870867	111.7810386363166	83.88354037440743	86.75755334963981	109.9030705900783	92.01829859530872	112.4945140442935	123.5508631815733	97.10824647322366	106.8781508732921	72.38763837411248	93.30141397788574	99.50416507376258	105.1699090941806	124.4831367100317	104.093298029396	70.96999696208844	93.56361070052628	113.5949713252598
114.956432223589	119.5459831049026	87.7889978735826	72.63207367967017	97.49570176693334	84.31413054224144	90.65189596197615	107.0470956266253	108.2035136547382	105.238232838015	105.8214051171598	84.94342850949107	118.0358366202201	91.56217189658786	82.00767269763105	75.91489334740861	61.37373792691555	115.9640343862538	63.5172425030012	68.95749794822298	70.32825757485779	108.4218053880627	69.36151075649929	120.054381140399	84.42039367009868
90.32422551126977	72.80207355556877	112.0375674926123	89.46384913946825	96.01805142021867	72.38593674382544	71.76029438340174	105.5840971486849	92.85848329504844	121.329659468974	125.5968117716684	104.1867848200507	96.40762863608907	119.4355238948305	86.199643454434	82.37803000321379	90.56407270938267	81.48384211594292	113.8697232930098	113.5058636447999	111.9321107868351	77.41325183211319	107.9920403080418	113.623039450692	83.30966220226954
127.2004717026952	122.5466018588256	96.5514029422246	118.1290100511231	95.67557396961277	81.76283965280442	82.84750573038011	118.2104636242381	84.57076644640944	91.9883474379569	128.739498909871	110.3380273683562	96.86796569620601	73.92287754016816	99.52054838530316	125.6502177470837	71.47136196510684	90.98747736076204	63.71147430807363	121.6464531787158	73.90722391056936	108.6777091129235	76.45847676740344	78.69401685837755	87.14254214831367
78.46633597642078	97.30671763328884	69.12588755725911	117.9060346346008	87.96654921922533	96.26740693525637	102.9519188866761	93.56241005757559	91.97259557534383	122.6505411649287	106.5208779369363	107.4065084562124	69.6860862103246	78.49353813910584	87.93542548987851	82.88679993655637	115.4182968408769	92.22872813582387	94.23934925970389	75.20685153921002	128.2752296145278	87.19819395763898	71.71846438746027	71.51702997473645	117.0972304388117
102.2573247490474	79.14490098703489	93.64359881917731	91.19550459234851	72.77590801568675	88.68027200859669	100.563523684002	83.80214817540531	84.32700668318454	94.27491984394494	114.9879236026002	69.12366299907858	71.71006505165066	127.0302696504812	76.0192835253719	92.20175028569973	77.60287666668948	122.0043720276248	104.3057301418643	81.37392052047939	80.26032385003469	73.46755896635082	103.4513664444252	77.90686245922149	90.67191154493311
76.76097450617696	74.58754444233604	79.14835497180935	90.70158175534827	82.21100063863254	84.37168657013493	124.5192472181806	108.4267255999911	74.57961768781446	125.3286446468765	117.5866000929495	114.5119442626588	127.9285455342369	79.00756947730721	81.32564436241988	97.41015926593001	70.93720467587623	87.38971761532174	81.07721689721518	94.87969875984231	129.1091001504935	81.26942892018761	119.3096190597014	105.877280421113	101.752266771199
113.5612763983193	111.3686608309819	104.0358424744495	75.94366289993906	105.2106836807093	71.19114492176706	107.0226356773898	74.47836862978878	89.16890306026406	93.527882708229	89.21583480664127	109.080534197574	113.3216958476473	78.19567228567615	70.33064737180284	105.4646199034864	109.0147770583507	119.8801545663174	64.40100060785385	94.17938968207149	123.2252991779493	87.80779572975848	87.29316535447539	121.8744208825931	99.15619942922805
116.9604654419112	73.7384760293674	74.28775577698235	72.54358514528946	86.75723309250597	109.8793110633493	113.1160872630664	68.06914234528621	88.97851095695873	99.0694437453476	84.45549965394017	80.92270089795248	107.1655944795835	104.3195462768229	105.2547933171963	112.0067752204658	67.41000852926756	114.9451866197103	99.56506011558537	101.0854254180223	113.348063017287	121.6864743803093	88.66808599870433	85.42147657463542	121.7672198888626
98.02573193471585	114.338949311479	68.39366835096911	117.7195782912342	85.78070945583079	83.3911697958027	76.69484409741938	92.981877149936	75.82558991997175	71.50710849504338	81.48416504289213	61.94534990675768	91.98725491205745	122.3596247111262	125.3707444614525	87.21862650010962	92.43986354561085	110.5289468198171	114.5442110273708	55.7156086817014	97.42393066563447	82.88166518563747	95.64127648334596	66.35160952573838	115.3449551111337
107.1656813058154	124.5462582107153	64.26211727226861	96.63787710334134	106.3870872446287	96.25425935059286	124.603802289316	89.78495700345765	89.75900783358975	115.6605978223698	120.1336278282032	107.9660820997138	88.71046191274826	71.40771823925002	79.30041840145945	76.35461779367796	66.10034608172938	117.8151642779426	62.90889326658098	115.0918436478959	111.4039812655082	113.8334169204278	92.37120334825423	127.2747643063157	108.1457935979847
124.2255383577267	88.04200605362277	120.4653812200927	108.563445744226	89.72640416175183	84.87102650044793	103.3120900126765	117.3833265563923	115.441583692664	112.2381698693389	103.507483388444	82.28229114503303	116.3530538358846	118.0783437477126	89.15507365850539	129.4415203710892	71.93840515300874	73.9199253314668	78.18740204506476	108.8116569396516	72.53489275978257	125.2121053977443	87.15874906904199	104.808746490609	91.15913228336623
88.01830352430338	107.4938668992832	101.5523941645216	113.9078153185777	97.70313319171801	100.4163215684132	70.20372516976215	106.6969296369204	104.6455441719286	100.1795381000942	86.95303662583692	85.88760271947324	69.25155093560947	99.91997126625103	83.15697883022739	80.15533921932298	101.4613510335014	108.7149611394648	59.85883389445239	89.90569369501202	128.5039413671292	89.34199381888172	93.96744779312147	89.46360971038773	78.8387935631652
90.41960836703171	106.9225658468642	110.7448530306874	109.6174651252545	109.2029969196373	104.7512119694426	101.1491557360391	81.23912821251767	87.79083064920329	116.8152277543204	104.5267136309677	67.14690550782491	69.50196741731843	84.76749412569458	70.96270368255531	73.75444213992027	68.14635059553177	78.38269481358995	86.28197660981823	63.07005270359029	76.75755343694104	71.29716082172197	100.7450479131604	115.6619813871316	104.4100136963813
90.07925465320227	75.73224238710593	85.19602913055004	114.464647054804	125.5458861002065	124.7042508052342	95.07291026168852	83.11448624122463	115.3822532852859	84.49996807419964	79.62223921303418	100.8449929690563	97.18065627012476	81.87953042879302	112.8768512414	109.1405156284257	96.42776083655069	116.4200414176507	92.0009268812389	71.56121116302594	73.09334314776528	117.6827303333548	104.3425412853516	86.66566776170083	92.90391461110829
75.83502960313641	81.59460537948524	67.43456406758601	69.75705103047029	88.52110982147467	105.6811525433963	87.22586705921472	73.76962286825783	80.0159019345441	117.5516320813958	117.3589195501015	109.9929676767882	71.70820802893186	77.83783324538081	129.2645898459251	125.0414229475061	68.14403080636708	80.92311042231921	74.08138800687448	106.3329109862616	91.19763553091967	87.09308021814202	116.3575186951118	90.43200450831125	72.24759035872734
84.06710501919527	87.9196087022973	103.6586228635564	72.25536013118348	76.77781430207133	96.54450421935206	91.77799197517291	107.7579611832691	114.704421273873	108.2871216407063	110.5732977286305	96.94533577163239	90.31361452881347	72.96365195823523	117.8289860596178	93.60383874060599	102.5014750757786	107.6186250700812	117.5167259701037	109.0180343358619	94.51485211376257	113.2358298045606	63.23347707412259	96.98438756497382	121.4336761516777
