77.42180505963897	96.22913686664369	77.86464477061737	105.3053862657866	113.3450311674569	116.6349124839248	125.4611979326236	112.0092437517273	112.3479682705399	81.55087340373056	102.5310960103017	89.99743222768913	124.9812655801881	100.3180564335837	97.54452942225113	90.74996164956576	104.8181709356096	118.2877034208819	113.7706152490546	96.54481239214614	79.46463215191616	115.8480889650121	78.42749739204342	81.0927129189097	127.6300235633864
77.73338495553843	127.8858107080221	112.3817445592527	102.2429822865281	82.89992996376455	121.26722170127	72.32998743797808	114.3730369793792	91.37439983243135	123.8444004122901	83.43987144657093	91.37889277697117	108.1594107171741	89.37479616907746	80.76892092907678	120.6242276039099	123.4824027291528	115.6480018762039	86.58466351220349	91.94483725406729	123.3437084064301	96.47200240816457	87.43002255442801	82.07454429489971	127.3496844193362
76.29926581836328	107.0344671490331	107.4531309517005	98.81517892546691	108.4267533599055	119.5976665945822	71.1202523324086	103.435737555522	74.79560816387033	79.39941460796234	111.022126417609	82.11783251754792	78.04454091475061	114.8961008379069	127.1860311224796	70.93499811556252	72.25209879178837	71.9300693883274	91.06834205380872	82.74637383539245	101.7227979655237	89.35796770327607	79.93559679083417	92.24220698241659	129.5399917249184
81.24287646272508	118.0539308868291	96.89439495551663	93.80537262036744	113.3555206579987	95.39514973491664	108.1960301088032	73.8214766693624	90.82757061779954	75.99199098773053	72.92521702509011	90.50855937177516	77.49779100213793	101.6037717666672	101.377190937147	70.53079053587996	98.77941628025809	105.5548082593344	74.06445311792714	112.8661907775643	88.41975908433609	80.53695212981133	83.90468408342633	109.3389895073857	104.8907414347793
100.4981178288277	73.44990655866	72.85422834797365	111.4489837830502	115.697574324107	84.89260730483949	112.838954682331	121.5678401104971	88.80390270177837	100.804612097575	116.3695276462416	95.65876158788564	71.39558406099761	120.742415707109	86.9146274310468	121.0912432809307	106.0203987704671	114.2804412460412	99.17475429111443	123.6801143378503	92.85474941124275	109.1661639676574	100.8384483799312	127.0093507596272	114.2446934331447
84.10137858656354	102.3678679869062	120.1204674840386	98.77971206894702	115.1555385815502	91.29763136032066	81.16612912742973	106.4738905239775	82.2404958630389	103.2258405849255	112.8005972908858	73.61969142480115	92.20097415903562	86.67536518901493	127.8674854175095	107.9935066791097	88.61153392919007	114.8258852544554	72.45788899184294	72.75044059317133	108.8972382346674	122.164180752899	99.14732365588608	94.61819622175683	99.94880266879429
93.5913012778659	111.3260851151623	78.02046203433135	123.2378590618787	78.6543403821163	95.08139705816899	86.30704711895598	114.1288066441033	83.49939465968193	98.48381817567659	103.1677113460784	120.4721409156096	110.4221770969046	128.3000958286802	73.94470891420706	118.8060356445114	98.22248317220775	102.426563470692	110.3881052714979	103.1463140997406	79.27183476030321	123.1407283896468	73.62307753249533	123.2411131507664	92.07448495488703
88.22320611023869	79.97008826456022	84.49987484611827	113.1334739590068	97.90563903498841	125.967513300315	91.74004982005096	123.607418292704	126.0911720182229	94.1091675731363	73.22597119309488	80.10040196223179	76.61420102932513	86.9262176967186	126.3088697421834	120.5227181311162	93.34144490546801	100.1249545275034	121.1477845199808	93.93708711201597	85.83592010199746	95.49931905665125	92.63531996567571	114.3157092086312	103.5408262852927
107.5138562343337	110.583253306009	94.93412809042161	105.7958110103504	97.23522715300201	108.2019126166625	104.0190062268318	101.207559835085	124.7096974966513	86.95944261060262	75.04664515516707	94.15540185404053	74.34220317824214	111.1293717085179	120.8104385342085	81.29565423329637	73.69137365070956	82.33873517764118	91.76201932204992	114.8007304145004	106.0966119813892	112.4602698538013	82.0639159260366	104.8468973884744	115.82962585181
95.21836111591634	117.6282760808517	128.9413219345086	105.0689283786421	115.8445863762815	97.97154210212456	74.30335344050654	101.0745094752576	85.51028826711998	82.98847776293142	95.34712018276605	90.1740353638514	101.5751384986275	92.57117571229709	94.12210981952708	119.0072032289623	86.7152474425573	109.9986417217017	84.15053893099537	84.62088412333154	100.1432177828406	126.3340783889072	112.9083707111915	77.03119733294835	70.39189013845663
75.60944255885477	107.079477349562	88.76797428568288	70.97106546686092	88.96012734657964	120.6734862455244	79.68010656924861	94.65810210836436	90.95289485583855	94.45427177717939	101.5162173887148	87.95146406724126	80.57605815047148	102.314390356426	71.22799637847302	74.76656042268148	78.18912429451319	96.23516235814424	87.75313819149947	73.51364087416781	74.22515738825405	74.87242797941403	112.9522408717114	123.3441272641087	83.41044767645141
85.22120837564204	78.79688077363427	116.5739332507493	92.10614291109837	73.90038914053501	88.92406991885834	81.45180281214429	91.32761735868077	89.36868732615953	110.0060796631593	109.1113156729972	120.4399051436267	71.8501890988402	87.78230528347889	74.06156742474093	126.2453943500022	127.4216799580569	108.8905971037897	111.2720916758784	99.53583560467322	122.5106735592016	95.87103530845107	103.7116993599701	113.5769215609875	96.94779674397023
77.87956176503377	95.94271444162359	98.23662100385664	92.34320996675366	108.9867885497288	83.95411101737619	107.1284545191835	124.4056278727195	117.9835108437148	112.4056181242932	81.43690945845267	86.82790106379909	109.525912408472	105.9662064888248	125.2686436320636	80.79929368061161	94.56813412327989	106.5047915587988	120.6984691428224	86.15357173738178	79.97737575287292	114.8584792592321	82.57209741620197	94.22691722508779	108.593186283591
83.62618384219604	75.25122169082488	121.6805130439985	127.6011428189739	92.73499533369719	112.4214113803427	77.17290300326731	120.3781721146651	124.4968664220002	129.3726856711737	110.0774293804651	125.0379037016354	103.9276976567727	96.79260995559831	88.16737931697186	116.4808993889206	112.0218948267012	75.7923435267963	77.60916217223088	98.81839986420115	90.23653689944746	86.11326039824348	79.76949080515926	126.8088441181256	129.8914582603653
86.09214490359352	72.58512391561102	103.2321397718421	85.76945101674607	73.01972027706194	128.4318951599946	101.2435294485352	108.5556701761832	108.2181747895217	76.57499352994196	92.61068573025547	99.12068683465097	124.2456766678186	106.5512966497803	105.4649594093606	83.46553056709479	85.9104740818353	72.23516693400849	101.1091734405456	125.6017590936075	102.7215756251406	75.86898801919845	127.8995241794475	101.7662342691081	116.0097557214353
72.13972752591171	82.28965279547707	90.84900929651343	114.7103761979786	80.2038994660014	94.99370904680107	70.10898419868862	124.4815398644596	126.053475454295	105.5337057645244	86.40069382390665	85.33549993986522	128.146866531181	100.4352912117529	114.1472738386261	77.12647588705197	75.13913492663045	92.99419030036326	122.0125299019749	124.9953352923524	94.87929524670211	126.9135084563138	97.66295368944185	107.5532024937552	83.74683892241852
109.2188458552167	106.070479965149	85.94706198441901	90.96115478067213	89.785430418673	109.322708382068	124.5778667013779	102.1098351449011	112.5174701784677	93.59606427821178	104.7408707649141	114.0833550295567	81.77915050849208	72.97548781690965	106.0592395579698	115.5627362334659	88.36671780261601	78.57807585872956	95.7840906742973	84.51144595579295	103.4685573020627	107.9126617880827	125.9309893258279	120.3019453647231	75.57582695611322
84.78825892253447	103.497451397746	80.19171079228101	71.49729588652674	105.7706674417208	115.2412947989114	91.90649696178731	73.76958658200385	71.10896611708561	99.26609574002742	106.2411150901176	99.70789852039584	77.076082684377	117.0327094402656	95.54479482269747	85.06217261532703	108.6400942169933	106.5438584512662	111.9010893640186	72.53248004034526	116.9624008829541	70.91643708821937	96.42195758971867	102.2870281215693	71.61084351783246
125.0506821099379	95.36703639339082	90.02911204254156	91.22348686104414	92.19116574084191	113.2523113868722	74.0528201566393	121.709444066985	94.24406830723623	73.62902767555903	110.0354532987843	119.6652289824481	92.730051071822	95.73969708335191	81.32462095652983	100.3834934907143	126.0462441307035	93.64560572870371	128.4079488951277	101.4437580831444	105.9625346991449	90.29344392592562	129.3933382344443	105.0796494808558	73.76414557156517
79.3532467218258	78.69545573835191	91.18365292053051	117.2996542802402	110.9379350621696	70.97446037715893	71.0349263771472	101.9126123686984	93.70769911045264	93.18997207796117	104.08281093822	80.73278629028117	106.2767005316628	123.138406278583	123.1599258294775	72.09926720477702	104.6910991651911	100.646276680344	108.7194585974384	72.64814257841198	118.6529557324037	114.2818372561829	70.18399838717964	122.6264511226124	78.19603592345297
85.30987896227521	108.902049300763	107.4391540744992	99.76374733016067	83.61958892163236	74.576159786364	74.93376686282178	103.3493708895731	109.2942563586778	73.50554141470654	71.37745149465458	81.61706964294156	108.299648730814	101.2583902009197	93.20180470433121	106.1796883650521	117.3097730268557	73.17515350474666	87.25125262065291	76.35412158565013	127.0713965462512	74.0456040692799	105.8381297639503	84.90063591578134	108.355165202815
110.0914335515823	82.50150956603586	94.06284278750874	102.7972566297601	112.5725767496233	105.2004831658486	102.9730228224859	96.86613076774778	124.7193073914559	85.58929971025762	110.2965449408749	106.754149072058	116.5548287739444	111.6486102837657	122.7764754322414	100.2348430790993	86.89449605659286	122.0567038001379	101.39581928906	108.3386495690131	115.0025410263517	121.6042872421364	97.34868801491781	88.65902082366749	77.2409040331744
104.6884142441964	83.91406648742445	75.48967786182131	117.291865401098	85.23478637208962	111.8566133943454	81.67733413508171	100.7530596758076	87.8897583286022	119.7203815817781	108.0649566488465	106.3766655900088	120.3740282075875	104.2096123287193	84.047251001646	77.90629202856599	80.73217810270437	71.43734696321131	95.64948193053237	83.07248139190699	84.07536393426386	82.2539710353532	107.3195234170944	114.1803522969689	96.98753909626315
74.26209769323663	104.0320281898706	125.3030923785566	76.11109125169986	72.33418531753237	96.95621798260584	107.2163407139723	85.47206850914047	121.9204833634955	88.0910357052681	104.4856915164834	92.81765239559432	102.8146521709593	124.7927620496709	94.33860368982553	98.58197972883207	127.3024305123616	103.2718862367467	81.1775408958663	79.17023583189078	117.0381472253366	97.17796053087636	96.61270164205854	98.53326714965328	113.0186852590703
104.7079395458088	114.3378779435196	112.2274705741814	75.32602371390084	92.44747793514657	82.78914746328635	76.88332330605451	80.69381466707095	117.9803920313279	116.0239138753862	106.9211698336672	89.49867537621174	75.37623123661719	94.67101808952188	109.7869915590977	80.43981378908407	92.34046545471033	94.78544847020373	78.5239210464063	77.13800635966831	89.82799870202501	127.4743087254561	78.44073255788629	95.04150095045165	116.8187183320755
85.56819446321725	109.3763670588171	82.56110438603562	92.46929275105133	75.45848436985618	108.0949353008283	72.3681205554162	120.262277750601	82.83944518364667	115.749577103195	85.19099518297	85.6628687800263	93.47562390224668	123.8674809549668	87.70143638126504	97.2373754751026	71.68639103112702	94.62617949858614	94.87835386158179	114.3354291394007	84.57510143829013	102.0237713233514	104.2214440713976	106.9154360042933	87.28573956192922
110.9814644708212	86.27931100172393	73.6010112931265	119.075745851721	71.16012120912055	83.72274301680827	76.50629608598069	95.98984334220259	87.36049331341862	121.8483066285204	81.14691279672661	123.1383961444244	116.6709220763765	123.9968834421757	104.0360698506069	111.1285319232138	86.13737916933769	87.60122474969177	102.1590877509599	112.3792884161009	70.0101237837907	116.824054184215	108.9937679602679	125.5330370165644	121.2161054378282
129.6994031728109	121.00476709865	85.52852812147832	72.22640525221959	71.71652456513546	95.01117999214705	96.0837641885836	91.65899161211854	96.50232738108036	75.49157943639533	89.39346935700775	114.6006199661824	118.0245634690858	86.52352771594754	116.5876424917739	94.88746443141865	106.1622235103457	112.9445069987302	115.9019303966551	79.44441265943918	103.4095518119392	126.1022843542659	94.24293917963578	128.242535343072	128.401130577467
77.33525006054811	102.5836065883629	100.373787366142	112.0222789628582	77.67079369512187	113.4114477139079	122.4805738763315	95.71759993029725	78.85319424732339	80.63036024811207	75.94974878971833	111.6163212513475	120.4614413800384	124.0272021195119	117.4513608066453	91.05045165649955	76.7083084256717	79.76890693742125	106.7938470606898	110.2950877798777	91.38559055041117	77.29449426223741	99.00477742896322	98.20245183110725	90.94834073396332
100.2871963278957	99.79053818511736	121.7827486292224	96.9144890501001	110.2396722400388	101.4489690980399	98.26886161628769	113.9734683897064	75.2739435093871	113.3238132485435	79.84130743235505	76.3178629534128	95.0111267953429	120.0821665097481	77.62956619232307	129.8485017502586	102.680786270069	80.90405307928927	109.6222851270065	91.63903744845678	70.58174929342799	123.1968404161267	90.02796605302878	71.65462455958163	108.7460767308478
122.2481957043762	122.5884063507019	122.5512773459905	101.2604031170695	120.7123838973927	125.8761381269985	96.67976164410503	95.80769382276654	99.80808964839562	108.305214836808	86.14911882367481	116.9846167103677	126.6738954604613	95.83005551297856	91.67024682107183	104.1145578263814	70.01822372051757	126.9402012935763	88.95767837299113	109.7798396868801	102.6301634715888	81.60392644644762	116.6967314859444	118.2208019273302	85.23433193968326
83.89025896367535	71.65886570656923	124.1683763474902	76.60665687118376	122.4808436859359	125.5473548155164	70.59202386459303	117.8926644300161	101.9237544227885	87.58772564482997	105.0525099372241	122.9248510170639	110.2913988204107	93.73365658324549	94.10593953957152	94.18232181215089	104.6026886660278	70.49193164061589	125.9852612408008	88.28957923051608	114.2702457050912	123.2859850710337	115.8472645245083	76.1283681175655	90.79604718065528
97.63651839883489	94.48253600484003	120.5755813186516	73.02599803358339	103.8189048930601	110.0697022306813	81.68121399058951	102.2490638042855	116.3122846105664	83.24909332143029	80.49521075537615	118.4859808078016	92.72166034179712	108.9607619219563	125.6927151915179	97.64662093214372	70.91194142814513	82.37118426648821	100.2178223921706	126.7063266691492	112.3878845775927	84.44910960503893	86.10582570401763	122.6330232181901	76.06882378035976
92.43740299321044	98.22455524227954	107.9934409226154	91.91865553623165	129.9863552929379	119.623643826997	90.06360961331512	103.6856860348591	107.881440834261	87.41523449508736	98.66293294893072	129.1460776499742	108.4705944318566	101.3746315720425	123.4297527813486	100.1655690532611	105.2197365483422	90.71863397622721	79.3986806166567	82.72932875186439	98.66324287992029	120.3942007805165	123.7384542716616	91.65843897694471	77.17939801710101
87.86541522796671	127.1920437107989	123.706467429863	82.48702646524713	101.9203775487869	89.97797589972276	116.697896538329	127.0401438930627	81.28081792893313	79.31329441604376	96.35087127450599	75.93056894302191	106.6233191067265	126.0169619111173	96.51605012027551	75.53597654044786	74.12041397515171	77.17229959919543	109.0393209288376	100.4449655772572	123.7687330737282	75.71857574550872	111.4105914507135	118.0423784183958	104.7823199766581
77.70396221514901	93.53493209384939	121.9346973412019	110.7602539446212	89.18729784883489	112.6204326321113	84.87757712726086	100.7560971075645	77.60450983259557	112.9967908083861	70.52224206594221	95.58809795137753	115.0976472529555	102.6913117839978	87.27740621849495	104.7324366161825	101.6921189567569	120.2248684622537	79.83298876864473	90.90251040699904	104.453998685213	88.72975726910589	120.3921211028991	102.6203818499276	74.94953855569109
129.6513911788287	129.7639571385819	122.9930648314016	126.6659038323724	119.5440664987235	119.4881445472071	104.9123806268245	101.112842090216	108.3826353804685	80.74304587195542	118.9848423883644	91.41391397949462	76.64531670296437	129.7275812048034	117.4590502064713	129.3163467777113	104.3852111047482	77.10368799524917	99.79474347849171	92.22853184152714	73.23710217673134	125.056631609172	127.5963693675421	110.7496067439962	108.0174578300255
79.65759566897516	82.13784660334952	111.6938754347	81.87335832000213	78.0159459858413	83.33977958938439	114.6691028207221	93.66320994026385	91.40875022306403	81.49105392114242	74.42368756052818	95.16281592748992	97.41104968197158	99.74671860729637	125.0730710282537	109.5662856022271	108.7554124687702	81.48456861859009	127.4935875778458	95.45967730540093	88.91666596171297	77.51300810360213	105.7247548549846	102.2965646229988	122.217859913092
76.56374745267613	81.11907873381372	92.64561701620998	87.48177000683251	73.4343075125371	76.65782579549992	109.0063514432242	118.0045861692832	115.0012489023278	108.3360139575268	108.0015093467455	95.44740733320626	89.04504554830743	119.7204431941963	72.07746591047402	97.43309653769118	72.34876340825765	81.30785979210697	93.88647545340078	78.42396771249258	113.3901694987937	125.8371970664438	106.6552447819913	91.35764832931216	120.9014890063503
99.29219651947807	74.3600022762085	103.4077687746511	73.64225442377531	93.10674865374918	121.6980709751894	96.73238136929621	97.91032801984174	128.8132228899501	108.0243073522556	115.6198153945469	80.15123082609	88.75987359265754	120.2522296868265	71.47454771825959	98.42557935520989	105.2516614206713	76.42330264539324	100.4570122297428	122.8016897573947	93.42112366199859	100.6296091525738	111.4622717389887	104.6284614471872	106.4063276424658
95.96913109316515	94.91797658081596	111.5013651950759	124.5373050090508	106.2371511857764	114.6850267358913	77.25948695693468	120.8479389686414	99.04157534683861	110.885765080827	118.3255582998409	115.4379286156368	112.8934849005767	70.04400957900054	125.3953582236221	92.66952295803189	80.82097010139452	78.61247975179299	118.7452671424014	88.02033869269806	113.5336576548626	106.1172908668451	120.6026055901245	104.1931901041005	97.77372676694725
112.6861106628423	79.2497124152588	81.77377483028866	110.7552630558988	82.39679127218292	95.68556845169454	121.7754485358108	108.8485597400255	122.7584346032843	88.81742845349166	85.96573296412254	89.065160831958	114.133271075105	105.554499654176	119.0238514548567	118.7905948956687	126.0872113218543	101.7188899985998	78.07974813335827	126.5894670774265	94.23865672974131	115.7999844514791	105.646025864582	117.5072346676352	126.2557528550526
122.1739411935339	125.6261353321752	72.11844326812211	93.36204749280449	100.6142735640749	110.0863200942118	76.55551057404658	79.25461551167285	70.25638149495433	103.2726768962389	92.8166724563402	108.5485286940161	112.849630520215	129.2004420274292	121.3368833729793	102.9739967753999	102.0723045019016	126.4099747917817	85.30085684327619	115.5421711558754	97.90447396417758	100.2613814816665	119.56278932621	100.8460594771103	81.08959135732057
112.2312551009553	82.28172957816901	121.5350010272843	115.2801734369744	77.50836893846663	78.56481852852643	117.8354828630445	129.2741144215839	88.23352525075508	104.6616684993741	109.9996428481026	121.452571570665	77.91677714246299	88.19432897833099	98.7937812008426	110.595465679149	126.7672974323372	77.64030268313149	81.69366717970243	115.0720555028597	94.01956009317215	76.35407784097464	98.29157641125121	87.48392309434206	88.75995778213623
105.5785772541383	115.0725219496348	112.6032361550928	86.30319932529163	78.79033489912091	113.2289699194681	70.81012210515031	75.94615927010956	101.2022373624187	89.58835901225459	105.1733987060865	83.64122000486218	107.8708270544867	90.54179007337788	70.78999812150448	122.8855139298515	82.83230276291128	70.10042682426312	86.64660840218055	127.9736857284263	101.839627085788	109.9083832850778	84.56989162849183	111.3689565056508	92.87109760958825
102.2183554407557	96.90031062798974	89.09511285611737	93.66423763481815	73.1031366466531	122.6362750872307	101.0761388751092	101.6731128453773	79.62428859263883	78.76948984410762	111.8981323386669	110.1801749690638	115.9310661925797	128.8998548088823	106.6377233952722	98.97608827306223	115.5561147549211	107.1087131103621	128.3426624219631	71.56765822535918	78.5818267405253	107.101829329078	91.56643937513628	96.6548438813484	87.94679422249123
99.55618130692798	85.46463970189028	86.19872731292716	127.8777845075533	101.2367849254279	73.18109276564167	81.29993677103379	127.4763549915207	126.6572715809068	102.3536672362792	104.2573825437778	115.02756056235	78.06875196075806	94.00202184329676	124.2040731644578	110.6065133925873	95.94373436719772	113.459184268412	93.35560383028006	96.65705693610096	96.51839418067749	95.05895260457477	91.36638299086081	74.40901031750479	114.3627171179803
127.3728686333025	81.60860161203297	86.53926119101708	91.06526331286054	81.50186838884083	96.6011320910961	117.7463874180201	114.6002293555779	71.53807004932045	90.88284945308945	93.29042872378949	94.28005545993319	75.73089841963424	104.5966764231953	105.243466885549	87.95757562090985	126.4862148460699	127.1576024706794	86.38184541861007	98.23054930040166	86.41477185718652	111.8197699703402	94.41330710892426	121.9971705261928	114.7434122376775
127.2621837049533	113.8495921870528	108.54387221129	102.1977600390137	91.43456833567322	98.46186958523975	113.1401883012224	69.63209671549905	94.73316461083166	121.9732873502934	124.5152001827975	92.30952090382242	89.07018354260497	105.6292345494937	81.28358048746512	87.25697531801421	85.17483162010878	92.61320487935804	78.262298174943	75.86487272227438	91.54066115745566	93.71183740705212	125.8543851141915	84.08868245803743	81.53589956821548
75.07052337353886	111.1657548424892	122.7876297690378	80.65475248665669	120.6249083836487	103.8879755454998	100.0695177606534	75.0000007932906	88.86903866482341	82.33472445297116	115.53459234213	85.63909200969434	128.8253366689527	71.65537363514385	97.58484134029977	89.5622358148018	75.03896124751799	90.99128728623631	126.5505046867041	123.4534164945042	97.11921504998122	113.9283042196976	92.56988607531846	104.8236844818921	98.86518619170673
