127.5640616367237	83.73813993401096	93.03832991169554	85.93667385100093	80.71106334389762	90.00732668409768	111.9572142709832	91.4209934022897	112.2846997720885	114.8005811966245	77.31655942860652	86.21469342811976	97.17675108145261	125.3594514159454	79.02329883718311	111.4853285036375	102.642740474617	116.0336906906549	117.5030628433717	128.5848849959264	98.36682804987811	96.11559240300097	72.35291002882387	84.440985146736	115.4780928811985
96.51789023441424	84.97735736999715	120.0402021892314	122.0498667551475	78.44563716949681	95.47103129938701	125.3946486656377	108.8009228094789	113.4200602573181	79.03034717167897	106.9271719309184	104.9130153949528	84.24276680099925	101.7923569891488	86.65627145832175	90.83743047571026	108.162937340198	97.13069080295102	70.34031642177405	115.1288867683763	83.34166030488547	116.6405227776042	87.01511784689941	80.71706022502713	70.46798933894668
122.2641754362915	122.6850397412832	82.98060544017004	74.86884342171631	81.29375487056856	87.73148181032421	108.3736772213083	109.879526434751	108.1753699830838	71.48556315333245	76.18901955996472	84.97163957046527	105.8056332066613	115.6103715648698	121.2531907333415	111.4411990709415	74.84181698001186	123.1747718591598	112.0844662524435	77.66921516034122	112.1550975960797	94.65306265404621	83.69081888003451	80.84890034297621	107.7531037723861
104.7899275563598	98.08009027155009	108.5649848585479	126.0971750920912	129.0286151112584	78.88603679122917	129.1173371246003	83.6064709532279	70.22559920375009	112.3860045547499	73.8494630598874	84.30339938276589	126.5063788615173	129.9314940257611	98.65424488304885	73.90061566486992	99.70188533150409	111.0905733468659	115.2944538598191	77.89380741936975	76.29940640816817	117.9451305782769	98.99233167449631	89.12861106557575	125.2843977115849
115.1124941461729	104.0333946626709	92.38927796758847	84.62419222872641	110.5831214351304	120.6858588446807	97.02288913321929	108.1485758257614	95.88346718850678	120.5141879480234	127.8873171692381	99.33717090609849	129.2452875064856	114.8734107916031	119.7100571950253	94.58970908948424	74.60127095913089	119.4054343170457	100.699856878419	71.31089792148539	87.72492850500109	100.4079702177467	88.6921342836273	76.79352962768414	79.80274720057051
88.91781794576738	84.87352643052485	80.39099967690692	76.87263523740366	110.6448299044628	75.14411905508342	108.6411110951555	79.82155992345218	121.7435547898394	73.57770189360515	104.3041071892941	91.90953703046439	72.63474922368059	91.18989760070747	87.325321902257	102.1042493133832	124.8749760196726	128.6428225901993	104.3627085452852	77.95959354443934	77.90088744284117	129.5849122011398	98.60132835910116	70.17367902223214	81.95298888301343
73.34934682838293	119.5212813767662	105.7493501067986	71.67485351343349	105.6352046235332	79.55351017958333	80.4027005714789	115.2828784005756	90.66894807061375	94.58734363689423	119.6975816592054	75.48109342522162	90.8950114602624	79.14902629404102	81.10850898534889	102.4574267823496	102.6738941929869	118.1355445456254	93.06021077139368	88.58117487161243	87.06617749977977	113.4534550982414	70.76062453092666	71.32213143797995	93.5105238460112
101.5323341496926	126.9649951444008	83.88092505704483	120.0614474842338	88.05077470128926	129.0364676032101	116.4532579248116	123.1465007087667	90.23940588644999	113.387269449356	110.547886776546	83.34241168887033	80.45950199374579	123.8141671259594	128.0235827618985	108.2560656527702	99.98953491650366	129.1398611342858	128.0255665408442	75.64499744799868	91.6644186172953	93.02991857865703	85.01014954116769	76.36459889555333	123.6117593302604
90.56171911813321	72.60869605880735	76.08439626699584	107.9267285065584	101.7923462085195	76.10767076411109	114.0636595435992	78.22347848193837	125.4560898300176	87.14033379082355	123.5450149788492	79.65692754696377	112.2810326799116	80.33283357484422	72.4485945598048	74.14705963547367	90.57710942798737	88.98432086013456	82.51716975626414	93.14395203274802	80.82262041093091	86.76693715196447	92.95001534382803	89.97315082002905	91.85708447577791
99.12381894657923	74.20066970557863	126.8052903217987	94.58107302497925	111.5874520563337	121.9097118001823	101.2949762296283	97.39925959204881	103.2015541345905	117.2220988974462	95.89565124241332	117.849756257515	125.8113807629442	77.94059712153947	124.6041403614616	77.20363661159222	112.7070469312172	115.6035188382568	91.37732525908707	82.10869561610843	72.27744181801276	86.30934425107813	100.5513751110886	111.0256915452258	99.30451948867326
128.6214116607024	92.29044770541449	107.9900750166834	104.426588637585	114.2592929062266	77.95118916955801	83.30041585077332	118.1283137519244	70.01329426372331	105.8259242561098	72.7020730371859	120.7608232640564	98.01646942999338	104.0904068341519	121.7090260488673	117.3524925371951	104.7222698599069	120.5975697604319	102.3023156933743	93.46518899724123	117.7380470888926	101.6958963702087	111.486543409134	72.55870377918396	72.18086070776039
101.3390119018089	102.5372287506077	72.09223117448202	98.99566788394441	92.39976306083211	113.4519855214036	89.45708711993805	81.87270512615748	87.08467317196754	121.9392265562125	100.828084240843	122.2720750166181	97.1634956586136	117.4602685476929	95.46559618287088	75.33722816524246	111.1846456225448	92.04544182886485	123.5058241809583	101.0463241490257	126.749502673934	78.94815398095579	88.3592797029133	84.8129134122526	107.6857970752012
86.84599400081139	126.4363472267523	99.91943346099396	124.8522720886498	73.21607664054659	120.7756743553002	78.75982199355056	112.7779692508192	122.9366095036571	121.8183234906296	86.65200983635688	108.7155778203571	88.37654445813769	78.75432119772796	107.0173854347097	122.5629942390222	88.38784750770007	89.34969981574363	77.69297201787562	120.2890941945493	72.48961365474324	105.8004536155739	93.30831258838275	115.9845580270326	87.10390619100869
95.69248145890813	84.84031183512656	84.08853392125921	108.2996609579506	128.6232702790486	87.52974874754963	113.1123045630961	103.4452893231907	118.4962221064528	71.95080799398305	125.9386612309907	93.19759969714694	109.0071678709567	128.8336933510229	90.76314168565288	103.9694461612205	129.1832434450073	73.93621393140398	84.39233496718063	117.1059480059735	91.08108638031379	82.88250968933241	117.6087263284897	128.5030377848438	74.02885384670839
125.78127969834	120.4942495118325	129.8103982548821	87.00337941710175	100.409076810988	96.0945290475168	72.2153329902212	88.63870652218806	127.1867416952485	72.23354335639942	78.65167823169296	97.81067486464683	93.53530668706506	116.5344966603556	98.1625610168181	112.9053389330039	112.4982044138234	117.247782623937	94.93142605564603	123.7172699074365	90.41688138704669	99.0728114195266	112.5992036944785	127.0597647014561	76.34719298728476
77.7945803167613	127.8404957336861	127.2318802389429	78.88969329277789	121.6310097833805	93.95376314825418	74.53642015056684	80.43402697761537	84.52486012700344	96.75314619016594	104.0658789080277	112.0846900504137	72.2857791317041	128.2188177003289	79.93385633347735	114.925319467964	104.003874860387	101.3840426789774	76.94951916674975	93.61680898279386	106.3547413269039	74.31959095910432	121.98069416741	122.9798309303512	119.2189696207498
113.8680127830811	74.84822967228992	84.65379744319722	70.328069406076	94.24557066201909	87.51879145799774	72.50942564576677	72.50565008090531	127.6309758799688	80.4950399739358	119.5247577372676	109.5515037503624	88.71409930127108	102.0935543170874	101.8013089506648	113.9829900165169	126.0059683879892	79.78289763082674	111.1260991771875	106.5445111474969	78.75352659964116	87.56772456858066	79.03351708599526	100.0637570731631	128.9322376482472
109.7802410837152	109.9946413778981	92.92897329554216	82.43777549651274	107.7018564656457	87.60940540022952	99.88201109305339	103.7451176831125	123.559015104569	82.65338513074781	97.8284159422368	81.91485853341757	101.6469168596328	72.97841104250918	84.50880234100403	103.9915506306057	103.9232178997058	71.77688516708018	75.10614148601246	103.8833989007242	116.8779428749831	89.67829604161093	111.8615697272978	80.35421952834065	81.37364095863605
88.99623463414071	103.9738692474484	85.71554532374493	75.93700164731094	71.93796802301242	81.41848067640569	119.5185954817921	70.94991853685607	121.7696091631913	129.157578369158	122.5093025694399	73.66244295502949	115.1625338642999	104.3265690472178	123.8555450585604	98.09216961385252	104.0030400137336	125.7627045952319	110.3063452307645	102.5195420711648	96.24305619694033	75.16896406168276	99.64636436382438	101.8869596446973	102.3889509886195
124.1727443554734	79.68685655323661	74.86982385901534	122.2714614572247	111.8988186452977	85.31170593845508	114.3390442116623	89.19395106420365	116.6239025325024	123.4581259529588	103.9472141961645	121.2579305198771	94.15330146771723	111.2380429430376	107.6845071074522	76.93204647609404	73.00924399191186	128.8922041404637	105.8627185579182	83.44579416754885	119.692060213116	77.97909679227044	115.6288645421671	122.4980593972305	79.93580214733956
128.1594804653248	110.4422102573365	107.7602710567122	100.3915929074594	99.25685089637076	86.33418759131483	109.4369721249758	113.0522521835717	114.4889536803724	123.1740165377602	94.18834468873452	111.6460828959556	80.17325268064883	114.9149306408339	88.27409679581636	124.8832768160727	92.0148212113115	109.9993062448397	106.6320177847528	115.4295344817426	96.47046744704438	119.1056841389307	120.3689745974498	114.1429900840141	101.0307147915702
113.0484955153881	81.28508249302175	118.4698618422441	109.3407928425994	108.3772924983718	83.50837203239392	106.0445031723472	77.06837745164603	124.3838107479764	105.7516110351742	81.00329711606484	107.9079471617155	110.2821054006062	106.2769184351328	105.7033404166608	121.011279973312	106.6085137881051	79.97943017637257	92.47423096599633	117.0839854715014	122.8887486507699	88.16691292433384	83.5779184249478	88.92424119013863	86.97232204654904
77.8680667509698	111.535213250515	71.35504720032186	99.67172550339274	76.56923632309498	85.74191427894135	127.1201440982495	125.4815064867069	124.8180302182398	113.1541048871054	117.3763243036789	103.8273431540339	88.89951565138009	98.37140747903621	118.3848710924899	103.4855828376278	94.00333707988507	122.1973879094593	84.01059768383709	121.0114408796053	84.08831934891049	102.2943142224333	82.29848757159334	84.32760134860698	84.51455981896019
128.8329772557575	77.9123762435116	100.9520674600964	96.71622375256131	113.7114753299331	84.69220325983765	88.77562593593798	88.95593940696158	100.3352326338687	85.41289642527468	106.3245273379721	106.6985045153303	123.5155081237339	75.55487971737547	86.47935657272873	118.4140082741992	73.47768799128131	78.65459563869652	110.2727473896246	108.4145907223203	102.1149104927358	123.1587634410734	84.42470143828851	93.59748673509421	119.4367785844677
107.0719053689425	73.73018927191399	117.3630342324779	71.666181512577	102.396148235439	91.25518881690229	105.8569445662845	74.42011218597567	116.4967216665855	100.5256676997577	107.2934644003782	78.60438797414685	106.2890333358016	127.7078461131995	90.64830538819049	82.62786586878107	94.15505717472583	104.7843223293533	94.80817627963134	129.415369789774	102.1778788582866	109.2142526214485	115.2499271464343	81.20688361724491	128.9465295834261
95.5592367120185	114.7596670226079	92.52109383835509	77.12696809560632	111.4016738183655	70.43489679635138	89.60581985391099	119.050658236263	96.59343268349686	93.86962929733296	83.20082551178621	102.0694007702488	129.1810798969326	87.22131821263693	119.3677360667449	77.48461544624109	79.59871961719435	71.30668146820494	104.9115800193747	91.04023283165259	103.5647684833915	119.6912614034393	74.56989378247826	92.55723026635792	84.1980986912604
76.96319658634148	115.0972504360485	117.5240012942384	107.3967258613108	120.6878837147287	100.2388401722758	79.19995136280161	102.8454687065086	78.18046543567706	123.9411273243755	76.37483114936606	94.94790157375589	123.6136969067762	124.8936637719436	104.9701004529292	109.2064457425101	119.7435343837299	117.8184559685624	108.3743047625634	121.3075997043505	123.0581075208661	112.6242817008411	96.87180085243325	86.07185994098288	116.9990981429617
109.8780880948715	107.352753391072	76.29949545621972	106.6515664637847	112.2529509362172	100.1270050406759	72.23319805724195	87.15941686765487	71.68290626979392	86.83997588504518	105.7410646910969	89.18028423099562	87.29619876572883	126.1296143317926	93.34671427238644	90.00549783392353	78.67603410598814	107.320651451379	121.310255610446	97.15589165596062	91.42199224659269	86.59455686176383	124.3688298700047	85.84582495455521	86.01611410918602
103.7552032566069	91.41887042144299	96.195533895807	108.883333176188	114.4043851811997	100.4915867519553	100.616452652495	81.98427443704122	75.79633181391429	71.59321149095473	117.7990048075523	119.6033346082549	114.9045062506293	106.4491302020401	122.8121449281137	93.41915031062881	114.5141591400416	97.86192694746912	122.9519445421526	70.31603857749306	127.0691119398846	73.92231624437436	94.08766002215981	116.8916752929451	85.04455170875281
78.29446598537106	79.08747530498248	126.2854007949285	85.36390994666223	125.1507999498477	74.19486616516454	127.7893239179569	115.3167741626978	95.70203045805812	116.1868770927072	103.3324789461433	111.0944100203374	108.8175182082312	70.30916359824792	110.5563610782633	99.02394118200039	105.0122954874087	102.1166437650793	99.34273685006505	77.42663809652849	108.6222234238477	85.48707446546595	107.4494582166976	79.87548897430941	126.1859425005965
122.8319527651502	101.5908633881974	104.4202111902365	110.8997196635595	125.2640489132653	100.1159212721254	99.54825213522147	121.6065299969433	97.42488684639582	104.1920925920467	101.1932690528602	77.51541645457252	85.26656052166771	80.2994395839809	112.8896988905792	125.2154881133167	114.1474045325282	99.58171644543435	102.6001615192219	102.0723309804166	110.8186125247092	126.4783759815153	124.6044054619357	124.0876161825538	83.19983550628953
112.789146413427	112.4740366547797	119.7795135027123	74.99614501892852	106.1090555209298	120.1247556820424	72.25249432234652	97.46873934110786	110.8947670193385	103.4687475479141	81.18410181071633	73.76224133436109	72.48870839529685	92.86150589866264	120.0433090960714	75.11484848480241	106.3456409472195	108.9053123731487	115.3043387831526	89.91445173897453	100.0498593759479	99.38446110209674	87.56347819729913	111.5992298795124	88.91347271315597
125.7474996211405	113.9664837600514	129.2921705279508	103.3650318315997	111.9317809664476	99.08233905270993	127.1793046593804	120.0927257863348	128.3266432582489	127.7945710393814	111.5923080665832	80.43021645917544	103.4409468353686	112.3032972913599	121.537579466638	114.3263112794393	75.87763425144662	105.8580004183941	105.913711012006	128.8713959454674	86.48159234472301	84.75606751762822	76.4790728187123	96.24032360049563	100.7610961697486
79.77657630935511	74.13597335253176	117.0574441232526	101.3374726132116	78.10942623179264	115.4872888630732	71.07821414302352	107.0976268220908	113.9869748517494	119.3554080372157	103.5317949790457	84.41889002170321	121.2445881249592	80.11866019039144	103.952591812833	80.66786471590656	115.6360316081253	76.0634369619938	118.7655636798138	76.16854436460702	101.1650039633166	90.18202733520639	85.52383877750255	85.74320118256192	71.72584578150457
78.60533069549089	120.4938078160567	123.8916768093491	93.61252052545117	96.71675437170433	108.6317440268485	72.40489689234968	69.73057547636738	108.4588753116562	113.3476452694115	105.3842209188816	124.4169028966685	122.3680699165071	86.79983679041631	93.75407471490833	102.9076607769301	110.6315766290966	86.01621891069509	95.50790899955732	124.0613157484734	78.31041921358003	105.4380964983543	76.44329331529455	108.8623397762058	126.5846196747309
101.4515041389369	129.4049299967269	115.812943808246	125.7919286301225	128.3251644225708	126.9653437117442	95.45194044672812	82.90943207651782	108.2128784309142	70.3111572138007	70.50063042820521	90.00209687497134	88.21619979095408	109.9209053348413	107.4361800677615	78.96405691553699	98.18879098422656	116.1949420116279	82.50250125094968	122.1961591635944	94.3757562524729	88.09596319785992	94.99460906740933	119.2500139813428	128.0376834691552
76.99558694558179	84.63253647576086	99.41296458357792	101.4984178648984	70.93750759885896	109.7028975273828	73.55250317245482	123.2909751760292	114.0932214461934	114.2517283327394	116.7462796094059	76.56638238462183	126.4227155495209	100.3494174287588	117.9274375226327	72.76658478828099	73.40322931101713	99.01006864789599	106.1446827222716	109.4327243792773	123.0262926133781	86.7326361262253	127.3283611149114	89.43019852912887	78.76305987984794
110.2833958727879	110.9193895785784	95.20089349656948	86.26781890352763	128.1225635072358	85.57285412453201	109.6866071784859	123.0673751972698	125.1237126075049	76.40986673289984	74.48241624661216	93.61319087811469	118.9514651608216	117.5833978028325	78.43495715890859	72.16305106987663	101.294444440371	86.37142001079432	118.4864461686051	109.674427089563	90.7424362896169	126.5576081681936	112.1811428846765	100.214153223669	96.5267226726926
76.78075658008324	99.36489699642669	117.5454735054129	113.0677323422302	84.01900243357905	112.5977295650203	73.41289988831974	85.8068184447098	127.4858785768413	78.53171493638635	73.05655274504491	92.91488262890749	95.28151056790426	90.50033838530226	121.890330170798	109.5257401929188	111.234953360408	88.48532333270043	114.8353457969646	110.4141530504173	118.2923936862585	94.67915742487197	89.45944538113517	90.8338668141019	81.18486303753674
81.39078301096983	82.38282376703829	115.2892051725396	100.3957296507215	82.37480758963939	101.258814640285	73.80646198229523	128.4529299180697	73.3324780245709	120.7939807479542	104.4101724082867	72.37832885368614	78.84921478486257	120.7917305580517	102.4086412859704	92.90491886875624	83.46721990977396	86.81828292493665	121.804436137487	127.7123963498454	107.450332388606	80.64521422171519	83.8962247340325	72.93355283443928	86.28339135832327
129.7330466832035	102.0322126399226	69.50976210769595	83.02686120105722	78.78377944711545	105.1264621349976	74.83945737883393	82.43836978442334	105.458838190109	95.89555626895219	92.49430465441411	74.78624925366233	84.72869842399129	95.46891713123979	81.95294178216787	110.7221528635627	89.09829928024536	114.5404536784878	121.3457000403643	128.1564289770212	116.6317542636339	112.8795080178309	117.1837913064201	100.9410471842769	103.9690990049364
82.19375678825092	75.07181112326965	102.8555919754738	78.43879502981872	85.53523342527231	119.1727693354062	75.69906388970668	91.28169634715977	104.6692599430006	119.4857929022533	73.35988331555755	93.14912921234942	111.8673956375027	100.0078251101103	88.75294242225777	74.99935020059937	82.44801775353781	125.1410758533922	76.21973443761347	125.422601115906	73.29449707409596	104.6533417377566	110.9497577260665	81.71312662914492	93.36147672389465
105.1984519445774	79.44632015412644	87.53428845094707	128.1507767583744	117.0647088007093	82.55783871612888	98.28183320718801	103.2629549684058	69.97166386224283	79.88274559561067	121.7663002916355	120.4255165544964	95.12174319973333	71.09015549156604	79.51878632657944	124.7608373464433	94.58891849057332	101.5080761704982	75.84677967720987	102.122375399521	119.076044992473	107.5015525904558	87.01558928856514	72.71788808322495	76.49366543287269
74.32308278871882	94.31759654481476	85.69359943727579	107.0314040878378	97.4503609494345	80.04521108105523	77.81970306449043	105.5350759976384	104.0461275170287	104.9457177306402	86.81610377068618	124.0652915951108	95.44262747020741	125.5798910693478	111.7472705524313	97.0661476401763	81.59270062741689	97.64996345719373	121.1837590940225	106.0864449685537	92.14075013880255	119.5284377980768	71.79381160608942	124.224474025618	89.93146128660895
102.5294738512893	98.41675402865076	76.85318263019637	97.33931073201586	93.24161149462182	129.5950381562459	79.20481537179839	107.9494551425672	95.59700752358867	79.15545685823227	73.72543301115657	101.9547732193338	80.42081458089771	75.02448810384583	100.6782304662559	100.8794218411319	119.5496481344566	86.96631674854453	126.1013111810511	73.2261584621529	106.7766709983121	88.33104676637876	103.8723157466487	109.5187431888359	75.50753680215935
122.4620928572704	73.26243752022091	94.71729886470884	99.86411249138575	102.8433415358883	79.90018332756885	77.70426027881172	109.4752344345679	92.68754895014732	75.17859073064379	100.2129331041707	127.961564087924	94.29464755129582	119.3548054859515	103.1108643899523	99.55405137673299	76.64980358772587	106.4940297276456	70.83884746010527	100.2995973673992	103.8637146608665	91.35454704319127	83.03782966979946	93.73474817270281	97.32838480311837
120.3970734871314	96.88611305896471	86.0763807672449	94.6960464819154	72.8280534674719	122.3079738225398	73.39647857734452	120.0606775235383	93.00864633547025	75.64535580130736	82.30841458281871	88.72285064910105	83.3575566531981	76.9204665316864	82.40378289518178	91.77193197779312	76.38479469532228	75.29581695458018	114.908747888397	107.5829802356523	73.20722370215353	84.42381124661264	76.09956580605288	104.6817833055076	95.67726814984246
128.5347825130255	89.91681764388895	90.22593980328442	110.8718216613233	90.1019824601491	113.3482589791216	75.74680245293955	115.4101508390084	87.41051002832482	104.8176552236301	81.48314964770779	128.7679637001907	76.32371350283498	126.1146278810951	97.83357472903793	101.1896366126195	84.63534406743373	106.7097094247297	128.5834204467697	73.5574505871985	113.101458859325	93.84346456215808	120.2819922663845	97.10623109329144	119.7858352332176
72.8591109368593	122.1597230423251	78.79810350942071	112.2129476865402	83.15105800062983	98.59047025863066	107.0141899525579	105.4370744139072	99.88013335324183	71.22430157570962	105.2709081078713	82.92367982291594	90.27051308395238	126.6349752774576	128.836137726125	114.8113550859044	85.29493952846191	98.37330804796417	69.99152098903328	96.75765158401364	129.1853269662914	122.3391790353374	108.109164911919	82.33145131017793	77.18928945118371
98.51282125389201	80.62155969028674	122.2666472170085	85.38226831293963	116.9584256493708	97.67030363121047	127.6981845038075	114.4105097954406	89.32143942781745	76.85705476170271	87.71648545027168	114.4572495925846	81.95494143064207	86.98931111583427	112.2366275027154	91.84847939334368	119.7934661983736	100.4073656808503	96.08711706658156	76.77270153447159	103.0083417493586	119.7689596139	108.7713466675635	118.3866031175305	128.4831644298777
