0.1389838616805806	2.031142241054073	100.5760034026338	116.8751707348678	1.251297923074921	1.375071189092137	2.823794288940529	96.35409719571223	1.64322535426645	1.945182302029039	0.6979698298797032	73.24919559494258	76.47855634836002	35.09939377701679	2.609786581901285	2.476159187637051	113.8938674942681	80.80268510536466	81.9349781682164	77.32944587410977	2.697637577442451	0.6165657889173688	92.9597876820465	1.42594575313189	1.593080633127194
1.157844001538091	40.79356022495911	65.06302060581163	70.85968581610366	96.96679351967435	91.45485048627667	9.271736940820059	16.64958476077578	60.10455053188261	94.53993882024996	111.1684031328529	81.42902811682072	107.1937835855193	79.41287786701591	0.7932928006705855	16.51886988106131	1.510586974046181	90.32699430524863	3.976458372424396	1.200786435536167	56.25459111974439	98.77507792654103	2.343255086065654	82.56454304366385	56.38815461441817
2.782965917334913	2.615197575008611	94.70873877788031	112.0149171141535	11.16336502560827	21.82236513733781	2.217372985633554	80.37841843519526	10.24572929692758	33.40918715667975	51.58266121916425	89.60130335397682	116.9340111133217	95.70628261269073	1.453389053036534	0.399621731122808	70.66100551319435	97.87676504408715	75.8193630070466	53.59168322291072	1.71428585133233	49.69264349609833	61.32655847021574	57.07486296006775	1.797895910292908
1.842832447816023	0.6543822005865563	92.80485141106573	92.46523732345068	1.785472978848762	2.161214115298693	0.2777555578268899	77.36668700665777	1.381276482720399	0.7268401123690966	21.42922799074409	83.73969236171644	92.89347662797582	36.00517846429566	0.1363101810192681	0.8761844672386627	83.19250342846689	112.9503711480651	91.95495627868155	84.7257221388314	0.6795977359944536	22.77617713455766	65.71942583806184	58.76523818882519	0.4774656232321788
0.6471404968231806	1.14059868389927	108.8487371580971	100.4450026171531	1.756888868681415	1.28324289968955	0.1142780133370529	100.2892767703174	2.427490347192352	2.606532754773899	23.72148631413943	74.96183725789528	84.6078923840944	20.72583999506778	2.374067039787737	1.100452596305731	92.72207640882993	101.2029250311807	77.62079276220354	103.9638804827236	2.914912113489196	0.6497822521133729	82.37019129609941	27.52941900234823	2.932430258930803
2.94217278307361	2.300140369361101	74.59431510820367	72.98423715117256	29.07233886003175	28.17350429023798	2.830960802305576	63.84351384851408	58.30238046251722	47.28708679857552	60.27821970548803	84.57167952121773	120.1766765394342	94.69224805598051	0.9718482376257078	0.8623038861471306	16.01527155259913	112.5629604461681	68.3809763498285	40.18188134403061	2.819968791141628	43.67286453983829	56.53775329110843	90.56925090567071	0.128197082261268
54.86001508062618	64.28775251787424	6.423198602759733	12.90072205660626	89.19706022288055	107.6850388949911	56.29309654662279	0.09886329921387506	86.09059959279092	88.43488431008643	99.49769360623173	48.50316075947849	75.29197711748591	88.23372971718463	54.65793031565231	47.41148375487202	0.8504826483431094	83.40271808613369	1.101113272644317	0.7469547761453648	73.53566548116605	116.8912779603432	0.6225412456226815	116.5131749298754	73.10296632479233
0.7908671929125644	0.6612268730066915	74.86666957521281	84.98684619690718	2.79305371189762	0.8841506404482082	1.429156627199187	92.89725761649117	1.352636263753954	6.710693275801948	49.58170095638327	93.3175114487059	121.9058624976835	87.19276691183293	1.165672135820474	2.304438960668264	43.67175656694982	120.46153883503	94.42352059921848	81.79493102729637	2.820238341146485	18.18389185468284	86.32019779369148	57.83918364968068	1.717864311201922
1.354914933545329	2.253145755507513	87.751169666766	115.7983443069595	1.351653258291458	7.681109692693397	2.908625051603677	76.19170151594228	1.274262325799129	2.110261362581393	20.30337872139787	83.92333312625878	117.046720957755	71.97893235937667	1.919441766023405	0.2462204431343979	56.65673328980419	97.59898780373571	108.9613521106843	86.48639917678717	0.8408474323242074	22.57439811554222	86.81040174569438	53.8643777840889	1.917404901322684
33.64923457312083	62.37962464742384	2.042650852105494	4.626231988047699	88.74363555757682	115.1843660863174	54.09010246251424	2.617190386355093	87.04999024255258	86.92916082749366	113.7368411990497	38.02195230559268	63.83444085636853	77.24074316713984	64.69803360220294	84.42848611538864	2.799968308701036	83.36358879331019	2.686351728714138	0.9015801909847168	108.1565978093652	99.84124811930667	1.691864149654753	90.99368703878575	74.67853445119133
86.40805916303277	86.23412895606793	0.1930586987361289	1.868421461679133	101.743054900822	93.21489260115733	96.17925634615159	0.529913121706272	89.76112378927766	113.7819204736976	102.2913518817527	0.9269453923002295	8.674576547250883	67.59379540415203	75.10098272752155	99.26491561729533	2.883264236386038	67.39118467519685	1.407343027385359	0.8062678652773312	97.50114150231327	118.5263606663005	1.996051956775645	78.55815534664771	80.70812172181088
1.963268023827997	1.093892057348515	104.9891903038793	80.99042991696412	7.5368702692436	17.870458014861	2.327644488311939	80.88139146252067	18.22271274490515	1.37394003696518	61.67378398521873	103.5665886793293	117.6614242517553	93.13177144978371	2.632634742594109	1.805265095514328	68.98390217574885	86.67330757732933	100.4672901119465	78.26234789933443	0.5148590681091969	22.1754782512769	64.47143133778857	66.19661668134439	1.541487056100791
0.7960115713178371	0.2586142214995573	80.72567606323958	97.34966602086911	9.047124768663249	18.20217261940729	0.9745891066738557	55.7421504718269	9.539857258416532	25.40755272162816	55.60234138961661	108.3686107078593	88.70499040087552	83.30249142844958	1.369690010330043	1.262340759660862	38.02197678220209	111.6700669919513	53.91705338131348	80.25309713126349	0.2496406940866996	67.61805116367579	45.76029998168053	91.26146058993046	1.396801817885422
99.6674646705479	86.48978079069252	0.8690262743071751	0.5526149355615457	111.6695559239329	114.9171281514038	99.66514166956813	2.11406913349542	90.79129731393213	80.65399900227894	112.5434276180013	1.725761043047654	35.6405269435632	48.3885504268689	84.3408055488664	80.86797811006967	2.452139811210899	63.13711700426424	2.685342610973229	2.496212418568684	107.6224698616498	119.0006965971342	2.274697981047062	67.18489418181264	86.15445807494712
2.791470760775097	1.524933678058161	85.34659612059809	75.64808233869124	61.89331135108338	52.32433189014228	2.947411613964741	20.84975988125518	37.23496259755069	55.52880739064197	59.6276790407302	97.54690887843347	97.45619291934599	88.98011587039794	0.09374766245095914	1.605540928221015	26.43401535777467	90.11252827263252	61.45839723276799	57.87925550573209	2.894376633683136	82.19365005212798	44.93703259762835	99.59840380860796	1.144863067959875
49.32515787967205	65.4634793192095	2.797049717768453	8.515561410402732	77.9884068267356	77.62405542548842	79.74879356083676	0.6723412818360071	96.69834781941557	104.5679492883621	85.012097243504	46.88120081716019	50.5654939800469	65.07111567966842	49.850495096072	68.9957022887221	1.078422748083313	71.38741986108326	2.066710037097923	2.350730723477411	109.5956961693056	94.60546215497018	2.728842308885644	78.67104651903263	74.11224998011843
119.0847689481168	91.4817624408096	0.01569098407228799	2.252031822673388	74.72826298387761	79.66916053186881	118.7712067302729	0.6402694770322839	57.06879731726357	69.97643248866201	70.67279905206222	0.1561786653660074	0.1529658898655926	7.553483985168491	107.0513634810864	93.28655334748441	2.656145213867378	2.19363852378757	2.590524130030362	0.4829498433337946	102.6987184878003	76.99100903225803	2.562144906201508	3.02388800864167	99.0606596949614
84.84664084659195	102.908497425295	0.09901787240712979	2.818871252770201	77.29122363452638	95.03408856223236	93.73151551027644	0.09560874682150768	97.37069882147131	109.0687822299912	81.21730542662385	2.662728729178077	1.135590723788873	1.231727926723566	99.82534799176884	95.16417996550774	0.4230023255443696	1.399603623407194	2.336835955424497	0.4823844103132102	97.85958426573367	75.99729143268705	0.06923538096153273	31.73636601695013	85.05196971919568
2.36776868129486	24.80588562232469	51.38506308901906	95.97492002870925	84.56302076610842	71.696590971674	0.5702519429546378	15.77383055899155	65.73079500954412	84.00448362149537	101.5558957030987	85.1701855647518	74.5263432106639	107.8939035642017	8.659531631012101	26.44350943824701	1.654617242514039	96.11962029133934	39.67192153053799	27.71671250574013	57.83619164647899	97.18804420711695	4.221246822006606	97.71818269879998	28.03382567014677
86.77883200371988	85.73327647758056	1.902489537965972	1.67685170330598	70.76626184676013	69.9591080826755	78.27372090622976	0.5227487816119705	93.23319326430939	82.51056561681315	56.79393276437108	0.290126552692385	1.203718496333492	1.45154803598478	97.97343865962794	102.0243645819376	0.6057594747043731	2.098461483669843	2.579951155699243	2.303981931621258	102.8640556402764	75.1223871676721	0.8528388478335045	0.5850392304719814	117.6810291171237
23.8759128205544	35.8217566276879	7.994510025529522	52.44393947195826	96.8560171602991	117.0048340616038	24.89639055791065	1.919893724517749	103.7147361135933	91.61002791496621	77.08978668021253	85.38997688277595	80.64736474608736	96.80218546165605	31.31059266174491	62.48131760420807	0.6285538633437868	103.6541116027828	0.5868985872315484	1.991164693605778	71.48992444530471	115.3331704283738	1.138844062195941	86.95963654887845	50.99888519498391
90.37260379002663	98.39118871308183	2.603749051990813	1.915144712594093	103.2540414437911	102.6594069516813	69.59899879606567	0.844437543373231	103.1482665298271	110.3700270587341	109.4969649770201	0.2223186351878135	14.1159584442107	73.93693389818642	91.17231807651072	79.07396349240533	1.511844786944939	34.7146748612538	1.274647415684823	2.621545596974411	119.8535593441268	93.84558834717619	0.5515541600521954	83.7365704015222	94.36505915095152
26.14907859673043	60.08660740609446	24.87557651062552	39.15837109589161	82.76908960239152	74.0153543061552	31.85914280001309	2.529025192808195	94.79620221793786	100.7617264549393	122.0719171574166	94.37730728752987	70.19126341066084	79.88264205427251	42.9769623224762	23.90479778336018	0.03597388665899262	105.493991179666	11.94020448802336	1.841642168555037	87.83424921958832	99.28028949707787	0.3035664086989163	108.0692494061662	71.98616218055982
93.71573866783983	90.16828767319595	1.754636311055718	1.563352759873014	91.13715943463463	105.812719599683	73.80736154170741	2.175215865116821	116.1293775018295	88.12555025764421	105.2696492003904	2.116154871596716	2.258333099558012	44.4307116974319	107.0363996400805	101.3021715009913	1.12226387679682	53.81325451879719	2.211943274375884	2.838676540493889	108.1711628012454	76.01422206488222	2.975661524818913	47.64882200694662	86.69174723169193
64.15103221369458	78.20795389447677	1.526012501509514	10.084336892219	78.46288862851279	88.73869037618653	83.323748270523	1.600980173215751	108.0116898210815	84.00654702999461	78.68558918541113	60.17869533365557	72.21001284976049	68.59517317270281	85.02119298473575	91.09509867024835	0.1612391669851242	76.59556559403379	0.9221274797593852	1.725049634537735	76.22177311250184	83.88381191860549	1.020665393491757	98.37338807251919	67.22517586860883
100.8789984901368	82.72101296869428	2.854686525503482	1.940638007767457	113.1766466892825	116.1995027939599	74.12728837096594	1.659025000642595	82.32938973771942	92.86296346745695	77.96442918876912	0.8935189827043362	2.497202774086053	62.1268196368253	93.342957795617	103.0175376020264	1.886282239056451	28.36356296346431	2.55764203042497	1.438001294553779	101.669668094749	86.17884248644475	2.393675396488254	56.5226765696098	82.79986276984826
103.8413614033593	106.7977203860097	2.254293493241278	1.474676996705351	75.02151250820161	71.86403472472576	93.74407578920074	1.000987776829923	80.73307328999843	77.00728914364061	89.25475741053754	2.013769639357669	0.2538849729359031	26.28666065579303	111.517548651377	111.9875140164461	1.434041739352425	1.079946831859558	1.45996880107167	2.135870919603225	95.47469123573609	103.1756350554993	2.836141900033278	37.24801548852969	77.95242567694423
99.63869270994158	118.7231047994705	0.7320248751495937	1.370169524426335	70.80642891207535	92.98151516420995	112.7844138731215	2.993536522465376	109.5342879154032	91.29291114931614	82.3353658162595	0.02399724892660706	2.285356610433798	3.317052145362535	98.79705010495353	90.26987862457065	0.1274236291549641	4.547381368814538	2.165365678956387	0.9915757590455034	121.1591594052963	107.3641831202725	0.3091635983075587	24.70975499655346	103.8092851929534
48.38085250155386	69.20267487730499	2.676178961021152	14.68502921129242	111.5700631819874	83.9518285512528	81.66743261169381	2.976996682929458	103.933028141482	106.8064992373809	103.2760877861083	60.67456168340061	51.41778697483014	62.23707286308186	69.53452234103929	65.36082774693816	2.101328524555349	66.26047924343111	2.373107358130346	2.187125347295026	83.72596666630635	95.1234853858145	1.713731006843213	86.91539177148849	95.57848997088664
70.08473150711998	93.21458732378591	0.1598477724947313	2.587645984078563	108.671691373461	90.51976485057645	60.54429804204443	0.5660950054675462	117.9831041122294	78.00389312008927	97.69703865236781	50.58407478995122	31.14232603849072	88.43845014144514	76.34314189242622	77.78868450366176	0.02155194773539239	58.82492065556474	1.688756183117047	2.899392845662644	102.7292071334577	86.74904810663028	1.78704081252337	104.4374194228679	83.05101362064916
86.03091213607074	94.98432462324016	2.823894762430732	2.253181124443243	101.7884718010223	109.1421323546704	109.7824460662194	2.001377154910592	114.0551864245392	106.2214137890029	100.8835394944644	0.2105608349579767	23.41273801271686	42.48065474646732	85.64626038130615	88.24328761929686	1.309530569725885	34.88979162859313	0.2112563706030692	2.467882505623798	111.493848716813	104.7050977334487	2.771407762250295	76.2679786831135	115.1502542020141
121.2460195780975	89.19896195944598	1.944081597787511	2.193381973465162	66.7264902817295	81.78295567848171	79.52874599527276	2.609952512101728	73.33229489044598	75.9794496642366	66.45140980067504	0.121089981666934	0.422062332208589	1.409399180251102	97.41309768248321	85.21029519768774	2.41591621659902	1.33425995573426	2.714041660488672	2.936860766466094	81.3024496251839	83.28625260401996	0.5017940328314849	0.819221888358693	79.6956617352083
21.61301023095982	50.87620101386256	41.59836253769396	56.06222487771595	101.9418337266604	100.545286167677	58.32871169615538	1.4106319999209	105.9025251690575	75.85615127655259	80.91424319322795	95.34977911870507	67.9468977016807	101.6688110707085	24.10595742578622	58.69001733002511	0.4357397870640718	94.39715660449623	1.048341710477213	0.372410728470537	84.2240776497883	96.06968029012933	1.935355899484741	104.392718329659	62.48709818488973
53.10846092867456	81.98770798323444	1.05541414579602	51.04912268285815	104.5192060798044	76.68069108719452	54.48909091001592	1.44976707878192	82.65047392844338	113.6320094582737	116.9309679322415	67.55991528104263	67.85806968556621	94.20394155612121	59.65825809195921	66.95856288199596	1.319090181106726	106.801706601583	2.915866389239454	0.9552551794004474	72.27766603692545	95.73027314486038	1.498899215228545	97.95473627002481	65.89336543274032
104.4243165039697	113.4603970623992	0.6602014839694827	0.3596645981129799	68.24087994717861	68.97113208789963	95.79642199629035	1.306950205104004	51.42421004683619	94.78197276652621	54.2707643080677	1.303036906787544	1.477286865637311	2.337294209190473	110.6609555886207	82.22414033034921	0.2308330178486185	0.5410127608036506	0.5815505143853084	1.191752598026971	98.8843719184589	75.32401345308365	2.360762030342607	1.381840726661939	89.88929756071126
56.98539218375466	74.32160551839432	2.36673725437547	14.30274147631953	110.0580415864918	112.7600597486507	87.8898076708054	1.03066248841808	80.67544497323948	121.9247045762087	110.1596199860367	55.46787109603446	31.22947654525825	75.80370203351752	85.54133679137408	63.2104441799041	1.125743703930142	71.03068230256255	2.220995358195117	2.57914307835935	81.20761439536237	84.27162349634804	0.3386824050061925	102.5631295797418	80.75966927454103
69.40242936705545	88.8527111519565	2.159701694857532	17.28268613826623	95.59989461545806	114.3121506084512	69.01718614667931	0.06346538353931855	95.14610022292655	83.13719615325319	115.5158848468381	59.83622283736648	55.55711235081719	95.08563448745937	71.56803411858053	90.89768918836317	1.676690149485622	64.24790098341862	2.75784558841834	1.721397848531225	72.1254514232305	79.60230708952488	0.1919020465609197	80.69448753612318	79.34717139535906
98.76956456346642	117.3238355590269	2.001296833671188	0.2092953661993135	70.6571509172791	91.08917807027065	94.39561262347731	1.800534788551686	112.3234400166517	89.78775969606578	83.21242728158761	2.243930764749115	0.1159012124046557	45.78141935181746	94.76210862301775	121.5888053899499	1.235415456819364	2.718430089228757	0.1846513576722257	2.016773975630759	114.6006710980349	102.0282414775604	1.238299343493699	43.03668599490655	118.1127512815308
100.7061993116315	102.0035143052635	0.6352300731583611	1.350247286716957	75.43689113201586	113.369805300331	105.1078277249516	0.6204623515883929	100.7973269140071	112.9150793837595	75.68838442325435	21.2338342823678	1.945588514956128	71.44290130496496	69.67671397572614	88.2449596435055	0.6436738925012659	58.89170461646749	0.8188612643800817	1.868249201436564	107.1402083460639	114.1826335587841	2.57862731076241	54.91123370821191	112.1806638508033
5.662149324864995	67.95446915138098	33.91517997024233	47.42699733545402	80.00459802927405	110.067709793352	9.663294205428976	1.083644339646118	78.94619292815325	91.86440006447819	119.7173779562305	77.98017195594524	108.467447902669	94.44132084405922	37.20647687844101	30.2083208711614	2.191859443005503	89.04729571757335	2.108947324395967	0.8988512619383435	48.17248272422528	94.49513884601699	1.054046521321274	108.7476964117143	71.75391786842525
79.9529312954491	63.07075039097201	1.304338147523924	2.011674673786024	20.67201996334087	41.06224978451297	83.36492500454392	1.049599222201785	1.597841329595179	66.46799395331013	0.923956953784856	1.985543462672872	1.810006623156209	0.2608080182016693	64.98341847606929	107.2082231484906	0.6283742326781521	1.608923472296987	2.939111036840058	1.427884670761382	75.59171649176572	60.9129467962135	0.03728282765415439	2.353835538379121	82.58985266541119
66.34968239169683	74.28503804005382	2.45770963167367	10.06157963391738	85.86218397711258	96.38867885144555	94.6546233374049	2.850590155450287	106.2796675226435	104.64442052417	105.37726220087	56.37856939150933	52.19673697953155	58.8268821434371	61.7799167819378	75.66120747982076	2.095444750083555	52.17882282323428	1.85783534785381	2.026198927200262	118.6448340664438	76.17774097008473	0.1401086901447658	93.77895563441204	80.306518314768
78.12051170218696	62.31477034414708	0.4311692188003934	2.168195668041089	7.219174482543792	51.74482033157312	101.1455165630915	2.476899880700624	51.94255173463912	75.6160552753033	8.988356992086601	0.759154393986776	2.791999900244627	1.757689774161979	77.99896070613046	112.3997230566548	2.788618189465962	0.07270669189291826	2.375083994483695	1.964596755910089	84.32370819265117	77.07323156459398	1.693038605261621	0.6403408804802859	77.26607805318439
107.4438076235367	79.03930863303644	1.030603124017799	2.263570952217059	70.86101650833385	89.4753346997451	95.82189586987914	2.037196385435351	91.47003868281308	86.92932102894974	59.85622387589066	2.973268914706037	1.861094012712144	33.45334744247161	96.84066607072037	87.65952660252017	0.5143098545928086	0.663784340091123	1.239794193697866	0.7954304597624755	84.16734239964052	109.994012448627	1.438885728677659	18.70101426541822	103.8615221374304
115.272412132621	62.95699192716773	1.863461245054613	2.024412972036496	31.66316043802307	42.58743899421984	82.91473853155895	2.111719651473905	44.6027234798361	67.23058413152776	2.247986647037729	0.8782016914362634	1.907114445795863	1.529358116905025	108.6923854592332	115.1283554055864	2.741556077027486	0.7784784185594691	0.003957215777699053	1.543824540740157	93.96488383753984	77.72774184994591	2.094702519985481	1.856026727900503	80.61226085338649
94.83562895457985	109.3352196028514	0.3086543270884473	2.208444999616044	66.74000633457507	63.63966698148914	112.0841641879696	0.4782243191184878	66.69248268318887	109.0727139156535	76.7500366618433	1.493246806073785	0.006311766777723959	0.4784456549353887	83.8386981179243	114.5881214792736	2.746034800675051	0.275331913908417	0.6651487488924352	2.580439125692414	97.64564939199114	79.60678356963629	1.293559896337928	29.90132917036335	109.2704957543853
67.62410975247533	37.7886342938111	1.506562088736874	1.821653757921668	1.323905658175487	2.908965425317245	27.69776942494259	2.622582058948936	2.639399977062354	11.61037466104956	0.8127258577172027	0.7587592982921127	2.531752776479225	1.103763544561833	52.67171342820245	70.84718758020412	0.5519099703530725	2.67135353306601	0.3597016501648066	0.4282289985293757	48.60144066504074	1.947769299750714	2.081903600891205	2.705015831564358	79.55783745605757
77.79401187665765	95.37464986527982	2.545687148575945	0.1200814806522009	105.4194870286086	106.2114701327641	84.47772581248638	2.436951427511556	105.4934204931371	97.95692113725653	62.98954318398287	0.7412925460204862	0.09799993107047024	0.369957397128165	106.913891563026	120.191975127127	2.667502078839704	0.8793772082094904	1.797211070722234	2.002058101135915	94.55383424672378	99.69779920934786	1.285809133036588	45.59525362586913	87.68894421877553
48.49744848880957	7.031751890478255	2.661953130950228	2.477198344284499	2.308335666280555	1.733656045830558	42.87276589208035	0.393039995622246	1.506034677307941	0.1952327312584472	0.8779516091412847	2.824403516751847	2.359862009613055	2.452128958349278	25.53190439442292	30.81797954087767	2.324074856716261	0.8145373406341225	2.378029958572966	0.4225626494533327	16.28444169521244	3.968362582240559	1.643330969571138	0.8924240754735713	29.76557206260932
94.70997941512869	55.60735076433782	1.160550486476261	0.9698869862088946	22.05939415310112	42.26990017346563	85.57578623118309	1.453363530284771	7.840397104606577	49.24127875327571	0.07660873180150021	0.365541579830729	2.033861488876231	1.39717503888284	86.10083108330136	69.99867542942	2.621946170412094	0.6049133691299433	0.5887087562424738	2.688005170934519	86.91558384164736	31.55224652854626	0.9339055623979657	1.205763041629649	80.09959134418197
