2.808624345427856	2.258296266232729	78.22716756365388	108.7881419314785	0.7276137868183497	2.204448224663319	0.6030283183942835	99.63376898726926	1.676031984169899	1.268056436519774	11.9718921607524	67.54443701031643	74.32235966422954	48.14326740466785	2.506808808121995	1.976423304986627	107.3484884030188	76.1855040769441	98.27164150304318	99.61882333468651	2.789438983280565	2.485840709981111	93.40188678733537	28.52934473776845	1.189430931932848
28.61321505296032	57.33738997522656	37.86022787376498	70.37634905388799	99.21475926182734	115.0914889441294	18.39149540659275	0.2785987218762316	108.6895031498629	100.331335019989	82.8747389456486	73.57786662904171	91.65764154245616	76.96430703752337	14.05828647399878	19.92311707369947	1.303511948755009	82.99037929102681	3.728964006862924	0.2553140730201209	65.83981185313483	108.3490889288104	1.688503514938337	75.84242736721184	28.31958681914899
1.786445790406701	0.1273528858866617	93.2934807211746	83.13593078570595	60.5130192386037	91.07776532323339	0.9930157594472147	2.114881679635907	90.347606290888	65.36965131891571	120.1006214906453	113.1095819698268	91.6230486534523	114.9257215103482	1.911634290436192	14.15746665122538	0.2243949680434173	111.3431422118519	24.68998487528009	28.06172349984303	56.67842280514535	60.82112104404435	33.22609142147117	111.8381300224285	2.826664583587434
0.4129274693918738	2.269226787506634	106.7058735737644	85.15015890551911	49.62680250632906	1.961629384527971	2.980503104732219	74.12888861807133	6.868604044020707	0.6749448084107119	45.01675973682217	101.7122056649841	97.28953605824427	56.14836999268611	2.46791850891539	2.701853600485717	58.45338715501143	89.8291982740557	85.08275716845526	76.64297634480729	0.4707210558888924	69.40033312118285	48.53961845046263	70.31846382965706	2.503563892027747
1.189319721456952	2.984216049361664	102.4244101418061	73.24796224433037	27.65482895207358	15.19951124401224	2.644457270342596	81.43725692868969	0.8078660115931002	38.15671264731886	56.41067912923907	88.81957331134089	127.6667151799312	90.83893814056327	1.773603695594819	0.8532516274876727	67.13116901832998	89.87196250553852	68.26852975738318	74.65246707601416	2.739088526603273	59.75340835712591	64.57572033419137	49.02434842386636	1.890796520873124
0.9256586868589569	2.954384053625153	76.65218789153793	85.5170633133847	7.384775320412587	0.224035896361136	1.958245055899683	67.05383410853199	2.418567975919593	8.127271881561285	62.65012780807793	119.1893523751948	74.28279537068464	74.04423125384655	0.1241157396688044	0.8244709312110829	88.08584890308938	100.0560865030864	63.64063180786596	106.5527669663552	0.9553079499151698	46.54332297554781	95.38517284670272	94.43198530014746	2.962532308448509
2.312055801599062	1.848626732074528	73.40265493311402	91.86803211373946	4.767501797158666	33.99159452610593	1.217301653818115	79.55437279278598	0.3412627347992886	1.198044478069234	65.45633168376088	73.3303077515218	108.0006621028889	81.41333609943342	2.107985616453967	2.160898452194746	43.72912570045936	84.37127196982321	95.53655354100816	46.83170103381042	0.3278487772897732	22.82497239473126	72.34119608788465	79.6043358761175	1.540091978477415
2.612403052033682	2.690357877825277	118.1583110891451	118.004842158746	0.6255975243830918	12.42834705716291	1.777704470838371	80.68615471168408	27.00295095568016	17.15473110783007	46.73132560033852	125.4176702928964	94.64048169048911	45.14317085298873	0.03727969026107705	2.7530115127781	90.31951628223398	122.5404171377197	95.90083370728237	73.70763065456813	1.422392705218962	1.704708499956716	83.87299088140561	81.04637394530243	0.877155796014413
1.95838140086572	34.18753898989587	74.16159438315131	106.2616811053662	82.99413086688386	50.77030953869368	1.989574614502851	39.06163042497944	70.78378794612433	52.99492807458964	104.614900702441	123.7524053044279	80.48492638157224	118.4960687888596	0.9596902784235628	1.563181874259012	1.531194399865241	81.83251348932203	54.69322232493165	40.93664140138563	26.40196574366192	106.1024856623735	7.63793559827073	95.59898486881764	18.26931524645818
0.6078397250843306	0.2414887131820969	78.87572989156423	100.3063364374913	27.8013251746352	48.50963718379901	0.7584335959614674	22.76637848509912	71.73971190585138	17.18162754763074	57.13237857704752	121.1461917276429	108.3062769240757	88.74786430453601	0.1069625220460357	1.86778434351679	25.16763571267157	124.6740651306752	83.00244579310312	16.39037243138895	18.22415527620231	42.90227087507422	61.70619624998966	70.33338004171603	0.1879774348384354
2.325615582542179	1.543514830778308	104.7149558443671	109.7203947251722	53.44195653001087	59.51436497063796	2.752328290416973	53.11145161422047	35.62576926558626	58.02465508016041	81.5526149014371	110.961869416797	123.5030281510079	108.6160166401661	1.938767063215499	2.53632477486667	42.68626280439435	75.47223654859997	77.72794444773257	37.27921687788078	0.06929310614815812	66.60023915997397	56.54983685382871	54.14604950615976	0.7291946859932978
22.24024334950195	58.06452810547373	6.458799770960475	21.92667804059405	79.54556888676797	94.65268928428375	53.67595640070792	0.4093433282207267	119.2813247395224	112.5177689325496	104.4341041565478	59.46653588389529	57.98219834808749	104.3372820890304	52.56820362173882	77.63853690659647	2.639868935309101	87.01802716673018	0.06501617470353951	2.866032561838283	82.77263292450201	110.6176224648309	1.365282155476093	102.6730891444487	85.42209517644199
2.989577950970752	14.34860951098681	45.68511196171802	93.40070060366409	81.95017518982033	68.63141276296483	1.936597001245274	0.6984229190912037	54.3453487932792	60.50765691269595	97.90100312314689	125.6587911969931	76.66888083241088	69.35749215157186	0.6441690303673198	0.02310844105443977	1.798612205246751	109.9462627966151	51.8161190402113	23.01617219364866	23.48249574574655	101.7471655752642	13.14479552566617	116.548583063019	37.53829247748783
66.9908117086926	72.64796131765164	1.939491991667931	1.045139359230722	67.53442106146726	127.4312426748526	111.6510796970737	0.2608447826884719	110.3329456262151	124.2273092060094	84.47609258220004	14.33114662427782	28.93613867321924	24.90419591987361	66.11298822517708	100.5430476200127	2.966616004033051	47.07276752728644	1.630556327031082	2.801220030549745	128.7381326122761	111.8507316946057	2.927919804171175	61.84216188718747	73.25081697557793
1.587697739060906	43.03110942226351	46.17251324907919	91.53618623366816	86.77993663551651	78.24449388561317	0.7313447151853463	2.436801420299763	80.8618443728038	55.08883050859849	111.2339986618798	94.37491964884336	116.7973796086871	83.75788313961574	1.290276270727863	6.950893902069694	5.110260115282927	111.575828097957	40.17833066667865	9.951366035523783	27.79007397085134	115.5755492954839	0.3106222415425766	121.4765540973297	15.71019656107817
10.83103206273572	66.75222428516842	58.00278278595978	60.28072914373422	70.4534363966775	90.19895494452773	0.7439465719675304	2.479921041489051	93.19723169068678	78.99035678402514	78.71810451745289	68.97455091341757	58.21229740817233	99.59942352285861	38.45573815677697	18.59683996154024	2.640195601875766	81.43254261149492	1.170573109205906	2.054601707833394	66.74375079013586	97.33174617444158	0.1767066982684209	125.1062775009491	79.19381184882172
0.148968452838823	1.681602749831369	78.9972675887539	100.5082055486023	93.31638514381561	54.06910415879379	1.782729375415385	14.91429629950436	81.96405424800818	59.39169781469215	102.7691864657164	117.4633684751841	76.12539046794844	119.8936948710371	0.9439273526588521	37.61455672584563	0.9580525916437601	122.8718478092681	47.92148318883076	0.1764063442163959	46.72472310170187	80.04757865150793	0.4691562219321969	85.72951792046211	55.71323837063234
31.76297008305121	104.0681266535092	0.1349022918377522	7.675293088069637	79.65242896768234	71.85546482918632	71.08891811397535	0.1653392923931517	99.08011914628736	114.3821965800807	80.42556994629069	50.39357293657527	68.9631351531942	114.190517354509	36.44828868817858	73.39099226957033	1.211023170598822	101.2796913453503	1.171205165095696	0.5437614943334526	107.5115383895131	87.0858769386108	0.317444886360861	92.17504813589014	106.2635512207255
6.774994555809954	43.54894935898682	60.26119230229156	83.32013527808414	93.53363114159495	108.371724778695	16.43678338836432	26.61010981832604	85.63119081824105	46.00297066755716	121.1838132040529	74.68422454936174	83.56926813198427	77.25665172254682	0.6683917352481403	20.5696724458662	2.983309812620097	124.7409056161723	32.5510341750134	2.350038777946006	62.3225419353362	114.1452293918879	0.9082631550975071	86.76951826103432	23.65973090450289
30.46850491779227	80.78935040095097	24.3494345106035	35.05605629490782	90.23943597301437	126.3831575248411	57.86607045195687	1.496231539280486	75.54162528695899	97.76782132123813	82.2796943767929	60.17311100120706	87.58261149251189	106.2365804122355	54.42263286099355	85.15131078360227	2.325091565624815	79.67661471193563	1.458451821922597	0.5561765845278579	84.39935891483478	106.1715219072059	1.618618147352064	95.67634964018522	103.4338902724617
1.878548961111988	2.943220388930046	113.7749833114271	91.20282696621798	35.77776802105504	44.37863080208049	2.836362608310129	55.46266595003807	5.874806870817949	50.92211203818985	95.16391552152021	124.2591787041202	70.3138679817831	78.98864116772481	0.9622398269832457	0.9605102202646962	54.52943995666925	128.1999139876645	41.08662806221007	41.453630311072	14.58764294366134	83.64148511716054	45.67476931008676	101.147202758646	2.779542485916099
0.260585210895577	20.66367723626783	49.22046307660155	60.2172240136385	66.65915154636663	101.7953448221421	2.105750699997108	22.30022633232288	53.08155704242	63.11309049687046	105.6634667634523	63.66455090021519	68.19304409886698	96.57588990218963	0.8926798282234161	15.23379766940175	0.160604661972679	74.84038810762183	1.575893985230404	17.27012092045924	47.43137924472506	112.2274203858371	2.713674637593294	74.97685024014852	58.07455159909597
1.889034657738694	29.90731598950494	57.18530660016825	58.63696038403666	107.4483694551212	105.6819934918514	34.42858033586307	2.365489447495915	102.1553513505838	50.98865895369599	113.9200410388276	79.51011207067403	104.2181349244575	84.93788691436666	40.67114875541327	51.02032235733174	2.912766929301863	122.9188852494972	25.98529235364705	5.638410225343804	41.36845589580366	89.90070335991408	0.5216285862540999	73.0549265879143	27.92029960651071
85.49538453498576	60.68665343099092	2.433434950581006	26.89254004424185	104.7292564956406	107.598421655438	93.67083545896381	2.922463545779289	88.52708007523083	120.4888433144785	118.6648057859173	22.81566049924203	56.98569552030091	87.28973874443351	72.50573268840702	79.356443978705	2.984923289876002	81.09049671067437	1.459951569951129	1.038696933857931	102.2039081147645	90.04576073457949	2.386169955007341	107.9122285997502	92.52234146506191
0.2279301320766981	34.66896438396205	55.3436076102285	92.62909779026235	56.57137677827998	67.92774265645762	0.3221742369101764	25.06433663922431	91.16626686047572	39.66401919751682	121.5339098825307	118.370917846966	126.6380532131707	95.11073261884077	6.426889314649607	1.355643392549779	18.22178105669244	82.66210731498705	7.279021742327899	24.004979940788	12.33877542789417	59.10645382032901	1.645779776204567	115.1750448464641	22.71558147163357
14.3835751677507	78.31443475951484	55.46430204636354	43.59804947659769	70.85811828648507	82.56294806453316	5.915391609809625	0.6115938239806897	80.77689274638155	62.87839838766497	87.28859081316622	72.49313905861555	83.51163238786776	85.30006212674428	63.51102329415326	63.82974019027999	2.794716474616399	115.0952871039529	0.652561792632091	1.508834271255528	45.04986737264231	93.56443604816835	2.775933855371551	74.44481306523046	72.7939133895508
102.1130208553326	95.13770544657814	1.252926462603832	1.933684161566985	101.4589609465179	128.5689619920664	95.91401407268368	1.876056443566497	104.8359389631028	99.56030433075776	106.0885056817305	2.835364827780171	46.21226843093997	62.62064197304305	80.34673410613152	88.27993603305492	0.5835808039582504	70.48658119384797	2.085674865343459	2.937377360932752	82.89513726544804	71.77889760903378	0.21453618846842	79.82458215482212	118.1544101516757
102.2723852947356	105.169875037204	2.905824158718851	2.051370843908511	92.36886291415345	121.2865843168861	100.1036101221491	2.558344832723118	82.27386082762031	105.4790650224514	57.52550556646133	0.6355323620475386	2.987976798352574	0.4280273690493975	97.79044916032016	128.4739053503533	1.992081046317743	0.4652703301999601	1.112124170688505	1.358645933466972	87.80215702107591	94.29616698637093	0.9759999051779771	27.26196844209555	106.1513906297549
82.68790942758221	82.79517062188366	1.995421920370898	2.805077021605044	50.89147160987444	108.9976233710357	98.98567263463653	0.7055312940240726	56.21200204544645	123.0799521705391	63.5046919313742	0.5031274517815481	2.753755077449757	1.915644367621438	106.4113488055522	104.8372013675073	1.586699199412204	21.87483298139652	2.999464571502105	2.670822820320362	122.8795074761007	78.56375595557122	2.136137558573755	12.89344410270262	111.7589277020416
80.12495977015818	76.42685617667334	1.622667572334709	1.738264164715738	96.49875823357738	119.474214885635	83.61967747131203	1.996705438555749	68.87856202691565	113.2250985672318	111.2735041070012	0.6980778126013929	2.38821734417593	16.85676524735304	67.75117862530151	86.00440270668885	0.02794018000089151	42.33405482700454	1.648433671787729	1.330869503601707	118.4227720288952	73.15534562959861	0.7660675508332391	45.890724347111	92.30316335977842
94.72914217895908	124.622860757992	0.6011303978087894	0.7445139526815843	75.4108570434191	99.19797763258237	81.78652782115164	1.039960430140102	70.08910115691583	86.03836784981283	103.3242354337498	1.201818258011437	1.678962011767866	1.774835237139574	110.2376646490322	104.0891778812816	2.243592255703748	0.5211803586503017	1.669439344341472	0.3468068627151211	110.3081611897057	74.29703360503754	1.361226748885176	25.35696724374993	85.06729683626693
78.43304074694689	93.42155263901842	1.472654983152201	1.226093092460932	72.77280635985132	122.9998826455578	73.4690592686481	2.44930325150028	75.29062924565369	71.1936421795177	67.03032630246585	2.141984017745211	1.126444140082441	2.652334613956555	128.308541583578	92.48974682717312	2.107992569623893	2.2810343910551	1.296027393062342	0.1666466451817752	93.0055231066992	71.31199004238157	2.34522231859876	35.73233020246013	126.847391246085
70.02056520505074	123.0555574169566	1.832758850018014	0.2832253985239506	55.24669708980808	70.53459168623203	80.53883809428828	2.458533798590951	37.48727680999569	110.313673275497	63.2753064999111	2.442006945734243	1.418767266323319	1.745614511344526	87.73885430009965	96.60317292464589	1.807298733488257	1.946325225398199	2.90692864641719	1.037508307485421	63.06117585301793	79.45202576236456	1.09450338980499	8.922472784762782	102.5757409243966
88.47515688805076	113.2500811273478	0.9941600639729362	0.06704731355321605	110.486422604158	94.24060977129949	114.6868377222917	1.522983692526308	86.53112807920775	84.22616427497732	93.2822131861821	3.518737919811102	20.4430544007723	63.38307436982613	121.2785589936085	71.12871447510625	1.853241580720907	49.88336586306511	2.652243583990025	2.504539906656219	89.8385376750587	109.3378354066613	0.3416004236831507	27.32316970085654	85.17072865369778
78.71430588169716	99.2304566704471	2.027371089735691	2.862159146913971	104.6897003960939	82.05893124545717	92.56781242922159	2.501568167571184	93.07348924704242	121.9307336080068	102.8579593326674	53.00275034419133	73.35291571011385	73.2119723139047	52.2765577621583	61.63166112283838	1.239856796431691	101.8273774843568	0.7990493320795504	2.783223066314124	78.01951877681824	122.1337815233542	1.399699067119435	117.9673966845281	86.36207067350179
106.0217303771012	116.115485812711	0.4233387324815849	1.574975260697	82.78459603733727	110.3365366812163	108.9298727573541	1.022418338467711	82.39206175263195	103.9888927162602	43.45461100958047	1.711285168004335	1.487237352627529	9.180955871093445	100.663512455834	95.02260381424699	2.255025260848594	2.700998599930515	2.108489462363989	2.977132590892189	117.8149594512228	76.50160641074116	0.986448075262929	2.765085266308787	113.924501739702
0.3923961797274649	39.70502984927376	60.35463245094714	97.74945734163963	92.33727555071218	83.41546807043393	1.407886285759373	11.85331950538983	75.57803422860758	95.62114405082809	84.74699458113761	73.40237509120357	85.28241540174155	87.34840389297699	5.845012608124527	27.53494748124572	0.6855669196180245	72.67524379496598	38.87779945415927	29.66731654091168	32.22446831422192	60.63006360739453	1.834758408284932	105.0026660018516	43.63402722730599
114.578950650491	78.45437256101475	2.998691429458568	2.614275689703028	77.6430614987143	72.85259098587301	115.2497775276094	0.5193796641934429	53.80375028140922	98.17677269425931	93.8637320606943	0.364030942334854	2.638175953743659	12.39772415631873	107.6343626049531	115.7881719179582	0.7638209721617326	0.0728088172346302	2.281055288679159	2.081226854438057	100.2099700372802	80.82851165057552	1.252947115076982	32.27950570619254	74.11158156038188
2.069399557034915	39.54427205928839	43.63834055315976	37.27576789838328	94.63289713031965	97.255488487706	8.601722253393618	1.644381872598614	71.49116749217448	84.53738201591898	78.70092690057453	52.91819256510897	87.92807884619492	120.4464210632406	18.20039200719065	68.04678538470102	1.61469051736115	115.3197109387128	11.08653862629338	0.06367517586378782	41.4178829941298	81.34449942194532	1.916805613231127	91.70770581623768	59.40887740736827
87.47698929964321	103.0102713599157	1.41956574899678	1.900158097844051	105.0562180006122	99.45286645677709	75.17261524910631	0.877427174069846	76.02769350838912	99.19013544249501	96.99386769678873	34.51762205413044	56.00990408224743	49.73300602586146	70.80697286524223	62.25371964059575	0.03308558382663443	79.70683519435113	0.1487635549303685	0.4926799190664276	82.08227557633599	124.9238349900422	2.405032674353464	72.88413862796548	101.9409173296138
102.7768958685063	72.07995886384512	0.4886190176605723	0.7915035036665572	123.1662611668698	117.2828512914517	65.11557641939731	1.007350694585671	109.1695947548048	84.49098733157231	114.9355106484112	33.53660344823298	33.13553768067589	48.02010672056552	117.5061836187455	77.65176082860982	0.03993315928455224	36.87169947059377	1.388738353017855	1.777338794907486	101.2621755718218	85.26937942729732	0.7857369037957891	75.46749506829531	114.3311047265541
68.60337147325228	86.65529983493865	2.565484245661729	0.435518776951733	13.46977033934039	32.18391734258478	118.3557687778694	0.1798958955177602	64.72911151463666	38.73433000784024	45.86687140837599	1.471671492706314	1.367281191547031	0.4774590113694159	120.0082023404916	87.2633244520708	2.721461912110065	2.515125970417225	2.891999727740567	1.148692994129022	82.04950004826657	79.82154696981402	2.167227346897382	1.936871309008127	110.4270611607696
75.92272548827115	100.8746904862917	2.65594438241548	0.4171665293083659	78.33974002099224	84.04260732394528	117.1042359646959	0.5238046733417228	54.27153762722827	99.0122834171423	65.77765874210799	0.6029822851753706	1.095168293137164	1.346347186365548	110.3625725383907	75.01055596136941	1.468251513161102	0.6557643165166931	1.5416089754186	2.969369223209043	122.7988748807646	103.082839770078	0.6574267795709938	0.3873731977282724	116.5562165114365
93.60930769741219	119.2412365053442	2.049321374496402	2.626438809944895	125.2573432656981	104.856561809417	112.0904707006653	2.246920354790259	115.6986490562978	75.40719343459669	79.72196111483348	1.487058317723786	2.832878649772517	49.29452106499807	110.8420916032105	107.7270009195607	1.168805432876801	27.77856843788104	2.901261391078321	2.720169524380944	112.1188313991355	125.3778300674204	2.962648378582823	40.87541231233109	84.01651759416853
98.70043913926912	63.75859010757151	0.7522050463657652	1.068081599470675	58.3713871290351	83.39515951933143	114.898079706513	1.932252484506791	30.12400012168004	85.00812544784149	10.73380016873769	1.414284037337654	1.334471041199468	2.289646677389056	64.34194310388386	69.90755876035306	0.2110023686677834	0.7137260514917276	0.4936631377569581	2.25107734674348	101.3597302980259	74.39066480847887	1.295274060754256	0.2948625509488172	72.92530515024271
77.30364853133399	63.8733493231535	1.130513085046656	0.7908868947297076	0.2577298751861553	11.4915804935024	67.89466994470705	1.160855352037872	1.725545725553721	30.48015392719267	0.7912067629404316	1.304498726591334	2.748164287308989	1.110257348208378	92.86561470203642	96.47791125927029	0.8216808552383432	1.67845485753223	2.879183416257566	0.1083236234505259	33.91814252150536	40.33267954740202	2.197194690760236	1.256286849350623	82.26514065367122
120.0891259788981	82.99408163090897	0.1531843363815016	2.629909806351581	91.29102976980865	84.03281033957725	71.21780357797023	2.181053134267201	47.00059643302876	110.5692108845164	30.62171308319327	2.287047658760448	0.3478845599838984	2.674280412463294	123.6272344431722	85.25464526789906	0.1282699163398603	2.362577498720494	1.192058919994408	1.588981456395304	124.1953886645854	66.22941924579355	0.8311867143775551	25.85097151573442	124.802463231676
118.7571091692498	77.98060802555226	0.1555710370809292	2.838451922667381	56.44815048347273	85.45630694150032	81.47394382163826	0.9692881763592112	68.69013053384946	79.32482044018538	99.36234651135905	0.3772621411733443	1.545867541396358	6.465061065640612	120.7607478523229	84.78737493410551	2.135592259624364	10.31724710816753	0.3069067905498873	0.7003840840111595	84.18231056623243	126.96445592272	0.02046571446824654	20.95951692190561	87.24257490164267
59.89334185525192	36.21800504432892	1.942161791478194	1.752342649296323	0.8412718022312844	10.24342988038704	43.46659272031255	0.1085723089956337	1.476261467012508	20.98272740261147	0.2573560603861164	0.4292237615688674	2.691661357014401	1.053333949780197	66.39559153354472	89.14240531423815	1.97078730225373	0.3422922804408691	2.828307062406828	0.2110306136122687	30.60000538345099	16.58377997292568	0.1598757090062261	2.73664241055962	35.30076562661381
58.67114737118192	41.48163050256417	1.455999972097762	1.350725704080711	0.3472424430254117	6.242408660913455	47.83238011236347	2.730954126761284	0.1711700894397603	29.90577071897519	1.770771899983919	1.617044188334931	0.7277723477678655	1.071103114876302	100.7434629662441	100.1346439762456	0.3816388546506683	2.539085673040415	2.581874234461896	1.916268109640381	77.71597041239676	24.34135618666015	1.726836284367846	0.7566561641176837	72.14160574698457
