2.314161951239876	2.710809953991713	87.24602490469465	96.07139697444772	44.93306884027659	18.31344910194476	0.8114726120383335	100.2932166875602	39.76766094400043	31.92727157535634	67.72574093092567	80.3073703025016	104.9240611369479	75.76073832511898	2.417261129795743	2.160400095559754	89.54159549463553	88.361726587741	99.55404609686029	77.27947821991691	6.557323273225592	48.92361887130866	88.13906295836418	66.93463259203472	0.3156632358540398
40.00295379823284	86.45106752144852	101.004148040871	109.3257055530859	105.3354009335105	115.2121628309826	68.55676502585916	59.6636245750783	69.11001834776292	102.8446587722295	105.4660880078396	77.46527510414506	82.8378057059725	88.30622190985636	45.15902311989792	83.06827560873384	38.66984207023603	79.02067820864559	67.62997705393187	53.75951606929806	98.05764665838615	98.32292881694528	75.10506158408384	112.6331267494347	56.60456841777354
3.615940520770096	21.71431666189009	86.00434661433449	79.57688493854671	68.66666613779353	75.94435521642146	2.02305616496956	102.3571143458608	76.46809265337777	83.06665848914318	97.60055859046031	100.4498033782907	78.39783695013267	108.5964195614281	6.230128131668941	43.99481581532933	67.84438219733778	107.9233516141333	113.9269263932461	100.1487510579637	48.33649036029202	56.84834902394138	91.73339766920787	100.7751785569614	20.45930470043341
1.18039967948448	6.181859738349015	90.3395404946327	121.9262365577134	67.50488669838251	31.67965670528298	2.918190350668528	80.0599719444875	52.61247950154636	55.99658348911774	91.49769279956789	119.6858380759329	107.6757918882645	103.2410681530964	2.996321560359425	18.28009874856803	105.4844610934407	109.136604996847	110.0021445953788	77.81682760842911	13.25644300663384	63.05583868471257	88.7904172458633	60.52957710190834	33.50666954440216
0.6173478007711215	13.94684102096105	104.3016360629362	103.832596472864	60.80720254458501	21.35307449399975	1.479135962821837	100.1235635278234	45.78525068192415	19.46986428175528	86.76695689230088	78.3864791674155	107.5499236417781	93.20862640767587	2.763600392387104	0.2574090143068577	83.54477796770047	99.64863311372048	76.99410119559585	88.29888051802274	13.56131865896486	43.39295734617298	77.81064739489925	85.70380087632401	0.5973168570565517
33.89453930067627	23.62975399272268	99.78791063070857	81.65843214437639	94.91140890610663	71.857083326055	9.062149081703566	66.27144966453631	92.91320215200679	94.76788990050153	96.37898050896229	90.8285922869985	94.89078676145741	83.99606297367899	21.44160091925491	26.51138919700171	85.92224334509376	104.4098735325919	87.0384215494899	92.44598368367949	50.2234600067308	100.6441116453259	57.30242910386676	93.87856324696648	59.77807161887773
85.89172425078411	96.60585015738801	71.95737908896322	74.84396200614253	115.7974184777164	97.8938870354833	92.82938295675075	39.24777597055116	76.53923518252371	112.262873947841	79.19645734408377	100.481004343134	66.49565673185492	113.2321563244882	59.64382135811087	65.47489046299088	33.18233414805002	111.7090768758417	62.97061543748094	18.59090579405719	114.0343487477096	96.12600041930247	35.0618235304685	91.06453365272438	92.30189130283591
1.826818704568562	12.73276647940217	111.8356688220653	87.23340062360687	69.37922519042368	54.75620510974659	6.664580680168591	108.1797064234252	76.06065231144427	64.24445781297065	94.25708595353714	116.4113097374176	94.16512552936355	97.69392637679579	21.00089652530873	36.08468635197856	105.0825767152827	114.349500639759	92.53278248053317	72.75425879680699	33.52664660128351	94.32316093859933	84.26059359301854	78.12905855260011	20.86139608261712
1.789214688379653	7.354180419021588	95.09838298343803	91.57416844972508	41.50069989393128	43.38427982568599	0.7556363493350722	80.32999897568428	32.20410624308242	26.83182422931599	92.07197575190642	120.7754376648571	119.0905126055664	73.55480658039275	2.91467418562398	0.2507173312349193	75.72920038180483	81.03550794206768	94.18780705925022	78.09372703111738	54.17190105130538	58.4821368281068	82.35097657117234	72.7577665030235	18.87536222418206
64.71311394155967	86.92747259139857	67.89970174432712	48.25601902270294	111.7297165777504	109.7420218598691	87.80088261634505	26.15762263023933	96.11604346969823	77.23486744458047	119.9608034756131	97.38728190855699	91.2298624349921	114.6500821865309	96.70925785362419	110.8705765931923	32.97647710520179	75.95606401326305	59.30437956489162	23.22342347846772	83.77948409840006	95.37720823948808	41.3309111416139	96.87282538236923	97.46127831684234
88.73564041436964	116.680135029401	48.17627469719196	65.00401236936456	90.2252413966647	79.81927137187196	113.8104650729136	1.138412541336622	87.04445089127192	115.2911263759363	103.4308328600451	70.83311557700553	77.77283853283944	99.4044699764613	88.1817713240722	92.31519168723864	0.644605738804503	60.06376039467955	3.997883124969739	1.851389071131714	113.1179983239408	96.00615763301707	0.620250052540299	69.3812643485635	77.80124883747227
14.40025853768969	9.856358156215833	108.4013394247679	93.73053671963561	86.37017273244552	86.2491342727904	2.730238545267813	73.13048920003372	42.41468876856273	48.94379394427979	63.58535600176383	105.4729361744795	113.6012264912996	83.92891790439094	18.68420024274949	12.61125579785865	104.1290268525584	98.9012672492875	76.32482534818766	79.97604284833942	25.22311994343401	69.84220994572385	104.0324691586956	73.83215858121389	16.72829375233857
22.2792714220821	22.46201762935505	108.6365816239336	114.9446877631134	80.07227783516588	52.61072171369219	28.99366368286657	73.0972926907443	73.46984063189936	73.81500514631472	104.8913906356959	87.42293190049755	84.17178060043219	108.4731974785541	31.73498721174515	31.09609775925492	81.54743623845175	91.12185069547661	106.9122054101671	86.06803519840217	69.62041160773029	94.06122946053083	64.02630921466373	110.6464294485769	43.60866013460122
87.74974610147359	79.64362418498737	30.25746144199833	54.97919130019679	116.4178428712552	87.08862914227961	107.1928560411231	6.674306867040656	90.1946544241428	79.28985625700567	86.20640212968343	60.74856173018711	82.39437076524871	72.79457293478038	74.9260990438522	113.2661800801618	2.442980117578642	62.96679825251444	2.834422224069995	1.832233740837943	104.4268223490823	95.8875355060006	2.552682042706932	100.445561098508	115.0111583459068
15.30691963594139	35.82892769803321	77.5916316133677	116.1138939438661	76.08109389045087	95.1342748588786	39.27503548409774	77.21899349626308	84.07345201958199	90.36609348602076	111.4316286834166	88.47949812045643	100.6928578420255	98.3720042415757	58.26436142017442	25.24903696711281	61.84372522728003	83.85645691660399	64.72643344105381	67.35965041176766	77.67432827816907	71.90677391932253	65.02783250346614	98.58529916583974	36.59959821231451
70.71763988405262	99.06829833595687	72.75449432612712	69.83013198478572	81.68448798908008	110.7161582061665	95.1519147679879	30.23301377357423	109.2715607816039	101.8157560101419	108.6540351090181	101.5834468821715	89.06669481045242	99.03290341048988	78.02980913238852	90.73735790402473	8.677063375633228	91.77595766174136	28.50824167098716	9.418497411365045	79.96480674134983	117.418902905669	0.1324713660578721	106.4713310730261	109.3041538445328
96.19019745967952	81.47169546636934	1.293791305281824	1.612247047870001	93.78489833002025	112.4500255558017	121.3731614885434	0.2463590339028627	73.22156094893458	88.74020314676235	85.73978236691306	9.541641093717637	20.84324954297132	40.2054154859573	113.7704943858969	110.7313145085882	0.9488994077003932	64.33832948705609	2.320933473555256	1.878392014549444	95.81197110948607	78.3741212920367	0.08464724415752858	84.03117802290323	92.74881530414275
95.22072030777167	107.0560131393353	0.6956922238451924	1.747460139848136	70.18124567349145	98.15594179529236	88.25219404066485	2.588748166597711	101.1679806241997	85.34363865758174	76.98532585988538	12.91186184450728	48.74615958158756	47.83662213878162	88.86191113101196	81.91649942780641	1.107702987063893	38.9933849389413	0.8971868954171145	2.696701779772961	118.2561707227751	78.94744292972803	1.395366252555514	52.95014936215723	96.97669092791153
31.74127480988857	84.94723030427167	98.18414699228501	103.9963969328838	109.8784538340405	72.7142822286346	32.49830993771474	65.9286477553394	91.55026197612875	84.03228462632427	109.860209339829	102.9326250795461	111.3982679236178	105.954529306264	64.24723920939263	69.32297702141362	47.38803576520257	90.14841026648955	64.78784872863487	71.56738524896255	63.874109233642	97.92430058322859	42.46114540621895	109.6026463687656	92.53157337285236
87.15337640953622	79.40322214837424	2.663432468227477	7.38801290005388	82.34927310122748	115.0082982138966	106.2788967387891	1.492455144516874	110.428507917488	80.97555630193661	94.96158346019347	26.6928699450762	39.35426406831121	32.51620970443919	105.9118064522582	83.13198912143606	1.308040080683247	48.36783456172321	0.7561741329992615	0.4266325968119182	101.8649515042447	106.4290155683475	1.602809972850435	84.89917662652302	84.83647440575672
57.06626580953694	86.96259362229516	52.90236874451092	95.59156442575252	75.15509685983108	79.91291493991989	62.61147098525575	31.95271733774226	106.6991298006305	95.47727338500337	119.7891001482158	73.11077226593459	110.6180037949331	106.4971273374995	57.33871060649773	92.58382739050619	23.89406230394013	103.9550065279722	43.26481095886479	54.61495178399758	74.55400973655961	79.82199049070974	51.07011722278685	101.4093670200663	80.34890489262037
100.3357564233773	94.4447205555681	46.79148406156405	52.84978320391708	115.6575222669667	113.1491685424682	117.4913594620538	0.9914443365608425	80.34540245295911	106.254475782024	106.7302573196184	60.93562839114048	81.80068778883071	67.94946286024658	79.39460974692012	113.0007958679024	1.894062173119627	78.14011790616823	2.715673559365091	0.970952049726177	112.2776779873874	103.4186422307471	0.1868186906451641	95.92599983770907	79.30054690786233
50.64774612993466	61.29267301880132	80.83310786221188	74.43248394938931	106.1027593827565	112.4902318644052	57.9909911176704	26.09679964107102	78.05429289592983	108.185190485922	82.15648010973636	88.82440061311021	109.1197715137465	80.56707104985998	88.31748502916815	92.5791773994959	37.81857713088704	103.1389465041289	38.89622849432125	64.31521541096458	93.75042738071119	95.5340031563438	56.36505933160657	96.4296178976918	80.55179579517316
100.8444547368656	108.3943759439411	9.012843394061939	27.8394329116813	115.940799801206	95.7331107222835	76.81972205260466	2.998047444913746	103.8909939131891	96.76886361033183	91.66893538794194	81.64878381126485	73.92836525058613	93.98896021833943	118.7183970822387	112.2320218003646	2.060637199461572	80.93346210161398	2.235622548633104	5.733956073212429	83.52397880698324	85.82197992370173	2.098211687487149	94.71547748016212	101.1180724108015
83.09837735687867	69.51763422465298	71.96588976339717	59.02012187105245	92.02768880385329	118.2218681544869	68.94235424760565	38.41852347545554	93.75293273120661	105.8220955504304	84.33332013559632	60.79874267733238	72.84352168219328	96.39708445786997	108.1767135689058	67.91154567137843	2.344960985809728	78.80570314740821	15.40860817575093	41.03947163080574	96.06009073287731	79.28498201702362	22.12032350479487	83.87355016763054	84.49789942391226
92.04462318477729	95.75142696236058	42.61110089581072	38.06472760161869	87.48385889895927	109.949648525474	115.4465956727175	0.7231657333002344	89.49610008552972	84.12283744928695	103.7445900670593	53.97886264433237	60.06250069984762	89.50600160273532	111.4599727103342	113.2742284235669	1.48206851016433	68.76879574831136	12.78282127674964	0.9991417613012827	99.7658785051668	99.42649772353241	1.195401183313181	66.84770941774579	77.96241507292761
77.24087846269933	109.6864468038007	1.708345010954146	0.8779317480003095	102.0571781795358	102.4651998173199	118.2535369371018	0.003261120494738501	79.23049091380827	89.2697357792172	79.91510082330711	56.82557868157298	22.50251153984293	65.10655731062162	80.85996569955661	121.5870052595561	2.160932354199919	57.96917166678817	0.9407099251872875	2.93199443277062	82.82415728957152	119.0800883912182	2.549493069913123	88.47342194314514	89.85457521215221
77.7744197196759	86.12463016291584	0.3621180005586012	12.85705663739793	78.52169220827325	118.3146163055796	92.14238970691086	0.5116124966682527	87.15699347084447	82.2527565771954	95.1087977866656	35.507288822205	51.06536521205841	72.98115339539144	115.3669559670335	107.7721278149482	2.92180745806134	56.7903441257136	0.2823323317467449	2.514187912140778	99.37861121276055	103.3439779484835	1.212450914744062	63.79035521608816	88.61542399258599
62.49783166242139	92.10530110773408	30.81266640867388	46.83873962667431	79.28254040841037	120.6954435029946	88.19082334818992	2.855675267487606	113.1093259718841	93.45623877370825	111.4854419069099	99.66986259356088	98.4450067336237	80.90542064868434	104.4459327114776	89.40878984475121	16.74620111253132	82.46082254948895	50.3546706548707	15.89127620798581	115.2970725218706	99.92519707829275	24.6484558113186	93.58930173236284	95.86472658668879
103.3642600401922	89.65884103496906	65.38870397381541	64.63580093388407	80.41291369173641	79.17958472831975	87.26624553569161	15.54824730363475	100.1063058885127	122.0464703767467	91.19446463572379	70.28682001230358	60.53688455723957	98.3163801061653	97.96212148232095	74.8697815534494	1.082180865377703	102.6566432247816	6.716568983277064	13.86912499457075	119.0839571273741	108.9028205838017	8.052649983174184	101.9572810972979	111.1150641099239
112.5678749294248	97.66489550983916	0.6834458639847121	25.72402890387946	81.82602401734543	91.59733806129631	102.8350678186146	0.2765780476055247	113.4043479021706	119.9500755861188	105.8132482026977	64.55296014760442	71.0241931038217	74.63193471442747	75.41711214070956	91.39275772955966	2.532740553315096	62.04929680710305	2.493280215575658	1.578397896350291	96.39141393957844	96.37541895531801	0.2794324551517038	96.9899082199278	115.0426227533164
81.90523018009236	88.67860944324934	0.4600254702163412	12.10206132197949	80.41916405374653	107.254461126616	97.83432812214238	1.436886067965581	92.66980590055618	75.71852815777052	102.6323415815535	2.426789399442431	34.11083865734864	43.00061894418393	119.4270437828416	85.97420623111367	2.185910548007377	63.53827373653854	1.171094892651854	2.887280716866749	97.92043524943432	106.8507293493013	2.138174732226192	79.44702348446657	95.09414064674951
57.0133705082236	97.65491505807191	54.09062719976697	91.46257916355593	104.1121023038742	104.3511083606695	82.33948786974233	26.23533210935599	79.02905510899055	100.0827665784998	97.43362512103366	100.7657101956478	88.35326811636011	110.6815075050803	97.31331000340634	74.36383806287972	39.30775640384722	81.65965987047363	34.80926129851024	23.67344581240047	69.72945675561733	112.4306683097019	29.07618703218792	110.279219497679	88.87167351211329
57.71725409480308	99.70366175739167	84.29930854418375	56.85907315598574	100.5844961876818	92.66941012074454	77.04683754051626	44.528136526933	116.5743879493502	100.6718346034714	99.96087354987084	90.10801917920018	109.0419880889895	118.9918506569633	87.53162547628936	91.90885462901775	41.66436539507201	112.6122318950334	51.30259315757404	36.56680694719861	85.03608638129515	115.2364669073475	55.2260987964615	110.0600689312891	110.2076122950872
80.8033731678275	110.3335372986822	1.34623959644509	1.921600676777064	108.1999846392785	96.8123981842958	97.72245343186727	2.595159124069069	87.2749678446302	73.06798308163468	81.54531188227418	6.611351382448124	29.38131803470708	37.58526026564232	111.3459801474676	113.6392551847021	1.463405943947766	37.17291610771285	1.719065340918975	2.964177944943053	120.9733590724444	97.24507722123028	0.5882450711542129	39.01382085023275	104.4861970187565
96.23832913626924	107.4110281429693	34.16986890279629	81.27964958222839	119.6983470243468	78.47076935808266	67.90433121700556	0.2850540824154244	105.820356082911	111.3840154034586	89.43629211295512	80.48375373312901	58.7669017442666	78.00922687112867	109.0786954548393	80.40594976374251	2.55032875475839	74.52638212721716	48.24617444961805	31.45708542422457	108.5951191589865	81.0088508653252	14.89253006477302	98.53418656017324	107.5887918895289
75.13661527983776	84.61294504434768	54.03298628272582	75.22863614414786	79.61283875704605	78.1338580951397	97.45149003356289	10.61386703402936	99.45966716952128	110.6153895849039	109.2024115199399	60.5348236132959	66.15895182129861	105.3723797260314	104.4929709070189	82.72535336676889	11.26741955347397	102.6939783780604	34.80207003309177	33.45822200115307	77.97957496067404	118.0767734972525	1.854661768045843	82.48575346149877	114.8406772799082
111.1088480723275	118.2131709926722	12.09737492192043	10.18832552395796	117.7971538055668	87.72359667374471	113.7571060654716	1.05692979783163	111.4608119003542	95.53479083981225	96.6256591369021	39.20095249698251	64.50107996402031	76.0619985170967	103.268392418141	117.5461941114418	0.0141120341699881	79.76701402574953	0.286829052719007	1.055712675207819	116.8829745097889	118.5616080937989	0.2446043301969535	71.52704291946422	78.2131995128653
93.87497205211889	103.1787248424076	36.72786699798191	55.94192051591997	79.14056821438518	99.64568122013003	81.13951971651028	2.443488795482345	120.4505814834205	84.9188920599251	82.08996213570752	54.78001361407291	84.31635986470931	60.26369574533821	90.42544989409832	92.45784339093446	0.7986894860487219	64.89903690084546	12.44426741160766	1.11219581072833	104.0462766565412	98.56399221592801	0.3588520727650938	71.81620484335282	79.25967526056064
63.54349526806118	63.12719948675038	60.82867345043233	60.8383361145949	106.0437329156168	98.1437589152321	57.01209175396093	51.45289974437966	72.87552239295303	115.5401329890439	112.3168310876542	102.0837056215599	84.50116833891065	114.8485230867737	58.16103697106507	57.63124489281354	59.08528864191135	99.84109779560913	47.73016869005978	49.76174524336783	73.75007371293532	94.17963838488592	42.16607429723652	106.3637898188385	73.72015976963182
84.7175868685473	81.60933796384674	2.463937556026765	2.872310569180913	72.28969695098891	78.90739484087686	105.7027762063624	1.251769144784658	71.50558019548264	70.57841001493719	41.84023384495244	0.6571233548075277	1.548983002016337	1.769510289484209	112.2522718247902	91.7008965567338	0.7838515341429935	0.575268208171013	0.5843264701877338	0.7047444990625433	78.50288739592582	98.89478591151325	2.260530862651987	10.95194471383332	79.50932889907996
72.63271563512249	82.24525479444388	36.69959177797685	36.60965141381369	93.23033698964527	80.71041827654696	69.3936816600162	2.658104630405619	118.2926203951467	102.5415634071574	104.0361308647466	95.16602651335003	99.66477860307924	70.23310401510045	99.99326260827067	113.8649228847212	3.689450585032894	78.9000587600439	28.77601380473409	4.274927742008636	110.4940516917758	90.58488766087461	22.98253407557893	84.22057399015365	113.8224680330368
100.7218237411256	84.00062543307426	2.202079993068681	2.854089569956472	55.07750895007742	76.58405467051031	89.91388102923821	1.666012581748769	62.64814028636577	98.0302637858378	54.48775531366203	6.109592108002872	4.759759821599779	46.77852820716745	116.3327857100117	119.4383128293106	1.368083191544009	12.51560508941713	0.6753503122102507	0.190326109957763	74.88269352758374	89.731938441165	2.508388581866794	25.27521593307809	118.5255670707431
90.44101134530082	109.0759630954593	3.920404234190748	6.996995295313084	89.55353348890466	118.7441670435874	83.27137899811521	0.9503756694975667	90.42802310378111	88.40675354841156	78.11227739744187	22.17781541118838	26.71932975781072	57.79539541053822	95.09063527903686	81.91242546411159	0.4176394424913512	58.83342326542106	2.051317304337301	2.017457992582563	82.19179983687344	85.24521722161373	1.783708641974751	77.17335930828389	118.9131914683291
118.7002656239301	84.31882886927851	0.7919442793739078	1.716858204795914	86.18077086784653	101.150657221338	113.7092991032576	2.966542433890687	86.03520764960788	100.0716452159384	87.56621540962152	2.121647709642796	2.366367576256034	39.05271080125659	98.1130996771584	91.69080316143018	0.2073443435533635	31.65500778876915	1.717567374227458	0.3148222871145699	71.85038091604923	86.84874538262156	1.073604207797233	56.2497362058505	88.23110580671414
78.5730900660019	102.9201392474223	2.49124444343585	1.818778921896856	68.29011602733341	91.40904380760085	111.0120621024254	1.743160602069929	93.22687956382848	93.41428249184621	101.5807276184794	45.93497347970478	46.90061922143536	36.1015472915981	95.2949035098009	78.48307694528351	0.3691411619026654	39.41950819014253	2.696944158883794	1.50591576140308	108.7307676545541	78.70213986296399	2.485979250191811	82.05038834758496	120.9967982971759
76.58768939192356	83.852107489628	1.442873299436793	0.7534935455679916	31.0046483906755	66.75813532838885	97.00353384167232	1.904773499930924	46.67699526197102	65.16521168566483	7.887573332500597	2.921114413298466	0.8586981578112047	2.417343254767719	89.54649078065796	100.3702022132744	0.3838483089556307	2.511601786130829	2.616564170142256	1.49586608754203	84.33549878446095	57.54065963575839	2.201235442249926	0.2860586335422654	68.34974279748322
121.0866171293968	104.1881211403274	2.109003701895158	34.54835536171031	106.7789488475878	118.2846047785998	94.42108061412046	1.431997728820041	72.84430929028663	86.34952759397068	103.6756115493846	22.3987238242691	52.28330147109189	50.00101645141811	80.97636292966237	110.0779848114797	2.047577911546246	72.73717106604698	2.813298447436131	1.479996168406318	121.8684574044991	92.0724804262729	1.288451498916394	73.8523137910597	93.89088768456827
59.01272984499489	86.41680146074671	2.349656801320686	1.857421638423815	39.97371252575276	64.14951417362133	96.67177305298692	0.3617705382495326	48.20986640541237	63.72835393853887	11.12919813149162	2.526412824271	0.3832700192277891	2.031342936827645	60.88639443048109	77.10695117849978	2.530963415125376	1.195040072960244	1.474171860727647	1.373020345296754	48.70543937868216	50.08540292533868	2.086942420621583	2.22957266083639	73.18037935155287
82.24221377348169	96.48029985703604	0.9155947142891179	0.87765426709556	86.2014472835757	69.30024388603155	101.139672707403	0.7414862651931993	58.37140871327699	79.62284902059451	45.38011980959148	1.474021994259184	1.155818290939115	12.61328431539546	87.90303873649022	78.88988853150535	0.4934954372507873	8.870386711661084	0.05932174943535831	0.05446959175822055	106.7098238166622	91.14202902494523	2.336287151634443	18.80806489431318	89.02094226305303
