81.33767652200302	111.6588998434484	71.81913286664026	85.44272727016859	71.52542996670262	86.24456155619545	106.1756185414638	71.79353650919326	75.47398261311378	70.98195502267113	87.94297256156501	124.6503217425292	87.30972909735608	71.88880822052676	77.28815992057159	128.4331202125065	89.3784039445074	108.3500707875448	126.6797375664134	122.4022940860136	120.0280680134358	83.46522844014619	89.93965362651321	104.5237151966641	76.07037720854748
83.39136866880318	85.3685688423565	80.30951042682779	109.4288871594218	86.91709425978401	76.35272753581083	127.4204556376813	90.61145048321022	122.5711968072166	122.9862543718496	114.1822033806298	78.93689678634874	103.9623317733819	87.06186781333059	95.1456571841203	78.86734343116947	94.21180177302047	125.4661501052837	93.78636011380695	95.61017470531554	125.2603224247725	85.25191561153298	75.94182611126912	89.00160405114104	74.63862094768739
83.29028955144611	125.7933096330467	109.3272886391048	102.0808152484134	97.58698983954216	101.8048555986607	75.97530901481029	117.2814959042247	119.0180155414089	83.18507065496533	109.328762272893	93.49450965113074	118.101767814898	107.3707524188635	80.19439555501123	105.7846572625862	111.3456586183439	94.54286303223785	91.91644774212794	125.9658367378067	77.97409927015917	119.4876651522613	104.8609151203759	79.37525238559834	104.2938851476765
91.00715782865322	104.0704258425245	71.90733159688445	112.7451326429488	111.3291310460172	127.7571623944702	108.103068629369	101.2322460101742	73.88437059825081	89.39338399403877	83.46006465156024	100.4956764045685	90.99813364057177	129.2159115457629	113.9444950245378	82.38649002712319	125.9721792756489	77.59410109088817	113.3559757153404	84.04450046886691	95.04462393042743	110.6932994098559	112.1484373184976	87.44607628461165	72.5571258468791
91.20752974045584	70.19346094541628	73.42590350773145	121.8759085440935	78.84987875998098	96.58478748515796	127.8066474023915	71.23313715150657	119.4311791873931	104.6720877083221	109.8342002019599	107.1435633187095	91.39004235435642	108.9614906777761	118.1468007784462	117.2018113283317	125.2351893331761	87.17528382768108	119.4057108582688	86.74503991983119	102.5099907565533	79.60229903489666	75.67673626042645	127.786254710176	90.81925636708428
73.1972448662094	117.6264517745685	129.7300862910847	106.8750914514633	76.59257189416057	111.7650021230457	101.8442503296156	99.73123017212401	104.6489636507005	76.59308168626659	72.33551680473875	80.18044465869953	72.37822049820954	86.37024640801722	102.358349637972	79.1115538543054	127.5669146925946	83.63423772081642	97.41691381355771	103.8989627551711	70.01528139099396	94.80757131387793	108.178315586391	98.79509908569659	116.7948701688672
103.7360544417277	74.93450677403747	106.2404234591124	96.29691386126177	98.98656021271481	118.6981833877665	117.867523085788	97.3988238010682	73.0354425270924	128.8832269924719	110.2921132587783	99.44382998008899	71.07210870449886	109.6586614341989	117.8034867864154	104.6984090406278	98.93691156600937	81.98685856188551	70.81439964131702	126.6760963239485	77.56886896975075	98.40660387675715	98.76114166605868	99.85247725476518	116.2127501977626
128.1772748572492	124.4383858474071	98.48164028272862	120.921078943668	127.5951297631195	80.16852517157349	70.11811264634562	97.32771924778851	112.3857186428345	97.17948593071145	118.7510439832524	110.3004682945875	75.64012433508341	116.512565813178	114.085302939934	102.9926274766494	88.06766499763371	107.9824319698428	97.98959002211788	92.16556926261246	95.90421581208749	103.5959393832035	109.9930886601197	102.2478495384449	76.06454963480033
120.5037792256858	78.1063566059902	96.1091167707805	117.3286572376775	95.95121453689903	83.89522112473679	70.56803919544379	89.69488192788447	95.7946419018692	113.8646679006547	114.6592180730151	82.92607469798655	102.7915055521325	89.91295022747066	89.3356830607801	111.6206447982619	76.58895176575621	79.69416622151002	87.25431913352617	91.40064168921099	95.89515697516113	93.44585531824694	83.67832022977547	112.8103539736347	75.49833657304467
119.1861267918667	125.3570296404112	102.2791245825153	98.39030815747842	118.856578814541	95.64313162985979	116.8262339852745	82.35889364990531	112.8785352413472	89.7706975911322	78.45480853515511	75.85436990649603	101.0713201903293	108.214348070719	125.776447617334	113.5352110742938	99.43799234081087	129.902096858629	79.59555871365572	76.23168336431917	86.99789840269217	73.56826577827218	91.67462470737313	92.73377909964033	106.0834465332107
88.09925220619007	94.9897876192651	122.2470419998378	94.24449210289828	80.50545060084787	122.8472217814386	84.01766927076389	105.8927230905801	106.4471019727795	127.8794358610985	107.0185281982678	90.58485524953936	90.56537545676167	101.0316518688441	115.0033818270971	69.82692322014732	76.84120028219107	128.6410986822937	85.48626824423125	85.61499695218137	83.47127431634834	70.42523914260427	113.0348737407681	91.02173098298937	96.79351634760238
119.7986136823849	78.4194681775698	81.37634651218738	73.27147252233932	79.2034366089929	104.1604902319735	92.54284102617521	124.2995718072764	83.90252688217888	113.0192099046353	100.7038570537216	89.50876561583816	92.05386305923865	81.78579493097429	100.9669607363958	123.4313147025531	110.2004650247096	119.9991294459949	71.30848058838573	115.7543119588973	104.2878482250269	91.76525662551359	118.1664284086545	79.50675596230487	112.3963891449496
117.0575147820815	80.66678815271321	88.78728293666997	99.87659355053444	96.5177161690972	73.88811046542355	80.01452160194154	71.78374000878767	87.63220839970444	105.4366486962213	104.2645613611391	107.798541971884	128.3807944462363	101.264654533231	82.61144831286839	75.61713248117231	111.0334031462264	96.65086304587319	123.8987347651955	79.77791859104524	112.5454499212256	82.19854764360429	108.9307881898663	106.552585074601	73.74509086802358
128.9260585970052	113.08313798623	89.47891762255122	98.41657427387554	78.30188221865443	98.27320659577924	92.67739726378507	78.28857643785598	101.8530835615088	76.81421383991315	80.52348819218686	123.2230780462419	83.58494534717286	112.5711588630967	106.3458868921607	96.78261339349521	88.72234115316941	72.02487601872561	111.7120200654768	128.5534289221499	72.41530610283648	115.38639638404	92.31917489247388	72.56154884639918	77.87192230182498
83.66705500464613	81.04347468539538	109.1016168432668	117.3684826787751	81.02229819604514	96.58002968590866	91.77606150337093	84.29549278362343	96.95449210828315	111.1669555517002	103.4398726209137	120.1065939210331	80.77866083487123	85.05826599460556	105.3253188006859	119.7860100704539	113.1248402273836	107.3951574921244	119.4827244972715	79.73162731797672	83.35965085778997	113.5206276358337	77.6572192767179	89.44757142815303	109.0881236215479
107.1454364692148	114.498187727414	115.6055450292484	123.7991981547683	128.8932365882993	96.18056007672551	129.2938732623109	96.83259097752098	89.61506854459796	98.89404678625658	74.89149433273987	118.6616141839697	119.8029855920892	122.7320531819765	98.52985685822478	86.51091290650305	113.2250770892689	118.8338426009902	86.33087844546461	85.7840175582116	74.6423180772248	114.9317299717159	109.6845458906482	89.55466094834242	75.78744072424129
124.1266212874545	93.45028098491372	75.78957923017097	128.2965100184716	80.09330344497864	94.99105140315463	121.5519531948321	95.25349722041661	126.0123403526944	90.22050659680411	113.6735446201411	112.9494809729824	100.7203862184046	101.0977449028205	87.68641252083506	74.5080120742965	114.0110706946726	90.99010424407241	101.1717708991889	79.28301187316035	110.208252943701	70.16091219482854	82.19402370356899	127.3762015990382	77.25225103310297
89.9358689621985	116.6874841779524	97.40388281746903	88.45670639679891	76.85673211554659	71.88661150747812	126.7541844143123	92.9248457735418	120.0008611385261	101.8516111333421	96.21486628794277	89.04113596773244	114.2548674002676	109.2878360845809	96.86138606998311	111.4317084042242	81.06775830136291	76.82175630352414	101.4318658793793	72.3003123743508	100.362840652587	79.45145981795298	107.1342707797703	77.94914221158923	112.490989016627
81.67560926088635	82.5915016309509	95.06073582689251	94.13591594773064	71.70226762123995	74.62187246713162	103.1695801956147	76.21827249058842	103.7318177333532	100.8194337166995	101.8700054390632	119.7153738209143	90.56666752296177	121.5538497421406	87.36395059460867	82.25031306246787	81.77320699624167	98.58317664317411	100.4835365733826	74.40404470378002	87.69008042829934	108.8306418108642	90.70854106851237	94.20046786860634	88.63305513031726
108.4885731954374	77.65242105159345	92.74010065960893	127.2892299803597	91.17496888316018	76.35521267623604	129.2276498787264	108.978542789829	76.96026371200219	110.3978142793289	80.45319517545272	128.9151663061486	73.47533826456069	128.0542677025392	90.0169008107365	123.7850933663156	97.30091004341514	105.7742016797175	72.82768839042842	83.02654775217582	109.2152093202316	77.00181235570525	91.9076278740057	121.1231213890532	77.87638200098384
77.70494903934657	106.0918748103367	103.7150966593517	118.628701380669	73.5719165580104	126.6346833330329	110.2222336781391	78.48995088561819	103.2936085700247	105.7980704751438	108.2819193543796	109.3726926950748	105.599673679378	72.88341894724293	103.4622517562146	93.22640995240621	96.10453812190438	127.8240903316948	95.36776570411968	98.25518572263132	72.48037149376843	83.89780306670418	114.0528958283283	77.31764249076063	105.6239951577236
86.83246601446302	123.057607991726	78.59683634288731	105.9142297771079	87.79454290042491	75.57709298892989	120.2213932497384	69.99836343941425	112.7660033198454	94.11728897266563	124.2172991371039	114.2355292990063	126.2749659549697	115.9304002031014	89.03108933938256	94.94030632653845	78.90879502124001	70.92645855897621	73.93370549826616	88.89012536964925	124.7592267713028	126.2425791563876	92.7952346689646	73.80041355715839	119.7358307356951
79.33018068465964	93.04070525226959	83.38094752200173	107.5399399388527	107.0921133334372	85.47357628128792	71.52444509412369	111.6988136423266	78.05043449066193	84.71737279728197	82.07398388322585	88.24960815458016	80.33192469516756	119.4703068273369	106.5248572712619	101.3658164104013	84.52459625714744	92.55797835732487	114.8536851434307	126.6286029530236	117.6969968697448	71.8238270708836	90.27338210871505	101.5655582157281	84.07849495886587
115.8353805812722	71.88993894414915	108.5826534488737	82.36578423394684	98.01808217599989	118.2000362391059	87.04620574469799	119.6245602854791	101.5468818824833	128.1951492974644	107.7777331168782	101.2636082974329	91.55421210373277	109.0794381271333	85.62517235965544	84.65135131761592	72.30015644005557	90.54160824222383	115.7194365136561	112.7957976945861	72.93003764478779	128.3159538614999	70.46645914618183	118.9130718069711	81.00217377980918
90.11755820799272	126.0239613776636	78.23613499580263	109.0980332638634	84.61438327230987	103.4888617866704	92.21743994773644	79.3870952007927	110.1544102856995	90.74879897895822	124.1602498194297	121.8876515156723	114.2565673717814	101.997907140202	108.747846538096	117.3152392110926	100.2585017009669	120.7688289045639	77.01977360310497	75.60294412478318	92.36483332392021	88.71380511607819	87.37084603072987	115.3112827197805	120.983847854234
117.5610420900231	91.10300383911414	89.52405303022489	85.67321313629699	98.01623992710603	103.7610826018188	85.24567561441816	98.15817180560046	110.3713388601741	108.2823334708475	86.5780803562032	116.043312474906	95.78321410741816	129.5560360613511	91.78380993324114	96.65834413598967	128.0343195813683	118.9784866670726	113.2047897982702	114.4473325525669	106.4700253312757	88.97642476225009	72.7995146015929	75.00914414813288	84.4775332054991
70.52837319017992	89.7331141575698	105.6575193581351	103.7394610668141	128.915393077267	84.88026751540187	88.3466624051681	102.9050101148338	73.48044011781329	78.62631416369857	88.06581092688863	76.27598583834049	83.11867797508565	118.4452323943915	101.0242192389764	90.09846341641317	93.58287763579706	105.0675245610705	81.21591124449419	92.93686821057668	70.96251287898515	118.633936548736	126.2929181313573	76.86314245060701	86.11733518770303
74.8192029031607	116.1819947690687	115.6396661415709	75.21124459972278	94.50745358625474	90.52727571481037	113.7408855557924	124.9550473192933	110.3567978534275	116.965545761467	79.04468719389993	104.2513170118731	102.969946054061	109.1807545332911	122.4113763700524	94.28445522859876	76.99695073211241	70.0404226519953	83.81959467003205	74.84893591107668	83.00843922838277	100.077943584551	79.39729408236435	122.3052503628082	128.1344574241305
85.70542899843821	122.142064323188	71.2918363063372	99.82364946270053	121.1161525561758	122.7658847651801	84.77346213370654	117.4801940644277	92.55730583972382	95.42265119894239	123.1284027267683	118.1494923254361	122.4675679476333	122.7145497447583	116.2638084061653	77.67004519555086	127.8157706473317	86.39341744113388	118.3378553568287	106.1883032597535	78.25407402930789	100.9575207967349	124.7031408812592	81.54661867903408	100.4393574822513
113.3159116316847	75.90342963581573	113.5015478802606	109.4727447158941	109.0782280757041	70.33654725931275	79.7711230193123	112.5099204433816	108.2174011677405	71.62124891139928	117.7529005833333	91.9803705159521	70.93090224696925	120.9686701293912	122.8372108430531	111.7720244757443	103.1026197274538	96.94981712656552	114.6399305318055	77.32290530938224	103.7680390121675	117.1348449870851	75.13580443535648	75.89146468795731	120.0447895380947
98.44500472121175	77.25184198570437	111.9706172102586	121.2945999682508	70.71612750240364	94.32856233688969	79.14427010068673	108.4965996774988	122.3787554504595	89.71025887617979	122.2243649065105	97.17159660057118	78.16375553009884	123.4841851884549	126.185159865663	107.9298877102629	114.2994617814706	94.18605887024822	73.93944203785854	92.51223452307909	111.6779243513194	79.32946552701772	126.5945192547018	94.15850508258831	93.26879168169806
124.4687378957499	104.9954794171324	78.91063136191555	83.30626758767164	92.97823971152454	116.6834042043876	120.7940883372385	128.4731036658563	112.3133124779822	105.0919207635313	86.05166600067591	82.58000715214762	111.2638679875147	100.151613484184	117.180271950413	108.1570785890044	93.77002804604038	108.6192852098758	121.0322411138405	102.682996055389	107.0731932153787	82.91063470496093	95.27119172948905	76.78977697156212	123.3204053052949
74.21848220860302	80.75662200296125	77.26027614151887	76.69854410891982	119.3421917477302	90.19319094048466	118.0979191356606	90.70031498250017	128.7509015315986	79.39071563199346	96.27675606633271	126.000284266119	91.58417624475297	127.7607238623868	95.26219776693432	127.5147624262274	116.7106619609745	86.74003460024669	105.0579580028854	110.2610380308001	84.45674642531012	108.7623513920855	73.90586282148929	127.8309224334707	103.8699849521626
103.4230090680053	120.0673078550458	78.17943759299074	111.9060922277848	90.23894153915066	89.27332557961896	89.2543513017367	102.5055501704201	78.91873600370462	96.31072802613915	122.6440656017837	112.5256643733827	94.00973624431793	117.340862824252	90.96584222368239	94.37911879297027	81.40477008769051	115.4718230860686	70.50104045113609	93.30635645791943	80.08327835624567	121.5264635516673	104.6320403499649	83.76689593320246	112.1766527671342
70.88702988147224	122.749795941389	95.06688734321864	106.1635190320368	125.4129406522354	73.00316154583243	117.3594202057856	73.22970142829431	85.87286637700944	96.13786193049202	127.2983727769766	92.0359767405985	80.01989989756834	91.2218111461704	91.59052557141626	79.77323197005464	109.5836909806324	115.7404551348385	110.0370190834149	98.87950540118061	88.98587189147867	79.43643217548674	78.30299557210618	125.7095215149398	107.3804739967756
104.0006733420979	83.5221835919176	112.5363291823539	72.36142591657685	103.9534490142505	104.0741825426387	95.51796474478758	117.0776890126226	102.4871475345726	87.22139622133204	74.58098123578932	107.6769950563249	91.35645602469324	87.51772912050662	96.18502579975237	70.77945247926158	96.91496767927569	104.4668486132249	110.7456243585167	71.53422816598417	110.6054467111281	88.62790749193445	95.78221001808764	112.4405490489777	108.1117506049406
126.4961774471909	112.0651473066929	101.9234998727089	118.877403298131	129.8219472658255	128.4423098383265	80.67922515032203	101.8541239295394	126.1382308878751	72.05873724895555	114.7892327689216	122.6218104123141	83.09829490440649	92.25148810586714	91.22677642223108	83.75649891279299	82.92408755611847	84.14533703671866	116.6746769484189	75.3042011720288	81.86634292571883	92.33678856556855	72.37684639477901	70.33066325582901	110.006544878512
116.5649228853844	116.0358093359561	127.8275866346285	77.31739917909562	91.96546818486482	99.93193388822635	92.43609072069137	92.80788818187399	72.81417724463989	103.0956925537563	114.6270695783607	118.0597701981912	105.524505747052	87.10786258365439	81.38273185392899	78.20751540271313	77.00750805214555	115.9096363577571	84.50533895677928	77.32093067162231	81.49869012944484	123.0843671411887	117.9801483096608	114.6984875405341	126.7600468314927
116.7831013263316	86.85416590845364	92.48366531306871	126.2400123910725	80.40207542664072	90.14285959946955	129.1375196639216	126.4776108075077	99.68046118033718	121.9932084267991	115.5772349290003	123.6438964387969	128.0947218569729	98.50151955514661	71.87158543976619	90.31811456969011	119.1848206622537	108.7575482749854	127.5526417528268	82.181080314954	108.7029077498197	110.172360500837	72.84955311303719	83.57096874375128	69.86823556380155
104.5667928620031	114.7845950483132	108.7432216744013	124.9752740666442	109.275272024604	72.129990217125	128.5135156912948	117.6002408959072	104.5290926793996	70.73398338356942	84.91720938409847	108.8196400295856	120.0133182136822	123.5181488536968	113.7173979956108	79.26027132334413	106.0644998143628	87.78542121367046	117.3658798447061	121.8605548269933	101.948215986727	80.62664285704838	93.34312228878483	108.74561340921	103.8615271008634
97.2553274953535	86.03985066136453	120.4684453503596	84.64429409109772	116.8063359886749	128.6861733917273	112.9817088382348	76.98039315419354	123.9960347835465	78.22888634715734	121.4794310301448	98.01185835316076	86.98833145354084	124.2057923170173	107.594126759014	98.25425366680196	90.44217618189076	74.57349845003768	102.7463660683753	118.3148693451745	80.09986194946794	85.57618490082001	69.51669197550065	87.40356046055997	77.23244470269795
100.4013120363641	125.2879890287559	81.93798069579344	115.4493204510125	115.8133856998782	78.55965139314432	126.6388634527284	86.76669300369635	128.6375095463216	121.7927318870986	107.070836159809	118.0113684194471	107.1366289773696	81.17183610693951	73.42529959104965	74.81246550567235	104.6489352733121	92.23752893983323	90.39200626883236	95.32104742308515	100.5914527612319	119.9184553912631	112.7396879450289	100.3008549357148	70.4420277825247
129.4829074342074	104.1502492866477	70.35987820016412	87.05915949844949	89.1471635566798	124.2027980202061	86.92034119093887	109.7445544506322	94.5837184561034	97.39846891558264	119.8086483305931	98.44502036144976	108.4546746355314	112.6060029413159	127.5698808633711	106.8580136766249	125.3800420222587	96.17386363410745	104.5723066045213	77.43921221738366	112.2193435351769	128.5324865327706	68.67667795435918	90.82812785976341	72.74219198928934
89.1156760621131	105.384969115929	127.0339802782316	103.936161607388	82.73826182111955	112.1565920244498	74.10963266519283	104.0182836188169	128.5355430801051	93.64319300288818	128.3367448783575	125.4885293143228	72.77685409905898	80.50471962912445	103.6177480572584	122.4915183308943	115.433797258897	121.3851959144478	114.8098716589341	71.92233979361225	78.26144817532838	119.1594741137066	119.1867308111624	116.0132307621353	107.0065185721296
115.4165811028228	79.20295325927768	104.6279844349965	106.3180648181837	74.73530032773247	103.2650406129167	86.6862581712651	112.166030263013	84.56316799720119	86.43552354394417	85.89304882982009	112.6523729385717	96.25282445768701	121.379065604065	125.6267389412745	127.8778719634214	78.07871388674391	85.72117462940047	73.25671160660006	113.1417252544279	89.24679966117733	109.5457921267662	98.21909679401116	85.5441537285666	114.5919939576358
129.6169890240299	124.5613535033505	89.05262724332049	86.53117289437947	113.3482178327926	74.96852349165411	92.84976577291104	99.3425654394288	99.81705217534818	126.6665780196707	120.8236717240037	71.17786079382414	71.56048809530934	69.43427288734446	78.54245257288609	106.4829019111216	97.25939477968834	103.0736588336342	71.69958643090933	85.66418043533268	88.14221463004793	121.1057404539286	68.11332744103066	92.05302378767301	117.2720130626383
120.5239672843655	113.1078518524192	76.25675442717497	80.8677111271019	75.24919181775201	98.54901210613843	125.8361449030949	124.2626660478929	109.8504387402456	100.2057133044329	82.47600831752358	82.49310811165077	69.6453462520608	127.9908071963649	96.822960597114	103.1076388787633	108.3670332136916	81.84127897527233	86.8951925168238	80.22914132657729	84.15715408483285	105.0833455640551	109.6336498745214	80.35826839984901	116.2526350126031
80.63622606189799	123.0682504385312	104.0730067602967	70.50984051547975	92.58191339891189	123.0702530062908	86.29965359880677	117.8727475544477	83.95231404182225	122.5478669689231	127.1980206571939	81.71764117759736	70.41304112863747	77.00441531057892	91.90008637904351	74.65775100502576	127.4866984346609	80.85512152521328	81.61897420849296	105.8048180040167	125.4757402043612	85.63382878230277	107.6276240881115	116.9430509684236	123.5687626988616
97.12012723997697	107.1638140274479	68.85696397924779	74.63351065297006	125.9994968584737	79.18426186060405	111.886796427505	105.5353728761636	76.02540215877953	79.11619644319613	88.57612557784873	82.14603369434185	97.69211640453716	94.66054613423987	102.8525705845476	112.3121203724258	84.51867952197216	113.3742818410708	104.1621331480337	88.094557784541	101.1230458748763	89.43625322704818	80.4533584704225	126.6078714711646	116.4525752097181
82.7477094433857	79.87513324172359	84.04768755375525	73.98342568758009	105.7253109110797	101.5996088082527	125.8634433148054	119.453069299822	70.76703283034787	81.90968163875186	77.61806760843203	118.2125444393457	75.2145357759575	84.87595941684776	73.07797717636132	96.50638071264778	81.30625358598233	85.94038641987568	122.1083264556003	80.32655908917249	106.1806905895696	115.8016250791406	79.13625004865791	97.59627919426853	105.5803742682176
