56.51683237205204	56.25451939797532	112.8990812262737	93.72616578159747	50.03757994752438	77.05590920486213	37.79833281691774	107.6520301517565	74.48257984253796	97.59778288101474	59.44794594976732	77.34834822045077	112.8191670627698	122.0889168359723	85.19550117456672	62.79207853859036	85.7303573093603	103.4416949518902	110.7154669593258	96.0278513935955	98.35797392308191	110.1881385250442	123.4994432767356	108.9613651930843	67.00149888475528
51.21014106186337	75.74964241205234	105.8484063069719	77.27740404195004	81.68918321590425	94.95660449218923	72.57984641445375	92.1916484531024	101.02157279876	105.1335529079155	114.9443554030372	122.3486117091664	81.62180536904282	102.1932313740706	94.62805997350785	84.25563606647674	75.6575855563207	101.9644718250191	67.59624084804776	76.82441247434373	95.89438505278349	101.3069596160265	69.03368237351681	78.57786059210694	61.667357326486
106.8151254527012	85.07762429933351	115.0297302533817	81.81053670730228	110.6539058412761	107.2191775680082	58.69855364250097	61.12291104011919	102.622566657799	109.4581338916859	118.6719729260658	71.60274966192635	104.8033487055206	102.0344200468351	55.97652861482796	113.5464648074721	92.83084079303639	104.5341944831043	113.5674345837866	85.38833470597584	80.60367268469268	92.532854544884	70.88460159571527	78.00817324402625	67.72925463959335
109.7000692799934	66.87131241100515	66.80516692550003	118.6330029150112	113.3181709669645	102.3599563962495	115.8732363441092	50.42107902973905	95.55085326012357	75.7762092046589	105.6761476897599	85.58386822849342	81.1454112326436	99.87564066914771	95.5043265608883	96.67373549556949	70.02627777629598	78.45868254714725	97.91347779976735	88.44002338161076	74.92419672648842	115.0848688073188	84.00650174988256	119.8878377705751	72.62401335222337
51.86107372981739	70.4779440376947	110.3133897883692	97.20751888768588	113.0939486451838	103.0217786456229	82.91427071989415	75.2614597697517	64.56482095360319	59.63207170489643	116.314707614484	77.93001049462939	96.80031081503952	77.755115126378	43.03850702469416	48.0787404342616	120.2897103336849	112.685396324315	74.64224587192145	106.8907514525034	87.70146873332338	104.1760938254594	94.13412291281816	66.11387433867102	48.46044214526187
94.88940142662619	89.96826757322637	118.8080935853898	103.3551673625217	69.48366369051371	89.72972863863659	85.68127805462061	102.4942846519065	81.08722933887051	89.62157677231799	119.0812805976521	93.55345855796332	129.2859741906686	92.36072894003415	58.84672692911245	62.15818346099081	99.86697447568608	129.1365994852158	96.17086750676894	72.61929094835355	105.9794484743766	75.80815222579247	105.0725768309112	89.16615238830431	111.4507760831006
52.89821643480272	78.30371310181044	70.98715130365113	85.27135428809281	71.45065534961415	91.01629128080634	80.0508377569692	124.049122500532	105.2467123199858	62.36801162291233	87.0710272432521	71.57743295642152	73.95321749681739	88.3114835678652	53.17863185127092	93.64638024061603	82.68476697185704	117.063582110619	94.85186740070036	117.2771315377025	84.49631451513319	71.83452404061303	91.0866710394389	102.0042956926827	47.89594142694185
77.12131579803972	109.0948325996712	86.94643710233636	68.38843392794212	124.1678611366824	120.327416827105	105.6682510286082	67.13949867312709	72.64943961785823	127.2915015352015	117.6504993674056	106.3702356775274	86.37692841004379	98.11681544151065	119.9171434947609	78.42349215332531	80.13119516508795	80.13228861857114	55.40126703397038	68.71329743193635	108.7290319946243	110.3945728298144	85.51626664560379	87.86417805913973	73.53974875767382
73.3884183749914	107.4539117166307	75.07656045959119	113.090666529015	92.07929795953656	71.01994639443616	99.69776673431249	95.32124640714352	69.75470185189481	71.42828264813409	71.98116374913175	99.61982904425713	80.76107767458478	72.02824141891426	70.34421786465744	91.32643596220507	112.1776204529646	117.646964785928	79.61895303256352	91.25686352051346	111.0453180092906	118.9697440372749	112.5955013759816	95.35636421382706	86.21039908112928
111.2486964490149	106.4021318761752	63.09111604591659	82.83112713442873	93.96355976824101	74.89276831982083	110.6733902558483	55.75512015143723	126.6352191306246	99.58160062449724	81.98937206437616	72.7882170355138	107.9258955180041	108.5772249421114	71.72094189784197	69.28335675714038	89.44881520092541	89.71692460244334	76.81691915341221	80.05962373669681	99.21581488472168	107.6047009100962	60.30585268567734	82.23467502717104	112.9361578702767
91.29398466027703	72.27043894757803	82.43339022139095	83.79626119092279	81.04524936562321	82.17044544502639	68.07212858124284	55.02944482410376	90.74203331129448	90.42464885796238	124.0826591221688	92.23220018951714	110.0539385543773	107.4208830228633	85.64312685009841	97.22066181519688	42.19228174949684	71.04958964918856	74.9623242198158	93.12363327939005	112.0261787368761	99.21650008053425	67.65032297052852	91.34069857115776	72.27921710481175
115.4133015148089	75.30582871073676	76.84156874400855	62.18723140872663	97.49296654803312	113.5042085370752	80.15311457532979	55.96404115619882	85.82631797325134	117.4539265693266	72.17553403110237	65.897423802712	74.80977997528024	73.24123819877643	108.6661700855468	96.49894265870921	25.21875546834594	80.54715973941504	88.12003501328493	80.63295870260004	120.6788104316943	108.9222775681929	38.23072257929377	72.70061903861955	83.336113980436
96.20794518281909	121.0175884694895	67.84586294348799	93.3052244533871	78.56133682326721	79.96179493665656	81.18155724252298	56.98615445768381	121.2342076158117	122.0939675660537	95.74651083781059	92.96223070609649	88.16343748364167	118.0156498694571	72.71040512383141	77.29839768301291	72.68691241661332	90.2500255196487	51.83378588450297	45.60318242803606	93.61416435486393	77.7343018145605	76.25502208753318	105.2387426606859	68.16296529914381
73.7460204237511	73.25510937843507	93.44503025107856	87.12543816873833	122.7138821554448	88.19890687220862	86.60780344362593	67.33823136456178	72.18680101175605	104.1486010231239	117.0501728454243	97.86898095879823	71.44784396744427	109.6314370972009	91.84222850574051	72.81385550070263	103.6728082742806	80.20217391144935	61.93119722466736	59.8347794819406	97.64907629307737	98.88399242808572	107.0646871729979	78.8760052880301	85.94032942124812
89.09311245562623	108.9639098895132	79.25071401075293	73.96939203394456	113.0769810864446	76.62641067980255	104.459141477617	74.73985613283585	119.4543211745323	83.28884880116027	85.16101323932767	124.4149866534743	124.4227973801019	91.70029456121138	95.01519580974195	69.38683126748344	102.6190494879841	82.96855157055785	94.51697129371814	56.01790081917105	71.51043766223508	87.28458160372622	82.72464091587022	118.6979043411765	108.9441033259411
104.0784125968777	104.3006569427286	54.16612212921144	53.45963859671875	103.4218767195732	85.67475390492571	124.2047578705613	37.62411466887454	124.5528093120346	72.77989550307106	82.11663848445042	54.21221592584436	114.0455449220181	113.4665064663317	121.1554883952749	106.6368618053484	29.42856145597256	96.10987610412923	48.17534955680337	77.0333999550643	120.6540837938251	114.0366193447695	46.64366039924478	83.0647320571006	125.0410151546041
65.77153454200153	115.1762719039096	77.42781233969208	84.11820113076207	127.84569377656	124.6238882673588	109.0302284011627	65.99696742271036	100.0379269196718	101.6337325819153	91.96454837482827	66.81122573166547	82.84025602252849	118.6479142513957	102.1726416536578	117.9693453174906	86.04436037436908	125.6300969461865	98.31095165322969	96.87307198583534	105.1127512177382	82.13887476981125	73.47541177088193	95.3406177090441	83.53264105650854
120.6273426735723	93.1129667904397	78.99092474885245	71.85068215749283	71.89889259832647	119.6149117365812	96.95468671111959	19.0542793762237	95.03646022536236	128.7295815204639	90.83534057935552	100.7291255029762	85.3556149211549	107.300937975585	116.2730566533799	101.6625777944526	44.32645118223138	77.52329133038364	33.5660417949469	49.99333946806556	96.55488191397046	125.1056919508104	16.37699258931848	77.38470270080693	126.8360515440135
114.5769046651876	71.69367258526354	103.6969207466531	109.7026368334271	127.9122770202325	97.87127889827364	121.3763763468441	87.464846028504	70.33379634263086	97.66193963530782	113.6851942688621	103.06847306291	113.358547836318	83.62172842796568	91.34493409261913	80.08383469910314	56.32230102541168	73.32531777093223	68.43025127009631	80.30725820434724	79.88023797741621	119.6938664247771	87.83563015510299	99.977162366404	124.9456809426072
95.29598758228099	116.0104378141659	61.42977305211883	88.0306210889797	78.28200108635042	115.3843856361963	81.69656229498915	47.88398881204887	125.9565740190181	87.69361843242061	75.57371269698726	87.64236476061254	96.11622296455741	103.9494050561671	113.0653256146454	122.6776544970195	80.36730123917326	91.9758504023003	70.09569377496784	33.36633304105701	73.59009419071553	123.5689064589237	82.1764365453266	91.80531582228927	74.47511565562517
73.1890364441673	107.9493039934384	119.9055395065123	70.03187606960172	83.37860906665377	115.1183214025803	77.65879063324286	59.96738713747669	97.56626956133374	73.52822286156535	91.31340229467254	86.62463913250788	114.1410781838089	122.6125714523243	84.47828430285423	97.06168480696286	102.1647103972128	116.8987156717531	99.93369633868272	91.04417902406564	115.8626681473364	102.5574458543485	62.14925026409836	107.2105238758023	86.48987424959803
94.3266194050469	78.54738921317457	66.81268926689884	82.58534357448639	70.91751426953677	103.8371467630689	100.7935980204878	57.05689737946328	123.4253360634693	71.72354089251427	115.1675036107144	83.75285148832843	127.151896000883	129.0923861594953	107.2453507698347	61.25249138866093	75.84051749288446	94.82263682661376	105.3283927643344	87.09144718606507	92.01731516164665	92.49301004748324	69.20072414656278	113.8806566736678	83.07444457664772
66.6177848179999	111.0504082887926	85.79948274818986	71.28729233620074	110.9978185357853	76.33689641442338	58.21825264631994	77.16085496302972	71.43720056802175	103.2308874465667	77.82742382713548	95.10772636822003	75.10891017734596	122.1949974411531	64.22949494128669	104.1793551922791	59.90644962651101	96.52630213759144	77.91363139089557	108.9815662369721	65.83090381129279	93.67110021763959	97.26548499712993	90.54674689723166	72.57892956065712
82.18623724484586	69.60523846082521	102.6422209823726	106.1171381212217	97.9314170078608	79.61134236863822	106.4490420538521	87.45322396283332	114.9270399781205	70.97105326884254	87.98099121782799	65.33285505061379	70.40654690987479	107.1727496432979	125.8513855950735	107.736103386493	46.17122450528203	113.8562108595005	44.04281346105245	61.44975841829215	74.44113023917832	70.91630563105021	80.25641978889661	117.9496777152046	90.72251524974912
97.26348953310863	119.9658781141528	61.76283801163959	47.63674460254008	75.51637803672301	115.7935566514838	72.01934840418072	72.52082471515391	69.96994760121471	105.0552909528131	75.58821295344593	68.27706720079917	112.8504693495699	86.02133117043212	68.92045553726462	111.566883355077	33.18829485042902	76.0562630022461	48.22846742077485	72.26717503214277	121.65482107413	115.8686032541848	21.01311796415297	97.62853870118332	103.195380319708
112.1403344695217	96.45742476725864	88.90974675115901	77.80848848202351	93.01919530936792	91.88569329153101	127.3282535712788	45.46989410738588	93.43589495120213	118.3365399442636	123.803814957587	92.51057802766707	96.98580997604964	116.5142880828987	86.34654140498466	79.88706696133086	59.23811888789311	74.63222839618084	51.36648413177357	56.56334824597336	103.4629409081849	95.04787789287923	44.22530245572938	74.02226575909172	74.16345062804005
55.13426492349284	114.1201131209858	71.82864554248457	102.5548947197589	115.497673565885	96.92528376812696	84.04299594261131	111.2602170525705	74.76133424174718	67.53437658817747	112.9128566574122	126.2049242872693	85.27689229619165	104.4052251704246	82.29013213024231	115.7658626938194	80.62808431950937	81.69230578541914	100.5747025532762	89.7134352237416	112.8773763626905	123.8064786955188	90.25083338130418	123.7979793776714	101.6218423264389
98.550956576739	91.30138638724615	46.94976728712183	78.19540933397641	126.1115035788079	123.3513159761531	104.3183006871711	37.86674217354668	90.79366055547459	110.0339252562034	125.6450187942118	67.94793843547842	50.49500046521521	84.45342250962005	80.45592217221896	129.8867828945889	28.7177318794389	57.20874289466356	77.01232478597407	58.31825160361515	81.23561713375116	127.2711854543231	26.01378454598539	64.05120447524889	77.90715640625098
83.083583870194	110.3958454605085	53.0903126038147	92.04796343222353	115.8183192146238	103.5211655031922	120.8110522536382	33.40430120346474	70.98048262090037	82.90864500894767	107.2309660933506	89.84882073643094	63.14446247799016	103.7436266960946	97.31297072075901	89.47542396016115	14.16497507620372	71.89914845719834	64.39159701032791	10.31620497921141	119.967260299472	102.4426328222134	4.654457722183309	71.64701624787551	101.6989371782484
106.6991094541716	92.23588190521974	77.03999482105715	69.85227764886277	94.07334864727504	75.90886160046996	92.08565431914744	70.53216415841517	102.0815395740986	93.75649000142327	78.37117592527015	86.77760208566188	115.8802084494106	72.152373980024	80.93425663102902	110.4375783326102	84.23949136533594	93.56540779268791	93.43287356293371	85.74491105623869	81.60028932533845	79.42471531885099	72.25380292172626	125.6938401437235	116.2378490281733
87.70778307035303	109.3515938186034	55.71661658057663	82.20266747313669	76.42105021529854	127.9259410221414	75.47564378282769	25.38047851334722	80.50053554927244	94.86898702696429	76.20906772164184	52.37413518790521	94.59040385617206	112.2475108303824	72.70452036605927	100.5699648712794	44.35335479300048	63.87165400182535	78.7597620372803	69.24395684141399	115.9902850358067	84.5907381495925	71.60764998601287	77.80950790505683	104.1871937726266
78.44232050319708	91.71621258752964	64.2252940403616	93.28433802990332	112.8714220920439	123.8377498551179	101.2128908821032	106.168372156635	70.23273114985525	117.7701989195282	75.15985965455006	95.62415574938153	69.52076815672571	93.37086015754861	77.77537717574653	93.3606298561506	57.3909747884563	105.8922148512689	52.34796842255751	104.1203387509021	105.4684690740925	103.6064540388674	54.47409682679755	90.43937934042997	90.14749357385156
76.1385107962263	71.66825084924527	40.15862443166044	81.42823519402351	126.3845588452023	122.4002642469748	111.6016039813725	59.08779415784062	109.0641035228518	119.060589749513	93.14042471101246	87.23822997476081	103.8171770383014	93.33480379946828	75.15320051083248	93.04671057951064	20.54836261085963	64.45466826881336	50.9093649601855	41.91924904100884	78.98309416016777	78.70866652587081	43.63612646614567	86.88218026948653	86.93043847161097
78.99839807280183	71.72804273185466	64.02960190141025	66.82236698386775	126.409189761911	127.3651285683499	121.9496268211434	63.70301827305151	100.1415592251755	109.9309472917688	66.56083825412152	93.70570630962999	51.64739300931927	65.90127793206749	71.85504637945105	91.66717555891833	31.75416361005218	106.9293506217442	59.46652358047012	67.15267411285333	115.5943006892275	102.0024830376457	22.28590531434675	66.00253180244407	89.53550557965194
85.91227965108965	116.2414651493081	44.89675650959745	39.58347998851767	72.07990508788899	94.39292404679551	100.0888361375349	0.4008626548907786	71.40277849169635	71.52316968319595	78.92985106661078	73.10480722731795	51.10733782634749	49.73273324782384	129.2332809765352	115.5759005516886	35.79785884540325	64.66458208093012	32.80334819146039	23.16060905309336	78.61218897361459	71.23321106535641	38.15058864360641	83.12325243978218	114.3780446065687
121.2914652166237	77.21823593425076	45.6832984623052	26.0655059657487	112.7647414752593	116.6207124352304	98.64095587364383	1.995429056704321	91.14625563320186	69.96251264214429	108.0841226784206	46.67922415197795	96.73175212378149	105.0306808620355	71.95513262998227	71.32579335469218	20.90035583807638	67.66255609420654	33.91673032586357	50.42076211884199	70.36736884397797	75.88618748863794	8.960334891980139	87.23564999463932	127.1990700972872
76.75048655194796	116.6217654254887	47.17706827021374	76.91182187841048	121.6897924233518	88.39739958451349	81.55533863444514	46.95446490376341	87.47950276257615	117.6468199088076	121.3206231075606	70.63458909946524	50.39350590036497	96.52957286291304	103.3631157926391	101.8429187944642	42.4926754399045	71.13163019736182	42.78075649059457	41.13239581035498	113.6812725072774	79.67710512188387	9.657154308012274	99.1091042278459	78.44393795766841
74.15449455905875	73.43079627287671	105.563881680542	91.71796520218355	103.1217916057902	127.3455405496392	57.03870476287615	64.34493861080203	110.3525851446211	74.87314736659003	72.72938115765844	81.25234914733551	109.4595111247167	121.9113930869192	109.5852748073006	110.2307047700657	56.24799517749375	81.50343583530788	72.68536560777679	91.22046568692937	96.84893860189518	109.5525792473363	87.75962216207648	104.9806755184343	84.62859883521804
114.6584204807379	88.41316384956599	72.82695279055986	54.24541145542739	101.5684285926036	69.53486818301097	126.1041124707356	53.45083968776136	111.4085928677515	97.2670691499134	63.31428210244832	51.63043483859211	94.69283184655721	108.3203698459713	105.5181106289813	115.923501699085	2.82070545208313	69.56954720856029	55.13635267342752	30.93389322704158	120.0622760470146	112.6592443274408	55.31068408383452	60.73653157010403	119.8841903487394
71.97948930878098	76.66147926503314	41.7028772855594	36.22550150092819	121.7717420286361	106.2804913487423	84.91712413148559	43.90959228973244	73.92549270813072	105.4930018799814	77.21050483120675	88.40620599340959	49.46458096768831	94.81861086279096	107.499787202612	75.87851570442986	40.96709239124073	85.06957456833942	44.94530627271172	40.03248790573495	125.6836573357484	87.99139802488931	47.28237636215282	83.64017053815755	124.9544194645805
112.185084058624	121.1912922116305	52.19080937337637	37.03781597006045	78.41978093547129	71.61588807203128	112.9218527231563	49.49430357475687	120.3940567320913	82.00642969648185	68.31489459264374	43.66490260352229	67.51257425090201	86.62224901941917	98.25482520249903	75.73049539455072	3.583390581110955	104.4181711093425	8.031033334236128	0.3529896568921558	96.00622287572173	107.0762388943051	38.09210852550692	82.4498486930228	126.8591131165612
96.2359621033293	96.63191687763853	67.52751481180418	76.31524612226144	122.6065040699915	74.91592968525772	90.77233781017989	46.56546962155069	109.1719338556607	91.10105247520332	122.6627449711856	72.93161760294402	72.07928016147939	101.6778730425762	82.74788164009669	121.0860913854651	81.1927578427255	76.31024756589329	80.94678484916616	91.65050928365523	98.10978314794883	79.09224815453771	75.01772850319264	98.48090490802358	101.4580905030936
85.6341885788012	81.70501479655069	102.1329720706691	109.7602080173738	109.8183155616868	88.93512841311603	124.7323558571115	33.9112520359268	116.4118236453633	79.02498345819147	78.06831433705788	110.9528119892245	90.47979068639701	85.90301516689802	95.16026317937964	113.1295718197492	69.82413475765762	111.0532365247078	69.59986097602695	90.90836814492178	74.75487549740505	83.05225402076729	35.99431829889849	72.05197296954171	106.9067774357628
90.90808893796186	78.79249837839438	15.0357619424278	21.4230701855432	108.0797643204908	85.05572191782932	102.332937140869	0.8239421300895831	94.44190963353562	81.21563765887106	70.97058162178095	75.41971489094655	54.18056588833061	71.98731455068901	107.9407984922073	106.2449231425045	1.646406660950007	56.95604270185807	42.68712457837077	2.995688264907174	71.62638224166517	85.90628826786961	2.624996867154991	66.09593127299584	125.7425773900541
117.5104288303174	102.1369324817842	76.57164068260093	80.32742214046469	127.6867406954296	117.1113762891756	66.67763581740091	96.41600997160799	78.02557739054373	87.88412045777125	103.233540746596	76.2611176694536	121.9249384439567	76.28575801176844	69.20656212401593	99.13100191797525	76.32880247256452	73.64998922159511	96.61119487101699	83.86283704701717	115.0584450344073	119.0668516488665	72.51832213289302	122.2019856580903	70.43111873852936
104.8762067351344	84.54879373136204	62.18604668363722	62.67643385034025	122.9307392404551	104.3979915475895	77.25118814813372	16.16779127616919	76.82792953612882	74.26783542444525	103.6075083332439	83.57627856178249	99.02932935793103	82.66030807477043	89.57937521272079	114.4839541003051	10.71712865642631	74.83127607189506	50.74693608419717	39.91027498507529	93.15320257973002	98.38514293838716	69.31067892135532	94.66856559221267	123.6130061739495
84.76777205414432	79.97833337203804	47.21212515036549	74.57103155389669	71.88212342606366	88.33212563039524	107.0491231174265	60.0784217171705	115.7972948736401	97.43238409326648	110.6018744042102	56.83100644763202	54.52651283055575	56.96480302196345	121.3429921909002	127.3515155445988	0.6326284924723211	52.10345722228679	47.49313983081318	58.54074726842518	105.0636966625068	118.7128721325689	32.56589538441043	105.0087312080556	75.58724868660501
112.9255734416228	96.47011441878294	96.1177054047173	50.14158362741108	122.4385961531686	78.57311204486142	81.53918913839425	51.05363433679759	95.66482380143557	111.8835382071904	123.6843007899091	98.21085049880224	104.4105449617309	114.9228084941499	127.8486599034892	121.8045426918594	29.52887639271373	110.388801804094	52.89314630498018	30.31142465938994	96.47146444501153	82.40820139249195	20.97666194385793	82.59163713310292	104.5284551745737
118.6084266072502	73.61421413822336	1.879265564591252	2.642053344909739	62.52978828186204	75.38037171053497	85.96223813365674	0.4204238426720452	103.1784663510294	77.95165279685986	70.76920400078262	43.36789966703793	33.71539995730808	52.61407642482672	116.6638147868572	65.07895991869771	1.600381673007314	18.04492271880621	0.7826929849738915	1.122844592064915	105.0241659880333	67.31707417408165	2.782094662503652	47.7121967261355	104.1431660344544
119.5552153518551	102.3539540470367	36.68844794505338	22.03223557583138	101.135458809735	107.1316951609671	69.30911845064995	0.9768873849939901	89.09536533248064	82.47782505257206	83.32942666630366	70.59183848258293	73.32985173465218	60.83565352424574	70.29364358460809	81.22055397086066	1.854161946605468	58.72806286521237	1.996046767086799	4.05777647405786	70.99858724118212	110.4116427388987	3.348263486033744	77.67848264935162	100.6438285935936
