25.00176036548613	60.82122689210252	64.72856477118155	62.14709269685775	71.03055504963966	114.5766885400774	50.77878509769013	82.67259521917779	98.13827072268754	107.1638428320397	126.1600879008272	102.4014792681319	100.4809272722577	98.85322376985889	48.88705200299401	41.96583397431884	58.86998043270012	122.2141618353606	84.77497997054206	45.55996760548305	72.12720965343397	117.2510053639088	79.69617778004502	126.7576256546399	50.54684496134493
1.135613438220837	2.637468861083389	88.52364034750403	105.4842841990291	5.830867971966761	21.03232496099797	0.07161403749021647	108.4841449155953	26.74504381347503	32.24518426213687	77.12758356164639	77.27842465829094	107.0567182463533	40.93262926319433	2.246119521149165	2.799428244144025	91.878711883031	89.03717047386166	107.9383633284622	105.7077442575308	18.44019437592767	51.30656343682243	110.3526828433749	82.17135149800225	0.6786500239912516
34.24532274428853	79.56110152478738	88.08813635533511	107.509447977324	110.5955908307624	105.9409604621088	38.39807486318675	74.1060055633013	112.1876994170185	112.3752529120331	97.35634278780122	117.6574434275782	74.46453648678236	99.78168731494392	74.35458294888315	91.13695657122818	56.21178732271558	79.42800948159079	69.07624005020722	85.78829077830603	70.81918677377269	123.1423036824833	88.33215264551545	82.2604088028019	99.47863695372382
31.06401602036878	61.26710652874189	118.277063706847	104.1353319826428	88.2219574801	55.98625318686207	47.23361785343219	85.90242238026352	76.12003768098786	51.54345352448955	68.50881265136221	71.65222509675058	91.29420817580342	76.62911921418036	26.27515820370809	46.55574478746534	97.84220023373715	110.0496005027339	96.81090082498561	69.64827325328565	30.92150954805057	104.2007131346511	99.65772072807124	66.86017980874301	63.03080046871632
81.16762046741681	70.92448210401987	75.11618160845883	81.39273495744695	113.7973891978507	112.0129050705776	95.63546214207339	60.06645726578915	108.6815183506427	95.25567219411856	81.41947712482789	97.60908619682797	112.6039289634941	119.5809238099619	85.93594254082009	89.86335346670336	45.98346740815262	77.16460779846641	33.63951331736011	38.67503046136103	85.93244348349833	126.1553252644757	14.90349777426775	102.1461033358938	70.94937464328011
1.633085765324755	17.57160418116739	123.4893522522971	124.177053855314	65.59971588278592	38.37017480597476	1.6673872760708	73.75759154214212	29.53269812814345	77.56317555402836	69.57150457980185	82.20447615374793	125.7516751440788	101.6085683594915	2.082415732352858	3.447387930594566	104.5195276367743	86.31052885331148	100.1150662727492	71.45776663898211	13.71733414202154	54.38668704045023	117.8828585751552	98.53739796787693	46.19871373153397
40.18263831664116	22.55502438299481	75.04238124164492	72.59096714908733	88.08979496629334	97.32843902841736	40.82895691133746	47.21119822232676	49.69043156048947	70.35289681301325	119.7705878376321	70.84739908571042	88.12216616498176	81.28385067466292	51.04327101644373	19.67835903364193	76.92146482279648	86.1242413010898	100.110070623488	63.40584142054769	37.43886371425545	69.1630843928759	76.73694691745104	88.70631272876581	33.79595988938691
66.96086052453376	34.0591161366803	81.12612805577095	104.0378694715738	105.8988310830254	57.1095930389595	52.24705879170051	93.91846697046161	53.00933677603879	103.6940014905863	120.9406625547287	79.24039529391671	71.0370148041562	84.93948733334747	61.84843988539849	56.89444218705805	59.9968889846746	74.52430021974772	109.2691096509638	97.1035894735995	61.99613626149106	106.343114941179	62.89064744758913	87.13791295913309	47.85796768462328
43.19402367024666	91.0048112640702	89.38019589534139	79.64348991056735	88.19113188415854	97.39907208245531	78.03660475471847	47.40509541565376	121.5543190166337	86.72937381805644	114.2592305127237	107.3034163502945	101.9877007060632	68.7522543534204	74.08169519062278	58.6498682364132	38.70731123768802	87.26117836176257	67.32845784946718	47.2389928576568	96.13774214192745	91.51765346915732	45.08890485594219	85.7664964708127	62.45927676257497
86.25118144997248	97.90522935792202	57.7342428058154	87.47355486178242	118.9807021968821	92.38359164818945	99.29508457405967	1.027596833027184	75.36230660021062	100.9198936430327	75.90574398198051	59.16334659666421	73.34618035007317	119.5143778311599	67.42094042673317	119.0264351125854	26.15966163248426	94.00167732074938	16.81548461389418	46.93123553257733	69.45855542160771	71.55519128681632	10.18549510550118	92.97497025931989	106.9402691844813
66.36343235154037	128.0168002902592	2.478155515113881	40.38204365095767	83.7670028924653	91.02684285795802	99.76088279439071	2.130203770417439	70.22463194327709	74.786462928164	90.73735967569021	27.36661619206315	86.1377805485449	63.53977945812623	126.3574125382379	114.0250224286424	2.881531203831103	56.11621147093663	22.06045706777601	0.8532630916875146	109.6210284315117	80.81682920997072	0.809918465919145	67.18065626137147	88.57053248266502
63.07552699501598	66.70879149645653	105.5788321553181	98.77357703519306	79.65980019069497	64.04241596039913	70.75941522351609	78.34019019402365	91.28312862180948	71.70728230292437	73.54333487560562	86.44907989878226	96.71541353384876	77.68051569052442	42.05832111691484	69.10992292291175	65.97350921413573	86.09142896817778	90.95808054609407	87.49452044708812	84.20992867270624	78.51269012007562	36.87437862188925	73.89597575728733	83.18935614868091
62.35918832969975	95.37140051293673	38.25106361847919	74.75235103053396	100.3905256812757	128.532335699604	90.40132298212964	37.18591394696975	106.0382129927028	70.94349902609366	69.80579936688831	81.73268530429962	55.23512880153376	66.53872624633424	73.27004936813395	70.59521941827259	1.163392730920965	113.5399970197115	14.22064726583825	4.129283099909344	101.4163343965758	127.3703370318854	11.58071846100529	120.1107041499209	95.49891006236159
40.8748510633327	32.32162950077435	93.20833857602264	98.69268683134248	107.1233406648535	104.7725143248577	61.88279775741748	77.14321113122601	55.07807982634239	62.1186868337382	66.70967683007615	126.1762545268219	125.9713361181495	121.1478508514761	21.88883380244712	56.59506283802546	93.99612270221995	122.7644942362522	107.6190869229828	77.27293957273702	86.3426472374877	111.9456243084821	89.66767920213607	90.44568683923647	62.64196304549984
39.14370901517958	95.93859329825744	57.18485614809117	68.31735222304411	75.77021175783612	107.3115188535069	56.68830498187097	28.51852900833136	118.7438183508644	107.6329503489357	87.60909998663956	86.38577434135196	109.7294699199106	74.61205073088522	69.77356885371262	52.19873383406633	41.06549547951298	69.78680652560436	58.61229988683559	57.37098515105471	113.3334620951075	78.13147808738003	44.66560200362929	125.887978274527	52.35887214797827
101.1786316540306	112.3418218230899	1.518018551129285	2.242359842465748	57.34288279124732	107.8713063457051	75.35663835338009	2.491785414099003	82.18411818782008	94.97945886199992	85.50779086546422	0.7791376503040335	24.73203163950629	72.12135105923025	107.3039086018895	121.6581618566276	2.791840897591368	58.59145635639061	2.712862298057898	0.9430415520574806	76.29074994357191	117.4245799691131	2.938480916319839	87.97440414438054	125.2535912516751
62.16771566993586	49.99619651946816	62.01597849359237	86.81091087946098	88.47553277598358	112.1165484546171	61.43339343539438	73.09599616803355	125.0995398642565	113.7823787614837	87.57381760830899	106.8501080326419	69.35252260372374	124.7757160368668	81.18780172697547	101.285257076379	50.7827706874034	89.99526031882777	72.37791142545743	52.9777558469535	70.29741140186688	123.3844129674646	39.71143045185985	117.2730900156766	80.56737386003208
93.76097333505065	70.51589252068244	44.90097044963706	97.30603898514957	75.14370938291347	80.14364941082653	86.07543285418937	57.57181926381382	77.96511956278512	74.01886143448094	104.0233421381418	90.08467347035754	91.42608587077467	108.8360630789941	75.17362448774003	115.4023442919454	28.84108489338116	83.84012963309158	23.79266833310314	33.45819123247651	91.8897726425411	95.81511852859488	3.97272205509698	82.45071766921511	120.0179941565593
26.50668518391613	76.00989645511584	89.15347894605924	102.6653127296328	95.44010657021633	103.9025734283567	49.60926109987514	63.64207927017442	93.33359122135141	109.9324137510383	128.4888569836368	87.85311987698023	106.5185359062351	114.1596286574688	31.34169927702337	47.50887640495448	57.25033179938768	108.0984270614938	52.05071040822732	43.46323006309024	67.60274663722001	72.88465447988015	80.75982481217883	84.90079633121638	75.26825248829449
118.7491066476702	110.6800405383929	34.80029697661125	27.25954969956696	92.67625089657975	79.57308376790664	69.47976104128462	0.8139247569526251	118.975763688195	114.4129492985592	66.70936558924484	21.74193809977626	47.45618505761833	81.21976950194232	89.72517238432697	101.6871215050101	2.073179897166846	48.7059799758735	0.08422673341031364	2.405861416081873	112.0239635629827	103.036623407211	2.227148380370356	64.9559167536859	89.21486553947028
79.57421635437281	93.45685359370393	27.87660649435587	55.37729355517493	125.9054197155545	126.2967383670506	102.4580719545919	2.140870549715139	128.3425272940196	111.6042432647876	78.27524612831297	79.56707020633411	47.41436670376535	69.73663696070099	103.5848284167987	71.70289787321971	1.43264522879993	94.40210812908737	0.474740318888575	14.43679882472747	119.9708279345615	107.2053095323507	19.57138814086743	114.2825441842755	80.0427554046762
103.8936769674297	80.4031043524901	65.62633169600403	58.74324447285342	102.7750694682028	121.4476846010439	79.55511690544118	4.931026743601997	93.3709796740017	81.53175605493036	84.83296369623402	98.85122415152941	99.93646483873593	78.7747517299094	64.36084209597536	110.3571880037599	0.03961870470615506	102.6854849287083	22.53962724497262	30.7115066056689	102.8422974729574	70.82643075370383	9.381721174486977	118.6959888612294	74.38960844085646
48.20457632267315	89.31757975666513	56.95244025842331	97.96577800431554	112.1297345412765	113.1930367775787	81.06615403239275	81.02553778111886	74.65759871201648	62.27909525155901	120.9833383309033	68.23353729995611	92.23417708869474	127.9805507492173	59.67071998060965	50.97691013472593	31.0830010918245	118.5923664091817	83.12023767845332	57.99643800113051	74.56441674797817	113.3384733993514	67.96935697297236	89.52348367616784	39.80247093784054
33.41498813748675	48.70141547651066	80.87593403469026	100.5624482197194	72.39150143462808	92.33222675054952	90.4835873740993	42.01992724850804	77.02955601753129	96.4868746864842	85.78507218419196	97.48719524454907	88.32535657979152	92.3070603660147	54.82118802895684	83.06828178197787	13.14475124444508	100.7203598207456	64.40189884821791	64.19216569362985	104.5714968838323	108.7573552477747	33.26096261020253	103.0660412080249	110.677542511023
87.20510422557994	103.993590375325	75.6243361016279	44.75974063187221	115.3660863211877	113.1066460716125	65.10249955825316	0.6406850160315178	100.7559027165279	77.59418801796758	93.91394284889145	77.13838051859759	63.3519242246861	82.61199331045026	95.38937927836065	75.53195764281493	33.01441216705106	67.87087739925879	29.22149816858541	27.96726855164414	89.73601401908884	121.7079341714733	11.97233764173202	102.4425032906755	90.90519078396555
104.3488385785639	120.4326752592533	75.64967335406197	35.12138834062807	110.5158909165174	82.84273996188014	73.36242778068853	38.99827800816438	110.4054998308989	108.860410589098	70.4916210434034	95.45681329813092	78.25293776838546	88.19935975292924	71.25851508177506	91.19704843266776	11.37562906803431	98.24123819802861	5.315560026100457	10.02954456967478	76.70557486176706	120.4712471139671	2.240858670351236	104.7111141673064	84.40296721813596
39.84389376353232	59.51791763904362	97.27112763278899	114.9108805431099	106.5157821122407	81.9124577858495	46.04511283200785	52.2048163858193	94.16627844251612	69.33751392408041	69.64473587107045	108.5733264700154	77.49363699451155	81.09693247395846	34.83048186773247	77.88243739488416	71.28868222391029	85.18094181508627	86.02881220505067	97.11698522454589	77.8254507866703	103.9176526419942	96.52143657725308	91.60354111112551	53.86526597981234
55.89392144483797	31.77498529780306	84.90477812324292	84.69906284082751	69.19068299982376	70.04892365513508	21.17178840787526	85.70767286244676	88.35611979899308	97.00727656738738	79.15850968942465	105.3510148044591	114.6235502838108	73.6916267481801	37.77154710386432	67.25263483651463	32.7745529103768	85.00168616110423	55.84063612232657	52.03975304605733	78.22312049904181	113.3928061694231	51.30005401039061	122.1662358655069	44.4224062585273
123.0780173232219	83.75321834771827	0.7611808531572251	35.72234324092571	79.45249210265956	125.6222343872845	78.28863981890231	0.5952774456880738	75.69523687079719	74.85978432027163	77.61383599272634	36.93933666745124	48.73364953916075	62.90812151182776	74.42914871957043	72.06938425672936	2.935894855669228	78.3220151774704	0.3473157544159277	0.8168416633704008	116.9932132722725	120.7815039748564	0.1579207272013983	65.94931921960649	106.1042766126722
63.80420619238066	51.75264293627345	63.59701436334559	79.07676935372047	80.71297127682118	83.73892677158787	32.59262547909707	70.75535596496735	71.79661466655985	79.22499023856432	69.51437818387286	108.0943182418247	82.33217780911903	74.41298305713313	25.03657711599656	38.91364838174091	47.1073359167851	101.736279102782	78.13907794609105	85.69862063823082	73.46295461425666	100.439958117636	74.83002884551303	88.52212298860077	71.23792690388278
103.3407395723492	110.1386319265325	55.13138128560043	81.44396996105458	117.4327921667457	105.6751297380299	110.6048550958828	12.71856446976986	75.83431408145981	87.79530255375811	70.07684994667395	94.8186639514488	80.03332373314895	95.3376425788299	104.7002113218218	92.04850156783107	0.9982009624011956	74.29431325468371	51.5363425633992	31.65265190477754	68.85424685267007	90.56938666735404	6.06781659331731	91.78438777117488	103.6454395836924
117.0238786034224	84.2004036264089	9.58293828122325	3.119502277049733	91.094829299826	109.6799515298812	126.7159241054397	2.273502989779637	76.24599269227363	80.27699768586623	115.2019640242449	48.62193699734041	30.50742426911508	83.05630976076519	87.37824943289847	118.7474318770675	1.794908380771967	33.73031997025846	2.570766381165103	0.3464585270242256	101.8349801692537	106.8814406152751	2.475858327685315	86.30518468314314	92.50265651137288
66.77148147215519	86.85829905872157	42.81528082728541	60.1869441649942	124.2102542799913	78.60024444923415	73.70956213123547	16.41475496303642	70.98978585550419	70.03117909405476	91.36312472083172	87.54683701749335	82.82097990043233	76.50748890280569	108.4957119355105	82.60519414635208	2.039041802160509	84.70787324103075	51.31324095509221	2.11104257783972	75.09025523426938	84.82666177497075	2.009398049886452	74.6560106184096	119.7879065461594
80.75840988501908	83.73665985260519	22.70563509819287	1.073789446245665	68.350655746001	88.949147497341	78.80981749860172	1.378927831953954	123.1257945172449	69.3464931452468	97.89872919519519	46.0201533394758	31.92837600041305	73.2380660858596	86.95175970390163	107.8306633749444	2.275119629667819	61.57309269121569	0.9897258054066762	0.2383624898618849	90.156280446888	89.35031218201851	0.9850497359719914	82.24914466341154	111.532197162212
122.9953870671799	113.7807678803673	0.1281065287312133	1.305362356847015	62.37352570556568	99.7104747208144	117.2933024732779	2.240144979122803	116.499158408956	120.1352460072232	109.6956740267067	42.11233227839199	11.93861110657127	66.48814822014657	76.84316982421785	98.97409269672036	2.915230450849344	24.30155895862002	2.007726159558871	2.869108387862144	109.401690370678	84.32159486553527	1.005443624749289	86.35166473746074	71.47197837531837
101.3229834209935	103.4932791391217	4.011072701174442	37.88708605487324	71.56701782415432	82.46109762071018	73.06161639993947	0.5803185911802489	94.62127590237812	93.38545578133898	68.0842517263944	45.18211514613733	47.33526891080226	46.82901726865946	124.7654281600604	109.5928673310867	2.659587628481541	89.10453275745905	2.544262342071726	1.393617757068043	72.90522689545477	77.84726225178019	1.430017644003093	57.60427776405771	77.07191580780857
110.3623239271886	79.82280787008638	38.01424656669295	41.27384867392698	119.8296011934804	88.81158158943904	71.74795004219956	26.56193677120802	118.9856384605216	114.6876392140096	108.5148831439896	56.78016251174854	55.60730895630998	62.42293810362547	90.82321674003737	106.9513162940137	21.86736699402208	87.03227821171758	48.30134612292309	38.5954066433811	102.6899221170732	106.6426359551513	1.654767004330093	86.31791330814545	97.45618325340496
91.43537863103501	81.45501516534503	39.5394891043468	96.80746904049792	78.15523416487264	99.22586917825268	64.72525820901031	1.152105649338033	122.4784740987729	72.9234472687984	95.57806437199912	100.913718289239	99.57323568436567	108.4672233108494	75.45608301308708	95.49706334155562	2.754078536096324	121.2440796074746	32.54133137905484	49.06937256356105	106.8886561134336	79.25522088867056	16.99909640604776	92.62564116594457	109.5106602235386
87.57461479231335	75.9267118364202	2.312699199684161	15.82065250598968	122.2631137964216	89.54702636464155	118.5819322572052	1.127394390288681	83.47624917314472	74.10750701663875	91.69730080003718	34.75744327229721	68.12877854433769	98.30713971599326	124.4809769934388	107.2113106787866	1.301621547254585	48.33548666250604	0.402842041707605	2.674112214529758	70.7954844518873	118.0640802002351	1.509656763208154	68.49741571994679	80.91834102048445
51.44079492347933	74.61403770178462	98.90963230360256	97.13124660321117	105.7525528219687	84.91624145744646	80.97703238971272	41.86956817219536	78.39950612553288	76.82600259654517	121.9092306364793	88.50554313609575	97.7417772958179	119.1127280927862	47.04597903629373	63.57797744796551	32.89063993198515	111.0088014192375	82.83357760168775	56.0190002896056	83.71035094653942	70.44054105657762	34.18031847906312	106.9790123396191	86.24591427017077
112.0632804466553	111.9845363001413	1.011849239360462	2.023452745800926	89.37531754067926	104.9533558621214	104.056120145602	0.2325137855434756	53.88705219836768	98.38061916827428	77.02605621887457	0.5566281186353126	3.909182979378215	1.743210459413929	108.3435831676709	97.93706658880133	0.5761888468357821	1.301423975233312	0.1747120827321017	2.138186006454163	103.9890170381356	76.85390004701549	1.813595839967248	0.3149190107719144	87.075055849368
72.71584339992326	101.0760576193427	25.03304889484495	74.25761052545397	100.1405854851824	113.5564856824934	76.57635167099897	4.329018819175303	78.80871640575492	89.20659126406764	78.48410964455232	76.71121854116706	62.42412626189541	90.50745049705289	74.60073463776061	111.5416237281389	1.783873493871563	69.30706104285321	14.80829917303171	2.276065294206251	87.17701218367534	112.6589929451247	2.121492660128602	83.70853239112165	94.30699776682633
88.8255304827675	85.05071129620359	47.83093384941816	76.21903888563713	80.19230277277437	72.03645184032912	58.09793687484465	11.84683812906713	117.9785743855276	122.0452896406305	75.06877524851964	62.19776551423405	77.11832822200948	74.02488595751711	87.43724839467083	76.92156485120913	0.5129192857648723	95.86560528218234	22.14335593135317	3.772549198390529	94.1271866676785	83.89202729711599	1.485831650890063	79.31049546179867	75.89024707799564
77.90242106782189	91.9644621318693	2.273495756277511	15.98296853529494	102.9551265287467	71.37475346102195	94.53474760599043	0.1611769221897739	68.09922928431388	88.89349034998028	102.5294530647562	27.82285902724602	2.530903696117545	33.05738709773073	127.3781150387899	82.22541309218528	0.4822208571790755	48.74894622027166	0.8565160363168276	0.6535508103930654	88.13601435439422	89.28878764893048	0.6618378668075664	48.32244497908573	110.311510486799
85.52901485732323	72.44605462307877	70.36105384779977	96.90431793848187	113.2835324809507	125.2584143682644	89.50107993628335	30.28357336274207	95.63145201510747	93.95317665690405	86.99543521544302	74.43602313776624	93.93335938404357	81.49747555368737	106.8006416611108	101.9629773870448	17.46071088234795	117.2429171900952	44.75479815551266	33.06490049691649	123.3611212263123	106.0169751273449	1.542942492603007	102.0656071346046	97.08160351237034
84.96788719896431	88.44661775664883	0.3845771089433176	1.445578866339079	63.32057442604903	63.29132247102072	71.69348669522584	2.748062756580289	37.72363935823815	95.13831384203573	16.96215428353062	0.9829954695849676	1.758807968013135	0.3299733526475401	102.163004187732	67.70616638311539	1.320970523754142	15.21559876672057	0.1204564374877764	1.012240141760554	80.95395375606006	98.33269889695276	1.489900362351792	2.107822618097434	61.24981581065963
76.23688532591753	115.4602166874529	1.388761267231033	3.994302287152372	85.16026511072542	87.877220411613	123.7433997782121	1.882123835846627	111.9408948564214	85.78193708570331	80.79202087516121	0.3880846269085536	29.02815835739847	44.11617799858517	120.9819086869854	96.73071852157335	1.859331363934645	49.59445010736894	2.64820106319548	0.9600175866305312	76.56823054202681	82.51873073476875	0.3185042963244019	60.46748140656896	81.43436422951001
77.75057443089558	93.95420472120554	0.08509032061303981	1.396738907891288	104.3997272352408	88.66665278275639	85.80150617336642	2.054101065038727	73.15249396274102	100.2070861240277	99.39198177589526	20.35903541484811	30.49007892859239	38.38528925677363	81.12602477838018	129.6816603068218	1.062553608747437	54.5364941551699	2.411229738784302	2.240579023991165	105.8361927565704	105.4047134663018	2.016837922811701	91.33730790499493	126.7070601799949
100.2743984893217	93.52755416273529	2.686558525803819	1.640815410736614	85.70936873450901	76.09242399987139	62.04476283252164	2.340523651161121	73.40221540156237	84.29121507749676	77.05620202206057	2.925096831031799	0.1120077847647786	0.3107465388469347	83.18364566885376	73.46984331496027	1.314468660833861	4.233744920491525	0.5059057828882816	2.578584115451218	100.3082857359487	71.33519692343616	1.515026136858979	14.36968078824405	84.86119499904734
78.18026233756812	90.2380528845662	2.508551839876314	2.848583135790662	47.73484332553787	62.19466045985931	83.2011756340921	2.744213505677215	59.30834489052302	46.27248566529873	48.1851496277676	1.422676272165931	1.776267889944888	0.3159904973078211	86.77770845430001	71.91366582233263	0.9896776195945372	1.38281309902798	2.318522626199684	2.950952106695072	92.56458641633607	36.64953209817381	0.2814548683169107	1.601945067552693	96.40147513621257
