0.01992337000054003	24.60578234983828	41.7061979159575	80.64470112235225	94.5645266009243	67.07156162559259	0.6249253293746431	6.344016750177417	70.03975951098978	77.32747153190407	100.1176636873599	113.8637783329459	94.81649889640664	112.6558534883687	7.459036475325256	31.23767113978982	2.354037442333921	115.3126782117816	13.8697869948349	0.8871726121498502	23.57872988335895	85.07645908334938	12.34211537998844	104.4840496689025	30.96216247297401
1.433571153613767	1.991561918020731	109.3022887919858	79.09879566218119	1.681778775120843	0.7675851780809702	0.8214978291722634	98.57673710365667	1.909220113472591	1.637637787186822	2.85325484179094	89.88859230100084	102.235230919848	47.98960575078084	0.2276791505886323	1.919479977058594	76.28215912828813	63.69158658686813	94.25733698534597	100.9487921489901	0.1740255296577781	1.200190179958379	85.65650433429707	20.33479968733307	1.549798351383118
1.264254841178042	20.21411966220586	74.27285001616801	70.49383189834903	93.79840756374432	98.1224386840214	0.4985475144628025	1.883564282758271	74.22143118316133	50.65832768034782	90.6803367822734	93.53054323746311	116.6932274409463	97.8227785942554	1.50529920440178	17.59194277811891	2.155120353300672	114.7083610071095	18.68501185492831	6.999621680000271	36.40200250356236	105.59439616897	0.1672018485967344	82.53784523785203	4.951704176661945
1.386697007738544	1.121735583338152	76.91202241782008	105.546988624546	56.29703821023483	37.10798188084803	0.6720261073942608	53.74144046088846	36.96276613577503	13.84595364620217	77.32773984233205	85.57648602577306	84.29738452226452	89.43581798626636	0.2186288963733701	1.050927410544071	31.26557493764793	105.6234740571023	83.4429363458151	53.47154743680865	1.629708659934445	76.40995400558893	46.33805361390897	95.21447927150827	0.8125067633457084
23.29274343426349	34.42122120548058	13.60768642674808	69.0115216646808	74.31365677669007	83.94813436611852	45.50841144334869	2.218460256252356	86.85585873776444	82.17119841173616	104.1485850571437	58.2240769391526	93.9210397474541	91.09740069620963	46.60876353472831	63.36771131774648	2.816613103055384	115.747105067579	2.865111641804585	1.727370682033563	69.9962390818078	82.40788494082207	2.601933691192832	102.2603882505201	79.17011251247287
2.855119982696404	0.6216317573048129	88.77183017225521	87.44996677886297	0.3774227961659638	1.761606658928524	0.9887897295875803	61.44292365020431	1.797306570480094	2.03631442409377	47.14738294887437	86.47900398256928	119.8216380744548	51.60289695710021	1.434138701383302	0.3141443552758547	93.02085991857024	77.26169532822955	80.82484046338428	91.20478208483956	0.1115009979674872	24.22461571073812	72.56244506696412	64.84965567447095	1.049915860322099
1.370496110117068	0.9865175348790991	97.23846097849912	100.6770897285154	48.97371323187964	51.498163834404	1.096919924235233	46.65871155773723	36.06016282582723	56.18442542560652	85.31057896709038	111.2139705596912	114.0848271547666	72.59327489675009	2.323915680231045	0.01416666716115813	13.83554353679511	108.5216168315407	44.95622056837975	49.10526942976131	2.508294631212524	81.4517566548339	57.25195239399412	84.45886699088135	4.053415616846419
0.1057382318656715	1.392077287041268	73.30433644388728	85.5559247918688	50.49826447221955	59.88772897406837	2.147667135763841	26.41584315405232	69.28852728307071	53.29187546267153	74.97512681597235	79.74400190910141	118.301992501555	74.76475415283976	1.892137035602429	2.570160444117007	2.259753647218252	95.08125931964156	40.92205866565739	55.10772006048316	17.91559643655108	69.10260227236671	38.13212788124135	113.8320277654446	19.38987787877313
10.63855263948606	43.46340253558526	20.18072311047722	60.44704635197394	95.86249468340377	83.46632246836751	38.23714107501379	0.2917171858560952	79.45365991584822	76.31742434046522	103.3843125730876	95.9440172149432	61.77403675443132	113.033560688886	22.45425976513451	66.81967230358816	0.8797979666421891	86.68486093720118	0.06956990435737712	0.7049516200243797	87.22259133092854	104.0302960027337	0.8026837056207619	80.69044664521412	63.0805349292235
47.76050393324788	93.62966268783101	1.471541723585527	2.390403609182606	80.10390739066169	106.44954625263	56.47929810068939	2.265815762363939	117.0540679057097	81.77017011233704	105.3924203483459	30.42567492944167	37.81641197385468	75.31375403786041	65.55029181970039	77.26507189031641	1.183881653232822	57.7892489194404	0.4490066718023313	1.718537366948397	78.29625268613563	105.8774460406596	1.095943445389674	75.67522806546083	94.82570659849522
95.77143977333614	78.31737256032197	1.123457003957691	0.7415699743863706	99.15646712557469	89.97424233841406	110.0161131257517	2.85065529552691	100.3955271916728	112.7690864824606	96.34446824925652	2.715267976295658	0.6399147129532263	30.792434263695	76.41881679997826	99.87531999507141	1.255593862688236	31.03764109372416	2.551019291058098	0.3431903453033411	76.9395990524459	101.7186048520998	2.800160216487907	42.07007591684339	108.0024062694641
2.303828958565905	26.08217915648724	62.47142773625485	78.80715440447153	59.51753204147592	90.37733727625917	1.22833574037587	0.2650034044404541	59.9404540201799	87.34838776083132	100.5807864465277	93.81477940124773	94.09186413046724	104.6311411258254	0.7106310036211156	29.37018475545348	0.4183488069583153	99.72365402095369	1.841890165149646	10.52536247212264	29.73435903314827	96.43706749634222	2.280211313837131	96.44835929690572	47.53747132727626
89.98395357115959	101.970460005565	2.941569561955802	1.188517389329057	82.50767423520627	111.5361410564539	72.68460401139706	1.512677347331741	109.9178646415812	102.2109023228636	119.1367059951401	53.94093692966281	43.19411060738491	77.92154809286332	68.88388214367865	89.95544175802317	2.4333771369905	82.17461664170412	0.4536890901915662	0.960680675406645	106.8364521677503	102.6733047591081	1.354209667121795	97.53845432312048	76.67040861683796
2.017778123834429	0.1183251003864198	90.14783577567189	71.43961023314652	60.61907231134573	42.55811602146832	2.904955981369907	27.74145770181067	65.48257922768906	49.93035891308415	85.24210269293735	113.7945073174981	83.42256622192974	96.40180112112452	2.633872730414151	0.3745381129507842	0.2541915846495533	92.34240091405653	44.80854379438028	21.09159326284028	2.046348008838494	52.61001101971212	36.8585201886637	94.00516627588497	0.6960148577024752
0.2602137509767134	45.40762162396913	35.47738423194913	45.1188258179578	75.86063750718779	82.04764797817678	21.46656120983191	1.00122228830943	63.48976288426836	79.22649476306802	90.95933532307359	79.53807135631192	84.6193529331541	82.16442074377971	38.12409320462167	39.12020936617868	0.05257711432025305	99.67761117388076	2.559669452076783	1.53845394990592	41.80576854200365	105.1940023423547	0.6789065303183497	107.9060924797485	51.81430594975879
116.5371395366985	95.27421586403358	0.6385336082932263	1.666687512887218	59.75644210343594	72.17140044134385	104.9622188879573	0.07396278314412755	61.55927771175045	109.1025744590728	54.69795599300338	0.561438583065339	0.4562538373810445	0.3910696263725625	104.9913286322943	95.37325844121182	2.721535821109832	0.7615322777238362	2.637651798242921	1.687795817219479	108.3622141297561	69.78264744425226	0.5864005297628654	14.79324668765324	85.74977930256891
4.353538539157711	34.20637191259976	32.15234990671505	73.62695350401437	68.43527820080324	91.70307487469471	42.73670559239298	0.9037127860587137	96.94949675687299	85.22698827812403	101.6550116907877	75.84339135366855	64.39298028075348	93.26879556848378	32.39936404339188	20.15961861853321	0.5243276791240714	76.99163213979371	1.800966726378113	1.315730965576842	66.12809038183332	89.07850894181909	1.194968549242959	93.44899973009399	58.0388565848387
59.88297510489866	66.19362282241643	21.85667051225126	30.82860784311928	100.5574887657101	83.79640596529407	61.66096702865929	1.742366698763845	85.09782733848324	102.7142319964858	80.89312172718627	85.61075243835955	51.38871055154287	84.58797782953852	67.25981339699706	45.21781586476291	0.9239400638929405	76.11878313102359	2.950313889741288	2.721516460522874	67.62073844073311	102.9680638348675	1.880177076044042	98.34236683644028	65.48285684801955
1.57779734923932	35.78962340567642	78.83564623279273	64.97910611972372	95.22897522515946	79.14873096438782	0.8240773070979279	2.192404649578707	73.8523242718579	90.56039181389062	99.10740884718777	100.4033617072213	91.59998486834073	114.4165269845931	3.830817648471406	2.338321083259601	0.336037797005772	87.79827380073641	16.46814892746843	23.92104161609101	46.65354021038291	89.86089796006182	1.426987584657636	90.34880900089004	28.3869782397084
95.1642861958493	85.49628248020656	0.8986910562869053	2.511173595865584	78.85723586800472	80.41869599503386	111.5564165348397	2.456666644065214	84.27448055806857	106.9286753155422	85.25910014513835	1.054586242989934	0.3702673619205852	15.01638379523517	109.3263777121232	79.19948258602507	0.1431060225835445	6.423456974256396	2.778498440689039	2.49706236319353	107.6392023014488	121.1495034089592	0.9068983888744282	34.95436014952541	88.53031035953391
90.24898818051464	92.76790163802339	2.041769079557278	0.3127871341643335	120.3643392125061	88.50455769151726	64.73903736369815	2.26130183980228	89.63593745901568	90.82252770002329	113.9448671751072	25.1142360934868	34.52258214273389	61.39355381768212	67.67392109229149	71.15813907977817	0.9272025113922482	78.27130111075383	2.144600110534432	2.796526546990192	84.27705353906529	89.60311838776619	1.100785701421683	81.462466199273	102.9745317047783
90.02728590251681	86.47087837470586	1.242656807681433	2.463975200297737	89.87788471233979	120.8494153655198	76.74542853496095	1.741266482815887	93.78263625125516	113.2812232417191	86.50961728018527	35.87848952650688	54.49023783578991	62.08782239878451	71.93451777856151	68.99787238337643	2.990763247954747	54.22384246719398	0.6852371714717975	0.587875059519265	100.7051273249155	109.8266693672079	2.626956824942233	107.7408091286004	74.27345977151364
0.2616257019649476	28.91926547425184	75.79502458076624	83.54362935026856	58.65091406494246	53.97038809323551	2.794773249193669	0.4447700817855606	54.3641279543062	66.57069360391486	83.20221105560275	109.2323540795689	89.09440989851282	77.87412293046572	0.9255570126969883	1.056893343947076	2.263065653086112	108.3130207538994	39.23424728260523	1.004742093731132	22.99240717465986	93.51576733432553	25.27772825834415	106.9046986478996	32.12004423204233
26.9313822280309	63.27370818133343	49.16839073135807	56.62361576676027	88.96312893228283	92.45632372970216	31.60787169192257	0.9845996519012867	97.11385358866977	83.54525643119865	94.83714287652899	104.4223739461913	70.2297404449037	86.4820372556115	3.80911373164297	32.22482637663187	2.54846576498484	75.32251922371476	2.999906248874932	0.1692829652794213	81.38520075032497	115.6610832264441	2.5728009000214	78.01758779710011	33.83063115610755
50.39556524780366	86.94348058169437	2.537844777269503	20.06744847384769	121.4911099437812	110.0052229759559	69.99762104331809	1.524220081982993	103.2707413779495	79.91043108129305	104.5695033566965	63.43820993900809	65.03361071185506	81.80149922332717	83.3448322639149	59.6400906787072	2.191091383359331	58.04538239761114	1.735933742787799	2.612867315909596	90.15721930275407	76.14713701213699	2.788412475694313	72.58456958272424	74.99572011717753
85.73857830168723	89.98572592793695	0.1385274256608768	19.16962520543665	80.91123778991731	87.08653488424196	67.18601275595103	1.373372692392006	100.1691528079772	90.05690770156988	95.39560115449032	51.70100221189605	29.55228640244707	73.01038484051726	90.47625195027794	90.4595752297259	0.5730160782704301	66.81970069479627	1.117071194205415	0.3430530089108434	104.1525660365077	85.7124162978607	2.084351990472749	106.0637029923067	75.6283788665819
0.156575049938924	3.915115984568846	65.6753946895178	64.71731925397937	80.94417683263913	84.45814239656471	2.396166519769541	42.72694217393055	71.70800882588345	54.99914221236003	90.45952412761886	76.61504330595045	89.1580088240153	84.39608137810137	1.196732395799985	0.2325820877184448	23.63203906199379	120.3719552755191	34.50006347027927	36.73840096918582	8.776833055134404	58.13779105864512	33.98511841888467	93.20938267057198	1.960273887041237
1.567551374410254	13.83616913821952	69.81486228067374	68.86863918811686	87.09026320713421	59.80721152143028	0.6764712161724544	39.88265604178132	70.96566346272557	64.6057196498854	79.66729250979121	117.982160413714	94.72851389467596	109.4043266954365	1.382392688775517	14.624670504543	19.67054144489213	107.0126770245721	29.99469176709867	22.36092622495381	15.68736945290733	84.3101986344504	32.00023468979106	89.64981837652898	24.28798342720435
116.4768958649146	113.3588750061991	1.627874210432333	1.732139006031845	97.13485510278046	74.97116963745245	94.75081164738205	0.03597583836469834	104.5239353159287	87.09681409851152	85.86153808661844	0.3624359420165195	0.2911810836383739	35.26832085883754	103.0078233499676	113.3418114648125	2.878181223742075	4.161369028717345	0.8234879015310621	2.616431418206179	101.437766230389	88.41608242324328	0.676161637337563	57.65477487239637	78.08520968391838
0.2818824958386333	0.7248918303562464	57.20404562873125	77.34383773161581	62.58421257467754	84.14936384309594	2.450107527728046	17.67123773743317	53.42665947899813	60.46871255968338	80.19219897671154	101.6213336308923	90.21981763478348	95.34652619296064	2.783300556134359	16.50896256236288	15.45205007226096	116.1898276875273	60.4545139909679	0.3604498972160037	28.82510796915579	71.16153067414322	15.69321538936401	86.68636169218757	2.950953145772253
77.7463748721062	84.58798170029915	1.982986078067658	15.46013369180849	92.77582801926845	97.01427713771507	64.4446333273808	1.828186869320987	81.84170854705955	81.88773699507738	97.43866941072689	59.13262657228896	52.77649944744979	97.94398316757173	95.96049886438018	64.43622136007917	2.304924302335084	79.79447059216778	2.495025918127245	0.8994299034600115	80.47409928684218	83.79138029399066	1.552854075642771	68.18838935101996	71.1677701561722
99.79712183563055	103.8821014482942	1.645315761582227	1.313770320177419	75.25876618188641	85.20664095541539	101.1238152529933	0.2585206407208365	72.35390974678023	96.15825917973459	100.995792604239	1.554123465127906	2.310673390363626	3.018845339285075	103.698212319509	94.910848318788	0.1574992217137187	14.73701612551971	2.638368930342938	0.3694606618387183	115.2572054608571	105.5670500502417	0.3821216917260524	24.51560520571901	93.62394275797269
76.60259431981497	67.78989525799845	1.550770853404123	0.1734106725349804	92.86848799658897	89.16364467352939	58.39895014026433	0.003034807523547923	81.06778360304071	87.64233043952861	120.35606540564	45.01896089758763	28.24258661314718	70.99200989566688	90.54408462564993	90.56969504693579	2.78047413710995	78.68989387037428	2.981701306826131	1.925875842321245	87.10986146235847	82.84753484032878	1.276957868176454	98.35428117241001	68.69412209834979
99.99949085599081	107.8196227936766	1.582843580021118	2.898568314737938	101.68834498394	77.11663380503691	95.37208849174365	1.442970645006144	67.76200860878703	83.24064105253095	88.45676919873662	1.21658886598351	1.483772799083694	37.624100829005	84.12256414131994	79.35144361419282	1.410069704230189	0.1805408692979704	2.019204250843963	2.491699322322059	81.04896858610731	98.09758647856009	1.665877263026503	29.71029776948778	119.3086125250898
113.8099262675773	101.386900784397	0.3464653349698655	1.354851348134601	82.11141721211844	90.82321806839116	102.2767134581834	2.022410464175493	69.05835268783126	74.09956109169654	55.76308756293253	2.710948787177212	1.495789092401104	0.2435358586382214	87.41772506105193	91.38599499801919	0.9194436769195513	1.891098840896759	0.6658821696593731	1.03349096655755	110.1641387482162	99.6766224878151	2.977668074783947	0.4729665312685155	105.3695804067169
74.54936598836129	104.6182917874521	2.699925464982448	1.710973559894415	72.08254208958051	113.4104002556983	108.7714555692146	0.9906442392265133	82.878938796179	92.67871260574208	76.57883536311247	2.142898702141298	0.5781649509185889	9.159456684607715	112.6218358299472	114.7126657917306	0.5560154066901035	17.53156310571845	2.048286521991042	0.2599815496727441	91.06825807500225	118.4793401760182	2.950741024183936	43.79964106990494	85.36044817292429
60.29941471959029	94.96181372421339	2.980568301519097	1.822480606028741	84.65379189928252	85.86912017164438	69.95314221695516	2.046768380130992	119.2584159236856	87.04388597288228	78.16015586212859	47.7963279467067	37.65645711336515	81.75187694201725	80.50426946653535	87.63092327726218	0.4763590188086506	84.54887822614833	0.3059359382347415	2.219017107270453	72.84916535935545	96.15993964660561	2.663201789468514	68.95726375867147	70.24099460971945
53.84386620425239	57.07006891396595	0.04127574036475426	1.974739887850731	76.3570841304323	107.0303207065004	66.24470210526735	0.1779929889200352	91.41083157937193	89.44550651022574	116.3029302596688	77.61139683350358	54.5286143158182	88.84341930750551	67.38548469092161	73.84014556931443	2.887496831848078	77.07002251824764	2.29732206686331	2.900745052058176	86.65521492661921	104.0143664389078	1.541272034764873	109.934210151744	96.39126741853863
77.88921285121553	90.47032505677826	1.218467210670702	0.152938260846433	75.69018590759009	115.8120355824442	85.0502113583639	1.429031188717095	75.65319351221241	119.6501587328729	78.4621893905647	1.78541361294695	0.9267457209294485	24.49865858782023	98.83205416571593	119.4224127960366	0.4490222581446824	13.47617140400826	0.4783367918307874	0.3521214247158551	110.9430415556146	121.1374250840316	1.195944160706226	37.58570262505725	120.8360073622423
14.8142994797432	51.20787539690215	48.94801960793468	37.76413312793417	83.16970367049983	83.43078770498305	14.2648262274292	2.190909175962628	87.59515730626053	105.9012053956515	94.13130504886833	61.04534656979573	81.15516706343061	89.79828569252828	16.69817796014596	59.61307451462932	0.5806186255480543	90.99048244617147	1.134713809923136	2.047763071959173	78.56203661375281	82.06652728467742	0.344711279751845	113.2015306046419	69.59725755413673
71.27975316384418	93.97548180172238	1.078652037547741	0.550266251065584	0.06973884647457787	56.71178109069163	98.52518990303301	2.520284188339893	38.75006444002388	73.88340146808079	1.44588216818185	2.525236424940895	2.311557401863581	2.531382098539401	81.85886765406437	90.94412281785492	1.477052654573374	2.71402591555063	1.950156036899896	2.026586342158015	94.89091869366973	54.39305284196897	0.466146233562336	2.67335882893721	89.39087370087867
57.94122423385164	60.64680071638912	2.846369176846008	1.420167387890811	84.64096346128429	99.68403912682029	51.42347092566948	0.07002920588915221	90.21272239356999	115.1837119613326	95.68026650671732	25.42569597891667	54.50678606931619	82.60834487269759	69.67874721841696	73.05350961142672	1.602355336071579	73.46980409962097	0.8458110683663351	1.861719961305103	95.07698220346779	107.521675488202	0.3491482720821365	71.25329733013614	104.4904705051493
38.20721304488517	91.26033074091247	1.133378868905919	8.051343877477223	89.02175517840426	113.1449000701983	63.85199031257768	0.6495925553416915	90.63399985000719	81.99393865650815	87.34120359608937	73.33436473855724	51.88985556233679	86.77772177242171	79.02333893359418	65.28257254590619	2.498599480606657	96.03920921677033	0.3429569961948877	0.8663254192206233	91.15304375533968	80.03141977831633	2.73977051998027	114.09592951642	104.8425426279314
112.7819242173762	79.18809973485739	1.69473480287578	2.988266641614073	75.81399318329608	81.84067872779623	110.9585479200256	0.1035179820424338	62.8319677489865	106.0554233331891	71.60513566028192	2.50452850915284	0.2691564302671379	2.764093863596496	82.28163830248354	82.268860032137	2.27025150744172	2.30936698708167	1.162958993621661	2.688267374781437	94.99674027197204	82.89781349319105	1.583502529921298	3.238626280424509	94.93823440825258
62.60507246324865	53.96970335670842	2.131222230088834	22.03133434980833	119.2742806336361	80.44287907424011	67.72790150322382	0.5668989201705075	98.50209968252372	113.854449935656	81.04151173684276	41.08162247049673	45.95013380564444	82.82827379760336	75.28201512096513	90.5772850659049	1.156343765304978	60.84619297794985	1.972666435579806	1.003514203128402	68.71909156780644	80.20100538416068	1.352096046315599	71.25962350979576	88.1111133566275
73.22683862689286	38.24881236953334	0.2700002980922386	2.513741180447564	0.2245389170636937	20.48323674848044	55.89274083930651	1.239065448082552	1.77062380734651	33.53949839085395	0.7145143593310812	1.541022092267209	2.545522140346105	0.9812221119934204	57.10897135820548	74.8387906008046	1.809017763422135	2.127184046288378	1.204408793255858	1.724603565696894	48.48627544455178	26.49296287743678	0.8624731031789228	0.8586382533015815	80.36258929217774
116.711323596026	75.71412300931448	1.928452091301407	0.794216929955615	61.2862548051325	74.06333737463987	91.73110572288452	0.3684410002443441	55.01683156477625	84.99266324266537	30.84693020949749	2.202602490608965	2.208347289294029	0.5561342799167281	110.146719365486	109.6406850897798	1.435755738108806	1.345954260481462	0.06606700626650922	2.731651383339571	98.27318116176374	78.92428333667105	1.573246187308873	2.219912254994166	92.17413383091683
91.15253811187654	112.8526774074001	0.7875122771603906	0.4751493251304582	87.78755697097256	104.4388789744766	109.110472428038	0.01424563314084628	83.14112063942787	114.1265388352994	72.18013879317748	0.3020978796284834	1.793165314073332	7.518837037578614	92.58993780337215	99.69204225544047	0.06668490240288263	8.870636278504378	1.679934524273559	2.184636773561587	102.4599692799337	89.84825917871379	0.4725497428958145	28.37586639233051	94.21752632766572
79.55972727260846	44.10667334049866	1.247446392571918	2.434398458098884	2.356637403931842	39.35182055299926	74.34537821710202	2.100677074114882	19.11600213114546	26.27307260060967	0.4847644368463941	2.612173571814152	2.243103693517616	1.024253636180639	58.35445282523227	63.75178645045337	0.3641151288378225	1.87282675445269	2.481377629363532	2.765914775346238	56.03077098547591	34.21241249514939	1.038451243646196	1.846246407418448	78.84422123746279
59.31290201479212	12.5897292235296	1.943061753391018	0.2261687305207906	2.179024627286069	2.201326912711541	68.79814339939472	1.156166292293266	0.07728724884467167	8.777128854822031	1.053927241607248	1.608261862072183	1.393955675191302	2.721156769480697	29.98425736754158	56.37011111993803	1.502121019605909	1.00099376186247	2.380597311442979	0.5545426576124455	10.38180712370225	11.09798911754991	1.44059564506967	2.152524839774254	77.5698992259795
