90.71021572291808	92.48457511612162	99.98336320578896	99.93427701350683	95.57819370912316	95.7643526237935	91.03784589634635	99.94562551849467	95.46355769181633	95.17055219439783	97.37663718345553	99.78175974724768	99.70319242805891	98.17481447570924	91.33696940441442	92.09812133414125	99.82640536684049	99.52046718116992	99.99324417942653	99.95596951064037	93.76507736278637	96.36138745762342	99.9122347674752	97.78289471261338	93.07543369769921
97.22912731755888	98.167277556125	98.87080495481582	99.29607830185178	99.49685845987266	99.56537833382316	97.42886769690111	97.33760073112983	99.43033199892545	99.35780753812391	99.93876126626759	99.76209302970999	99.85358226642859	99.99335346384822	97.5948755089013	98.01344100550638	96.74145475273463	99.98687915696634	97.96800132390466	97.44670696090692	98.80493965854691	99.74262572129973	97.16794150418646	99.98633928286142	98.48021717231052
94.46065067936641	95.87083224410638	99.85213928775735	99.96881015161595	97.98716872903614	98.1404169054768	94.76460579752658	99.10887674766677	97.95045399148054	97.77547446200789	99.13153385086341	99.9685016638873	99.96978496545908	99.54910301703106	95.0214836408223	95.58318502941786	98.76672051591842	99.99183788234582	99.48829420880848	99.15643169779078	96.75752024512128	98.56880831977176	99.0177791450138	99.39402465813937	96.24491252832486
92.53889857712127	94.15014654783305	99.99364793104436	99.98372951303867	96.83201020774229	97.00910813481804	92.94777537956739	99.66316641705191	96.77629882055683	96.50901738187781	98.34435620618898	99.97855606200339	99.95126484379807	98.95678361040761	93.21345564388547	93.88592459247207	99.45827670518231	99.86018152641662	99.86725597010823	99.69945820839456	95.32646360191104	97.54355456058332	99.6045955507072	98.65650853518724	94.67885345741811
91.61802802278912	93.2268910892558	99.99078506023565	99.98616960860936	96.14246948517898	96.39007652161894	91.85475229728128	99.85466833697991	96.00579029332013	95.76740229491655	97.81100470457396	99.90277861640703	99.83348954922455	98.5161164593296	92.24664726339314	92.88698191389607	99.67013000148771	99.69404180685945	99.96790674304813	99.86803121693933	94.45898333553265	96.94008285372705	99.78995263605186	98.22560803249087	93.86538232636478
95.29269640607853	96.51274870798933	99.67458550385395	99.88278464477483	98.46024109451739	98.5960143488447	95.48160394740721	98.77851281645059	98.42320034809707	98.22758721632475	99.42414680905537	99.98637305676796	99.97113487113988	99.75956432896523	95.66783180868977	96.30344984355122	98.35384670574501	99.9546230805678	99.20576222659221	98.80811822896925	97.37725551830275	98.91607162551058	98.63227634369231	99.60750953235801	96.92385881727323
98.6025088607429	99.22841216589066	97.61510049180345	98.25084451704856	99.93325839931759	99.95308255806418	98.70840493646413	95.62395607573211	99.92104028121234	99.88221726852566	99.96555049181796	99.07548858264036	99.26931304644333	99.79209880626848	98.82722054429519	99.10011046129809	94.82615347178216	99.69855030699264	96.48200138632113	95.76776030185958	99.57485992619711	99.99246064713758	95.38985150215422	99.90770156993783	99.40811471295572
93.87323986198454	95.31985744795662	99.92960980960966	99.99275133063608	97.61154709284686	97.79118423811217	94.12725788106928	99.3317571919065	97.53421575003171	97.390506003421	98.90150288535632	99.97426828517074	99.9877129645927	99.37437537026885	94.38061585496027	94.98765545125629	99.02209654748997	99.97790968954644	99.62570124277215	99.40114386275586	96.35526047060688	98.25229639449924	99.2338664929934	99.15655996156161	95.77256015247107
93.07102049791716	94.53036509415131	99.98576957301191	99.98218491368559	97.12788863014666	97.34005653463922	93.40599763522771	99.57443356385905	97.05492991628671	96.84313573310141	98.51340062888255	99.99238679330509	99.97632862125212	99.11910986531267	93.56007034461516	94.30126906945569	99.30828118788249	99.90946113118997	99.79717881290705	99.61419122418363	95.65944476009433	97.7864552698064	99.48777741941269	98.83935588109668	95.10201509934257
98.78606723432996	99.36620624400288	97.34479414932819	98.00632334975462	99.97187858539988	99.98435344300468	98.90015927613165	95.19818220436875	99.95614029638359	99.93390300120609	99.96950208108144	98.91327077340389	99.1373216803652	99.68964045251376	99.01905295156746	99.24674162474723	94.39763792221321	99.59624345430073	96.11302259082932	95.37294351159501	99.69477988845409	99.97802943771393	94.90166279081457	99.85355730492779	99.50923855976023
99.5954706153172	99.88649931669079	95.56325173857221	96.49767876633707	99.9459043885071	99.98521301294728	99.66992279127811	92.90946352578719	99.97181891536016	99.97388503324639	99.88628282200918	97.69697068637984	97.97979860510259	98.96580897165124	99.72503500832589	99.85303932621505	92.02370102149818	98.75715871458043	94.02053691392814	93.0993892032761	99.99029289391383	99.94357953723225	92.62125381580096	99.29198766217536	99.94650564242261
94.12188367793385	95.57026316199212	99.8910590601173	99.98292949555415	97.80406599410227	98.01881062958418	94.51135606934608	99.25478911212582	97.74951967698695	97.58097409804431	99.03353090526542	99.96937510655347	99.9769590455995	99.47317160404907	94.66651700091064	95.25090034992068	98.87399147425721	99.98928214725036	99.54715347139226	99.29592724031569	96.540085907418	98.37864429038811	99.11130039361983	99.27831121085518	96.03159829863121
94.84224084289987	96.12309032664183	99.79583468507983	99.93921963489011	98.20487433882586	98.39577576230593	95.07212156036321	98.95805751467273	98.11743714390924	97.9399170480161	99.27653992569731	99.97257287345799	99.96658228386305	99.6465753381357	95.32251570984856	95.84345653506502	98.59928768364951	99.97203731559678	99.34441508108587	99.01316273771423	97.08155300492662	98.74002935619134	98.84843337806576	99.47901846273341	96.54559944425426
99.6445010811732	99.92103376528414	95.35165621207913	96.27563904358456	99.93570736771488	99.99357206918688	99.73714129803906	92.73617662159444	99.95067081909239	99.97602242527506	99.8495721998426	97.57652445258307	97.8775016488262	98.8710088746312	99.77358099872542	99.87795691579241	91.67563040047543	98.63639771695755	93.80175196269833	92.90740400476911	99.99294791588412	99.95221021597366	92.3325868868219	99.19407824264358	99.96735767945137
95.59855806689124	96.79972774508127	99.59830347954366	99.83200444401635	98.68258344974898	98.79939756527548	95.84445862648712	98.58308796490411	98.58772581526021	98.43316992306221	99.55187069727629	99.99188937530886	99.98223247343934	99.83810426817817	96.09531204255941	96.56322218118976	98.14440928123783	99.9475245584681	99.05391076487172	98.66938042146246	97.61244128653209	99.12214692221308	98.41050887336608	99.72147245838391	97.16648001993005
99.0130349225993	99.515439180402	97.00510636909331	97.70945528181376	99.98878197325631	99.99347494420694	99.09296506439198	94.76611255329169	99.98756395776168	99.96929430508217	99.98344888222168	98.68961593833984	98.90542583592287	99.58624768504716	99.21316396891567	99.42369912278888	94.00302598201841	99.4625796665381	95.67331850068487	94.88944966126215	99.80532217564185	99.95182743366331	94.53061709768488	99.76127091379948	99.65417157355103
99.99356245145191	99.97284338073615	92.53995753957372	93.75625641795077	99.30690702029776	99.65087543795705	99.99128339023969	89.15764689541336	99.37850562267639	99.77898574970551	99.06880798018301	95.37252262404068	95.78737303700336	97.31500535940759	99.99343604063324	99.97587142065217	88.01975362129082	96.99518017870936	90.52911850471568	89.44245378816625	99.96672820068646	99.79573639517899	88.74838919254617	97.81699285153383	99.95818392456972
99.99365590855857	99.97377631637467	92.60862664539249	93.8006915972324	99.29659755599904	99.65328464866627	99.99124876388925	89.29310334738688	99.39686029278275	99.80115185504344	99.08510677698463	95.42722659030184	95.90750793230873	97.32857870346059	99.99357101255001	99.9755416310558	88.00987844966977	96.95045859740304	90.62546278584787	89.47792054183813	99.96807816362409	99.81213094258985	88.77266967651387	97.8123269628606	99.95731172340628
96.86854921069697	97.82833066979353	99.08411464654131	99.44617715773836	99.30800723887778	99.3901224088591	97.05801897040166	97.74474494460895	99.25060535070094	99.12248194293657	99.87343305576123	99.85687072085241	99.92086976247589	99.9859033983585	97.21850371739752	97.65896028953527	97.15753094241266	99.98354835121373	98.33528073289459	97.81755413751655	98.52887024696777	99.60710551689088	97.51849319393115	99.95084201182594	98.16163521530157
99.99277252941272	99.95857084269184	92.26991328998186	93.40998440172805	99.21456396113093	99.58471040182985	99.99223172154032	88.82642316779639	99.30576187587295	99.74480439080492	98.96491286892571	95.17620696293872	95.57802567971805	97.08727344043498	99.99117731496646	99.97969086081827	87.6499963434164	96.79697713102355	90.21659225546919	89.09934359120918	99.94587940851875	99.76336318616218	88.41675364778399	97.67274265032965	99.96567467748928
98.18170367010812	98.93045335749321	98.02233174546517	98.59466468641153	99.84478477667783	99.87730090288048	98.3545358931829	96.18025257394571	99.82169092628806	99.77385113142657	99.97549174785712	99.3464576510309	99.49811202338772	99.90018851289426	98.51153640701948	98.81982489689929	95.4362065689874	99.82099225914328	96.93774067374498	96.34093185729017	99.37908626651463	99.95883433354665	95.9184173129715	99.97339787830461	99.15087020162019
99.61851002624337	99.90070724795808	95.47654865018403	96.33983528676303	99.94192411681995	99.98867870782239	99.70246995808918	92.85523670003857	99.96216049167695	99.97449539389815	99.86611194173679	97.6501787066652	97.96789467485193	98.92708810596586	99.74737913834718	99.86629388363536	91.89815899452432	98.72836475197518	93.97231539857583	93.02413205721182	99.99004447548434	99.94706638411833	92.43258473299227	99.2515740396308	99.95591049890201
97.83830267015699	98.63427000140267	98.41648738315517	98.93448245770136	99.70099464410836	99.77907398352401	98.02048675483299	96.68240008889009	99.67964921811885	99.61475024538095	99.99132676279879	99.55149537189413	99.66086933260993	99.96475090285601	98.10830047144637	98.45874611321314	96.03980778361357	99.91868785735109	97.43794484809372	96.82870866822485	99.15071650557543	99.8979340683187	96.45945206662022	99.99371902203181	98.88644124101387
99.66243517565042	99.92105584550022	95.39971886724223	96.27754131491545	99.92583730242811	99.9933829398401	99.72574463761735	92.76874398399679	99.95622082243717	99.9760077527973	99.85624833141725	97.56993628563718	97.85312277050333	98.8818212638122	99.76910002565332	99.88445033806859	91.75785787973123	98.64616487605338	93.81327735078236	92.79884636597171	99.99334326208603	99.95179134679043	92.3299699434116	99.17935020099002	99.96542646968631
98.92936093162672	99.49341652566636	97.09747008229731	97.79307699110139	99.98556418520627	99.99253312858417	99.07928715717485	94.91191845617881	99.98131238570213	99.96154429815067	99.97991090215945	98.7157345930722	98.95811534907051	99.61403834674776	99.14078082909518	99.3796455760797	94.0773756962631	99.49379516519028	95.80201260896045	95.04496485526963	99.76583488300921	99.95627523135475	94.52923600479323	99.79929449086282	99.61385147239533
99.72364004352539	99.94792708444572	95.16837111452418	96.13811743541376	99.90268857272494	99.99063750560062	99.77423830354664	92.46419528919748	99.93685219261195	99.98081758341284	99.80632117258281	97.43816295254287	97.70543368308596	98.77343172783563	99.81712166456717	99.90998080781344	91.44019458947071	98.54158150956953	93.50804278096173	92.60920738858702	99.98901217101835	99.9637780686689	92.09884106132945	99.1130177504448	99.98212224615969
99.9809461210456	99.99330393797418	93.10907843550724	94.30274927918028	99.47465027798657	99.7765147402102	99.99149323727057	90.04926982515975	99.56204041854281	99.87357487867614	99.27794292259044	95.84788774398588	96.26528567437336	97.63305148821341	99.99356459996108	99.97674042466662	88.76882476394411	97.35971717345761	91.1947520532598	90.21540190748877	99.99143829721457	99.89011127814614	89.53170524372732	98.11316762354167	99.95046144494938
99.93921327529395	99.99011314576168	93.73315764257205	94.78765365062156	99.61523155694813	99.86455519608354	99.96427855907011	90.68887092035544	99.69437602760804	99.93740100661338	99.46393375079464	96.27947668450079	96.70789459372642	97.9840477555104	99.97814745419123	99.98955067889106	89.46918769949215	97.72576007064676	91.92046540507002	90.77929216720293	99.98456282464312	99.94563661178223	90.22040351430037	98.44905452257613	99.95537950912593
99.08257882847158	99.55603756143357	96.88477101913688	97.64032261550616	99.9933907980968	99.98711812720755	99.2041376588047	94.57054127786787	99.9909214965609	99.98016442281082	99.99146823379635	98.58810499286338	98.84164705149304	99.54594740273191	99.25246853614252	99.46370701412181	93.71099187759002	99.3937913498884	95.57707798929199	94.72279253102481	99.82340444746634	99.94444011758597	94.36582772839718	99.724755136602	99.68969800221245
99.25984552955185	99.68485781878559	96.53599871929109	97.27866675987562	99.99242489263251	99.97472882031798	99.36129695289065	94.17897387532554	99.9914393649989	99.99347915276834	99.98426901787725	98.37617326739826	98.63707735911811	99.37731644707549	99.40658793590505	99.61407564707004	93.19437639938315	99.21392232528974	95.09229628993711	94.29529114561684	99.89893052487675	99.93238876007867	93.84553776085454	99.62586478442961	99.79976141005787
99.76627710204566	99.96399169277795	94.84493680956164	95.85776661272637	99.86847807406176	99.98401033397072	99.81886174412284	92.02575179303	99.89772733279848	99.9902304584603	99.75903824528486	97.2058447685733	97.51362749761255	98.59203372421746	99.86830144779996	99.94600740609003	91.01257960127256	98.38057591175566	93.23603234896115	92.22985708859494	99.9806069811291	99.98188636027095	91.70111263152333	99.0033280354309	99.99117222303077
99.9926585401728	99.96370294976425	92.24552544515139	93.49641865386138	99.20670447460253	99.59983258303333	99.99184312984653	88.92681179435445	99.30520649191824	99.74294952565459	99.0006172888733	95.22857899085079	95.64113219687667	97.13344914894093	99.99017309914315	99.97904476272296	87.63809432833048	96.8354115427086	90.22661297813292	89.12839868508904	99.94305718182618	99.76784991427883	88.56322299349503	97.70535033086453	99.96460798525817
98.20836613841202	98.97146006529421	97.99034186897632	98.60579107630154	99.84789057491196	99.88741228812485	98.42556242202879	96.16136718294345	99.82378774338147	99.76985695370809	99.97418411644743	99.32563957993528	99.50085476186311	99.89088758045142	98.5268225317534	98.81000747002076	95.40441798215876	99.81008317242559	96.94118161234306	96.28296056725112	99.38606594320891	99.96169507995913	95.8969904413031	99.96921314165755	99.16389572774719
98.31403532352006	99.03854854546738	97.90048204369373	98.54479954984173	99.87274434256952	99.90230294260857	98.49330697939708	96.07186610891098	99.84818964108672	99.79878524643824	99.97071115911739	99.26250770900566	99.44960030443033	99.87874649066687	98.56159930192192	98.91490088279431	95.27284059439036	99.78937926213625	96.83243970377899	96.17014015694303	99.45058305432693	99.97566700071843	95.81554452685327	99.96419870448211	99.20610027994978
99.9937096239567	99.94121154070935	91.96622166600925	93.23739127375353	99.12868461480628	99.51303650668007	99.99288671401928	88.46439143766268	99.23109974902015	99.69337274147911	98.89421796055724	94.94335535569654	95.36302065803034	96.93161336502283	99.98451775962133	99.98618369516792	87.30516249833083	96.59693550033548	89.98508216317647	88.7469016192465	99.91439100755375	99.69666787899109	88.14220712587392	97.48305389127727	99.97611478348088
99.11055350048009	99.60225890968593	96.75611600824955	97.52334328015041	99.99300230924641	99.98146120963585	99.24604176331164	94.42684188840643	99.99372040663833	99.9861028055318	99.99336079352967	98.50548018020339	98.77722372663141	99.49694568061625	99.30074336172025	99.5291450009794	93.51790166212639	99.33609469365541	95.37511213666296	94.55573555454897	99.86097086462533	99.93898587015705	94.19671664581077	99.68072715520248	99.7235674533602
99.08818536765558	99.56374378614336	96.82752774616556	97.60714127600797	99.99319731497776	99.98666691269433	99.18660248887079	94.60223028151235	99.99120508137183	99.97932861124148	99.99191606062837	98.62510163057908	98.8139246422205	99.54397260115627	99.27668455322538	99.4919734728451	93.78316919917242	99.36806607485072	95.60061204151566	94.72057620035939	99.83466537302982	99.94423573788167	94.35861632578953	99.73878740727744	99.70289547598
99.86605550032372	99.99005235703964	94.40309217857083	95.42183496455181	99.76998503084015	99.93871761616421	99.91242239268696	91.42330142796851	99.81720981222956	99.98549472252853	99.62843948372472	96.83160307315568	97.20902136495606	98.36276962411087	99.93200912167691	99.98252316135301	90.33281148515989	98.08720679108848	92.61753401513116	91.58492408130955	99.97481979257886	99.98901039309541	91.11883760240951	98.76885393599147	99.97795727633762
99.65219212299385	99.91784101127745	95.42782698918755	96.2589211999997	99.93021163399156	99.99293104317975	99.71178023211723	92.75129844025568	99.95102283880853	99.97575216423192	99.86466688027238	97.57329719380834	97.88427955199435	98.85869415210689	99.75595491869427	99.87838104801649	91.70879435262998	98.64696159615961	93.75556072489071	92.90542119461217	99.99293497669484	99.95131632549786	92.28830181887815	99.21828299751287	99.96412660348147
97.87582383950557	98.65431833986844	98.40165955297763	98.92145463136472	99.73166954897472	99.78214251310921	98.04363728767791	96.68040101094863	99.69889514081696	99.61998536180991	99.99161890491666	99.52740813110562	99.66032031300229	99.9614546347965	98.18196515214299	98.50702416500823	95.98673593915915	99.91943315310932	97.42054153504759	96.82699590708548	99.16237547998136	99.89042409624827	96.47030608791721	99.99334763026016	98.88586467397219
99.61837446090765	99.29186439676536	88.16183423685732	89.74361709079538	97.67894048411982	98.35992810543571	99.6115444154122	84.04830349526297	97.81472122764023	98.67859860652908	97.22892149230444	91.9846843374971	92.51840844727226	94.49248844623031	99.50639040758709	99.68565758476444	82.75558890342035	94.00526934431306	85.77235142081526	84.42148136344598	99.23952942562967	98.70656620564814	83.56037780811776	95.27088688069392	99.70251564250859
99.26098913066815	99.70583705046579	96.4631927041935	97.24880668310166	99.99273191449545	99.9739406731419	99.3841899766408	94.04628121289687	99.99128829348408	99.99360945826079	99.98167113288633	98.33852830102742	98.61289997282937	99.37035069831725	99.44798876521418	99.63710392165753	93.22397393713545	99.21775435269782	95.13199174067201	94.23781698159686	99.90015821003792	99.9316448917629	93.82690618495161	99.620122528452	99.79857530281616
99.83073636438607	99.59997421503418	89.58902845260181	90.98145140711399	98.20149317673329	98.83209313013717	99.82409823592904	85.64289333294664	98.36661345440238	99.10556818233056	97.84740972969158	93.08664574649727	93.55725075713671	95.40032621668483	99.7472359451867	99.87182432743711	84.28481096420298	94.95249986258789	87.33373329268791	85.85386848260353	99.56500037996136	99.12715396641744	85.15469445160991	96.11849967297383	99.88928653843321
99.95322006302683	99.99019000073928	93.61901984061883	94.67807142508018	99.6031169563812	99.86292146028745	99.9695100619183	90.61791129749909	99.67221760893996	99.93149884617398	99.45690283052825	96.31559569464717	96.62446128049321	97.94055567367079	99.98483865639312	99.98752026920899	89.39922180476718	97.65687868120402	91.85653123488682	90.68297300359323	99.9864439617903	99.94686780508619	90.12640661680639	98.39703736598646	99.95416055659567
99.83276670372231	99.60728559930945	89.61819124543575	90.98854778857482	98.21000343400367	98.84006391183429	99.81212481384766	85.70501444522273	98.37941647188272	99.10486410201065	97.90622158001642	93.09825573612873	93.59458798630172	95.47746071309101	99.73649484229168	99.87596348418425	84.47571221328505	94.97039682313768	87.27122057383878	85.93112498197377	99.54778341458223	99.13223983511367	85.31190031723433	96.11373944496586	99.89474642167289
99.99273905756679	99.96130753346442	92.27029951506428	93.49387971487297	99.24106305391356	99.59757016404403	99.9919071490088	88.93107084768852	99.32485216179153	99.75336670065012	99.00092301793852	95.18606995474042	95.67140282366373	97.15350644172163	99.99035623403137	99.97904266841421	87.76996812304773	96.79810780598459	90.30322302770587	89.08497842749797	99.94825254367876	99.76210219224129	88.40578842964997	97.66151980155421	99.96452887325816
98.80020875230522	98.27524561536391	84.79092889978251	86.42115992769853	95.90915710628354	96.87819996765018	98.78043251008577	79.99425062027524	96.11589937283533	97.33926307884627	95.46039258098754	88.90068876491563	89.64082744931913	92.02730644280453	98.56834359480683	98.90934261214964	78.34823120136473	91.48822546014428	81.99144921742311	80.20617908725588	98.19128147709884	97.38724261005528	79.41494213829282	92.90868223150666	98.95693530748007
99.93945293403463	99.99012134911808	93.68771032739362	94.76101725620012	99.61437973905225	99.86629143123153	99.96712038898781	90.63151239860682	99.69126011620932	99.93601199817709	99.46957277687326	96.32707342960754	96.68051862868569	97.99396580484763	99.97991361986867	99.98932671178115	89.46683156067708	97.67496752950746	91.90995166268094	90.82277112595654	99.98481371645298	99.945932130315	90.17040258466956	98.4471025743495	99.95521564814524
98.60218651198322	97.99655536082402	84.00492417021822	85.82767014981195	95.55909767863187	96.53663601170467	98.57178641120463	79.28084735416364	95.85064327379219	97.05639312899788	95.10188969862281	88.40831062636305	89.12189051325289	91.45979668053778	98.38914889153581	98.76017702090975	77.68622590053283	90.98477376976065	81.24767020377473	79.54857790279877	97.92929119906736	97.1352173503508	78.72456620361172	92.5013287533373	98.77814859027889
99.65234749382363	99.34396087418757	88.47634540110143	89.87698327370769	97.6992544520342	98.43005994727768	99.64191282992549	84.38734165835723	97.87982338912951	98.6975191004427	97.37964714901966	92.00292463464	92.69638504486184	94.62446728417463	99.52211758626403	99.72617781891803	82.84580345688714	94.18441769491398	86.00633427294058	84.5142774452368	99.29330387413465	98.78413496321932	83.81048352804204	95.38178890856663	99.73712418701352
