92.48109713519899	93.97351073223003	99.99192690119789	99.9859633174742	96.74752417514402	96.91105830410463	92.80122820166395	99.72221679576919	96.62020169559185	96.40304359428384	98.22792987482522	99.96611791026534	99.92784112639299	98.87713258376557	93.04806311936014	93.74114871993014	99.48383406730906	99.83728285593675	99.89428106460728	99.74011005825179	95.14883835999048	97.41671396593932	99.6348313728156	98.6162216725247	94.55106172039372
96.13437119001195	97.24397334848199	99.38543349063667	99.69050425764944	98.97231812053616	99.08888312226544	96.41633590692837	98.26143825755594	98.90405574833218	98.7979119971956	99.72172027372271	99.95593372385528	99.98887979329014	99.92834642113988	96.59185887572661	97.01706594515427	97.71066888557142	99.95062189164858	98.73710135863011	98.32366122781664	98.06277451580051	99.3411557997397	98.06901180633182	99.84111652326443	97.58786113663564
97.44197903552642	98.32773772056387	98.72422170792112	99.16807787929353	99.55360801014285	99.62871598839584	97.66188823293331	97.12396086011917	99.54049137142732	99.44943118808489	99.96842253514184	99.69669812462028	99.79662526541772	99.99030538963778	97.76030604111104	98.15785466377307	96.53892602697395	99.97015788846154	97.79756492417397	97.25417099050402	98.90510897262797	99.78501503991173	96.92710690138797	99.99253562113381	98.57386893442199
98.09132923600701	98.88098846971172	98.14477665168305	98.70168909293601	99.81498675484136	99.85989368519161	98.25848464549976	96.37527623682777	99.77937823828888	99.73187082421533	99.98168262910215	99.41877078924513	99.5389032466869	99.91682417001809	98.38733201506599	98.74014871276718	95.67754437482566	99.84838368126555	97.08792827500326	96.43866471480432	99.31204313360456	99.94994713491067	96.09066330109498	99.98209738421231	99.06513745704545
94.45246905500693	95.85042398517912	99.85413404099492	99.96998573939726	98.01837180395134	98.16632020581277	94.69395459243384	99.15107219717268	97.96688351863025	97.75232013438782	99.14831630515485	99.96847313555695	99.97014740610921	99.54550826222368	94.99294821260355	95.59754989132603	98.77847265246109	99.99282926044931	99.46971562762357	99.19449932240657	96.76383645506255	98.52454768025585	99.00217508407458	99.37106547271418	96.26765308669437
96.99445928720095	97.96446080540616	99.00060698709216	99.40490029723493	99.37834677732768	99.46583047384561	97.20810343152706	97.60389392448837	99.3234882918463	99.22706808311563	99.89971982547247	99.83542743950548	99.90725594103033	99.99272894918454	97.32135228959811	97.74031426130631	97.01286564338217	99.99371787618026	98.21345484460072	97.68057798126884	98.61230518439052	99.64915269092481	97.38519995337455	99.96473083088938	98.285622361761
93.36977228152989	94.77890888611877	99.97127249535799	99.98509717706399	97.31971379511067	97.49663310262133	93.65839467225027	99.50412242402689	97.18948837903892	96.99055233036712	98.67089575188427	99.9911283393805	99.98773901978699	99.21854755925382	93.85706300406513	94.59045419877863	99.22942474555593	99.94222945645022	99.7606348841901	99.5295280202203	95.89975055403367	97.92619724597266	99.41065389158959	98.9499007245803	95.34146938689997
99.10344808321895	99.59198788499234	96.8038097632993	97.5911305428108	99.99358845944023	99.98364739110052	99.22129765941291	94.52712879246441	99.99277345506414	99.98450357240102	99.99323824389181	98.57000474959922	98.79271011915409	99.51946574044445	99.30603901565497	99.51208556412844	93.65827835730944	99.36291777212762	95.46754199996693	94.61360468160626	99.84889680966037	99.94122018426717	94.27209430719461	99.71275819609161	99.70485610382536
96.72733350730964	97.68867222726662	99.17776007929136	99.518896054189	99.24637322029254	99.33772111805958	96.87289047349954	97.8655884706845	99.20087240599941	99.0625510985633	99.83728836493565	99.89514808036768	99.94704385879817	99.97644933636377	97.05139234197313	97.51226971389879	97.33182554608868	99.97266882586877	98.44776273728102	97.923963864257	98.40377668675082	99.55386869155627	97.65788047633932	99.9229782358445	98.01077803673964
98.26503421368257	99.01327012788327	97.97611066058066	98.57277879375278	99.85958167361204	99.89552577702014	98.48383684602507	96.05247872385144	99.8367468189586	99.79594897113283	99.97178212898928	99.28737850962099	99.44220668614487	99.88385157508569	98.56256175890785	98.8846337992351	95.3451499029412	99.80534346201392	96.8802392967185	96.19385545233298	99.43136634195679	99.96668145173319	95.83408251941152	99.96713381044977	99.22579974554297
98.45074148571729	99.14545841679224	97.79166266335815	98.40239130247778	99.90046693308641	99.93664870935574	98.64088231648674	95.7978256476557	99.8976648460655	99.84413649009657	99.96658081256541	99.17619926802153	99.36813486513138	99.82273976455792	98.74333502554336	99.0072837702611	95.00762138202636	99.73270789201307	96.65839612384353	95.89054403615641	99.51320097167387	99.98740594240333	95.57018043465355	99.93771259557185	99.31117265221663
99.55937775525044	99.86381847815579	95.67661900647342	96.52372792813809	99.96363906219577	99.98090946128964	99.65701193527525	93.12604334482968	99.98006243726803	99.97355138806731	99.90637915224826	97.80107733707599	98.09007140966294	99.01530388207215	99.68327579327091	99.82634094671107	92.10070542810091	98.79425651230822	94.15491276681809	93.25790531365537	99.9814041724232	99.93915877059139	92.77918962084594	99.3071260073576	99.93170088419315
98.75335320734689	99.32811717272166	97.38641157382921	98.03033745490529	99.96775351434582	99.98066992229855	98.88619125526891	95.26238312062529	99.95562179927373	99.93051708839928	99.9687268715504	98.9581729569378	99.15091272922577	99.7171363594518	99.00147129740225	99.26239778748752	94.49370460830151	99.61144559108934	96.18318315051827	95.37069006089503	99.67642143471507	99.98057812821422	95.03423879629376	99.85318025357644	99.51478178806863
96.78769028738785	97.75559302652083	99.12032291534389	99.50920308500336	99.24626980990804	99.37305005111439	96.99738539479844	97.79326118313286	99.22359783488015	99.10893443157079	99.86409144667802	99.87180031400655	99.93657975827686	99.98350432870863	97.15547050369877	97.58130158332158	97.24390983554282	99.97793186831206	98.40008395313824	97.87156467820255	98.45935076921747	99.5690722164569	97.59268813619528	99.94217189152705	98.08839767503271
97.36866767003039	98.28923728320969	98.75860993156714	99.21820092567415	99.53995483449121	99.62745116860539	97.61735180588121	97.25805483335169	99.5105019361969	99.39779092363949	99.9597010052898	99.70994036300611	99.81631739442119	99.991998605627	97.73534044545158	98.09662993403263	96.58939777937276	99.97658137239361	97.88754222175584	97.28283581073808	98.89437145091435	99.7734733377366	97.03265048788342	99.99070250565163	98.53435912964224
99.71136198337545	99.95087548723525	95.06931653184016	96.07784021697559	99.89771629972543	99.99143815539759	99.78667904784182	92.43637252969592	99.92293668363345	99.98199274526947	99.80471527699433	97.40053909877273	97.72505130861421	98.71994768871437	99.81757466655395	99.9103656223776	91.35021288093085	98.4933569185367	93.49219565833529	92.54779635942717	99.98764843287951	99.96622805520863	92.05788164400848	99.10593328555748	99.98404178225584
98.799735598148	99.41542181309008	97.31027912603682	97.97541207017176	99.97311839734844	99.98694379001401	98.93530035695026	95.19524016624985	99.96474785960025	99.9433932963492	99.97182127470218	98.85872172898947	99.09508463261075	99.6677518973863	99.04387679325154	99.29938039289522	94.2848436778628	99.54346879444829	96.05470051274303	95.30900997900753	99.72879840592515	99.97117791531667	94.83371714547985	99.8288752715326	99.54465355115032
99.98139865293808	99.99333775035232	93.20557255818788	94.26630022190355	99.49575017449085	99.7891724495577	99.98955767211918	89.96165219664415	99.55411350785742	99.88011123881219	99.30968794321228	95.88216166020081	96.27107176031862	97.68309425056452	99.99371970598433	99.97674806120361	88.83438931572756	97.3159628462342	91.22599745391098	90.07426469466812	99.9895549072413	99.89138423664174	89.59597702741303	98.16021421552811	99.95037260773904
98.93482109965575	99.462650944559	97.10126801896004	97.85684251696605	99.98730536517816	99.99239971257254	99.039263630151	94.96822632097845	99.98241080334441	99.95964262067891	99.97825230540558	98.77777345673486	98.97395976005664	99.6131189035254	99.12009606415869	99.37692323687502	94.13098283634301	99.50333530119805	95.85018063735501	95.01492171961084	99.76328198641615	99.95863751772744	94.59582015891753	99.80428206193662	99.60599430179985
99.32372840971465	99.74540044674198	96.28117195753266	97.15621205477768	99.99282418341573	99.97216510189226	99.41655264011877	93.93506127878631	99.99195536558776	99.98666024123352	99.97060304655022	98.23933185542215	98.49330774454447	99.29879453156722	99.48281546616884	99.66612913633945	93.04775929482108	99.15294101354199	94.88804451045107	94.07471213542009	99.9327494182028	99.930039039988	93.52411544365883	99.57191416711545	99.83383255015794
97.42995615461335	98.34850741366567	98.68310636675882	99.15286202847368	99.5574653573603	99.64521371711254	97.60911825282017	97.1249895042007	99.53070974218991	99.43380185812512	99.96651119304451	99.69285471692842	99.79560995057967	99.99068066364772	97.82010299436055	98.17109874942935	96.52472130613258	99.9751321520894	97.85396062280481	97.24977734690745	98.91906006005114	99.79677608156723	96.89999161625241	99.99315872813791	98.58471097001359
97.41287825967643	98.3307930578199	98.75711591741695	99.18625711088104	99.55042640705418	99.61409008023912	97.56935389565949	97.21583288437644	99.52114297157672	99.41730190553709	99.96533304016995	99.71555924206233	99.81763520977732	99.99158294518345	97.7385875938209	98.15135562132856	96.57790459577174	99.97593577712858	97.88664922462146	97.31547269414585	98.86075978701318	99.7760110620369	96.93406194003849	99.99224099620267	98.57631541739134
97.46612465338694	98.37766444629933	98.70880942180035	99.15743916975333	99.58375917291072	99.65095726626959	97.70367167939182	97.11806311809761	99.53285299313845	99.46700059456116	99.96521167513497	99.69038958342644	99.79630466302928	99.98904501109736	97.82282797866364	98.19147203791242	96.44859804023869	99.96920452294444	97.79084028305144	97.1907035597757	98.95468992147852	99.80005644669473	96.92483593330049	99.99294520359516	98.60807430029423
99.27677568527885	99.70954780692793	96.36739858552261	97.17789731703063	99.99342350565749	99.97298959367474	99.37727507097333	93.96288529320054	99.99144437844953	99.99048097900602	99.98166267250581	98.27568989856728	98.55333775299134	99.34355750412257	99.45601869593308	99.65386361027679	93.15669970824308	99.17441619620323	95.03388008362315	94.1614960018544	99.91398717788316	99.93071340665442	93.64318677394584	99.57298682675571	99.82568977755876
99.69334815822698	99.94165076744761	95.22294990575926	96.12901589386603	99.9085441982029	99.99264602383869	99.76331997618374	92.53189733530218	99.94311710049274	99.97941580074225	99.81472318102773	97.42415626717302	97.77387213764631	98.80450224150069	99.8022430728257	99.90187011866053	91.49340376180423	98.53628531759327	93.57231991104175	92.63433959144352	99.99131378466097	99.96061832582058	92.19769160609765	99.1166701397356	99.97849333312165
99.77242260028966	99.96956524157962	94.82031933994035	95.78892794527285	99.85732641279306	99.97745284232742	99.82718594433399	92.05719703204848	99.8869222027102	99.99171351158456	99.74994928191434	97.14004728451575	97.47875220484778	98.5733392771368	99.87066778386821	99.94221865945079	91.04062014433126	98.33390893770434	93.21259587262382	92.14418690633465	99.97980659024932	99.98449244398537	91.64180299138231	98.96626870895606	99.99160382048173
97.45937548187538	98.3574339437306	98.6919684841354	99.16341769300678	99.57258711213883	99.64597191661643	97.61939725896131	97.13000652096599	99.53035486052569	99.42996807279908	99.96269500850548	99.69563753228957	99.80354578185261	99.99187727267223	97.79216033954329	98.15883422963498	96.50632429557477	99.97575779354675	97.82167206230868	97.28096739220791	98.89256155915321	99.80050714884982	96.92220548145531	99.99298323505681	98.58566087112945
99.95964825416459	99.99098141072102	93.42789115945529	94.53578801286436	99.55865574828054	99.82829062280483	99.97778706412917	90.40065937202985	99.6244996903566	99.92617957673534	99.38865511353939	96.10928825607324	96.54500289286612	97.83799789585613	99.98818326753239	99.98303715318185	89.24567217054702	97.56242131089422	91.70907718677722	90.57940763453053	99.99149426682678	99.93297889947225	89.96530329586435	98.28906705894337	99.95199692661578
99.98351593319791	99.99260170089278	93.07273275118055	94.22749129213501	99.43621720193163	99.74936083124877	99.9924310016852	89.8945506320931	99.5291399800587	99.869765246759	99.27125693846166	95.77404630815188	96.22078379537849	97.59679157378523	99.99316197957458	99.97567848457315	88.64320734339532	97.32410892141405	91.21389923997528	89.96889875060448	99.98842866299303	99.87496344195283	89.3613138917068	98.08635880941659	99.95073183483647
97.21323110499659	98.13190643252295	98.89413316252705	99.28108144119146	99.44944779726519	99.53505330727609	97.38393053539023	97.36566838749732	99.4263803838784	99.3181148219239	99.93886579590109	99.76452439101054	99.86107140693237	99.99335694599952	97.5167341121372	97.986305864692	96.78039226648366	99.98822646369044	98.02425314082546	97.45443786751517	98.72821725258125	99.72503413785903	97.15201315747819	99.9837135588733	98.42483946714044
99.83091073831068	99.98588286689413	94.53330858527032	95.56926062307653	99.79330537083466	99.96206276161733	99.88931778788351	91.6954455335775	99.83694737720886	99.98943530545547	99.68497290504209	96.9464843447963	97.28515003479534	98.45271487477153	99.90784982175715	99.97160015311974	90.50807846125147	98.17600304484098	92.82014049787296	91.76013583924839	99.97531192260641	99.99189755248339	91.18663154547849	98.84034551287347	99.98631988382806
98.19483157754135	98.92332911035446	98.08221901775667	98.62808932703282	99.83249780337287	99.8823765539521	98.37605868004924	96.16921005818766	99.8215044518266	99.76386648454492	99.97612252815286	99.33501982539272	99.51963763971858	99.90443029675757	98.49738142179805	98.80133893428641	95.44962888318922	99.83061322676799	97.01561078952022	96.27512530217621	99.38969871125792	99.9599043349789	95.9569272352565	99.97627724812996	99.13989212582759
99.9632677871523	99.99100666260637	93.49288676979621	94.54698127600592	99.55477290309074	99.82679569211629	99.98060217233387	90.44678915446693	99.63522933965939	99.91768852345692	99.39616940033012	96.1174066533046	96.50522352537574	97.84109802548889	99.98845547444687	99.98301349413509	89.17177275967549	97.51808275289021	91.62480212006223	90.48193950711159	99.99157598403835	99.92627301855447	89.97950414447507	98.34339525855515	99.95188720410518
99.9709652760119	99.99232351759994	93.31279449184142	94.48945196614204	99.53354375866056	99.823415753552	99.98432793110061	90.26463250367138	99.5920650830387	99.90392374310581	99.33548264776975	96.0413298561471	96.41418436624031	97.741461386278	99.99121298819294	99.98009550329031	88.99916623588439	97.45535617622124	91.45550332344676	90.44434798715733	99.99371252791801	99.91985738800379	89.76950124702542	98.25727231578453	99.95083229503963
99.94134439642846	99.79910611382385	90.77785129769394	92.0901000464509	98.66845665647539	99.20138644122541	99.94453779841376	87.19165883444967	98.8047779889058	99.41839879123789	98.40032074149505	93.97955996471462	94.46463460859574	96.13264397837916	99.88978107583627	99.96794276862632	85.75946100626638	95.79156587492218	88.64619837728111	87.22146467746198	99.7753041214757	99.459336084738	86.70549812145066	96.83672420560458	99.97501921999456
99.98787514169416	99.89877963454073	91.69223816401659	92.89481409699424	98.9892310547246	99.43253649398551	99.98804821995591	88.21594507681884	99.1094709303035	99.60171412539914	98.76710018443376	94.67130958100007	95.15577693288427	96.74885665897015	99.96540824024774	99.99340336360896	86.87971207197809	96.37140857986287	89.57379087597718	88.28449776366955	99.88858399084386	99.63094822706712	87.62174561603182	97.2930645407185	99.991250350014
99.99043717658557	99.98693839954255	92.85441651281084	94.03122235683891	99.40680439192876	99.72293572124528	99.99320775875813	89.63453216352184	99.4821630775352	99.83141662205588	99.17243941714858	95.62485438500381	96.09995248325967	97.49239398139785	99.99235842004197	99.97453428966985	88.32514976379133	97.17807050335934	90.89767636408297	89.75665567088387	99.97890561596769	99.84170553964634	89.14085069672555	97.98234765321141	99.95275456903413
97.54938079015537	98.46385202962527	98.5783386275791	99.07417890918502	99.6203150250969	99.69615564197551	97.76213014987761	97.00320157348797	99.58983729101996	99.50921912666324	99.97560135906035	99.64235902218587	99.75887102362255	99.98645139495936	97.91630257986913	98.28070037650973	96.34221741446578	99.96048988840546	97.65702844717828	97.09855210438766	98.99048974954657	99.82272696483324	96.74852359840138	99.99316414640661	98.72976552164268
99.99360736796707	99.93890486031259	92.06854210227242	93.21639397320337	99.15248377022317	99.54567518692872	99.99330617243184	88.54759933351214	99.24513898715728	99.69356493869998	98.9175704141722	94.98077768671791	95.49913984983195	96.98953698836674	99.985800644162	99.98483625168511	87.4172402503367	96.60877788957248	90.04917859793065	88.8258542424643	99.92061333501735	99.72100941832356	88.06622380165086	97.56420891416546	99.97396119334678
99.99368276868451	99.93615413827858	92.03224084144117	93.17023604725514	99.12909829615209	99.52533842593219	99.99284152272662	88.49363248029314	99.21697779803141	99.68077379949793	98.9089853808656	94.96302346204114	95.44477225012929	96.9923065539885	99.98308737767215	99.9856494292365	87.28676576060163	96.5679063667678	89.91595414194022	88.79773343144963	99.91877851817742	99.70807585354335	88.05469902597601	97.5417338291215	99.97528919647584
99.96368548232869	99.83243063250519	91.01615976688413	92.26501845169439	98.79432973482395	99.25659818447279	99.95623359299029	87.45216597978857	98.9121054044915	99.49015861938413	98.53409223140699	94.1658468657383	94.66421199974943	96.36466868268711	99.92366507975261	99.97944812696637	86.16422079033056	96.01098205635427	88.89240500849316	87.5791321492222	99.81070478968255	99.50663619498906	86.8565544745248	96.97329337554324	99.98325563788359
99.07644802938655	99.56801615576144	96.86360578052953	97.62251135884826	99.99370961474987	99.98549084304609	99.20620776985885	94.54900703850866	99.99164788391928	99.98264863952022	99.99369988232475	98.6032056075567	98.81578358720316	99.52784682530145	99.2827826886967	99.49979978312557	93.75782687490829	99.36856370798306	95.4982363268377	94.66504317406277	99.84330028593121	99.94284652615471	94.25337536314748	99.72169569074111	99.70709922774323
99.36994601214984	99.76814720250424	96.21803860030829	96.99618661576612	99.990644572237	99.97181957923222	99.47272021112391	93.76667920630204	99.99370934468345	99.98135809628198	99.9622221537591	98.13415648351317	98.43413757813433	99.25668544340664	99.547122962049	99.6983460362666	92.75458330170935	99.0450077564599	94.72751079173611	93.88320536813949	99.93988473814086	99.92978427267668	93.38446399648971	99.49483433173242	99.8586266915157
99.9026683254786	99.69439182988575	90.1560474990238	91.61520154509215	98.47630750507184	99.01327551092147	99.89327958871813	86.50398702742115	98.58749479877324	99.28965617348051	98.14080884535818	93.49832577217589	94.00335524301757	95.84606472324985	99.82794373581886	99.92825886484549	85.05119235324634	95.38160496511051	88.0168382916637	86.58834101239906	99.67248276181479	99.29286497380961	86.02029109122441	96.46021864218393	99.94551779801067
98.85735320333383	99.39698200730814	97.27159160643797	97.95890867147141	99.97388944851589	99.98739617727787	98.94205517310365	95.08433966590685	99.96398628269321	99.94213895352226	99.97208954688423	98.887675790817	99.06365997846865	99.67027472541361	99.03444644121481	99.31471892929578	94.37434968009742	99.56107046566865	95.99947951729018	95.21398960494901	99.72036062651247	99.97042270788199	94.83126056955705	99.83292728361218	99.55712377497792
99.90642193308126	99.99274848027325	94.12011894312496	95.1169549095569	99.69687125779942	99.90957592884571	99.93566449160679	91.08668677414047	99.76267360772758	99.96584090874687	99.55979908882364	96.59521651765324	96.9773379392589	98.20738756532766	99.96219682843353	99.99148446601657	89.9563795919759	97.92488772427083	92.35053374112884	91.30100254302036	99.9770171219696	99.97194297606022	90.66387257202942	98.58732936215861	99.96530267752858
99.9920205755683	99.98373569225959	92.6700675961298	93.8375157536432	99.34855603175936	99.69447447458569	99.99204660772116	89.37076432720798	99.43565629173037	99.82140336458691	99.12472085944555	95.53803453314207	96.01626306219873	97.37223232878291	99.99253878279781	99.97465345324541	88.3239000619598	97.06145088761092	90.83714821157112	89.59974093850602	99.97529501233922	99.83961756297599	89.04703933536618	97.87927558820031	99.95442240058344
99.81711421998304	99.98004003782857	94.69419914436173	95.63154550662148	99.83111684995922	99.96313078727027	99.86680082740962	91.72321041563316	99.85725936304333	99.99259363074663	99.71824845881517	97.02593035164125	97.40457940063376	98.49119355138744	99.89454592306841	99.96754801250786	90.76303681631778	98.23202541768465	92.90831446225333	91.88645769085133	99.97631254843741	99.99366755258889	91.36539757017299	98.87392562017604	99.99367989240757
98.6368058266788	98.0242943749188	84.15153922746728	85.8900210315073	95.62485022741465	96.63008979664683	98.60964247898512	79.30273496064845	95.85492236031683	97.057292939476	95.06620612033605	88.44565110831843	89.08535405881923	91.5695905008055	98.36932948258736	98.73364009446297	77.81614805245717	91.03090439112536	81.13241091385432	79.64455918634657	97.94539539084913	97.13903932184509	78.71934535842203	92.55212178666295	98.79248533200683
99.36523758047812	98.96644618952382	86.94972191719511	88.53494161785646	97.05398852069341	97.90036386291854	99.37398141636415	82.80132606292229	97.2813883267136	98.2251309714871	96.68981400079348	90.91289341232071	91.56689869816699	93.69981297673048	99.23214218128567	99.46094586553028	81.25493954268876	93.15622307505038	84.41529843483455	83.02669417344272	98.89477710607231	98.30882080976659	82.12146779602675	94.49273000283294	99.48798518617167
