7.952941777801406	18.66955793277811	85.78604574417811	108.3089636092554	65.05772802872667	92.77468519408831	40.69804875081098	76.09606463986687	77.56708189929981	71.66463450638257	85.74242541317548	100.8979886910855	92.58927056653602	89.00127971564547	41.70456249823847	56.73383979921866	79.41301818378753	85.92589032925959	94.74627283700784	67.46708329460657	64.7328328712195	60.59844846613467	63.83062322940721	107.3985475897919	44.3541644453443
46.21496212177261	39.03935120064959	82.10223823151313	81.54290259882787	67.54687755084832	68.22446263329451	22.73539153109944	82.35602244732542	70.40717409942719	96.66505697542138	95.18202224252902	116.0042884087528	98.35019834884446	107.6799413280871	25.80779726885739	42.58657969026933	65.68774950406878	110.4157640800354	102.8156609825831	65.04614948311115	85.91295807311751	71.59809706648046	49.82599732462883	78.65968488754369	50.73625823638864
7.35069534861281	37.99705746839458	73.05192131645234	90.354359288973	70.77976733075036	86.93504010605713	16.23698270942426	73.54556373560555	60.97572411023233	79.611399302536	76.02477845396233	107.5809276487474	95.84844573045525	78.67789502889973	47.49233468008632	37.26375439541641	62.92299256402413	95.62186775376212	94.92882957196616	65.10326168893567	74.39583235714079	100.5934902817957	57.81870795567052	107.8085214365952	55.57291156629077
75.39942367186562	55.77399131360794	90.39601115041333	79.8764864744109	117.7834684175141	80.55493294904231	47.68031774125227	35.58307028669294	85.07771223529089	94.39482384738804	114.4784291144504	96.58150361837104	90.91350748658729	111.4259702046319	73.96177750760745	93.16740603123046	47.19817134729978	83.29096698471915	81.23504793737662	66.45158988427039	75.8895606111805	114.4446387646172	30.27224582993369	119.0330529397502	71.3135080936684
60.88907976587485	89.50234059709805	91.0656545983381	83.7811305225616	102.2565301993885	111.046626321124	41.90115919321826	56.34659199243417	77.04621834781879	101.242744477386	113.521493126806	112.1219186534565	103.0704076991562	108.0077911558418	47.4781679575572	53.5741536233665	43.01002485082242	98.80834013392575	77.94336609458173	77.53494457935192	81.10153543404883	107.2179771006638	72.51419223491961	121.0152586524002	82.47197011979802
70.18024457973569	74.19742242599621	54.42564031720711	57.08565602495825	89.53007446206429	112.5012222666484	66.65269070668614	20.8243244487447	81.59640431979965	97.76581333291227	117.6611341545968	62.65088327910846	66.01352206594107	102.8981671454431	101.1658709818639	85.15971891664938	21.83216038391534	106.8545244101396	54.73676646892274	44.75725648108067	92.2253746133072	107.1361089016065	23.44221758639817	86.6851224259145	72.71021798794058
40.23021598139479	79.94890002483993	79.27850693026386	102.1639620709154	102.7326418352329	80.27429204585474	52.47218384604722	54.07161356994727	84.29594432812485	96.06561127950897	113.1517546307891	107.7452558034173	120.5180620495964	96.68467499544084	60.71907037633106	81.303278499724	50.59777165318955	84.0072879343825	73.41215802226907	45.55922454407566	82.19362896643412	92.06012502054121	42.10044941531298	104.4233479717433	71.59706571246571
101.6582247825957	76.84712421262724	39.51276572309974	82.29066569833984	116.1713964936073	94.60278962459356	95.34873008735651	24.36294930177093	104.586537933293	118.9082967765358	114.6909781654908	88.1336565090443	96.6974224833703	95.53914794919598	95.56741964633844	96.54408617543606	23.53863227811242	116.5006225894822	57.89418376321706	17.63947453352983	105.5465011346467	107.7450515461882	21.13020371685741	75.89962136612991	90.73906708696893
2.943288613977753	0.1698084328593839	116.7807958172955	112.1999890157619	33.71842597040082	68.14622347445021	2.190415972365995	94.73053384014116	62.21691634379411	30.75187977854077	55.71976393995803	77.32147592197207	82.35725047187964	88.62687003684978	1.662329870358859	20.35991546339956	109.0501226596728	111.9260874365711	88.02628077835431	86.10572556476342	37.66820957653621	69.43120152369656	113.9750146679725	70.0876928726353	23.87637160154235
43.80157865589889	90.44993297638867	61.91035641406305	70.81814987438972	100.3043401866286	96.43017892004076	79.503031216544	71.36291721905573	98.17355321800902	72.80696778634453	109.0723661763887	116.6589325885699	83.44404722963989	87.04060883684861	52.50465050230405	71.9048991473453	40.26649670637248	112.0820236845055	78.1689419437667	59.41639953487768	106.0357434500376	94.08026479057972	67.41390779830247	101.1410766387557	58.54501824340709
71.34153457820815	100.026926128934	26.02389185435416	53.88256108083898	79.54250561879302	110.8853604419304	112.3248352953365	4.592220852780208	94.00584630935876	108.9994433482989	121.0221247895608	63.06754115545884	96.83449294042367	69.82290669441676	72.6326131034395	100.7321460749809	2.145269415049168	72.67208272209844	22.68021041176534	19.60460838257693	96.17485963760771	84.00091535830211	0.8986094291110425	106.2875571970007	108.7446939117145
84.26292723529652	103.3882985300097	85.73897304981485	86.28820830243033	87.35570903989232	87.04850465767424	69.28580370784677	48.5618777913735	115.4167374581558	80.45552422118041	81.78682670279383	68.79593560950217	115.6857362304736	102.7601722508714	62.42656539203428	97.25371390101324	53.09931659867188	117.6728600823006	72.45823378418154	64.1099514331497	81.2750141613211	105.2350320537743	50.77815300196593	85.21395754042142	80.86293351940601
74.93402782218016	83.00802486550276	49.45228966515205	75.54736406876432	116.0804152540469	79.32989435636587	82.72774032311222	47.94182259552093	103.1450489753293	114.3961800987321	111.6452546211222	82.12195944186671	102.3915775181375	78.8429644895982	73.32065450344784	82.27505459752763	50.86338040262154	108.4791982309476	40.26523666345344	28.27270523779286	101.2531739556347	101.6409385794885	32.88783271513147	83.26061065832208	65.2328938596804
89.65968451799574	92.80236822867816	47.50687534474739	64.68629012278427	95.50828876344096	93.21975677529959	69.73609807072275	28.85393698230385	86.49574550940937	90.85231883433661	78.83890525966619	103.6300687783868	71.00269949743078	108.240019606251	94.7793609335566	90.04344774171676	15.25088578704801	107.5758639525218	43.7173201292611	12.8226419757226	106.1388447077397	114.1949998938401	2.371489825790835	86.75018959843848	83.71884595139969
63.77736868636671	103.1779615622052	68.83027328223531	52.97793087858861	105.8697258063247	118.113821277126	86.17065043106656	1.870248383070999	104.8048930946922	100.637664709853	81.37620663362618	58.40324692613001	95.12202876660973	77.76762074427862	84.47593359428026	87.73872411067984	2.138726913300665	72.98542698630244	25.56245569996354	2.492699332402453	87.09428218247433	108.9814487610058	23.80889580776991	108.8984182943758	96.81044743426696
34.41739320971919	49.71800580619622	84.80378509367864	94.00216486144041	90.35114841810133	79.67011695806269	59.59655883432603	36.30122552621309	74.28916269535736	67.27979764626824	121.360638190387	109.8858235986481	87.33048601384112	97.62301203047397	57.94247232013188	79.4229064805035	36.49410880710393	111.308513358085	53.87471838235355	40.62164677676412	73.20530906119265	114.3110095668053	44.73218324277599	89.88540318191409	62.31274542291436
109.8039212198178	109.6085740543551	26.38633525419231	30.29337123804798	86.35160228973169	97.64105354980144	113.5396369640891	1.28519472012256	113.1460949239635	99.46015489310626	83.99408056673147	49.32404121276917	57.67974976322932	85.86241753745615	114.2773396031551	79.06331065265188	0.2757306484694794	73.39208012374209	2.905608885879419	2.09597231890678	87.27118165483124	94.72570595156633	0.07641196479757476	93.96785808384482	107.9252005114837
43.25998432065279	59.11526325175316	63.48461307039059	92.65745969776168	108.03683595161	105.6752089868564	65.63283257214532	51.3230590231673	100.016426300307	66.40216454237672	103.0710434644524	103.2732785399976	91.42547875653739	119.2904373322062	73.00831028094899	77.85363476899792	51.79078280500239	105.669400103507	50.18780227417285	76.61127558291241	81.91098963312335	114.0029053055025	82.46942408351882	87.00897620545362	58.02527619116334
70.61802242520112	86.64385613701999	52.10293252272264	80.9573488163321	112.0986295357826	86.55169705781063	90.33516143850431	61.9460162259787	116.1052503596026	90.90179189050905	81.61105546328213	96.71789081987041	96.03077315176884	79.2913980302345	60.50346317647669	76.37283602509329	39.6577503959119	92.48316798214383	71.81592360278228	60.87629180010174	78.33244117384372	81.80509519708232	52.20007810079213	117.6691243493847	74.7854697856163
55.38800466918816	70.92162325084546	92.82116807137646	64.33877910339724	88.18269100764809	117.1380493199084	74.06082791339769	29.40504546253399	79.69120609550593	77.36977386856536	99.13952984080395	79.51087971913165	112.7975401960783	104.5180397200441	56.64403724571389	89.75927993322875	33.85741476447227	89.31266933803528	56.25855467118458	62.93099270420467	104.0762442474869	89.25547914010889	41.5590851225292	85.97089335194822	82.36650955938983
41.22904851802831	90.18391320817291	102.0548125945741	105.9260474131573	84.27486542533859	85.78604136478465	67.40006396041289	74.36659558062834	103.8398360108181	95.91537953842479	86.52431461687613	114.5311026334651	115.0150516957789	82.14976778077367	44.0083068502682	87.40396505296141	58.38605187061074	90.95848884603042	84.29132150873353	41.52938503645555	60.8993136334653	104.0397383523577	45.68720340507807	84.69614565396725	60.16176705907274
56.34978271169508	75.59866907312892	54.0875466855593	78.04635423057474	101.6237419733009	83.81843560461321	68.99864274478252	43.81196490468577	102.4658306396564	103.6380461281273	81.83173968064062	69.75548661811312	93.99741754872913	114.1478587351259	81.71145343998467	79.78236270672056	12.80439445744709	81.26592747331588	39.92161314932179	32.84338712457254	106.0607428960347	100.5837687862445	50.28794918439841	111.9255051683079	84.42032992441423
14.44147738665443	35.32684497297964	86.81503609641484	93.90823947283513	94.16325343193105	95.55235362202352	24.75017710718262	79.32047082217844	73.1936048464551	99.64574068751172	93.49432577241899	109.3567579321767	114.7351259492518	90.14226531029848	37.77786720328209	37.17381965145688	50.43182532881852	121.0861423383087	78.8662182920469	68.56952888066644	68.96016128232829	104.3894508710468	87.6929528368199	114.7409454680806	72.43423415373486
62.2157135967761	100.7669283844861	56.97665517537143	72.62418223679856	80.26531827378267	113.5460461341514	86.0729643663727	39.47003893468644	76.12605364582431	107.6466392393132	120.4669694031121	99.51784925880736	76.77669991395778	79.19871453044416	70.05982632883227	92.66995722574077	35.77786682853495	92.59482315750678	42.72354885905881	40.04789630329477	71.3856368106447	116.3045744273255	12.90368836707731	119.3124095186265	79.2010015638768
93.67183987675705	100.3178886238739	40.08216604982503	59.34649849360738	107.3827910124114	77.06352026284506	87.77892946181684	6.044687168141273	107.2026157038954	83.52315259538426	103.8199384829535	51.69076854394143	69.70891073927831	95.47862878360232	78.02615056393407	87.81664407682281	1.093021906471801	68.96675210223182	7.043544476301275	17.39594663015448	119.4800055760774	119.2246813224487	0.6229110114915044	99.96505637085433	111.761381952857
45.82334393033824	50.71848212216263	105.102439679279	105.7199640620421	84.65199991270288	87.63723255083723	50.9689600606031	73.14772107733235	63.96602532677947	88.91662479365303	81.07187842156	82.78547515024786	103.1782450231717	104.9022067331152	34.30598085212928	43.70184199197772	47.62404122053829	121.4189767350639	97.35895335275447	76.30559195215454	47.84075300017474	104.366839717998	76.49673270050342	104.1787876876844	49.17793184911
30.50074705873444	69.55534710582116	75.80497958169737	74.30962530642361	76.69450004543378	111.7087279044504	73.27765107101449	70.10364239539743	73.76459602230629	88.18515962153485	80.18253030276577	104.71018885832	95.84040481891907	85.30748619304249	36.20710299378188	70.8762264752303	66.86365076144077	96.13428726568625	89.27914906447815	63.8873496882907	68.87638393227174	98.43902667429884	54.3125588709745	110.0627950845762	69.9746296396013
36.57261746962541	72.65342631048637	81.28353335028336	94.40606524530003	78.90731596650723	97.01310457498039	25.23617235668419	84.74575958578542	75.38467229772225	82.07430193050376	82.83432734717498	114.2213079660182	114.0765610745749	104.2310006479024	45.2851250013755	70.8687517505041	61.00722830724843	88.10525868070346	75.75424205599613	90.43802600478858	78.24696381372864	99.2518011911859	70.60055376621538	83.58107493651026	46.89620968951887
22.31615359948219	52.65665530482249	90.72058679528917	95.57535508309701	65.24246847968101	78.23158299318102	58.432399016823	52.73446086345945	61.31813099986844	65.30371937257625	76.21594366154551	119.3084710300279	95.83989445179114	106.1182960202007	31.67340284623334	59.11023407293585	74.90648448349424	78.28350383333257	69.70497498098044	68.54685373884044	67.10458453649682	74.64872220393745	47.6753440632389	98.13513547234258	78.9639074068231
107.7089097757584	77.6514750190655	56.54991558206569	64.71990573182643	92.16561391447613	88.58720298707412	100.2729303641709	18.2743428620041	93.38345389712944	110.3945400237692	83.62226432560333	76.74986985675237	55.75933567432966	82.06663728312685	115.8611837451863	109.672816739234	2.686702624417894	78.08887591568455	26.3300417123228	3.62659203387566	116.6792972192696	112.1352956720442	9.516325709811355	81.04044969509212	108.1819180753032
116.7011943787716	95.18503849207947	8.717431843469686	41.73534532189839	111.4726852984002	106.2085124789391	74.74633274229228	2.125087533340153	96.07579268255512	95.94543161683967	101.8238942631254	46.4527209380347	47.22870389442176	104.2263568983991	81.94272565832117	115.1512585586934	0.7187127122492931	73.34044492736412	19.33085844660005	0.7635811809246453	106.6351339439989	101.4854774373103	2.851514115139309	78.40603882834839	110.161695209198
81.30006089299958	81.62051833615307	1.288182752451115	2.009336559411556	94.26637825068339	86.06725278822034	84.99858079689605	0.9870435707581724	71.94312135323599	98.58674416448423	68.4296079754281	28.92638047579246	33.08666660270683	43.86454323438298	92.33436782780413	114.2566706588896	2.289089452435668	48.3284631991778	0.609897755471827	1.846225896404623	78.03100396828135	98.11482699663929	2.582104099774527	67.5618322542183	107.3728549754017
77.37782905692623	108.5658703059601	2.035470741437788	2.116850432909352	95.32937357834382	95.34555852755931	93.69180577946211	2.536705763911044	93.57544358279858	110.0557304221332	97.27222356161012	25.26140798107699	29.4062707589185	44.08868033465315	86.95900753500285	77.21529430286446	1.178744633687241	14.27286662971733	2.520034581330143	1.578119269346426	92.52639108891032	111.4233718929644	2.093023210176743	66.75402128179965	99.33717388642934
87.93709502296676	109.8074084473312	45.92102361312971	36.09214236891835	81.74887544501956	101.9885236650319	87.5859394036862	23.83454722799334	91.93219540639912	86.05821381628292	112.5197104374498	75.18668152971148	78.33641634973368	75.56973973911653	99.20631537460294	106.6722879346209	2.282343985032066	93.30296558450996	6.448305063156596	1.35430116665021	114.8775096580154	101.5307449311638	20.81937325863285	72.73123748528823	94.60993136462531
85.51968167045132	88.84888294919028	42.51249470463036	52.74387301461996	79.22292192097964	115.0038472678883	67.54380018814646	11.9673794681612	105.0617284489675	115.8248235444364	88.77924616364453	95.47308707112137	111.6472595951488	85.15240708681108	71.02506737736216	68.32084988111004	41.4760528915139	101.7619575444551	40.40840782609875	14.81156071028804	109.2014669303477	116.1303684784659	41.75193758896397	114.2472439459885	80.1025193680141
67.2358003573772	79.09283446918108	64.15623360302372	103.0831382587662	106.1807080051359	89.4816817650902	53.70980647288451	57.26644283853902	102.9072181078889	87.31339905115001	88.81428143364293	94.89975579611234	117.8075521068387	98.36599327883593	74.44806521324425	69.63218993369802	49.59305884687036	84.82765154946773	78.92733080844977	78.2324755289155	75.50655754926213	84.02954391492115	78.04257452222311	95.82449990100638	70.12653695062176
94.37307733484568	93.21766838521529	0.1123507147005655	12.78939238031078	99.29501323264493	86.24947271010137	81.47886719474889	1.376934080864176	72.05882040479048	104.284407985524	94.2043962459078	27.8265314265061	21.49406598971393	69.39166487804546	86.36652694574434	100.2969980528918	2.338743165820162	28.9501189651283	1.881863173480912	0.6419252693330961	103.7394951948499	73.60174253313008	0.2759768694752928	69.71700203395633	121.7712124620226
69.14264205719225	105.5861040106144	63.5870336627849	40.83480605585604	93.97078998537481	86.77086144430662	84.17254331115755	30.95778840923567	106.826681327858	104.4000564594397	82.29370613037885	70.71171950399396	69.14312256794571	70.42368816398813	76.16238517715774	107.9921523124437	11.21459732965143	111.9276319589151	46.7245101127446	22.76782372685713	108.2674556298364	83.86729018463276	2.084201846952107	86.02600291904113	79.75778446202571
89.06398854571955	109.9025865953917	74.4682357767396	56.96080430069878	80.68565441856248	119.4876652846241	59.41023920891512	36.63456969331584	95.21924579061313	110.7129917862104	117.1596371344655	70.62914875070342	80.51959999631403	114.7468984785488	86.58331053176073	89.80300307613871	34.64729171727092	105.9994096538354	29.79653753699703	9.984684711588898	113.4155582419362	101.3379484175939	13.22907056884081	78.70438505177243	70.90520483808909
81.12470971974822	99.54880044886846	1.62038217453564	15.4235261310717	79.66116364651049	115.0052114385206	111.2615735846596	2.125633573279923	71.06787716467579	102.4893208951597	100.0199192914134	28.60495502737984	43.23805412971716	42.22067101036875	80.33839103022744	88.82094475477248	1.90530121331124	52.85278308867396	0.8848626831064543	1.384201883519138	82.5525501968763	110.4447086431114	1.224245922535651	75.23392358597127	101.2349299912375
97.10479610830546	121.1982065843765	22.90490988166484	48.95209381191309	83.74881332024501	107.062667433738	99.88295805953808	1.092532964643222	81.83650301770183	107.4726309262771	72.69444166262446	72.68494818664715	51.33356137060507	91.96196082046517	97.88079752943693	95.83449352466967	1.627384829030159	72.47621359342155	2.320682724020938	1.925481263140682	90.31873048671673	90.68650353377367	2.566989205121601	77.18043456415054	108.838303091306
65.88512823526007	73.60089661694836	41.87992200821806	81.10649192907589	84.69496642447581	78.63707556216336	71.17102738998256	34.75058567479709	121.3479693759898	89.05778843020674	110.1576036606214	101.1719546748549	89.58218927403698	102.7853369836282	75.57149926810123	75.2638656130693	25.06411774322822	78.41275295522482	52.69215398974055	23.69315749781846	99.94503703802221	90.68726812909381	4.521775113317151	108.1483459759776	97.53779888480145
71.32611445329309	107.9100355586445	32.30069676242205	67.99699662148228	106.6550669280124	100.2317624341605	98.5881128820289	6.797931414743928	92.34493102354895	97.54353184296906	83.26882823626462	61.2117018541024	92.24864841019198	94.19018961733185	109.670287510817	93.00572171293078	0.1111427267026192	70.15338375233981	32.19655168959786	15.59099893282482	119.5260608504317	81.40828953148275	2.278521531596502	76.72481132980339	89.90130718779491
91.64305553777484	82.32782084877464	9.559671663361335	4.203149841328941	104.1898180188023	78.89924550907106	99.32418707498179	0.2793970333058386	82.88812246640394	82.43855095618677	96.12190684751617	42.69384117227807	67.98149867731684	67.17128012428043	97.87232180959995	85.2869002100482	0.3883072470940492	87.14147276434457	2.680668843520079	2.072522605897642	107.4826564445852	108.595500506415	1.701168594518658	78.95685938695144	117.6456873125221
89.03177264650211	93.06496271001843	73.52090629600963	65.96701686767986	77.33327405437329	92.06514266682269	101.3326419408485	43.78806897237943	106.7562894834251	109.8798265723249	83.84870668127981	76.09048147012457	67.11842591464709	118.1008798225179	81.20932468171253	78.06183166877648	6.25741191943618	113.1315689021668	18.98156896159938	10.79800437629707	87.928001487682	107.768583338357	26.51739055297535	97.9466722316744	76.71304593999794
108.7725004007774	95.55829154424939	0.1493793188043346	2.199286151265623	38.08804595022116	58.68381876737102	87.56258827906444	1.112631733696446	38.84651664207392	66.68827927116632	40.71878313596431	2.41201658245303	1.786680319276266	2.348036287942916	78.43218076457005	98.79204972862055	2.888891951557765	0.8486364589885462	2.678692333362436	2.197862270858284	86.2690499972625	85.08253128778	1.83495102691956	2.946184835686294	83.39456552912735
108.4014906623373	107.7582519706984	1.650179711164739	7.016684275250032	81.42166002196366	107.7925715232882	105.8088592820922	2.164809898934859	109.7430701773417	116.6291707471312	97.25665165582987	60.02688887936216	35.6953793044316	56.92956616451656	100.296423637094	120.542825929785	1.39130594970479	89.08057673266492	2.614016438499879	2.014187903243258	92.61259450488483	81.70943647938998	1.165441595927405	86.6530971672349	111.8208896959972
90.99437942048539	64.53566942176032	2.670990682144665	1.47596265579105	28.011799824415	49.49017969752406	93.60173883587356	2.273937531429874	57.77598206626689	71.58279868421118	38.06762058622816	0.2420119718717274	1.571271129292926	2.570127673726196	77.20556069459361	97.78917267976915	1.355277239461141	2.345084698571799	2.108592551415466	0.6069789254376989	86.39692215763644	92.19942438785529	0.01451031897490909	10.62622354536495	86.70842459765878
105.2512467937537	66.05901590499204	0.5147941403463718	0.6863022564803425	67.01299380550978	53.6413158959126	100.4620323441412	1.62456865239669	38.68783940340244	86.12224332917857	24.81603231206333	0.2167219096302186	0.09238993865628978	1.350402597639359	72.43141491334291	81.33633885689403	1.397941987058022	2.041342778207873	0.1841205006512671	2.899876009503604	74.09485902273342	56.55423232186585	0.6120891126903352	19.25090941602113	100.7232073725373
94.60897434220158	117.3101621506344	14.51784915394228	31.92392907565291	117.75835730917	100.6221126756974	101.5773891163867	2.669891195650596	86.2567190780639	99.18554358542499	113.4009227426588	81.19926507708477	76.99136571047899	82.21135086496835	103.8142455706307	109.604993691058	0.2298282186589483	57.05754190518353	15.62416437331159	2.375992914385324	78.91049145603661	85.96787879881862	0.3937334342843808	87.54816979397589	83.50335904081261
