0.1730741167589366	2.677545817266119	97.81751468148549	82.66774567196268	39.78339101848645	54.85824337825262	2.856569303201683	89.59576485568734	44.59229494861805	28.40905131133762	54.50881954128027	90.90615901525533	77.94766262782819	91.58956819267858	0.2997342732278099	2.720911148799877	113.3292042255671	83.90831255024773	101.1069281623169	113.343295465447	5.382363449199236	24.74793909910947	89.92484251861325	77.73814754853055	1.83271186812032
59.68903562408126	66.26981673418696	80.06692683381794	85.32003884093231	117.5064466691677	104.9496256334747	50.05732476238214	37.38050169451526	93.51186776012595	103.5082599557358	118.0776352526464	92.86565198758716	77.65478224637013	94.36160337683049	68.24039385387292	87.16257326488608	33.12792110019288	113.2678010936003	67.69774782128313	52.4769411101063	78.36021184221886	86.62168641182876	41.92273474322315	108.2079012405946	70.23394030671201
56.5332827315998	44.55636110573083	103.3343907805654	81.50423588483564	72.97159316171975	72.3063726733719	63.84738409278791	77.85817452513578	92.96310596405723	64.33005492686272	86.29070891590324	79.47218814442073	102.1429878634426	119.3714672936201	35.38620354917902	71.18446874514173	45.41508129224877	93.32965847371429	61.04958704108174	50.48937996120836	83.16211274191103	78.67988373269591	64.96356996799415	108.4638769475758	48.35010329556508
6.70370955840545	27.39900643054055	81.32544011419418	80.91213212403824	76.77963071558423	86.55264874633284	1.384995799426696	90.63230309392843	79.36464528664375	61.38411004333632	79.76248448623762	110.0317249422149	86.61510883141428	70.99017067954016	28.49779779357173	48.44536659038067	63.71769810044611	87.0405442799599	103.2623131798184	92.90200507555132	41.39826261636433	89.27660026374613	82.58214219759142	76.78867179003757	28.95654027636289
9.829215605556598	43.18343916052646	98.3623915866265	112.3071375835784	89.04495381222412	71.38234662511319	23.13540006981169	80.17544374385328	74.91948395657717	79.97298049852959	79.68810417435961	101.962124248859	113.1396754305852	98.93829679898144	42.68262026151646	54.23218756252902	77.86404704406127	79.72604776502135	94.33914255245899	107.5262598630657	58.5676147098915	77.67904876121825	87.97498608515097	89.33777186565597	66.15610561651233
2.977586984636527	43.30587982618037	109.0347323394274	112.3644130894008	71.02652475504588	63.47967997117179	24.82360475708843	84.27248070681307	79.62147982987162	39.21224206969435	77.44100850766667	117.6966106886956	105.0721151636965	79.17586995832622	11.62220024443334	13.93949162043579	81.04080233190655	104.2093905188271	99.68641646395383	78.49274681664261	19.3139251331494	66.9538391075322	79.24816313311096	87.68365006046582	50.50843501044787
2.379866354976669	15.52222050080393	100.0420761115263	87.62388044863647	47.05666356823519	58.6022889999758	18.07421127109757	111.4484950898394	65.56027414650458	46.58835239224197	68.27974480929973	81.17578251066678	82.24500561858378	90.46634284617106	0.1608465510889426	5.666645922030337	98.38266557814923	117.2176040717204	104.7966430129943	103.6916757721571	27.58748176006438	89.24689177451735	82.53538009114905	108.8239660864541	27.25700615304072
0.972952816682995	22.28412635417208	115.5362902502556	89.71758754211379	55.03801474040253	49.98208326214247	28.28424808074885	104.0822619608895	38.24192172058049	72.12574300839289	104.7368991850622	121.2678751910102	109.6990072239425	90.92639311028734	2.470126583172704	37.45682826771238	99.75616477835696	114.7258262744652	104.823557504112	100.0161266155409	43.78360537205857	90.75345718275202	76.74735811931421	105.2963022411534	32.7332726096801
25.99460381683926	64.16394139532147	93.30061223611423	112.4039936899686	89.81163740801435	87.46382227840185	58.41898254874243	59.61930111049099	67.4439261640897	81.23233951502569	117.3120590172063	86.25225381485055	111.3073861994615	118.9912208115023	33.83823949685188	76.03674232597837	79.70160910487193	81.9845155997556	97.60961803323355	87.79525085246837	89.88031078543868	90.84115560571561	80.27524799443358	109.7269452849314	47.45489980113288
47.08646705435284	53.75182705719735	102.5492696950218	110.319193945679	88.15524971017624	98.55443058322375	18.69377571503206	60.56846597457427	69.17084413584375	70.3825468718897	76.64474515747342	93.47378354481576	89.63952072785982	75.11910570474116	41.65912180179477	57.84933566257803	85.93411440199044	120.0347430926398	101.6990974114155	72.0458951796238	41.23291455778752	65.24252428713937	54.63404895836243	110.3995579827973	67.38572190065361
20.90320254975629	45.59326284763314	116.1360085212214	97.20048962503853	62.39446231348167	88.51248840816885	48.5002860472802	75.53187159605923	79.3416716877296	66.71313197677003	94.86106034899848	100.0295799121457	99.46797168444995	115.0001609938883	12.67090602775863	20.12074222193758	82.31479417589661	84.9745959434842	77.56370659790555	73.84738680521863	74.00116897013316	100.5907430014994	65.86826656874335	90.09510612228365	72.4810326292274
83.84406039656096	85.70525322135293	90.79502913208093	86.85220814990748	88.26262502048354	119.4757579908311	95.95537431288425	49.96477493600324	96.67902555424216	104.3902057451464	79.65423643154031	93.28885515272952	73.40225837122082	115.0072310159078	71.20464428140164	70.30279175306343	51.05189626022184	112.1632540890641	34.20744902551712	52.54644448017277	97.71147009943755	104.125175840858	30.94593540197486	98.32568636232874	81.96557906774147
23.87426647063217	57.10635148608335	94.63589318995574	99.27406339461956	93.23958794621211	88.43592476353126	57.97669971776131	64.94029223348161	106.537684982445	71.49975340969006	111.8589028299114	120.4969966246689	113.5374179820727	100.6154286368224	43.44075852724441	63.1457323951781	65.95077926448531	95.10208261083491	91.95277400922423	91.9916079232006	51.07697674184674	102.8627384453659	75.50169995437406	112.0372009776428	69.75327036467367
105.0456195195441	90.37774419094312	21.46347587977914	46.79224946186719	104.2910109926791	112.4210792264517	79.54587333581635	1.288931570614004	94.83475138829745	105.9704881391819	116.2723376444423	40.70590917637622	63.21337878301806	57.30147143600141	101.7613876005999	82.24973227262609	1.199066684882149	86.48214401229438	4.077584520460018	2.256915691883201	118.0963959961404	83.91444505627456	0.2990554139291648	86.95420672918809	120.549339309725
35.45038225821658	61.94497020674224	64.62259762191043	80.66481147233671	109.7860524164734	102.1346776024928	39.91559089314474	73.04292410142254	86.14587005666277	101.9914526802689	115.5392133887262	107.3368085282849	78.78185263489029	95.05021597512774	61.85413414186785	66.14589852548369	56.55076218594161	109.7820957472557	76.84925382793281	58.07834966605135	81.16209507941304	91.17606697196896	41.60338391152628	82.91005250193091	63.5156437833533
53.65186492651618	65.90706442984323	75.56877411639498	67.52986367058567	88.56033017265182	87.48469676541085	45.89257628327741	49.74657159219433	86.88702501709169	93.89926349441249	121.5202957484735	90.51973604962065	74.94860502527789	116.3125884025184	82.74936043654377	70.99612868272884	35.71675293540343	81.37203036055639	78.22411333074622	70.11947688592414	66.66713291096687	102.8139870398776	65.61825034116993	104.0936857640807	97.24550645823719
63.83934824234876	82.73458122494628	76.13032667770355	109.3849259349143	67.28152018163016	71.56757015342497	75.42669434089859	50.81483542086639	70.17883916554213	76.54574042153634	103.943898103257	118.0808368080113	109.0913355943737	109.3259074778085	48.8519824213579	83.20735937020325	42.38298622266261	120.9010238981532	61.24138578857708	59.12528849254275	90.71070637956294	97.40339388599826	48.40667010166545	82.7764423829875	84.25612772899144
68.14070189219453	78.1435582320572	53.84809344692225	50.58525775046112	97.0581605427284	103.8520722099668	68.57078205271048	7.900466326926683	94.05966059023469	93.33160541337088	92.18848256491849	67.17982568828442	98.45054156217151	101.2656952637369	72.3330741776377	87.92703921530361	23.6982424362808	81.97358147273283	30.53810508070192	44.2623159541254	112.8818107210409	113.4926398452423	21.65749628983701	119.0298502130603	77.95369197181586
64.12104253907162	64.69653963851491	103.3253890675185	80.32536393297308	82.59744625838925	86.28729426844433	51.37615441697486	42.23431297435744	97.19085455854335	106.1546706502376	116.5332932334345	96.73347141024513	93.90754735482382	95.64204892180749	78.91472720085193	58.26367977653052	62.65921454267894	107.0214360342916	91.78238340252943	69.51983810833201	96.15693758879384	98.05576153826665	69.75083191293533	89.65071876084811	76.1173987659316
100.6911942842231	85.59042305523121	71.08394917775689	76.66742766694244	98.43382290099521	96.6304615293877	80.12992115654907	31.56980433773211	115.5034774997512	113.7255556753768	107.4692123267154	75.3377915016243	88.8991275012078	114.5282641140355	71.00036871250856	104.3426062485036	20.31285283652874	104.0160454248929	62.45478289370556	13.53049097642319	109.0880485350758	91.49692627611131	29.29702013237591	77.23954679244527	91.90303321638835
3.774753408825877	58.6755488174457	82.3669770726796	87.43629700868495	88.70970522490737	79.67887671102935	27.67818084777329	94.44572253663978	59.36045309202792	82.31889732236311	87.92371613507004	109.0824981618638	80.99417590654225	100.9432665394665	6.435492261682668	31.61670772965228	94.03585322445863	118.1515007263804	87.36049175442658	84.23087913400397	47.17431059770995	95.24654876319653	58.91520331306387	105.86993342316	50.2808755213367
76.54672353892565	72.07748746295093	65.37691071067144	78.2229363356122	77.53845920928568	75.41895765514998	66.59306499830713	48.94052344729411	104.3183676742041	83.55540382354778	80.00809088555368	80.55938133225948	100.4855735847463	103.4996904412968	72.23829978571978	87.2128076683683	61.85587615107977	114.8157207492987	78.17401523286415	72.00072425669526	96.23678677701017	81.7598405049736	59.95629773319253	82.69948782132808	60.77243530831394
46.06764040048478	63.37489622053467	96.48744056790567	102.2737807634818	86.31303790345123	101.327886984685	68.64881841267167	70.03773823637113	86.1782984498989	106.0239178897967	98.91413000358622	76.47289467720587	84.46490698442783	82.38238982313769	52.05856939091056	89.20390161530858	20.96517861741845	92.90171530742981	83.97294526141746	35.78548993580392	69.0404729893518	77.72622151382306	54.87441890059046	107.0397751741214	89.72764332112914
66.52362577323102	81.45526352219028	56.63298987941403	73.35598267988681	101.9423116831761	112.4384697451027	86.8032779751225	29.00775268001783	80.2615990058751	87.67061364791218	119.6698051602923	78.76708586061123	96.81856286760375	104.1200073136891	105.5174824387205	110.2160203769602	0.5806676439426794	92.78134248646599	39.45653334985116	8.457712559561287	83.64881273727305	81.37313717561541	2.594346036097477	75.62206719854026	82.45156560294402
43.40642960147889	84.18058141253341	103.9066949913006	113.6243883558244	100.7564095019775	69.11344144377878	74.85623992801527	50.67667478833097	90.97903437618528	103.963562786953	118.3380539103027	83.38222267176731	117.6944612594793	78.92666905551697	32.12512376446281	79.99824976991735	46.43243693497547	111.0118314146286	74.80861447026143	78.76845715074634	90.17379125718787	70.90704814676509	68.54249357969218	102.4837902562829	67.95671474369752
71.94681694836726	95.00074131474909	79.29784615696643	83.36032959285033	77.90184893081427	116.7198122812712	85.51542967678805	60.32754254197118	84.20366568161242	106.7930063262265	83.90464880336168	83.96628663060977	86.66918458854474	98.08526362765886	84.42537386602007	95.9551621407654	31.71775919427847	83.13707146837119	62.84073351589882	63.64894371512281	70.32332681932952	101.0320910203843	23.09836002468627	85.16225404024019	80.46446872148654
72.53301307696694	78.99378599837847	25.05022064203327	63.75972552887262	96.45005559787053	118.5265575661262	105.3018192408961	1.065173980536936	116.9579419962371	116.6517536324368	90.49277814828477	66.78416320932777	47.74597794823863	99.02554423745897	90.95879391694925	95.79535108214104	2.943565599151787	77.51390078959317	1.07897604531358	11.70226486504096	103.902677625801	90.71638839074367	1.070562721335734	81.83981094941849	121.0568835586394
87.2208642110204	81.55758721320036	20.89022785830581	30.8792380429454	87.61154554276608	93.24292058930172	118.1415864788071	0.07577449550387774	77.28469792522756	82.23724317927912	100.8212411081249	57.51210766773652	58.02981950338315	53.64726543379479	113.9173331461785	97.79390687493904	2.371627959146393	56.36172656807604	0.9795524650991647	1.442895119170847	121.6121975493993	92.0209915738296	1.022469530125919	55.56088048864382	95.11664492431032
96.70719622424021	105.8725276321621	10.72992742453101	1.703171861182583	108.1493507840924	101.4971407796169	91.50696398822733	0.7752449212754602	101.5655736052528	79.77078156180897	104.4540444891929	13.87868267924582	48.26188066702679	69.91050162791826	94.08300065502718	119.2711051724524	0.1014066182768059	62.45691345375815	1.791580728065196	2.901269059884336	85.00573298350378	87.05981830077188	1.940538523140261	83.51574211636245	87.42898953472685
105.6470946020148	95.30334040407196	9.951820823543194	37.58841040468755	116.8686999198538	108.205604590538	93.82155627509647	2.217068543322102	83.46840938405383	111.2348178219544	107.7394695993443	53.18163159727838	61.12692558575763	62.07971883728217	100.6890155450877	98.50247982788491	0.8922534954253361	67.91502086970601	1.388137176492013	2.561889950430669	86.40232233675317	95.97731042544103	0.2031573277991555	95.67169654590865	118.9360040938478
115.0981699879544	118.7026055199264	0.7565503766340924	11.96918708155974	96.69170783376957	77.03302476438728	107.2752265152388	0.4082429063569169	89.00717440669158	110.0969104730212	80.59418346988296	45.92960693452871	36.81398489120913	64.01780107400572	106.9797336107051	92.83507537899496	2.04705553839578	66.66046405353383	0.9076682012632131	1.363341727549481	118.6460386018105	89.31150015365505	0.1168363557541781	62.5899355853789	85.36365744304679
89.70097170957635	116.1943782915153	25.17967984934418	7.19366277889003	84.64720809371528	92.94972216657327	103.0444566727934	0.8191461595625971	75.57620784827182	109.98343732661	94.61008129796363	62.79078021294612	41.77534214620343	68.77955954164068	90.5038989559856	111.6973347386683	2.921666734806444	44.12558022932548	0.7186312192776041	0.223124879270827	85.94320468571233	120.2514332784933	1.031609915354748	85.90412847088035	89.89975307066553
82.33538792477816	92.16932619400258	1.373173372121773	2.840503164656698	91.71732927267296	75.20258495344831	77.48759041288199	2.439590104203218	72.5039371427266	93.60867176317653	75.49234350000489	19.94014639356463	0.2832225171390609	63.69537088461465	92.12639835383237	100.6939765942733	0.8884006960611897	47.54446457751953	2.292590641504622	2.029717039713497	102.5682861419018	85.51646550880025	2.739460723531677	31.69381100138272	92.27725593175025
105.0661980807096	85.78082230843947	25.93640704184913	52.95854279214635	101.9503344585178	118.3280143267907	82.24331440845604	1.83966627276497	102.5303793470266	116.791011521274	111.8614348158644	51.22116172809567	55.90052945196956	95.15480278937787	116.6321514957541	88.81567353003653	0.1486433460224711	71.07235825215029	2.026583000036761	2.842966519148801	115.3900863382232	116.3825301283352	0.2137568514312699	85.85429179657757	82.73849012626125
94.67975274441994	72.83119615471497	52.22458793931995	49.81963584146101	117.6398632018158	116.4862529572115	80.61315493014561	2.423329040655307	89.06801858961389	106.948549735477	90.87912453118635	90.49295537803975	70.44601107200283	101.9297824491898	95.15614834695609	95.29752362127549	1.88000910418626	99.42419256431715	51.27768040611068	10.64374315216621	79.78745007197293	81.12262771021608	0.3231955203816597	80.57514988706646	90.74616259738099
77.98166178335698	85.3447543577654	2.181035020749102	0.1824168053741656	83.24478701318924	86.93032157033804	120.9266509141702	2.369147996139892	110.5134947695637	103.1374043107848	81.31112466851339	4.563471374594716	53.95547032516467	48.39873543796774	115.0510197613596	103.9156463263685	1.190948928628765	35.08321177250804	1.437339583285872	0.9310315189233385	103.300297985134	78.14029089383845	2.949352986275323	44.83256537954213	86.4376788840805
34.08515497034708	86.29412457306019	77.60360695232208	98.5903524240716	72.18643224774401	101.498867869973	68.93929861154882	48.00900689677741	83.12686190783893	99.90565637349611	105.6930592589823	84.02294241674313	88.64390808059893	121.8250625215317	68.30638956506684	69.69709423910984	43.78174282799067	78.76532594993728	94.62382877630895	43.36453292498541	86.21433816254984	86.11709537520846	38.96802096576025	87.44339898885184	68.35861154506969
103.8418278269799	118.9173647155447	2.410417065040717	23.41557774187695	105.6452060837634	86.53430026777065	97.84927120403445	1.569684183397262	94.0696599444984	78.51654735879816	68.99496250782698	36.21737255429794	52.37104154925731	60.15883121409207	87.74535940225583	97.54051557263932	0.9761848671275737	76.67391100788996	2.289564414877052	0.7705543752123547	101.5167389227036	79.35212941212836	1.993275605723664	67.47967629357987	118.3475790123851
80.59330774938581	65.93125516888512	59.54771324570174	87.48278382373954	75.78037207262298	107.8556076540141	73.99583936026474	60.65137473551297	88.52953303569957	111.9866482588386	83.2168128875234	108.4336262113495	91.68759153862256	105.3875309166057	62.49073450435105	89.16098458944283	32.09483744579611	112.8178668035331	43.615517425337	52.21248018414467	71.01702691049599	107.3504403109494	29.07953357811031	115.0572433999055	88.07220224495562
82.78605122008344	101.8805335390304	25.09251130578909	74.96771263931052	106.0749048615477	79.45827881105382	91.39177150375188	1.78355898907384	121.7975762380578	91.75363451779042	94.46432289512919	68.45120479095216	66.23343263608957	74.42611564921881	81.25282016571813	113.9636001599018	5.968251873345221	76.6573406068779	32.77562405612443	2.204026405925939	81.15470055046852	76.81424711663441	2.005378777010533	90.11321807898027	116.1964405745787
90.6628450772927	108.086560660728	48.49199974927731	22.74741658546287	92.00000016225387	115.9928187659709	95.37387106662879	2.388157662455101	90.1286083536952	85.42015157161124	75.39463754398525	81.592112404603	57.03556989542774	78.86191371822105	106.4067390593284	84.92064415943246	2.870020278933531	71.03095367270086	4.117359603624756	1.243633767726029	105.8958661349002	113.8015521740515	1.784712647492896	97.55122888209553	82.91377470083297
83.76321889592795	88.32889123708171	0.6534107836536589	2.569588541482988	85.0230356723647	88.48063209884052	112.8500908912287	1.744298546601825	80.36206195338707	66.27287981139327	85.54390224552181	13.49302033062823	0.7820426100138309	29.47487733754328	116.0272937179692	93.60726055684012	0.6370291751689967	14.04165353293067	0.6379353506807615	1.706620151562546	88.23732643127012	70.08395931220782	2.874074613699731	48.09305287445331	94.52661666749913
82.82642200490463	104.0788803483834	1.437972761615039	7.330283162146774	87.3717144993749	111.1299342219078	118.6739910211838	1.62762930421476	71.6502548425681	83.62271442734685	95.00749381040211	15.21727107956485	35.14823897334442	41.33977520836297	104.1613443641391	121.2543737818292	0.01904519276001228	53.29372559395387	1.259673245057473	2.145741763056654	107.4753059499724	94.01466206852879	2.695446912996748	65.79325104706251	104.7637341347699
103.7999292949551	114.6130091993487	2.240885448508642	42.21636040562316	112.657516895197	92.43496280825802	109.3583307156648	2.801589482639648	110.9954873737326	87.6737454518029	78.77120520355518	50.0931311109082	43.38821027131458	100.154707927427	118.8194063328876	108.6203035159201	1.658355704764079	76.33763939668627	4.608210032542122	1.051529745370308	81.63313686467468	91.22535536284335	0.9984736938178083	95.56222660762924	106.3473265482167
98.04271319921014	112.4436661576994	2.367619697563677	0.1882105951029004	72.6764431600397	92.57062751767364	99.3891390349733	2.153996735373592	74.69931046193776	70.62269918803186	68.82341264460194	5.217794877329062	18.41553533113498	37.89213533813152	100.0625668229327	114.0668030232877	2.412647986682764	34.50107679569488	1.594502665202988	1.259016542596436	105.1730828065263	98.31216477161848	0.1406756243791721	25.85647733513933	108.3223489341131
81.25909351010449	93.5500154704206	0.1820722319730955	1.949457841906267	52.34470401292923	54.18089357944922	94.63701014636464	2.204307477864726	37.22677134056158	89.35817104597629	49.73480289492949	1.664624590300659	2.038482488883243	16.96163755985545	67.65856046644895	104.176711390962	1.50944358110865	2.963655499656852	0.5303132689855981	2.5110679804433	61.4553820603914	82.2506762527793	0.427150809416801	3.868281369694397	80.84183068449687
107.7897840246846	79.97845904027596	2.490382920295424	12.54848706236057	74.81083315866218	83.2516704146105	104.6806044462053	0.1828080528306483	96.47700238499806	108.5456865520947	85.73601320977755	4.053685147394269	26.51904369491224	74.91526752814681	117.001669763856	95.09411489845581	1.231875356723678	63.78868141429604	2.825541769145703	0.0083591226900799	110.5023312733018	81.90274304379916	0.6858677206308339	72.59294949143802	92.94681214611244
83.94245308367219	94.74499170229782	7.889753933724872	9.591276298522736	96.42325005831466	101.6671781129317	101.8510708880688	0.6343443339218373	96.02519264397264	120.9342437168723	70.71714431559209	60.19751428709685	55.32654981250748	68.12761940189095	79.54797021734041	91.97011858001093	2.100958171724385	70.85779686451993	2.959023000364572	1.458669704657581	119.6415286482371	113.4978469713328	0.9785900647665138	74.25985105661775	81.35111174027853
80.83057494837493	97.51460957746558	0.6570490393068131	0.2396115620370658	24.03255470473105	40.30491239020184	102.0186348659157	1.159879645771289	23.17035007214953	82.24996205575214	24.35754980985806	0.7722901850776245	0.9495119737070123	2.115196839984741	88.48018178131903	92.1924120588494	2.518226640330807	1.39076477554852	0.06692050563214372	1.545793504401282	64.88209303554373	71.10973627043806	0.0914916963016851	0.8017442753579653	73.10534585802142
111.5766186483935	89.67539393213654	1.296699548595628	2.472025679850309	39.24548888787341	87.00350161811086	110.8617201088318	0.3009932437017914	70.73799764243628	95.14609510754403	33.78185960286127	2.567828749123687	1.466760631715101	1.539309665167139	96.10194989904249	100.3680777911664	2.57628234703491	0.8330626358665458	2.19681337017906	1.557363038232144	75.46026387029053	84.42119323885593	1.517919127579008	0.267692350683523	84.76987542606761
