90.06441744089258	119.7529441226356	125.6883750442012	127.9312081977127	66.59134371272887	109.7665214486512	72.54555832259013	89.54219749615004	125.328837607203	96.15525562837021	118.6568714798564	82.56970196934182	75.39577682635922	118.7028620498801	111.4163477629006	64.95293873597768	117.6792790737221	89.40451417955043	121.9826445221525	95.51099950251607	109.080146448236	124.9565013248278	73.88059243974362	84.10969584698081	121.1388889132606
74.51815843029578	119.4086681353976	77.78456396985445	87.19663003814328	120.5358994150331	92.93202867811466	113.7026960962363	97.36615539486596	103.0088476412198	102.3388245375595	78.95743235663696	88.80871408050413	96.82743417375561	102.4392654308995	88.49954015566337	77.86168906208542	98.66554767474898	116.9953611125866	86.66628047209163	88.93131007981184	106.851079564792	94.61972692600938	101.0179574581577	112.1263492008817	98.08509587771005
92.90216060269941	124.798452143353	107.2908423071618	110.1595877187946	71.368107388208	125.3992478951721	92.03970492732428	85.38948720676842	107.0268090706731	121.7802108164291	74.84166679092131	101.2180369744549	126.5641616410369	93.98622361743176	93.97491129567017	77.86585108108706	73.30688859919445	93.66614703375581	87.63556213479151	94.62221367597076	85.28162765566606	90.34270047376498	102.8379821831178	113.7252818498975	88.35350590092335
75.46154228318292	70.98781486241916	95.40147082715849	128.5668209156572	77.11616932670462	79.07835802056658	76.97247645688469	69.12043335872738	104.2704648683687	114.8036702787128	120.7274755171936	121.9214294145025	73.72028041747969	77.78639995897937	96.14412714059011	119.2156902377969	126.9644939736442	79.55129744708596	91.63330255833689	107.3681355857163	103.7495714256065	77.09756994977703	107.3142603659198	127.2749513416199	67.95621713903091
116.3680975514675	101.4345069075851	95.73440489881476	106.444276255131	103.9642795315108	118.4260603298629	93.54198543346496	98.91623823189676	81.3449615203764	116.9690926798861	129.1432730137037	93.20197790484305	125.9271349913417	80.93635783563242	68.18902703544229	75.05727859523604	112.7118488535321	90.89098353915983	73.1552872514288	86.71531506006619	97.39807593474015	97.70086780833994	82.57676100097322	79.03274775205361	112.4728232062669
119.0629875496633	106.4765098230026	80.92286536198782	92.53211738592711	73.27434842450009	74.02925322957732	109.6801836917672	106.1374106221686	92.54490165212286	80.02939242628635	123.7519157870714	70.22544208399965	108.5407158250982	80.37608739532347	117.2027411939223	89.17030880372411	101.7900372034501	91.89473271609113	123.5600046669963	86.61568194779375	75.20052427362195	120.2622094221015	90.88314277938812	73.85815710053987	118.3849011420623
124.0481213261752	105.3999217474868	96.94815675426693	102.4403918487131	81.05490540063593	69.24854103025456	96.59721736004848	93.42587202180913	122.5897065143141	80.86826976470307	125.9259865720116	108.9419130598353	110.197512816932	70.07267444579345	75.23191558660524	119.0370002648207	80.31829059273494	111.7639155109089	74.13267380986593	125.5174802152427	74.96598024433925	91.92022818506355	105.2681639343663	121.7334979088254	93.72247245217817
111.657325802482	123.8891804499888	122.5032333328912	77.25101871624528	75.97936768128103	71.14507873645771	96.494888194525	114.106924582214	101.3863500443315	126.3548812670704	80.82751466351135	88.50883096232795	70.71129915731704	82.04324650687164	72.49032739343286	68.90993258076914	107.6364003560505	79.52412062172903	109.5411911479424	96.87985367070232	105.2975214254588	85.41808198453877	74.76890370019072	126.9726038500808	89.64900263561081
119.7918827393152	108.8994993020652	85.98737960130774	129.6424303568422	99.18434965644076	97.61688223532087	123.3834244685549	105.2602499192839	88.57618313237442	125.0176258544742	104.4080326146994	126.8296053809223	80.40361456010319	115.5118344882688	72.30185334662225	121.4312566022335	109.1265503269026	121.6313848940667	124.0199209958247	77.7785925237186	68.66571442122506	109.9067460450611	82.94831338966914	118.7735363903297	80.22504918501802
77.01375407750757	86.84809966001761	109.6956378042666	107.073942205352	99.0363083948439	76.41834960405942	71.56747417420469	86.34046584736134	81.95105243163651	73.75342978873724	106.5175274211126	102.2739477751084	109.4089104987958	117.8007856582942	84.7740078968929	82.11165664424838	107.4483718913947	91.07299748391354	74.3833343359307	125.63258233746	77.1829830213704	107.5627686060894	124.0682846150249	87.50330112081103	98.8471125129002
92.5980757838451	79.55690829673597	77.10453706929911	72.93215142184809	117.736203736589	84.48003757884311	109.4512342575379	102.5520688364412	119.3004612938992	117.4936551040909	95.78641189284633	76.22537826377938	78.0420322371675	124.9658394722161	97.33334643298191	85.8331476563238	112.6396457187854	117.1340248278921	81.47663677879892	116.5608317278322	95.76597098049527	101.0519502448675	96.80203509479873	70.70123472488052	70.03178387885823
94.65920890731363	121.0837167108419	104.1694989260662	97.50739246676233	72.08002187122374	101.6653729256822	101.7079185856851	82.00540491611471	90.42114631064248	70.22007577661221	88.36556136474314	69.96151542190098	99.87244809677784	100.0866513938362	83.59777751710882	111.4006470984602	108.3923347319587	101.824832434083	106.1175664713379	104.6370086075027	97.53413938505655	112.8576058052773	108.2297523551647	103.0776120365401	91.48146332273637
120.3637790293633	90.75432242289483	95.25963579844915	87.45827835663218	97.80410188944509	111.6483728937463	81.71817232322762	120.4588887977227	101.1614449429451	70.9440004242919	86.67562453817879	83.97540816693426	83.96659177189539	86.88968597802939	114.7492992738885	74.241024602132	74.49113959147672	116.5203275283301	78.19457033968797	126.0546071711966	79.79083502775127	129.6010917363122	69.51536384201441	118.2375751074642	80.66117911689436
127.3541917093236	77.79876428267409	75.05015005232966	102.8046522040933	114.6271123693932	101.7706955216732	111.4922382168952	102.7921180545656	96.53051638651738	86.85803423853838	89.98917371521794	120.1097490874623	106.615046933688	98.41170200517274	87.19487561553053	89.46517969200576	79.21412839351001	91.83924015851271	84.17191527811103	97.88050045783321	98.56228853265713	129.070527860657	85.50952643126072	121.7685406603991	98.62868971476664
107.4833804804263	78.6581930799322	118.0570659849342	71.1014891370563	102.855447806515	124.6922949701527	113.7416709945062	123.2721498553702	124.2011358362716	109.1993513050475	83.60527727832833	88.03620071554434	94.32960156319533	118.7341514915034	71.28626905192448	116.4386649607079	111.4563707876792	116.8469871929045	118.9871148707764	115.5838427632705	110.4722559183519	105.2790678465317	89.87659516530644	101.5173224864157	88.26677757134371
97.64740412541411	70.15091463645915	98.0108930157956	91.17294926975468	82.56094927836445	75.01717528381491	88.40303756277092	113.33714085342	116.5298919529664	111.9202589157043	93.63890043048048	118.1938959118216	103.5065156101708	99.25550237200858	113.4986464005095	88.45782869527011	85.80382606140861	88.1098870000507	93.72427938849623	101.559162488537	117.3422040031796	107.7913904139562	80.29467586776143	114.1459495582831	77.91376521176025
120.8940714822092	96.18635617563794	116.9487014216593	121.7895212044918	83.09615113288733	76.88590772297343	105.2422566848393	120.0923648968121	87.02887655087822	94.42816250423891	97.48144263931403	116.9403359056167	124.4984795559033	107.0313396264846	78.24105662171928	125.5699114702018	89.04485006025239	89.39883393644701	85.21409850128326	88.56379103061953	119.4123306683519	90.04519979749836	104.2715886663919	98.97322217166092	81.00041829590545
125.5141001693438	109.1006428915225	124.8272516592725	79.6017988543078	115.5167902877695	103.763810338041	125.4782489940244	65.66466603670784	124.6383950889557	82.20308486122349	85.05262281584569	121.5694819260407	78.70676069613289	120.0805618583365	80.35044086305051	116.6879453010648	79.91412826982381	104.1637564707902	114.3408813612721	88.12879092618317	120.0193354836898	96.9218602602006	94.65391063137631	119.1909283628075	73.4282785989385
102.3820887593052	105.2114068538853	100.8794873202848	84.65601508573566	112.216593568997	87.43286413491151	122.8724950635286	117.5743808651561	93.28057735233325	76.03668026704254	96.2796960857692	74.31391817727413	70.82307984072722	103.6509308349418	111.1466423426903	129.0726139169693	109.7741603610599	107.9895583645486	70.81844941651616	66.18990960628972	78.69600110700182	92.44640082702378	101.5574482640455	102.604681678057	75.60472290429867
113.8523882776485	88.17237348548731	122.5835915059806	102.5265253256283	94.48455871542242	106.1034719607427	106.1508366936725	82.54764335666609	92.31663230769531	72.90108793427214	115.0572434032429	124.9286098068287	122.1248732907729	124.9126796932954	111.5766754857777	86.06106140382296	83.3359178996857	86.25592427048345	90.60601155012063	113.691279715102	116.751158616601	70.09843035467897	79.65973548190154	90.91984828544314	93.99902644979804
79.38201176242647	73.44182985055321	83.56787603921119	110.5790646186737	97.24372254280752	96.17918752969362	98.90004053039067	109.4275197698467	107.5339654108086	126.8461496471265	98.28482963816231	74.27254246324873	123.432300690455	103.5478031711384	94.72139583421703	94.01938978818237	77.62221769359017	104.0258598068129	90.56208487929658	82.75401351101679	96.29493013640689	87.54885201751324	102.3351977736136	110.3252578504854	94.96617963355908
125.2342724218574	93.65327802053517	97.02572998366156	108.9909946286674	88.11871827115434	120.7156858375278	90.68079164423679	86.31240430196392	92.19357100959412	115.4008825258991	125.7783560285124	118.8820681736821	114.3252602952076	118.568701405121	80.92451541737711	86.26591703907837	120.7820797227326	99.73272479533645	121.1026721700862	113.7217229786214	69.47273023972392	82.84423982210855	88.60436452552557	103.1853579616078	93.53678285033433
84.45274246014253	127.7923337129529	74.40746303478427	120.631644374845	72.33413719852862	79.90674133604918	71.55271964659107	79.91344320732652	129.6890663766455	98.83941609069686	80.03843250876756	95.39485097344271	104.3289610909013	126.2644151656905	106.842341222907	89.44527766815689	96.28454050623277	106.3152240803409	78.50964569083899	101.5397285556195	96.08875409199621	102.4072313925205	106.9200365037914	122.5438093035937	97.34310360600193
68.57947440929057	113.4754767330882	116.2430579097592	91.0613431136275	77.26673274414105	77.2243519549928	88.4868970751459	105.8339026372275	100.8674122748551	97.34172499960502	107.9689859433528	104.8881697500911	80.95272808758375	120.5891167437857	73.97523591317548	92.67447628155035	96.62081027766038	76.7360505700334	79.98918905211428	76.62050850138307	71.44948714204814	71.34258818727791	95.72174837996715	79.82842518945613	106.8060857910594
75.06639030387677	69.98351534837499	70.63895623021229	88.79760883002427	107.62462312246	96.57031204487367	75.61013952275965	78.88913917877197	129.0050247795836	80.71970369851893	80.08080150340894	69.1736967511131	78.5992222061542	77.82461278460889	120.6579468777377	113.4326442619482	102.8264158260126	93.36280335657506	74.50971021878497	113.1144936717409	119.8399085793208	81.69176374830859	99.16292608345933	92.13395614825109	104.3475509632578
114.2710822702038	92.56837800793653	84.4508848560836	83.47125384113612	98.50327498052434	115.7747502243182	126.0414966497588	75.6930041803875	99.83997523229687	69.35444839314032	77.23635163960364	123.9813172325972	78.40807286683638	70.81322754940062	101.014273869499	125.1564705230647	89.7991696308426	110.1041172732766	116.955663465413	82.28479717473698	99.20153352767684	121.839713796406	97.06908256754144	118.2213502617972	78.7389786083552
120.0013453485171	74.07441977624343	84.41821249348691	87.68278051418153	80.910607054897	117.6844764530101	125.8156267092741	107.3300415071926	114.1320013252011	114.2555164818204	90.11649099420723	72.31675306821938	70.45255413558266	80.48284432988937	78.8864049828838	107.020554514798	101.9348153174776	112.5733558128273	80.030052584595	74.56161993478636	117.8161558635007	100.332558170985	108.1209128622501	82.29094840966442	106.7840755490992
93.89991493578813	121.5657616349924	111.0439061027506	88.6375548849999	102.1877561325846	73.4429637613805	114.7065753110489	95.81978768493255	70.25360468129247	124.7376718313213	87.57243215441585	97.62499275877242	122.7967586744574	114.1737637817109	110.7174074526997	110.3674185992643	109.1955592291715	95.36431147237248	93.90896874846425	125.7945182471729	96.98047632873239	118.1631265530081	105.1809438960173	125.2538553374378	88.56502850710906
92.68846145395023	81.645808651853	88.94728975856185	104.2569261238556	86.6264753016501	85.07662145113616	102.2263551615035	99.53456634371042	85.43836400811362	109.8998120589397	88.44955104503182	102.4460474929739	117.786109185081	77.53474072230419	102.1721198140887	114.9289935498489	71.77041540328368	76.76573358659451	65.87699358254081	110.3475148893893	80.68576304263162	73.77118178827348	87.63123220993296	120.5546363449539	107.1587312368951
104.7543262580714	88.40008598857841	67.95978878265834	75.19754321518685	108.2293034371966	78.52951006225689	70.8637938044572	120.6577644610171	91.846305150033	117.1172681848311	104.5251934693062	95.39798538560956	120.2578867814906	108.1281411079688	108.2755954211109	128.4460069001037	65.35826324358862	102.2585982768482	88.02848524872324	108.6110625555023	102.3427182022322	93.44573646551201	85.30292328367916	96.21462666772143	111.261342913165
76.05209933689808	113.4355536119408	78.94345802603978	85.38687117253973	81.05404710791046	117.2673913651474	127.0942254954397	123.4169126507774	93.44976367183908	84.54660342227957	83.6459980319035	94.07033686549272	96.13168207677617	69.86764148366406	113.9375512870942	122.1911372034089	64.26511071919951	121.825220499324	95.88153944059951	120.5424539855041	96.36309044821984	90.51040249552892	105.7237278657793	118.7184174031991	71.14948159482977
99.93026380985069	93.7395983371766	110.9819516360548	81.97899268245067	73.93022593137077	116.4953599260275	97.18195533278259	88.33013883641853	129.2212498361336	96.6338027224287	120.5675673396099	90.87599228565114	95.61426897893493	99.96868391791341	112.7608513416611	125.3886607633616	113.8855997167281	79.87013879996105	85.88068745879818	71.17082915394801	106.0563462013189	112.8152449383762	80.05915469595604	73.26194485089428	129.0166705020515
94.29982615665914	104.8388785976098	95.30670766969553	86.4840653796859	102.6482432318176	119.4105003133488	105.1097225639814	103.9441186808555	75.60555193724585	73.97356549129316	91.91162481988832	74.69511260791332	86.10527135273514	91.6283508693277	92.22245139353095	109.4589370825476	74.17335088236484	121.0327264933605	117.7825165616969	89.9435727366788	112.3799951078501	114.5951972855125	96.7281816466519	73.74651389345649	103.5336399896557
116.6469931339707	125.8406173916046	63.8311696224894	86.46478418345976	94.48132360619917	104.2658660758044	80.97765141652324	84.19390188838032	103.0789357587823	115.5359720133378	123.8823205200032	123.2342781646699	124.0757359985143	74.22393493179486	112.1572986446394	100.0618869690211	82.09045571663006	121.3867063830741	110.8124976849658	92.01471803904681	70.18231367755342	120.3061079315453	94.11889608423337	107.2990454991065	118.401200925487
72.08366766947321	83.82388070329895	125.4017002951463	85.95022824494502	78.74093167146533	107.4765297109638	110.8011339953653	99.99400217785396	72.11859463169255	86.36053526459634	123.5130441075756	88.37591128074247	100.7195378672021	72.81183666594265	103.0983081320649	87.69373925488304	81.01535296694851	110.6274865540523	120.044386295286	66.46718591684133	89.77930918484589	87.42262116176165	94.23856530220515	80.89455909636574	120.7424020891514
98.08029111306274	121.4311969354018	126.5390018242075	113.387003739984	118.6172223148155	86.98434098359691	68.77782743239607	88.13986753518435	83.94420859830163	119.4885199788815	91.11293018812735	123.0195471074827	73.71027972905932	100.8053604225795	77.01630818599202	87.39381934815387	67.03915163363475	124.446458214692	87.00910029877865	92.61921723235426	115.6094573969806	75.71894155427103	121.2570386703799	93.21225638163122	98.23340828995356
80.51968528829424	112.0685167152284	75.68872894056253	98.23398662981444	71.99886491138805	116.6616558168326	95.80165981179732	76.7708494554611	129.3614355913791	108.2203737765669	81.76647152826925	125.609515339337	105.486376380425	72.76581275863713	121.6364165963552	84.16491734774502	119.709465809751	78.48402877074619	117.1980842249716	114.7477206807685	81.20460311125304	102.4806584026859	65.22266318536049	103.0186628118025	100.1900168174463
76.75616437042424	124.3766255978768	77.850940191999	123.0629986404477	120.228291186248	81.21962410683633	111.2329822387598	73.94672671584958	110.1948274886683	85.8163175279749	84.18752440068877	86.35968736055329	128.5271354113713	123.2648886538931	74.506036275589	126.987512162748	83.98601192636519	95.77808919333884	120.8870860930861	75.86840323335502	92.73893949819021	90.36309558965208	109.7364424241546	75.35905248868006	99.74970310661325
123.8304280436964	105.6049739320537	95.18828770560776	71.76804915069904	95.60381030444513	77.41976774069258	125.9012451927629	115.102418170854	101.526045504718	73.36261047552991	103.6787338933757	99.69119234649688	74.44437771033532	115.0030372299708	88.40531775378714	127.109316190553	107.2826520896108	120.8417628147006	93.39296368831856	91.50871661116616	99.2653711669704	111.2075036372712	100.8509673295557	96.11762795907356	72.37422261539891
75.87748529586516	84.48553873287551	74.25647900522961	125.13100030772	78.48941103640672	82.87887107991143	78.54933291709919	70.44502114253413	85.38978199766305	129.0913678667072	73.15809854783575	108.5923593430359	102.1552279219923	82.93327409949805	77.19882204237324	111.0461184928477	97.70707671330415	83.75309258959921	65.4801089851628	97.46222035706568	84.76621926121265	107.8862111796635	103.3496293520067	92.39492488493838	78.60757124584305
125.2321637237657	97.29014163710431	65.25353580975448	94.46651687981273	95.62744647138761	80.3165495509606	121.0135066699118	57.01129273087462	124.6686664097768	115.8496606164331	71.40451747448674	109.3726151226482	102.7745832829481	110.4726724693847	110.8141739147034	112.1232593321646	63.51764829308428	116.2567809932194	72.78416698515191	97.54297250316449	91.23547208318359	108.3837980217614	108.0155206991613	113.0285336949516	73.939704486249
107.7514895751104	97.77726187782325	95.45170640976598	121.9067319541379	126.0623449963462	71.78901778271191	113.8347302150228	75.09739158399213	122.6104781941175	91.28992089112003	122.8173007384219	103.6843619646333	118.4274394107359	91.27140084178292	119.2751125051421	102.4193234345501	74.06776555123525	104.8908600827223	108.9573374723713	122.2341234315327	78.50851351262563	113.0266660341234	106.9096814229902	87.666209773134	81.7749199305417
114.7468530371603	74.33087064351341	96.52063571095948	62.73964031034347	97.24356581431006	74.76139057309368	106.9937338155362	64.81924806748208	90.29966447470338	94.65053634222056	86.58655265488011	116.349354396168	92.99679826825965	80.47676114008871	120.8122677287997	102.7132893689651	105.2875401884101	123.3883647351786	83.5115118658656	96.64561133678191	103.6624843843364	93.37920002010063	63.84075112868936	98.9014641639468	113.0575830090801
92.97512805314783	118.8968298910609	98.57333129158633	88.30386794024207	90.31410662669954	70.39425611139572	100.051501549206	105.3871750632922	109.4197891684886	121.9278660215941	106.8691439016998	120.1417174688259	116.6390317355782	79.72518128423978	95.35835305076969	85.55605858908734	59.70872915573899	101.924915654364	82.55284184612535	83.99939912443443	80.81815112824417	80.76702651200134	58.17242202413895	83.01671545721592	77.36944893992201
87.11777341887722	76.6053567152113	106.9137057967728	103.0150082034547	97.71879250628051	77.54014214895552	112.2425158069641	121.4430619151633	74.90833299838822	76.42071104842348	117.5842421148324	79.33758664103838	81.27708736466347	72.70283740350531	103.1111760741761	99.7476701776294	95.40267007725444	82.67509761367373	95.54499499367149	71.99212364468326	94.19542975240033	112.145681294625	104.3163818800452	94.54238488148475	73.93055277516453
126.9908951794389	102.8325839343803	70.23866340854602	102.1249493503852	76.25608449369776	89.78835518409207	92.07418796861617	59.13303533728903	120.0235266632381	119.4262853872453	101.1355917193834	82.82633921694807	105.6800411651588	106.5345064990485	76.54224328112028	91.51405950469837	93.62341864415853	104.9984123158774	69.90182370856766	59.68818473218067	85.18769952714007	76.56064717416609	53.15816993829083	83.84118540145623	76.98441543311857
127.0980395383629	87.47930108118152	98.65946352285977	119.990440552127	120.5079020344868	113.1127072955447	129.5857896751751	89.09816808269117	96.73743217923268	101.7131176480516	89.96409278328667	118.802793403718	67.00916336415241	105.0908713181307	117.723812246638	86.65855259072498	104.6476923523142	116.5633826708428	114.9937872323718	100.114433628053	75.55343529124079	127.2095907428264	102.2780321947324	103.4270201652882	89.78424820145297
92.6414112608131	69.7687489890648	91.8422647715883	71.51121530359114	109.4963618255979	113.4831774201024	111.4602335114598	107.8478653135738	88.28898683522686	126.10147157676	93.57841793472637	115.2780755001768	83.0491807623915	108.2513583569229	87.88788818928728	115.3041617181848	103.3224528821742	87.67838752166695	88.38479211994732	77.40267048171026	73.38698529793159	83.3085624331474	81.41768447152042	71.06279557181466	111.2511951193521
71.10945293238231	124.231429527091	105.6104596972334	82.89410719151527	85.92690568539109	89.19968232566598	95.7753805243234	117.5935707595823	112.167173682267	94.56174405689171	128.125281950853	87.66948148557665	71.99770345594874	107.0443652024207	72.87606825576911	86.36613010024332	90.50204117007239	108.1441646936742	99.00768603149737	96.87964847641234	106.2504860451045	102.876052921406	90.21762083193872	83.23506586042856	109.4127218970724
86.75159733311439	69.93407754267903	115.1435089600736	117.7754762644278	76.17556036607166	74.61061237369901	118.2205689464686	81.31450306553022	125.7194100532047	83.49483036598012	109.3559745602062	120.0206077761807	94.02165097223559	103.7430157069383	124.4088247882432	103.9479301446336	92.33098204711214	71.05285050184995	99.46522583959177	74.54673672670538	81.19839344096438	125.9514486830445	71.26299086084715	117.4384600338348	89.43594631996137
