45.40925687470822	62.15681355240874	75.85719194220169	97.96937307438853	99.77866512924703	95.41169821818664	98.00680752977107	121.9552268769558	109.6026650196719	58.69725505039835	79.41453951315656	104.8533271214886	93.06090837029548	88.84115149703918	51.77759316221822	53.81645240671895	93.2325050462849	122.0710637551494	77.3950552842129	79.46310504977127	81.58364281721455	78.42916550456013	87.92865467404974	121.858789635791	71.22309103716799
88.50647566832498	96.54887158741674	108.7653752471675	72.08764832205482	66.88536948114958	92.10020146439021	80.02673256832634	96.03182466514809	110.733082631972	111.1065790922674	100.4149074654043	79.55496422012385	97.55260898610393	129.0664828866735	91.96088060737702	94.83415887024074	72.49986733525324	84.15608824083813	109.3263533348921	73.91146723890016	97.28398583028377	100.5983453278105	113.954567064043	117.0852426318845	61.30737588272892
100.1632681264826	74.07422011621776	123.0519258324053	126.5202234218614	101.9907567426864	78.71651142067462	52.85582465369046	92.98148649309455	107.0167566639478	64.0189042932553	91.46791934932381	82.92306499416571	125.9893160096743	77.36852578078692	68.15148646848024	93.95351985244324	67.52624852290757	89.07113358096953	103.2762272654612	98.10569819448409	77.64600732978897	76.3994749392546	107.3950583463233	70.59359508306616	84.73207203585898
101.6464158375752	94.38199660819907	86.78495710718155	101.1658219424155	95.2969946528614	95.65099659444887	112.4599621865873	62.38504126977497	108.2967096223542	73.10991565956598	103.3512777993568	103.3154922446772	82.97079660236525	112.9851048040607	82.45281861702105	102.1240764873423	95.86806898309683	107.6405980038644	94.33119132267765	93.38441850660902	72.3115833419739	112.3411092523134	100.5634266449946	107.7148353611759	71.93675480215224
100.0848184113538	96.18621256477562	66.6962421221843	72.34433925635709	69.54944077864205	93.56550349734707	55.76029326053828	107.7902506116565	117.4173322197269	125.3134590387896	122.3905311162678	127.3044193469865	116.3263089229942	105.2882511850212	78.73955488421841	90.31012574689335	78.61433319441785	93.66531312780953	105.2846071175008	62.88170200777319	103.0699945962069	89.6475964197008	51.82898749604	76.67098165337796	95.75436054684209
66.19754628684748	90.73217227132824	56.44843905889363	72.32287204679356	79.66496860748872	84.50011150100535	84.85966657100343	93.66900769684182	78.86536939675793	104.6009435553063	80.7548284958465	68.26047596749665	103.1245828862173	117.5786995082068	67.59295750750421	118.0712773176357	72.21126788159344	89.73367835152045	73.92669508582537	92.66668181194621	98.55019733472901	75.65228800668459	76.64627052503843	109.611405091888	68.54626206482082
50.64077528293673	72.443445308793	100.0168323915398	106.9641917998215	71.67882547217577	123.9127353251311	98.8538722330494	81.15165593423623	115.5833204729634	90.9963651221295	124.2637845253812	95.52281875721127	116.2564088260193	91.15969349705784	101.3167150815677	92.40378199134703	68.45166419708141	77.86406804494639	106.2651116397305	76.8069563623108	97.56780280456763	118.1290824985643	87.62953514808333	129.0252779490787	69.28323970870116
111.1162350393964	77.24648279628889	107.0565692492806	99.05053809746585	122.8776212469457	116.3358968596567	83.48191136371003	42.99709014401546	113.1181315215407	98.44689697090089	127.9263518453967	68.49042137275173	124.6967031108558	82.76001113133978	78.27623465626496	112.3415135182984	69.75968105430093	110.6291788789965	105.6975327808813	78.9710064679976	86.80321110570699	112.9559299983372	47.13243760573515	95.38095722375883	123.6760413296354
28.07741945819424	72.94309252505049	88.27123538906258	129.6446968502094	96.81025335357282	65.00739524397324	50.77003126130442	94.43503271169959	89.59996977894809	100.8351584843107	89.73517795728158	110.5192962859381	77.75890863217349	66.80276619986755	62.83429849229083	46.53584875397506	95.8027916659955	71.80582360417918	125.3367510647651	126.0738464140232	43.54501178814945	64.7815781193857	75.96947085010741	63.5456363878191	85.95757753243595
88.83700062728163	76.29363510692905	112.7443066442462	113.8715698452237	118.8408374432925	113.6949432221011	55.97172126925658	101.1248343456678	75.70459606626804	82.90372676926415	104.4062515872697	110.6783972441273	86.57024323141978	81.64730929862679	72.80561411711558	117.7689469425597	106.4260235174783	88.33847250981589	77.8287177392591	84.37417085129738	95.21265138591747	69.3309577322368	106.6079180679704	98.04807730643788	80.16752675841629
122.7914836330211	120.7143399746532	81.98533970056565	98.4266888575014	123.154669266766	99.36412967478105	81.05392889973407	77.44938059692311	90.66352020103128	124.9756747253338	83.32034247568862	62.41460973909528	83.53032583891506	79.29819062108358	110.6137505022324	99.17556073457322	26.36063795756674	73.94776374357484	61.30905300860459	68.12475992718731	76.04005893785359	125.6245641858344	50.4624788360608	117.0352152110089	113.5858550206602
84.0453940569995	101.6504420172739	96.6187096544449	88.8017042009694	123.9231233177522	95.83763947309717	106.1675461894415	49.05543777429897	93.12396182511934	118.941258758329	97.71459612577829	86.14498507947256	75.72926256134591	106.2012212699893	67.74384092708533	85.99790830398587	80.17849143645752	103.1829201995197	96.79856939296894	101.7958014140501	67.29765214872113	113.4413337150722	83.87133765735328	94.80246579717166	104.4779705838995
108.5858421710483	65.16600354083857	90.38677785845888	84.08077315209258	73.84715576978277	123.4609732539436	82.75512594006082	91.44708192387829	78.3375648897395	109.6994472190861	127.1701208457044	82.34815655986746	81.47531173933287	122.0575561211182	85.5633680275142	98.58525502866149	49.23854695318207	92.43738530879719	79.06614620923453	50.33297011421884	86.29024245337938	92.26958949842665	86.42567285721297	121.476964056896	112.1968369423664
90.65008066262146	123.9667264906348	66.23913545953522	61.10937564082285	117.1012585554439	99.66269883806658	64.16130540332597	46.67141364365278	126.8401162333821	91.14253395376302	89.79405979367479	93.82712586980281	68.48072696722151	115.7261997919979	92.856841858453	117.3588650811379	64.62662845858371	117.5617501544657	100.9613462371359	64.05003944714065	103.9761020020102	127.2946112664579	61.67762969264683	117.3990989942623	72.73350385190874
107.7205074075501	89.30062616360064	92.26637952076297	70.36779177225539	110.6573251552138	107.5585429023827	75.14980177984438	82.20752181586826	117.7077232430693	94.23301401076911	127.8723543676229	116.9465971084949	76.60234412220709	126.0856072034294	101.1856670301026	107.2396716143673	74.85370828754159	103.1885652567712	77.07152869572732	93.86590532066498	96.71506465149393	125.2958133865953	43.24414911245462	120.2727067101115	121.8176502103502
99.37661636045189	60.08965661163757	97.2058175490933	106.7295773330013	123.0546000614358	88.11427295076254	73.07719835253616	91.51179976201217	66.58368752379666	79.74747053820747	94.90066813504576	110.3736787344812	83.12724366032239	125.8927394611443	68.18594577570717	79.35358988514983	56.71527576750562	78.41199741265328	113.4007263658666	71.74266293636026	70.17940451139178	77.82677575413048	105.674014680836	92.06178612043706	68.50471834123158
125.1051954774988	75.51867752252559	50.61554477540052	46.30685510588361	78.18628298574185	87.226049236924	115.8535467427118	54.13704111162779	74.73524369516984	84.82808596839695	94.47998688678062	97.1228514746814	111.8606353355945	69.78653104333929	126.1745410238308	94.15181570719635	30.67108949904814	116.4710635899257	68.33224516372803	40.09796538733514	97.8896673382402	118.1345607747776	67.61596835961026	67.48172911935367	127.8206902941214
71.78813157529829	115.3094779511174	84.1024563662602	89.07405147790222	95.5072866246911	107.1042459571767	58.93190541911551	64.56141935614487	87.49323401709799	124.7394224533008	121.5543518779325	103.8852625418309	100.5046863559053	113.4087451565132	52.78490349018134	62.75373311847926	61.4508747413673	74.68616324770099	84.12334314603791	112.9031316828047	90.07844170938573	119.0864248839242	103.2733882691571	119.0921667345705	69.15572266780136
111.3211023529665	62.2173559828374	75.24835582838233	84.41401668588367	100.7773242603716	102.6960021133287	109.3988980020444	91.67283676958246	87.7583517997685	109.2047855716993	115.3338622837882	104.539848121477	105.113062541981	89.25913163950221	98.81993986581855	113.3615788490357	81.74891434432601	108.5392274052268	64.08706537064906	53.18989369776949	101.0267299713478	110.8421029922724	66.9371205649325	101.6010309309589	99.73182485802306
59.65139572086387	91.04084011071022	95.87372666162163	115.6590126957375	126.6242075234376	127.0577907560887	94.89707164794642	97.55102929328346	93.21464287696509	83.15952364805102	111.454991906237	117.9006399195038	96.78726409307448	73.17653396981498	106.3071764841826	64.19512950802391	64.3130192273545	125.3292224929215	59.00833544799583	96.23463249027225	108.3528573169355	99.1149012371443	77.26883703401346	77.2308970821317	121.6210855945718
105.4927766719928	92.52622116288283	120.9503535363873	94.39114106659892	94.21408415266123	67.51798762712116	86.74230417665051	74.13424258636405	79.12257610463216	96.17614679400869	79.80865998644153	73.16532234455362	119.2226925425821	97.67186507808766	108.963431783142	68.53111395381663	79.18443767470447	75.94096786542218	58.52087640612393	97.12733558255985	101.7575619182969	126.1254918150876	103.6405880663137	77.12296902002282	94.87029954100001
98.71992396846636	64.81976217051799	108.9339272249167	118.6801627907001	108.3979498803355	120.7440426022195	88.29485761363665	93.51154719880694	115.0467115297073	96.06045898239381	74.03194663186032	80.87718205283061	125.7472362137899	86.91558366108804	72.18450548784759	119.4795593813827	59.43548900654491	110.3595883317209	53.47934790042899	77.09728685622575	83.61219906606127	100.8144296316892	72.51713304097728	112.7922977323839	80.25317172649405
97.37857762556823	67.16154722546946	102.360892280587	118.7353764147681	105.4412341155274	78.05647931245512	52.90699323124403	113.3775454802197	65.64248816423553	78.4290355855232	71.33682956548137	84.90231367285307	126.3572684142791	107.2401204940154	54.91743820880602	69.35620352915527	68.01079271872486	116.5792883169802	97.47265054576499	68.74024718226138	57.27952140603365	119.6657750326071	98.35973012944095	112.319803119683	85.77380272665842
75.24588331163362	69.48525751633558	67.6713281263424	102.6766616009889	106.3312041604285	89.79439336037738	77.37322575592444	100.9735231494369	82.81521615788073	98.09141552698722	129.2919463538096	76.99513107545813	105.6365712519397	114.0859325417872	120.5205425570947	64.09447215343195	70.41131949614847	69.74608221707	105.6336263511402	46.8908192928767	114.6946482923294	118.8916007321093	100.2686357879997	77.93831899573598	67.36058984384101
72.41600496903585	102.8161347217635	95.88750288676815	81.98601130752078	84.24343929397995	89.88142071635204	73.22332987872345	68.52384534448319	119.14165386939	104.542244334158	98.14177907165228	105.1995472408937	68.90355055132702	68.27344385580925	94.71820739950492	113.5708554466304	76.59400635740377	121.8709004081752	72.19795620626473	50.99526764485985	97.91780035707006	121.9897680244131	65.45883972618333	82.68089062844363	93.33876184897576
67.57792716206302	89.27185626370292	126.582787772533	82.18514217726081	69.70405790667093	100.46898889082	55.52106187276971	105.7275668679904	113.5580461565005	75.13138502942142	117.5752828660179	92.98086501822708	109.2411986499362	114.6611829964247	82.63596612560606	109.3660170244273	73.71028815718515	95.99593223833588	116.1176735254071	108.1618674492167	111.3109954685062	94.06162104079078	92.80777191751156	97.19038627006077	79.69599281277374
63.11782686240001	56.67173573309525	103.4706938977612	113.5800211707334	97.69283553062202	98.51701221621346	83.34610532373625	61.01544428620704	98.8125178401792	109.713460139034	124.3713996405815	115.8328686751206	82.81758034287364	120.2208488271985	63.79224660198207	96.37566184019776	54.80490530444597	117.3288052704197	113.6055658937316	107.8401153900457	110.8365979660171	85.29957260319004	74.43421718837668	83.09461457322732	112.0963919832814
53.77900402950939	78.36400246311871	124.7081384337312	92.89311602108526	87.14165808267096	81.64478487737944	92.15593446729011	71.93272617395236	85.26739863810216	67.34174714652323	126.8710478869162	82.25721245035618	76.58656379266543	115.4183336620942	94.60183478155977	97.100664942799	58.42294969627514	124.6481066297556	114.7003185775965	109.2080372248753	102.226328667651	98.38932780317742	108.9618174941966	121.3040066028151	55.66521377199996
99.11921814682498	87.76552464494196	97.42530502197251	117.2723030636444	108.0540476946983	115.9276986552651	56.55910330034342	102.9091366562751	109.5377128944334	86.67366558406732	100.0850381016014	112.8439690044659	104.2080270302723	87.68362555356754	62.89503128389758	110.5614506528122	71.68865933451193	97.50579136048945	105.8484440196547	86.72188370735802	101.0206785499158	110.3346238512674	94.1072768330358	77.99458929351387	96.48707493960424
110.1673574396699	100.8191210051899	61.89029399914591	68.55239528736773	85.91788333822137	112.7117134631285	100.9835542592098	54.10203095488768	101.4376668831389	85.8680297846858	93.57805419858853	97.62905653367454	109.4470234745996	80.23877732501317	100.8649721061506	105.3796719992714	79.38217941492526	101.8946334938367	86.3542958737122	42.61415659018901	87.29898045704407	72.54262828431702	44.75432280604419	98.12017218435381	85.96090897078052
104.1061288122323	116.5747078774016	99.89311477718178	71.31683142774884	88.56960776461594	87.64204423428797	81.40856163465533	51.51827164187328	84.69077693763595	79.8996928728922	94.32349722229471	57.73093524142341	66.15141349813973	70.10609164503366	121.0859614926715	117.9310835791903	54.92941229209961	109.5764173554011	42.98123314461537	28.060455383068	77.89309981607529	90.97593253001145	47.05680090114593	78.31491752742629	93.37014860926642
111.5025929840486	73.41594903416528	61.46307070037483	61.27373624870197	87.41910742195618	116.0834984147429	76.28838791250426	8.888990730472713	97.90258655146458	120.2374058901999	79.94412779640274	45.1964562547211	75.65262633670883	58.66261477745947	70.05877018405256	122.3453499957758	36.59983503063049	78.770448311845	32.3572031544927	37.87121056585613	74.83683695636753	70.63678056683652	9.307912319962512	97.01129592983949	117.4416078121516
87.69100345589145	75.58030369239852	45.50650548710146	39.60061606048052	84.09247034987753	74.34550702003541	74.40151644854362	0.7716825564668888	103.9640587966082	86.71468106816323	63.01973979909674	68.79257969243295	76.01387581776214	87.66486916394234	123.3857341463124	121.0811204711025	24.48669486593924	45.80499486130896	24.99877587104609	14.37133508626476	82.66497276924646	125.8925214590289	35.06718324853927	93.89971026473437	126.6679229948921
74.95757117752851	125.1945464518076	63.17999208979823	71.2343683320839	125.9435898277364	106.6765542576664	67.70098521080054	35.63371314263935	86.97973271618663	119.0023806088859	119.7365964718855	78.98389146700757	96.70070928745903	71.13165525496166	79.24313480980413	112.8475036010342	66.19802066501848	115.8305942769427	53.51318132838128	37.41778929587518	73.40541641942207	79.60695879467181	87.92056390053401	85.92884016783762	70.98364849115755
62.89340165202564	75.64389406364808	66.86512083114761	64.98303329977138	105.7913117985954	83.27932493460052	114.5839852012813	60.47258196093608	128.8619400880752	69.12088776763817	83.18825250313793	69.64357472384826	71.24959506710525	73.41518862409777	72.09987431761981	68.55110533032811	70.17966406479511	108.8668117254479	96.89494996230655	100.0986065476529	74.5417003021029	110.6462639418541	55.57997949716372	112.3633356061738	82.55462167862157
83.63896621265093	116.5418083989899	84.22772506908524	116.216457466291	118.0516720133942	67.3853577330286	76.85954875691527	69.08195571815966	115.5088796138898	70.88523718772696	76.6164087605727	74.76262983670561	125.2079847815073	72.87553761446779	107.2114158954023	80.6052559653162	63.07062543287763	87.57902763915793	98.58236730655344	107.461698238972	76.32391049270088	100.5818654400976	77.75079635061866	103.7023615857255	97.38643039979723
109.7865590456167	81.72882012267283	68.10821632701314	28.80095757680275	96.64105907580131	104.3800421243189	127.2981278385641	15.64184775430607	82.34926297685018	91.44139412441653	87.83670913720329	49.90199555593115	65.71532269359911	74.93251890264479	102.3349525701541	111.4896971237702	43.64995105851472	64.22886433979923	48.07553296956355	35.20747353305768	88.00041188699075	88.6279936146654	38.48682174199273	65.79596943649389	124.0458495291033
121.82718819065	75.38970733190638	96.2102379972344	81.86779455469997	120.5108317875514	74.30291649887188	84.11166988345445	70.28451157717723	77.07435497420781	95.26163075777814	73.50535245272253	90.2616420771763	99.87150635761418	78.08457977408536	99.49719213249045	121.020637736314	31.1736204769342	110.738034579041	64.82230055656311	56.18355652597731	114.7264067677449	99.67062887409946	36.08523221138056	97.00822641345073	99.64146326674884
103.0977265072499	106.7738084839715	85.40129443469733	68.39016618564894	103.0426632532088	87.03846010177017	68.82540126309645	47.22259570830289	117.3665498225625	122.7682053626949	107.8869940989201	97.72143483540978	120.9394894255609	76.89604206502601	118.7883138140894	74.80311572834518	42.31383666499266	71.18018595392182	85.46535525839721	79.77496903811645	75.45017557447991	114.2686901322564	41.74251847322601	71.49876978371525	111.0017053790472
121.4104370074532	76.83771347766157	58.09161231653427	52.06276046435136	109.5111321493987	93.27916154309645	114.2622779623451	1.008222438827074	116.40571981066	77.80309472861828	92.93095115853917	74.3961805864794	68.66990890312151	102.0212324604103	111.4038439281012	109.2123674263853	1.694503345368004	105.0399359691302	29.15660384597689	38.64510530335608	108.2577316025449	87.957938421748	4.222970509273438	74.12041010503799	105.0325960506457
83.43978666659409	102.0075297130445	85.46048036997063	67.66837743197277	91.81188441636782	102.9661660132845	113.4137413206365	37.58241005972715	111.9472353356398	88.1710042509722	127.6677709100133	51.06084396972996	55.46328086278591	110.0179586655602	119.3092494916638	85.53270827463395	52.62290479193345	91.83098385443566	57.07557901224484	60.79718522595195	73.80164016719303	75.05016364864011	38.5752738200122	90.98530554388621	116.0961411788979
120.6144964138883	74.7646809718608	63.84277508820787	64.27175302934819	88.94388761629422	101.7298050434594	79.25781840585944	83.11925394790973	114.1830794796959	77.94872379253397	92.79038311519353	67.84062736831142	79.85873839537005	127.7829379116478	113.9331409708541	100.8270406035962	44.07459375823895	121.2978510818908	53.85271228724298	97.2328211657759	121.6441531877936	106.0784334987755	70.03080802684197	99.99147043241049	104.499358351834
100.0312453062928	99.51222964323324	64.27575125455078	79.26787612257138	115.189896928751	91.29209607118977	123.3345571969691	87.80044061449777	119.2002522634528	104.4406866351136	109.6276845756165	79.65917589829867	100.1105717660928	107.0982570011678	115.0661399738651	69.11373488288928	49.2376904363928	105.1530722619346	89.01498857811062	78.53172036077228	125.6991978275338	79.02121112297418	70.80669495905444	86.50421313864304	108.1661919159618
75.80023346260273	118.8454413354761	87.4359363288501	80.24491545956471	78.85966558559009	103.0507044186128	102.2837465008308	15.56489187643773	126.4442226715208	89.49408350434646	109.3469586317732	88.29204254624578	53.66462386693654	72.01338334994989	77.49940158172375	115.3695953712913	61.20524769704878	95.46650775750734	46.68599256056956	73.42553455661323	79.49240393943394	84.31891580932535	18.86310746643426	65.4422780256445	85.08807842637702
114.3969867730545	97.03373466874716	75.47346535614986	94.80371790842771	125.4884893489928	75.60439673367794	109.7097090940724	61.72413043045658	115.4550461544543	87.71946408497521	121.7404139028363	73.01814728408299	78.95907388098914	111.4570223112246	85.99735528250653	88.16057000123705	54.74323730467508	96.67071368395844	64.7236972375736	84.71528941216454	121.7532446691758	122.7731672984975	82.51283753118543	80.55863642989544	115.9358508950201
74.72038804692134	68.84510952155641	33.45072645908075	7.31227871489034	89.29966428239399	75.52893804328927	80.15931890898851	0.09861083459484456	52.70842068460951	92.79115195767086	100.9777228717811	45.10931275832658	70.14491417292462	76.79072205069721	88.54852219540439	110.0950890424051	0.6985364266109741	40.7760347725021	19.10064371555917	2.623042927911234	86.49914531312351	95.84291640087999	1.677045409642194	85.10780002631434	123.3058229902645
77.80958897952509	118.3990573122806	61.09525332858273	79.62480527379037	81.77582674386346	117.9556797382494	106.5654239912671	31.8439471008875	106.4641253205234	127.8782567382679	111.8255639806492	80.30390579465134	77.60254639034189	85.07555868107953	92.2541317245901	88.32053180324363	53.14046084062136	79.0361905459546	33.4870580347462	32.21909862508875	112.8770833966365	110.827750795816	58.87533533643112	73.52384174975445	70.34282249127055
117.3378888534938	90.01926567347843	0.3196068671011782	18.65088979757314	70.48220257094289	92.86446340472307	73.59986491329383	12.0699114259786	90.30403666548305	115.1972936615014	102.9605373667487	62.68578745391308	16.15908442368735	44.55854572608249	86.02207307932295	79.87620859472631	0.9865369827359347	73.68659430291288	4.925481657920812	0.5806963439790387	92.40829478995695	96.72595780231106	1.071944719468557	64.83671119402787	83.63685161317284
75.91835824410175	85.40486381959886	39.31780605588742	10.84320281520496	87.51286021075606	73.52514197935299	113.654790998743	3.771541455635194	68.54972880940528	98.39240770662281	84.68740079737351	43.94208031208463	59.59986949129744	47.5825845483123	112.4579873841018	67.7386926834991	0.6238914815885714	60.47934929478974	1.676289836521469	1.462353057306888	105.4958870127821	74.08209009465585	1.468754625774995	62.67633870176094	94.03189475169958
94.31174038720032	89.91925746838457	86.51477891087166	99.44267669170767	78.4628429198077	127.144177638227	87.42815135220064	60.03258478058088	82.11813154904738	91.78149016824887	115.5142494628712	94.39542007602805	112.823960424321	77.43690096282793	69.55758231681249	87.22616603738351	33.79676232305304	120.7532691410487	69.944524056628	51.3121680444749	92.01219465156473	128.1791620466819	58.12960915025781	86.77439393752796	90.41714095007897
