0.9528887094299039	2.823583214658662	109.55227764456	109.5983185170907	64.48794434533971	33.48084767795191	1.121105748768098	61.83507069752362	44.34064013419187	58.15772785787806	87.33236365648807	128.9255760284206	81.51184170210894	96.81876532776784	2.914569513908036	2.47261478342533	53.88614022134695	92.63217781427052	55.75926694996579	60.1297124880424	0.4033898001372992	88.52719020975688	42.87110398137209	116.785235081863	0.8269082308711033
0.347416684978913	49.90783988796399	67.10106028242234	38.88831845159784	65.65789918903447	116.8823455642739	0.7348840909701204	0.3846684944439681	65.22366025527292	53.59648901775617	86.3270840456113	80.00956093113474	102.5973967295985	104.2095132573106	1.147810872637277	23.19047576123033	1.961315207275633	114.9376279469703	0.7527866014819036	2.049786419315344	73.07007876017931	115.7601669912082	2.074696172343599	98.44782047300174	79.54538814709709
10.55304392886661	20.43356665186964	35.85957618381846	67.60963050939742	81.85893798801004	62.55164192722711	12.89327287995948	2.625199930475725	83.27354381329081	80.25323949929241	80.28041997981438	71.90052348686436	109.1918650460007	127.0547181393393	2.561331743148315	11.00124566868037	2.331888122370061	74.57623907460186	39.53136617116655	0.01228334732319993	50.47933817773605	104.5631478525172	6.55029280704958	86.54158804109863	54.07181223148049
0.6271652676842856	2.764208544264783	128.9754526431038	86.47069391106359	1.444467474444665	0.1240488013482319	1.174352383580594	87.82492361411796	2.343784964349652	1.752448130490514	42.59260685225154	100.6892612501402	107.2569904548035	50.60862821148177	2.818197720455246	1.479192671476115	93.82410868904381	67.85656237031961	115.2296437778711	68.99575912538108	0.3346983422604569	0.7394002440822371	78.8215770944757	29.58463267291742	0.2602473384079823
1.89787071363645	0.7749375807656178	86.66493780706926	69.22468816589935	65.39936548863631	66.77162759662812	1.770182219814448	5.01530727413742	63.00335332173199	55.98602205736783	107.4264243858838	117.6682119991438	72.85835032800173	93.97862584450867	2.670271942776287	0.250356900606186	19.02156650610405	100.8624156692192	55.77885915478412	48.96337812814171	2.870414089065526	48.29414672545853	2.688352675236546	106.1232936317984	1.096126015685363
76.1841323713285	62.76887802070716	1.126450223024803	10.03429546255175	88.51785684065899	70.37702675573723	59.96029207822104	2.758870534377	127.9507554789149	121.9533038574494	111.9006208989369	45.69181918094648	29.38857178312016	86.74654266487259	79.55960680674829	56.0913868371449	1.718477712643965	49.76468496391023	0.9944401956074125	1.821256713131342	90.98591154103011	95.27930252806522	0.834479451847187	62.47973727446842	79.24063728118585
0.254095578192402	2.977968761331643	99.18668076112789	87.36565829655709	58.09887037269074	50.94997412057921	1.220672148944084	78.79227539878198	50.14375823956522	25.79902024516892	49.0173372009024	89.57164653438653	98.3537040484874	73.35665519682242	1.46432891087481	0.9750556465620359	18.62000728433251	86.66821653437204	72.53408301495097	70.6146996452274	0.8472190878409962	72.38206086492248	69.9976421703218	72.81115920830777	1.408867213671745
1.936040326711924	1.081899677625249	109.7735342660206	104.4983194937762	1.908336464072491	1.855574458799275	1.344770107369998	81.35608220354909	2.267079359945763	16.28506836578197	77.61441291557509	82.05048789758786	112.5789970039995	84.70296779253178	2.910823044686826	1.63750381324448	71.51085300611955	69.8657544833289	78.87818880418133	69.99085271537541	0.5737259188721524	9.893823175732443	97.30604448581276	50.42744029149789	1.649554707157799
58.79771657949253	99.95372369848616	2.238474540189702	0.8196474161621146	126.2864952861651	122.95701318874	107.9509060073913	0.06124095804173893	88.81750714232129	118.3245043079186	108.4622265801421	11.9585353543274	10.00834661056155	68.99759998799817	91.92803627218655	93.84373917025349	1.625357036424178	83.72182552101	2.601183122467693	2.850606317541583	93.43980624281637	100.923014140582	0.05712311914249993	98.03670661010659	76.22689171015422
6.87213717929334	16.5435058419144	42.3006315805812	91.65304323541869	72.2189165004425	68.48635448434743	2.856183657232523	12.59367624511473	99.34947849519222	57.80397309484179	89.13636115997848	100.6552555330259	117.7025894371198	123.5761882816041	7.72158389373687	28.72246313519641	0.5314033337338455	71.65800356589081	1.253455593154681	0.5047972363035795	72.72902068229385	108.9073640465162	2.665165544979343	106.2666354115127	31.14411882940425
74.15367501074346	105.5656031082652	2.7310106973935	1.957767516147471	112.0661870904955	80.26906734324314	71.65553999796661	1.902782172462689	76.64034933149328	80.37276360684463	126.7553289116651	48.22816440915426	74.60008575756365	105.773554658687	47.35422502675254	56.56169794110151	2.530066639478093	102.7837145550131	0.2052556576626602	0.8945055932598376	110.6522191635667	98.37503624929772	2.337816772349329	69.31397513715581	105.2495991441153
36.66480144941434	79.75914864351842	23.88691073810384	74.63800590704915	103.8218325740894	93.53905049358868	58.46359587842485	1.963718228468992	66.06947690623417	110.9988496726449	73.4322433401082	65.39784951221478	95.61606905549746	81.69664387892722	46.59802206783569	56.79346817202983	0.5775565924479604	110.3152249878679	2.550727254696511	2.180426060425326	91.44353661905902	79.5115823871607	2.578158208440924	71.28422139869957	40.28839089361372
0.773936505146037	15.93619227592436	86.73342567593681	70.54829245528988	61.74246976802704	39.9662382945902	0.4072639664806676	30.93018444196051	81.37965030771184	56.28995781300327	66.1912481072458	87.2248471463805	71.13312854532619	118.0222715757942	1.116159543562794	2.934087243246921	1.439963860880734	84.86578638816437	38.06481888839556	6.653914620488294	14.22029367683413	65.71555968886419	1.484977351111137	105.2948820975441	41.51224087244266
16.49650269201878	46.05120898088943	16.15009054459973	50.64630843786607	94.29304295450028	103.0352431901504	40.05036089512127	2.352887479752007	99.96014506442981	82.20630219960296	125.2356458104949	105.7990402531171	81.72081345086553	75.70426309923336	30.1710469275505	75.47521291633208	0.4810755153384382	113.9375041970313	9.224508968658739	0.4229217522127602	68.77512391042237	79.30659694618492	1.728709082116266	123.5897476198058	42.9290185413135
2.802904134761255	1.95842295697589	72.08483851346551	91.51632927480755	24.5252672690588	57.79205420423605	2.489053314026807	48.54975029644898	35.35577687122442	26.71638367861116	84.32476848151236	94.00242852279648	70.7066021943471	83.88139617711474	1.478114149235131	1.217453430240858	66.64148124614519	124.1106354825326	78.69381242405578	47.90743067780346	0.5932144392128897	36.02483216786213	41.81840357639669	89.22863750880924	1.977491490001444
47.80065071731347	104.7057172104628	2.391909230446752	3.946944780930536	105.5830552820027	69.5243092719724	71.85812331308294	2.810052846794072	124.2769999914665	83.94336103703279	109.4854850814822	34.3048674843153	54.0100093131462	62.98556992772745	58.16580120372922	93.29346843490283	1.162271748632786	76.92197009940109	0.1147095798413107	0.416696720036998	73.28470661875384	90.37244643763981	0.5501161280309919	111.2338217260242	95.8105182914223
2.082900860016009	3.527616741260665	47.65334346036006	57.39672985170962	43.24097818521673	51.49227943931916	2.304256245368088	41.96185496821434	50.6237848619369	74.74762689025067	116.9150524065718	82.63062191441814	122.8152323088628	74.00187750806913	5.259742167497109	17.35704254971753	1.562480424654499	81.7909384781788	57.72169703718542	2.280104239791207	34.88262462617126	88.88251792423844	8.434931303997786	75.06390378061634	14.80736041586489
5.45980959899812	56.91340747974328	38.24287496388392	27.25205485235617	101.4615363145577	99.69995761996597	28.62778208500897	1.048382153334768	89.55157868702202	100.3504340202745	74.36159671767447	105.5288076369171	75.56317668235208	75.62842753987589	24.24212717380942	48.02178229196912	2.038805714317603	98.89786246575898	1.329876611677792	0.8231074551934663	73.19220172261682	105.9631385909806	1.538524361841678	74.48822592006601	68.14277660922787
83.1607171673684	91.10844944223558	2.328894739968747	1.680154024933446	123.8108937708577	74.48580738116171	73.33872242798222	2.240753242412622	87.97761585229325	75.93666735836784	65.78486064317583	0.2540830687822203	9.48709795138118	59.67271550714224	77.72654840301102	98.79585611737605	0.541183772112108	31.58932176510673	1.640938139909761	0.5568314275190789	113.7575787589938	73.71330441544755	1.54435458176777	70.60255942305258	70.39640423729405
74.22029656317835	81.13226860449092	0.03259024536702151	1.64649682035214	109.4611294035829	98.3601669871141	70.45994879216022	0.426083956158284	108.6003653481817	70.87470761310634	123.7871951014216	39.31484590880497	45.64252922225148	92.61997516677903	75.03445250554165	62.0677429393059	0.460251074298027	70.43315613798634	0.0774556275014481	0.766877063271266	104.0184203565026	96.60181840427174	1.776314176405609	49.96454410854979	79.59163665710162
38.40682197400633	85.0282700137206	20.97358453974019	47.08954414845024	100.7855385652938	81.96109677768126	27.91443498391921	0.3399600081736938	108.314042504272	91.36007030257119	80.27287161193148	91.80631359528215	50.29003320845896	89.11826310433783	17.65196913403938	57.84206352238991	2.461484976812823	99.59236527882442	0.4560776154806924	1.994562096357695	75.59448707751331	84.39699550764873	2.725473424435861	73.31414501080664	81.62117961865499
1.70999899774211	2.121445771078962	81.39319975116442	92.95628705112938	48.23391513520413	38.36799804539694	1.008235379630547	34.838156663931	12.87778663864551	11.26120332214123	82.84004415333132	77.98102285626159	109.9499638520795	59.03659723283771	2.662838308303541	1.898906310426421	40.55425654864102	107.3676637114758	48.00533355882565	65.59468461188041	0.5127368508261958	46.80296139647042	53.28774601442434	109.3378290388582	2.405787793865754
13.7111721225352	57.71875292487974	49.37917126360639	41.29999043922524	107.4335975628539	93.28605497488903	0.77962079882521	12.09811804245926	99.33702768861383	61.48160009298743	120.7240916099655	91.65297324730813	83.68164405739574	113.7255204884291	16.08188935527335	53.21110459967829	1.354569167814324	88.71204303390195	26.9769001428358	8.407479207231233	70.38955828769298	97.61442999165459	2.850317342147666	106.2391084086326	47.63954922146087
95.64210792190396	77.98112475679463	1.998624354972306	5.617603325933075	123.0925726378288	97.57230595594046	60.13982715128799	0.1115685193276992	118.6723991486146	115.3168643167624	97.53065614727582	53.86938920790976	20.80944412378403	100.4904955060674	48.85307703520317	62.84495894095247	2.877774402537946	71.53798491387596	0.681410710400256	0.06464703399180929	107.3428281711439	99.43046632982572	0.9035210764075405	66.48397033322198	115.1617110919811
33.46368502125523	69.24788573521646	12.78259675579321	2.985792926436105	112.9814167099484	117.142695357917	40.48588028330896	1.29526223911187	106.2879152916939	124.179870291405	74.62640768562918	77.28315179652654	39.85609539804389	69.07915785042987	36.61369394880059	60.35827327890797	1.161096997334997	69.98903544383396	2.233816599964728	0.8575790052253516	102.8826950985766	89.26315664067442	1.737011647853879	111.0610872381529	100.605841621429
0.5395810826518814	2.622206481549685	47.82848718069239	88.91894719418238	70.00267686403217	83.6410157803211	0.8638157564497775	28.85805343786637	82.45107588310159	46.62378851567357	98.09079185763176	107.4293296266342	78.52317351232377	88.05183173584153	1.219887864921828	2.296268606126265	0.4654466615264896	89.41619252425096	53.54442975983704	2.131145656849684	23.42583888389044	57.32739880591978	3.448825840183233	113.2360598828384	3.941769437564787
36.55892483763635	27.88889337331053	38.27389381818899	51.46752726232344	62.72584323552097	119.0825990695345	31.46711130259001	1.404363498027421	75.01888940670415	81.25530027946149	92.78966095739725	87.45060786782851	99.56440262884547	68.32785520536989	35.92425384743045	24.75374286966081	0.8612914368275764	85.23733677921584	2.351673792054637	0.4554076661061755	93.32987272938976	80.25374424885392	2.559025854347578	79.64057881426879	56.79677587018242
112.3862324931457	87.5837329019909	0.2686497957525559	1.453535537875936	69.71470473510368	119.6411864998237	80.95172499985397	2.329058603448211	79.15443476378448	112.036676445963	89.78159469000974	1.111935015331739	0.237405303750549	7.334832975345492	90.07982159386168	109.309825942367	1.847242515026598	2.059303312562101	1.774680953671256	1.361883618630922	82.24255739285123	89.04487031848139	0.5142655430462086	7.321839874303365	115.9629725962672
2.428422308898178	33.29637021062331	45.4815264249486	61.17952781484578	60.84858511146538	67.10215377515952	43.5122173758194	0.4937984734646413	69.99164101459279	105.662727762591	110.3363301856647	67.22134513968042	70.16801476443227	82.83458417282954	43.14642704908462	52.59953304929775	1.042673463581036	75.78682479393649	0.06409789038597793	1.139043174806607	48.99632116333909	80.83087348817227	0.9562891686813291	79.27426451850231	44.62563798467184
60.63716546921634	57.16407445309173	2.852181260876322	16.14107376706177	126.4942577070184	95.90025258702909	65.07767471580843	2.095938974464563	102.3863487877373	112.9585346419747	85.01986746041646	46.76667306099893	79.41364240949102	72.82833827711923	89.65995765213913	43.01168357600888	1.359939996974026	80.70914510577187	0.5027477234167026	0.117164069849123	86.20718407795556	120.0103177749006	0.8325717962119088	85.86969605268946	67.27885999708651
104.8666506903858	94.22810954353886	0.7646253486256067	0.1518220095538448	111.8954346160775	97.33150798954202	66.54340712429661	2.096733524460594	66.82877920544964	93.4246535127558	87.45076434703205	1.776157113819275	18.66525514905507	58.9320169664739	97.73359980860758	73.01263114090528	2.413993742461764	60.38765483271143	0.827531965647921	0.5029396142214282	76.93623078689701	121.4980192872681	1.614372548369583	83.34533464233064	91.77644208418033
90.79094810069087	97.59824822189952	2.17688837221322	2.359344374186984	39.58982483015581	47.32989044583229	101.687012878825	0.2991870978020025	51.93099797992696	89.53974206472972	25.66065033941951	0.5183564682470914	0.255156732354356	1.829886796149448	97.34688779872971	106.1590690704886	2.801304153776461	1.045167810506372	1.002263137764317	0.8853231115640141	77.96642796744398	102.9789904233895	1.059939823844591	2.958283099580973	108.5651562457828
78.0568969152245	100.2102025883512	0.004706769201291117	1.034115923630473	17.77972132377355	41.4201720824597	70.41576253367434	0.1727344916658569	27.12692647984663	103.5252836837297	10.12075250074133	0.8922547328575041	2.872572820274403	0.9504142273833469	78.370472479748	117.4372248166195	0.2499284858401996	2.648652060916351	2.592887859120908	0.9892871339111498	76.0092690920165	81.60884348835918	1.783404928596667	2.445433365321611	119.8913571779069
73.64429381813396	87.4042443797384	0.8607836565683167	1.028306547880035	68.98097369193236	67.17502429492808	100.3386580863741	0.08727551267148762	105.7562139750616	117.2942268562355	84.93106495077083	0.1676400184064326	0.2282426294947478	4.858083340972883	86.52243342372296	95.1367585216191	1.160642121215746	1.7434730586992	0.3544834861709858	1.046211170036693	128.7086259183458	118.1260964846869	1.250706267570404	42.87070720058786	93.19263727612291
107.825698486199	95.45494115416125	2.760156324366458	1.367617442798558	41.042584713404	90.19856663868529	117.1160673173407	1.273899674186914	66.1682679853449	68.57619512815673	71.9309165480902	1.601129826959611	0.6342116401074589	1.033391071028669	107.7628535226682	123.9350374680459	0.3470149537077503	2.821062769817072	0.3318058348564515	2.75665355544295	82.91088478932811	64.38771844645017	1.942300556962607	1.307730959379619	81.78355840393398
89.93766352406195	105.5694846213886	1.580943195502243	2.118682642274023	75.7171524872945	72.59109088780859	113.8724134474718	1.145107546968231	88.91657375453593	119.5841107765693	70.21033124068404	1.997989932886734	1.734381956916522	2.632379562772598	70.00493351835784	106.8206650445045	0.03306479812790622	2.370647752090926	2.095814324700328	2.127956491002095	108.1154111469861	70.031483750478	2.477684227840379	10.70969592573909	110.808462878125
1.099452582530049	13.19551984237398	51.57476952101781	69.89471993882901	62.85892955536214	79.12469450638947	23.93834849380112	7.747384530353287	86.81247087435963	87.64618118855469	85.36148750005387	71.70899290092194	104.9925379453566	115.818846087448	24.87990231286011	24.47626854418476	0.05699855215880359	73.79238380764603	8.530271282625122	18.28897909026423	74.92084922482391	61.96706893699402	1.206967117853221	70.75363222269847	46.31967205623035
90.52142191624878	72.82157290662448	2.931693583869939	0.7699229761243993	106.4257994848943	77.9521935476625	125.5914063313206	1.926101275017769	77.0623427390874	88.50055234322538	93.5584195967018	0.6105649362081924	3.619728944665383	28.29561704781143	102.6933927880777	73.87801995064029	2.602870458337955	27.24751952016442	0.3379950524841968	2.778628002391931	109.1801225955984	96.37500673823783	0.3104619173466671	32.09142242826771	97.19525242922253
19.41799233688836	39.35258153090811	48.33270431194445	58.5267415417479	107.9019444656646	91.46052815457918	33.0987633109313	1.638843181410277	101.0109836831508	64.11715699099855	87.87434743320514	103.1911396087061	102.319583114327	120.9884525808398	5.254193405265042	28.26237181941332	1.633696445864041	91.69671948420276	18.03153099840348	2.858867753816302	60.47966746775079	84.12329912493848	2.045963893223219	72.4245387688356	37.87384451889228
54.39653827489391	105.4143593106145	1.992621036421551	16.30078300684742	87.93924061092812	87.02849396088858	47.44780481043092	2.28633798574692	128.8171926806975	96.21580297828798	129.1632442731011	46.96186159037194	36.89594444513179	79.17584735886427	74.5006667148067	87.0640224356718	2.906867801942643	63.59595423229216	0.2674735390380181	1.30257537034345	118.7598880456914	89.48171182022682	0.8474389003524583	79.09137307578665	106.624047398493
69.51150860276699	84.83389638538695	2.946671187210687	2.970995541781495	69.91327138999468	106.7812675659323	70.24002927965364	0.4824988701410096	87.04453302284526	114.3634428476225	92.35202398810873	0.2109456326279062	0.5299947249630581	35.70287258430355	123.0770777674342	70.7436693140971	2.579796143116342	2.183190370961198	2.852696693802491	2.51107836559122	122.3428476292821	68.17721646857609	1.875784430778359	26.62034765147786	69.20089772793949
104.3748830810402	93.70924069002469	0.8999981197572178	1.705767008326181	82.16560497468592	117.8929999289603	111.823003930434	2.109150365973798	107.261220764785	84.19190876920531	99.58247814827544	2.063982505229145	0.9184937369125583	16.86710835903308	89.88492326036179	94.41895919050978	1.371450784441642	11.8090559917822	0.0411442683086807	2.61507113506332	71.84273143392227	89.3622184117696	2.235608414858531	45.48352999763681	73.96204644349882
99.0356408556375	107.1349946917959	1.380510415041128	2.775723734053858	124.0655798502767	75.96836400728287	51.28443464505358	2.007989622905495	89.42882326665026	82.20629205293947	117.1690751201821	38.56347787443306	20.0955420608779	66.47849569823093	65.93030642526354	75.07326533803776	0.7232913212827285	56.04051411656194	0.8126637075464436	2.431987683615522	114.7891351278289	118.4827997244251	0.1650666490910284	60.45226528350651	93.67485177513927
48.76669442685818	65.02258641072856	10.56936164418213	24.19188590938202	88.09530190728181	101.3418952382483	47.92982697050934	0.7502555992030484	127.0423411757146	125.3125674377279	101.0183926625156	56.86622276695381	80.03781370340283	88.20666123126209	29.52415061317286	65.12896647158389	1.713582005717483	71.170129768876	1.070623659897528	1.803232742008789	88.46888730440071	83.52182515335177	2.852685759351372	76.41296166136581	101.981001147828
80.70071205306664	66.17923016111666	0.6330207392903131	0.1186572350254734	70.99149016131342	97.61141328688187	83.59224062573733	2.473899458358368	99.30625787457871	90.11674455716465	108.5898868129165	0.5231949953139463	3.465964598312311	65.44706195952234	83.05822523577635	105.3263438107093	2.9682036703189	47.63053725531483	0.03069461753086835	0.1144448622966641	98.62395382420735	112.2964813650219	1.394539690343456	97.0758468798733	81.13820765125935
117.7161538823758	71.89139191379493	0.8085219776785744	0.3961457332604412	43.89710204349956	83.01540576715877	111.7921139325368	1.937385403525241	69.1522148053738	114.3570978072386	49.62980006783032	0.7015576474144332	0.1892984327274035	2.405224155729145	75.78296748502315	114.3279236375333	1.572632365567422	2.338960053626065	1.577025871948637	0.2578571947397064	93.25718685862745	106.5071821796995	2.034098594796033	11.72189266367382	112.7668833742077
84.08934799745363	75.62665478991309	0.920319066221077	1.222437951371851	104.5369147481785	118.376569229736	111.2510683014172	1.008892668429248	111.1237726948735	75.39363974621622	60.37675486537495	2.25187565092623	1.081010970754669	12.97393124503331	93.93824116288107	110.725773310488	0.9747741906938814	41.10495016292413	2.918261045349772	0.4025672966131542	122.5572352429421	106.5846447282044	2.92250219040129	65.27398401208292	75.00700574938477
70.52741430258604	88.71387467013156	2.330492950702365	0.7707607756993746	107.7350148709261	79.65757864383565	88.68712862892045	1.577876200249686	95.79218210969867	70.80955187215825	94.93914224312692	27.66696827524342	2.610206674151104	64.79473996613115	67.42321972466078	111.5660600669922	0.7719240192047698	45.68876120291893	1.83532946076709	1.149606937609255	73.30895355659524	107.4290516158052	1.596015998943883	83.80559524206171	109.4261852565278
48.63708373875218	0.3849349453692144	1.163360563810882	0.9031984191797946	2.061328315940635	1.285885871505154	26.47864066555977	2.57696178720039	2.90064739428088	2.789024449830724	1.137726820198767	0.9454649940228499	1.66065500921891	0.9822136796411478	10.34134403244321	70.90978009323892	2.208962035470369	0.6526539886293101	0.9494870685242116	2.864523907193895	7.027005635378501	0.6236815046205371	0.4444441875011876	1.578468513108745	70.76329418266539
74.64853234375013	71.53030658807495	2.327670684426977	2.29550480871873	3.254667231789824	0.964504358115637	97.72019452945673	1.560697034823073	2.715135171474425	61.1745912235703	1.717975237083351	0.9033723877123438	1.259417779339801	2.873849177108454	80.01104059500074	63.56768856414322	0.2147149382615758	2.74682854356129	2.403753811054324	2.951425552692073	68.61576309965761	27.78285928225068	1.867846265270046	0.7079483233321422	85.24114761857351
