1.763494007218986	0.0738957055572296	63.77030863223595	111.0478508676309	27.99682107281745	40.37337767427393	1.518643089853715	39.24508111469383	51.49041441674409	17.56066578376334	77.27611153359172	89.33961348748608	93.63617144518818	97.57578802921356	2.196162886819542	1.182238968888915	17.85545613970424	106.4791844761826	56.86486013249883	67.77891089107504	2.557009642764449	66.34137258684086	32.65573389554164	80.61531520302732	1.082906416354859
2.00428820324376	53.72349475713698	60.15333140392451	78.92548046434757	73.49630860779762	81.25749479115608	3.658003450569034	1.552495039429619	102.4705772177909	78.11232424521114	79.23951088492387	78.98591650398353	66.91695252672362	115.7731308240417	32.70429192105844	36.33533626345042	2.154872172983916	101.7895862098142	12.42580605404127	2.189386975454835	77.03966123692673	103.1934091362062	1.571287345656811	103.5729559923461	52.95601158114249
0.4215551627286603	32.2570163301902	66.37526110313291	73.49755611670355	91.87436685866248	76.9016580940191	1.675868170085946	1.010858236770379	91.51331633628472	88.95382023719384	103.8632794549293	98.69153244127395	78.19677613143567	77.44113109008414	2.757151790186529	20.9618066034478	1.003045976036828	119.339571360541	18.0191261699709	1.110348359549409	49.65402146538952	69.24962568784484	8.092369995198823	82.27479101573485	56.98817176259048
1.478980888593581	1.963501325345506	118.1915806176739	121.8875099613241	2.045248486621471	0.05166438074788129	2.958751155439106	78.5039829122446	1.534222421543038	1.343923992683747	23.26524213193795	105.0966175251473	102.1825575572797	21.25679698017542	2.774103876137287	0.06752725642138593	92.55819389486152	66.07095093307663	105.2362818971781	76.91642648384058	1.363609135663998	0.3810319696104877	86.25416064382496	47.59910934748895	2.801219774578448
2.804483301883737	0.9865508906383609	97.04111088430329	73.11288926052485	61.93326631570623	67.82213556290932	0.7467687603853155	33.14486049862002	43.38933451607394	29.91922082226727	82.53200107657432	81.94608958000954	85.65383157016818	100.5286211306898	2.11019085186399	2.470811665468273	12.37013930294751	100.8528245756022	55.84270659298758	48.7065516786956	1.771677378881915	78.1833844604123	5.558739779327329	84.73342226165606	2.578984816876368
49.37915432899459	69.11927777102169	0.3263900463359868	2.174626177350377	97.36056542805036	82.41410665581122	62.03564457258328	2.204535372444449	104.1531040205765	83.08565412644892	119.4855984715179	14.22418159050178	32.0583746222173	82.03121674079823	62.78514296225761	68.59376333616819	0.7121968962560348	90.04191651351933	2.633737849551309	1.970558777369013	75.28210062750946	85.49690374880716	2.571330135745641	69.38075940485405	96.56288515375496
2.349025707370671	0.9354185769114582	73.32223688188785	113.5596584085885	34.12530705134324	47.96634861922364	2.959014260351676	48.52500736731531	43.35795257328469	43.60377160694858	86.89382466965051	111.1369090356957	96.91957254455815	71.81694728105978	0.3308983503067093	2.045087622629835	38.30620305658037	90.701875739881	52.00906930236067	70.05333693159781	1.854711355352892	44.07849957400643	51.45385630871567	91.39690824733567	2.77566759094382
2.678821859469804	2.775294814720977	95.66050278816616	116.8964008596317	0.22733541663301	17.09047277718682	1.107433829885189	67.74725512700228	0.1360121159216534	1.366137827750493	50.67378991970455	113.2185201082091	88.24019062840281	88.20462923792977	1.717143198986826	2.483925400749003	53.52867258477842	99.4108292641078	105.1200257239104	70.01500532658302	1.883155705106301	16.29378222834174	79.90884970048279	72.45051496559719	0.4261183312049872
91.11482172527663	111.0830788367404	1.887228644492086	1.98336004347534	103.1183630655318	95.99420293955106	67.08205954578278	1.460976073735013	102.8382016031641	92.90855380419144	97.89211891052072	38.88418504109586	52.87902175632129	63.37496831837572	92.62891763042796	103.9611903419763	0.9479757666297906	67.7923668628609	0.8586219336717791	2.461713691094085	79.19156949113814	78.49520932419468	0.6445646511273897	64.1263592395767	77.16142046612444
2.994983200641064	23.08056182576981	36.12969997768799	69.15204132925514	95.97955697027297	93.62582737228003	20.68300909130301	15.12294139296395	74.3283408237324	91.65073558241494	117.0665849513727	77.15693466135178	105.930954199166	103.9212582060376	7.38899544544805	38.32099978508777	0.5643998451750085	102.197957787573	26.53329812007098	2.381303543291498	51.40474595901011	91.49176075021592	1.973586820634564	80.77398185178843	18.71990781121291
65.53573116466097	69.50014726569555	2.132352854976627	6.503944602164349	107.0354215710618	91.86141911237036	54.97024389528781	0.5005148805606801	116.6176872818353	82.96836121480376	107.9548447899864	27.36109292594704	41.23382742837142	87.91303157274157	52.10840082856183	79.77147878840813	2.141702441074776	81.85878933458432	1.247046937858677	2.194372874015146	107.8084778716144	85.86212503879889	0.4029545030148757	84.41113690649311	85.90396627263317
2.731928373662548	57.35279210011328	3.838492012206626	66.25143858873336	110.4167018431041	97.87955168285109	54.03523864160692	1.92630724286832	76.23055485643162	71.41991142174876	117.7520155331683	88.5601758115709	83.05739317790074	105.7647054695719	17.96421909238209	30.96594126648056	0.2232839416552885	93.14696588742116	1.214391396486594	1.44606938885536	71.67111613164268	99.61806859300627	0.0893187372717931	80.95045113228244	60.16317518732059
0.6494712735782828	3.611167895110285	85.63371432208815	79.74763950762383	48.48380682921106	50.12162467175149	2.582137829492738	12.91627450260558	74.24916894681263	77.03473828601463	88.59788925620002	117.8839079777951	84.51826116205579	90.29710377427779	2.57834722028283	2.108942946989095	2.708835553424155	85.18286795181537	31.79331433612214	5.455316813045901	44.68636918038469	74.4261282153094	9.69319176205309	89.74809903386492	7.946120838987184
30.79667792456422	36.96567647787968	19.35694694996664	39.29150258848654	72.18357999640877	88.95374181827532	49.38780311966013	0.4353767965764629	76.13338766841271	65.63848748237619	98.82735499487256	97.60549245750624	99.80912523050436	88.50728116569256	19.87412967891952	36.67214606871217	1.264320650898223	99.72550258512339	0.537069732098665	1.153451585927422	92.71705719741888	78.82323550102559	0.4655408874674606	101.2180756542749	79.00970352908143
0.2154985748130249	2.165671540844121	97.89833075871667	99.24969060225325	42.94118110444572	32.64264534891561	1.885667450304488	45.81095630839148	24.28799922999782	47.01990177317532	88.31224690463434	84.45821381075569	120.9465987264247	91.25659457288072	1.474285306992585	2.118375159433031	32.36227387115441	79.2359387854442	63.86597239131001	45.97394566490638	1.459148248802394	58.11880513038238	55.97319306616926	99.62136437417645	2.903757116147278
57.54012015443429	87.93701860236249	2.581318409030394	5.064034260506766	113.9804311839648	116.4643546630152	51.80520871801245	0.4462718355460909	117.0283723817608	97.87656509501299	105.238311713329	59.33054321172406	59.84687299621669	65.20028003603018	73.9641282704024	78.61359072339155	2.957142686582159	76.41070311354117	0.7191809018893003	1.259578068785534	104.3911507821769	103.8683844499455	2.478931865539886	95.47997231228193	72.90275895937764
1.184007303335775	1.933730808046783	71.61301640441326	87.04485147997318	51.75720341223153	79.48542572330209	2.050409379310619	39.92094007751287	53.52516274328013	69.49393592281	98.72747489603789	84.89704978873257	83.75465302428003	106.3599891089258	2.897444821408818	10.62683782038554	0.6523127198963812	91.75932335036975	34.8900662384883	30.48482604762344	38.82940678074121	65.76674051911407	20.63781063011952	86.3123354231542	6.743777362680252
13.95150172779745	68.66608724661199	9.293885643698204	48.19855395867933	95.4386156420708	79.77546624951768	38.23922463707642	1.576367488244311	108.406997682239	72.801204818874	86.00830900194735	67.9176846115933	76.2901585260956	80.81249953422395	43.14619888524898	36.06972049675943	1.506414805701512	81.72029206267912	7.016380700041054	2.145478383807272	92.07135774480639	115.7586708398515	1.414078528504711	87.20999575710006	57.14423225441691
104.0603846527981	115.8069165612391	1.956786006170742	1.215886722994761	79.94724211193669	77.3399786161871	75.71155449435511	1.38441319418276	86.55724901354353	98.74125922182301	110.1956213670319	6.139417686899662	25.70257143699548	59.42213436834938	104.4483970221159	101.4539496630315	1.103230266826873	37.98039042072641	0.9715981623074179	1.338394121254345	112.4023180573306	118.4897648411485	2.490978829959156	77.89636099914914	104.3517287614708
75.63393481479531	98.57885286909733	2.746948962777418	2.90585086710201	82.10515827000836	110.263726051509	104.4257923078385	2.579135449537959	100.7702612594247	97.94348016377138	117.7503242331047	18.80257283193576	16.60946965850418	43.89001651023013	96.49002982311187	69.60168055664508	1.958209057205996	53.63613200640637	1.745816992225905	2.536888824501445	117.0633159077482	91.76019851389306	0.2440030413661738	85.63877136903729	78.41461086059159
21.9017591581938	55.75087304904642	38.53347269496351	32.99871981124502	95.82754267766364	75.61962480864129	49.34971461654337	2.554145518027926	84.36022909772743	104.9256139328255	110.131491158793	92.48006838643391	91.49754200208636	93.88948055752167	63.16580105803665	56.51093253333008	1.858156582684475	78.52756360907409	1.676730175179634	1.265931841420198	78.77372591291358	92.64192835592974	1.281382981319626	111.0807185099644	59.16854516516024
0.04116840301859162	2.244868243635527	99.21840064838089	78.27201601856646	31.06266628822959	45.31406064962292	1.396100007848335	66.92830050680071	16.00727809805505	7.544867814313591	74.14822688531214	99.73723998974604	85.67216821011924	99.92893427545738	2.856214813619271	1.45444788819139	48.71245023958859	78.80212606675589	76.12276685533223	45.92883568837473	4.030166699359739	38.93357508848014	67.37515880722287	76.46081611691936	2.463602829525243
1.795560992718801	34.02185307065094	27.03891621477391	86.95917403344782	81.56992656524872	68.03762091377632	24.48863508071106	1.066443775161781	83.76541911114776	88.93566496429844	111.3975285136422	93.16208691651909	71.3598917515933	100.7685534147469	1.676635785416425	32.47905862169688	2.538406708708772	88.485305975606	21.6682773061903	13.19322214561532	69.62265346050206	97.15083525580991	0.334450863269607	98.65535397420629	22.71922033660701
94.44948127746528	76.02181385450643	1.971606561473936	3.9978259026235	109.441943751243	111.7234340475121	93.18718689331718	2.423178197043161	83.48395536006214	96.64550325427862	120.9056928366476	38.68447347609037	35.79067759984429	81.62631979149566	84.30442956046642	85.02245363207896	0.7391549182052224	59.66564092699059	0.4629872533485898	1.139561013060571	97.26772283104273	85.40039290700706	0.6758286998441803	80.32159392159333	82.440589636287
72.54305399177132	61.26130443908498	1.718301242958044	12.14622805403423	118.2040146188605	121.3273611977446	58.19934110733951	1.488848782274808	79.40794821717434	96.27041771025432	104.9071860198249	51.80323970246779	82.27367896543788	88.5134503395869	76.89167602023949	71.40106835062457	1.50185069034671	76.71909346998387	0.448966650759802	2.660237220991699	70.98735617709994	119.7596486257972	2.461776538310735	100.4721304282136	67.18768247161896
1.154409332711223	1.67702310187793	48.67774717849042	73.15578939930735	51.63504120095662	67.02892368347352	0.1038141674901351	31.99977364498668	80.50594532102892	43.31928522229903	84.6041712326694	90.28381564787968	81.16773721498872	83.6946673373032	0.8380753562209737	2.154077251556306	2.571706282627335	100.5990145245985	48.03805724242346	2.438962980710929	29.72796026831742	80.34618679443372	26.28741842927874	100.1768526418232	14.09467980176984
42.39757818387335	46.41492111326237	39.81709885333446	29.26256829509171	70.08835999892044	101.5551378309378	13.36716922180765	2.872680052822512	91.78721045430771	79.41577105070317	89.7535592293227	69.4728199098428	81.09940490530676	106.8820450209602	44.43270816155686	30.72964313387868	1.063358977532328	87.27347173454041	1.603426591765693	2.423293084495196	73.19313527647151	115.6558405943993	2.718747152559258	89.26013818044179	46.10751637419028
86.33554455779411	108.8030419729337	0.7521253144197972	1.787599696767938	88.91794328059433	73.33499675620875	114.9436778495026	1.782776149039792	77.57686757813167	100.8778569152474	73.5841038583057	1.468676477765798	2.89099739465302	1.158677301051259	102.838724277111	86.47106211815931	1.576384331503793	1.305202341188164	0.8337707500067255	2.235690247229579	91.3205281304873	97.57860227765445	2.857669976436108	38.01081310356118	105.1986000821379
23.45684094686779	31.01634991730962	31.69107582291258	54.1532463259361	80.25549660364287	76.34237418480731	16.0610565843153	0.1669643451511263	82.61104929847201	103.5745317839493	91.69314623849766	69.03237938794048	71.81203881723719	110.5935007929723	18.32345303989565	45.23340169662347	2.798080879255264	79.64899195407027	8.31049480578374	0.04676684480271501	47.17788364196599	86.32317174259899	2.755455561510262	79.29146240404209	59.7995935277817
55.28705109757725	88.5522403128972	1.967489198461287	29.995802008506	113.1064491562889	100.8815257712868	48.72247838196007	1.894903933711487	121.0718632750388	118.8880054560533	83.67831455677587	47.39934689285739	58.65690997767989	101.7650898625189	58.2916609449893	74.7117688427584	2.495748737063039	62.51212480791699	2.409953254908773	1.946248253754222	82.91102799620285	99.59203727766065	1.467448207119962	75.94929095698701	92.28246068667781
80.35074142433204	83.09118427965527	0.5488299837220985	0.03694151835373308	82.89971411194351	113.6670233096878	115.1252765532815	2.747478159686777	85.27817125764969	101.1151097897205	74.26028469064859	1.07521665376094	0.8496211086509771	54.90541270973495	101.6212026530208	84.73357190537843	1.708462088386489	13.14741805430536	1.644308536675049	0.1758204247590311	80.90167511569281	119.9322597825597	2.278297088600788	43.68327718322261	116.6747291162832
121.1871038526796	116.2432369672838	0.9531723005031691	2.495175429299775	57.4834486357297	59.20881985119779	103.8615194439508	1.617784471736124	54.61635893978323	74.04495281390811	66.85996985466963	1.286401162860105	0.02585672120515306	2.587806443576297	75.71707444189673	97.37409806890264	1.607427617467379	1.657757776766855	0.6680347754455491	2.11553388185143	76.83259331128619	75.09168557373309	0.8830718824133932	0.817501755590031	104.4986603458741
93.17917613115189	67.84230191444743	1.8741983463792	1.516620448829007	40.75201532734367	66.08405445614514	75.86865583702968	1.829517922717917	32.38568840449719	81.40628265437536	50.53413566422438	2.311434351157664	2.40669995064985	2.245831741383429	110.3949066560821	81.42535742718067	1.396837711575364	0.6058405982801238	1.225146335779859	1.622159382381521	100.0917349271701	65.05707177152537	1.333320983741882	2.057601901109738	106.677771013273
98.16618487177314	86.28249590373356	0.8612179257039074	1.499077697845881	78.86981516429306	103.4397135808887	110.3009590754032	0.3518638347484132	76.6033049963639	95.91886528994374	87.60981420546993	2.784357845359481	1.608989766462863	27.8928023731109	85.23586141821687	115.8503155385394	0.9795378145267064	0.1737769800990229	0.008695182452957549	2.838726292979084	94.30513310669993	120.0943541017942	1.331984386159055	24.81783602439363	92.84052311674253
111.9870981689459	104.9389831496413	0.9763970228569105	1.272505359154924	47.25097165678962	68.68729914854418	112.2433409294109	0.9616865135641695	65.59065759148166	92.17311839810387	70.30457076914594	1.440606697777653	2.981778932634124	0.5427237390453246	100.6991380159904	89.45797625602015	0.5472277164776178	0.5375996612677709	0.8573303058196617	0.1797881761854059	84.77538929501802	104.0723176312521	0.6464960385085856	13.49690907579028	95.28310183665982
103.5415188248745	111.0514998464103	0.3119397455924123	2.995811963830038	89.14321872353143	65.66286832945568	95.61170010243985	1.756270684180782	54.30633152692907	81.47445806962821	47.82474512978325	1.465831664442535	2.051677524262557	6.102553821913361	110.1875759344888	80.72616789676854	2.813426345442988	1.358364253422015	1.386786420888069	2.874094044701155	88.55895431641858	70.21223065441801	1.437668597688766	11.90764178857743	102.3546728055298
0.6267546272930222	13.12775273574905	74.86818098851083	52.94577680420099	73.59458534494297	89.38464592972136	19.14533577410265	2.543882527819915	99.47951985490182	91.30867806783924	86.77848242805294	78.89369440935877	100.4327778492041	122.0738328607551	2.5900654756399	1.160023915977504	2.156660257836609	102.5214324022078	8.218003940758937	1.853091461994297	37.07717293219625	101.6074788083765	1.028599223980536	118.7263259532033	44.99489130056637
116.2800141371607	110.2542461998741	1.198779306333124	0.1986329998607859	80.97453549129806	89.44857157499698	112.0868816588957	0.29879994928162	110.1387932719924	79.95564398887439	86.55253618891334	2.543700540982269	2.045199094464787	44.52336186760145	112.1138330544073	108.9666091049349	0.475610633737893	40.04854875916659	1.32207674269043	1.785494602845899	95.71990361822353	77.92527044223854	1.770294187213273	46.02806730450382	90.10765682599188
28.2266291674174	26.52926133253118	55.63495138316213	63.00979434247439	86.48540703672847	88.01228407342285	0.7508485711363697	2.166301561480686	63.62257881937259	79.96853938026018	105.1998646611651	96.25089726068146	67.47827051269029	115.9499574321245	29.4099529986001	38.91591749118368	0.9901066341423002	109.3181052670482	12.14346693800716	2.536749829316999	42.29518360206517	103.3837791940625	2.166567783093962	104.8705530304463	50.91177462289453
57.32936847319898	83.06240513599411	0.3160507254255173	15.72844542567854	108.9841590748663	89.42596342219045	70.48076762050019	0.9048793228764658	105.7845813764786	118.8623982113728	83.71021561273142	44.10081638305363	71.53427887107875	57.04587266000503	81.27508009999052	63.43370684839232	0.1526504228614355	51.12733308934726	2.466101260844678	2.267956811223898	99.74289843743506	99.37012323496674	0.3285332044072903	66.73234183261054	112.0438073288965
86.18686490698494	95.39935013494392	0.8588464361903727	0.1541772107706392	72.374333610135	115.3926755273336	114.5272263216405	0.2081428074443494	109.2532246233313	92.09463055713437	90.61998340583261	2.945205762982999	0.8254538127570132	35.90786762389704	109.1099169853766	78.65263507106208	0.6506128572253516	13.68125581024475	0.05518896919003194	1.024917382854841	114.9082027248673	104.6320616339266	1.54615229906882	40.20504443769044	84.54079201044
96.59825882942704	115.5464188067466	2.705584703068721	1.110527831158262	81.1010147119795	94.47340225985485	96.26907235654916	0.2288057882841735	93.6858416016746	98.45711077643021	72.74567309329123	2.996347119249657	2.336244191492174	32.9080321508424	100.6524215453264	108.7459560322778	2.597078891718647	23.94381266500881	2.775116123605875	1.081415185779751	77.50425503812427	97.34228204736209	0.04381097400821946	46.86103426614139	106.7484748078478
65.26670323797984	74.15516917007136	2.443333197209456	0.2595662735628574	77.60027235353041	114.4571771844826	81.32055930115561	2.26263561098089	116.37770607367	105.4139525966994	88.93936670528058	47.11676121330832	43.29235320631295	72.09283631630339	85.47709238969296	76.85398233262407	1.652384570854964	83.12994311793027	2.589039743027411	0.705469818508649	92.32994368008015	112.4685895613671	1.046743133899941	62.28499871407946	101.3814993075044
46.22895047224007	76.39726306813711	4.484408394384477	23.29191756568821	120.5099644942057	77.58929898483845	59.23242192417037	2.061341200867557	101.7412297471132	102.7755397116552	97.45700570240808	64.60082956922207	70.7660902073975	80.32967326499727	65.78022896870894	53.15095765504722	1.131253240260545	79.97652883938677	1.896407977063418	2.316699535577918	78.76465734126671	114.8800826598463	1.065663221086667	91.33055476395477	64.90342440342788
99.34283665907601	89.21500849903427	1.144962058642577	2.084102009129465	79.32360848814233	93.7046700572153	97.7160110649567	0.3991543902382278	98.0808494037386	101.5723593049639	114.2900568504472	4.870980306790916	39.96255367546905	48.47477194134609	75.68064953140893	110.4856386994546	1.4778575470739	75.66896129575974	0.258819776261923	1.529893592653423	86.03221770154147	103.7828191777788	0.8291561069764024	68.11688401238629	110.3592031560715
91.78557520293242	88.97101655353106	1.472952679588838	0.8632127393454765	83.7719823822534	85.5694664880465	115.7628575747808	1.729505997478343	57.8412877810525	100.892679136197	60.28915755708942	1.014663127572059	2.787417950054144	1.431329322644209	91.18699890759694	96.69204481330135	0.9440209002684001	2.078600234647384	1.072109134947812	0.8592505486058168	101.273820277245	84.46045941769931	1.192933162581241	29.20186686068307	79.48521564993342
88.04829576471882	102.8656881206527	0.8446549336378004	2.532954850836175	71.59265083069492	99.99313274466425	101.3156555393151	2.973527109797395	88.60592466249628	82.74063531600147	103.2467636779034	1.533973738847474	2.717397422723974	44.55334918471999	116.354531725417	119.1934229563766	1.59309250993988	17.05003781381885	2.191353190550884	0.2808628908888642	108.6730881116064	88.72986635077473	0.7387860107527264	55.46782663927583	109.6419836306021
72.73540697180913	104.3767395351192	2.212758029743082	2.025660330055331	91.93996840452456	111.2886576339009	87.58212340717074	1.309413246226045	89.40625154061462	105.0122220136672	86.9914733195165	3.310866393616152	3.630825567464328	57.59446757273496	74.72597916332413	74.59092922740189	1.359714095847625	31.05372124652767	1.684823153629665	0.6784836553977678	100.1507130946616	94.45432656818696	2.00145298350306	65.38772992625363	86.61844518228163
29.86029467825764	21.6234427140736	2.03184205734471	2.921048581415618	1.48805377760059	1.266699838675196	48.26593272527131	0.4632098573439669	0.6871446065815663	2.608747186516468	0.7837971260174375	1.30238989323417	1.959456879366318	0.7959263251420867	25.46505965585645	24.87059542864228	1.791468125284995	2.692383695619558	1.288326111033273	2.220157804515639	0.5426752883931116	0.3312649760139655	2.664829129283873	2.882235179848704	52.05666572528349
71.67619498829394	76.41725092050157	2.902238618464616	1.671183963950411	1.335718149491855	13.24271056768949	77.80518083165526	2.904228382166138	4.275459841386109	49.58660409295092	0.04337659041140277	1.450318109447053	0.76813339568474	1.426207106931985	64.02617939273014	95.18350298945032	1.691056330811047	1.726789281242994	2.764540605473629	1.809482075808701	44.53357106233	10.15221057305758	2.996887880535201	2.880682665891785	63.13092813395704
