2.494764410915681	0.6793858795412464	70.12907371221048	115.9712394041611	2.58923541480128	0.6170656650051218	2.333318456829153	93.22268900856238	0.4056245733683826	0.9147039380276822	28.55972586012916	103.1225812429318	123.5573112634482	48.28302604058905	1.37258002003802	1.293696459804039	106.4938087232667	71.33032770354406	102.3735657497708	73.14799644982376	2.216408130753993	4.180004612139662	84.28493206082152	70.7079306443441	0.1268989090187738
0.8827538476934806	0.488430181913226	49.69411858657007	108.6489595066448	86.44648170277353	78.91345747328731	2.939708477608526	5.462912961487554	80.58859143814752	61.51795004501754	103.5993768159776	78.92524018725442	111.1119528411447	82.53752634099557	0.5588943457897348	8.57847611469046	3.291864815230539	71.49265238444768	36.57613364390281	33.90636481550143	2.129019244857247	78.68309332090064	47.49222170258122	113.690020158618	1.641517832361207
0.9073704097762165	8.987818403519128	18.69315186049187	70.25162157963786	76.84820692092404	57.41744722924362	8.688193035614873	2.42640940342551	96.94201781513206	61.5127325891076	73.86614597318997	79.1546482459878	76.56941003182719	84.13503001937531	27.72232288255616	30.4229375364641	1.318138040564825	104.296967682191	0.8412180871170953	0.6387557991857193	37.59784458864252	110.8198170244706	3.289042685742004	92.70803569274149	46.00323691826188
2.034603221387319	62.05892016447865	53.50404057283357	25.17626530611925	103.5424152080116	122.7989958884448	43.58364366283165	0.1311320323320315	86.93601960508299	94.63336338225119	112.6085302600926	57.03246870036278	98.06323498572181	74.76224495544312	61.87076506232367	40.64525777449101	0.5663659378755583	82.90692603046202	2.352028614395415	1.58392956266369	57.90510410622741	98.9128280428566	0.3048225779421091	119.0751792325616	44.144681972207
1.620947091820209	1.753650977096763	90.58148347131703	72.67832767082292	18.71870019318952	46.51832991543637	0.1929338015375212	76.2109776757695	45.05472713725382	16.97839463939736	39.54192353150907	126.4125694706842	99.09697165484684	62.75622980488868	1.261704306329496	0.9712763381646754	74.26693396563587	72.48782836951192	105.0651248958113	63.6339996622562	1.584782701651212	58.5920970575045	40.05547061286299	79.66389339298321	0.7437528395942972
7.975899947740885	16.53331276344529	87.91641714491959	55.49184162871322	101.7762803016122	97.39667054707576	0.2483189962602053	2.607550654663206	64.20817066207502	82.15494691927981	114.6536482894953	88.80258774851288	115.5745276988909	86.53090154272029	0.6277146221254291	0.9708383320291383	2.110817541996405	81.35989205315346	19.38972807739138	1.526611526841557	59.62806485231135	99.22627152956522	0.0003417986503207127	117.3989345407389	27.55889833101313
0.6438828735001072	0.9407612257896323	112.604405062631	121.0707052410479	16.83630039593073	1.079776239517976	0.4989952763752688	86.04454204642306	4.966934745265071	2.028142965146887	44.4662159255742	96.56808640801376	105.711102148997	38.5334539657744	2.58477097366185	0.8241269015772212	70.55647087722485	104.8920185718603	64.53934339525048	60.68638984788615	2.684903512764599	46.50164981768017	76.3158909770786	51.14111872284585	2.470160428693449
83.50710696289516	79.41739150053701	0.8564689370532832	0.5381513255345121	98.63241915679421	121.2588306607911	76.29585845470291	1.649528720341206	97.75051891918099	93.46701620940595	121.9095805906644	18.57566331617885	21.95388743377335	89.32332468872656	87.23567869115789	79.46475972112411	1.684061710069004	100.2256644654361	2.77222722265881	0.002119871739122448	83.08593136982451	73.22883820071402	0.5014879685492799	115.2640206130735	109.8351531868987
2.378048279338093	0.7854109576645036	75.06104949123285	77.54652824587401	78.63931634768619	74.09564771213957	1.586447857597364	28.78716757538806	77.1896673265932	73.64969588014722	102.9477474650733	86.68448610531243	92.0867746705958	73.68515611198224	1.971277756652664	29.98308822667909	0.1551284324754747	119.147001207121	26.92349565207347	1.563209983965894	18.19308953510119	102.3351862100761	11.80349344189298	80.32671310957141	30.89806819894979
29.3560978248263	75.59969990343903	44.96508436364437	25.57931866082271	88.99912753882028	96.53206497246747	64.15552677808287	0.838091031764324	78.29626092480511	92.69815920809413	125.6461709927386	58.87060068106101	93.27201759232503	102.0338194291539	45.2479418766117	80.14858938843379	2.891107205522847	115.7549732678703	1.206077992672672	1.173217016946182	79.23438276730131	84.26892878086365	2.159435557260615	81.46318338857394	86.79719638941094
28.91291377691675	46.31918691331967	1.897959198301449	33.79006256901177	93.02823419869397	71.23947065723317	55.37003213292266	2.065504220253885	97.53937597612948	92.3359760229047	71.94262088266598	58.32713607470657	70.1100602835326	79.60874042952373	40.58187218961255	37.70079871269979	2.155880394258173	97.22299114846794	2.563733282210928	2.75290499326558	76.38324505849099	105.0460639999554	2.538344241708908	109.8989859921554	90.93557157148857
61.83340008421445	90.6599871562473	0.5861041002283831	1.725159316548715	117.2087501757308	121.5028474568738	70.66616569315138	0.2099355288268582	128.6191911118169	108.9789302504679	123.8580472155834	37.4254469397827	40.17797288024182	60.59676780807388	90.08467101231776	102.7149790749336	0.4757785404435815	32.53212396559061	2.889780715794948	0.4077115896482057	113.6148760459552	88.31989677690598	2.7569973000208	94.49289162892765	107.985873477725
47.55090818522264	54.8456859080878	0.7977648550094167	0.3838125623892364	108.5293790263994	94.24783927753658	76.898836418233	1.887506608621754	125.8488809717512	107.7950373878577	71.94277822507223	35.02357833588968	47.6726422067144	78.49192531487856	31.76228718365705	95.91643395399132	1.78199114716009	108.1248618464099	0.9073002106804766	0.7638526606202145	116.9096981580201	125.8131920339478	2.435611543061978	110.7258387171428	100.0988153186054
2.836666063843685	1.266376413973664	91.32223259551395	62.06677432273477	60.94901556933269	86.87113531384037	0.9194193356042499	0.7041842581512181	76.31335496930652	37.84666238120992	123.7960453242035	114.2451546494751	99.56717807675216	80.85205828535041	2.49970558936141	1.039044512264726	1.931209644180292	92.90863257855206	4.970495020878168	21.34246830325293	56.36229934649472	70.14228903373848	1.938448068534868	90.71217829808582	3.043144678070121
14.00795128015195	19.64232095583121	28.28638456051847	77.79978958338863	68.92078251641112	89.2397465100066	0.3453129805414691	0.6017976862433645	70.99160043661303	72.48805517508482	98.03410129074859	67.22219442284307	65.79371898357159	80.35799243690562	1.240308673396388	7.777528023678954	0.2230794247295871	121.1930056832405	6.783553278899994	0.6050319376905393	83.32122683868846	102.8890685935562	0.7213612054419709	100.1066351379878	40.60711335809955
110.7458980621902	100.9554719154971	0.6044541511320194	0.2360196681503814	93.16883219167558	113.4249619952235	111.0367646070292	1.744903587950719	85.66081222014256	103.8223593120818	76.56399756111358	21.9382267676808	35.16982445024351	61.16383515766049	85.58904050457326	77.69893315178982	1.001559654613407	60.91171617523966	2.909641350342274	0.8594332153869233	95.38568672381382	125.6338512734714	2.321953172729802	40.35955767346572	91.08299511118415
67.78512069093432	82.84721355859749	0.7648619037567193	1.559046783039282	126.4552176422982	127.9949358829913	51.22518961061506	0.9136721493092974	110.0030341554703	69.81184827920491	94.04113581554439	40.67992091255934	61.07909176081606	57.91732801156667	88.23643433302954	93.59404195840412	2.297164672018719	66.85124306886567	0.998724548200514	2.771615165763948	94.31114759725217	86.47172985805099	1.081623549293727	108.2028591718188	74.95990723595341
79.00501754758847	94.84777678684762	1.040573336454278	2.910016917061762	100.524926305458	78.33805150135584	108.4183929551879	0.831397130049885	101.1499978749774	109.2217689901881	64.18038703067121	0.9633102409431484	0.2253079234840835	6.321096023068236	91.77526179128587	111.381223260688	1.858403134860691	5.754855533672064	0.154985400300529	2.257451228199465	78.98688503588519	96.7678180636813	1.559446550076701	1.536382837821769	93.21792943710334
40.54373824016272	104.8308130258455	11.56811285310584	32.25433242982189	103.0333135413289	70.36445288855838	57.8771159371482	1.690966283171954	99.25147240491907	124.941399916278	126.6710773244556	27.62084643732479	40.0525784842096	103.9503352104206	82.58520485093558	95.72825983378789	2.075644005566606	100.5340543288999	1.477944897807949	1.019399333589684	117.1912164211299	91.15761905367269	0.3630747983841233	79.17221572534525	69.84110053897027
96.12975982842104	101.7599946217881	0.5666928018449191	14.25898532761986	88.61194601869948	101.4216252388943	107.0023610608512	1.682152535307669	84.28680827123235	116.569805873953	102.5442530011714	29.83210357236194	55.02495023841033	97.17503032486852	52.30693215998683	111.9365263515866	1.985660954651916	69.59807364867575	1.005689197468121	2.651706630726387	68.8934995618181	98.44371991953227	2.294426675862683	83.95690625378938	120.2412823058179
11.41382460675977	12.32803854754017	61.55371578687539	61.95511115107196	91.68555637685947	91.76713461306881	20.7044899391538	12.03979777286875	104.7213909699626	55.74307384624788	72.41835323595919	80.97932187339866	91.14206291647596	82.29074073547189	1.865492465020452	16.10233713404567	0.5714269711375752	97.07525980183304	30.90151310005262	0.4442896199589368	48.44035327707441	74.17933419547322	2.506153137338068	120.2885678759744	71.56284757898317
2.274335351150822	45.94526878918668	48.53143819010089	90.60355011420933	52.58210133155973	61.93924806126587	29.01492009755654	5.080054794445743	93.17068137537336	84.22080657431749	127.0235337272786	110.413499227716	109.975917323694	91.69089182270847	3.247260030229661	31.14675962288299	0.06648826911365049	111.6974640525891	27.44742003659471	1.908667172403111	50.12125919137443	104.3429722006211	1.532571851064788	109.4304360265489	62.00168703652876
1.838679475883498	12.73556550308989	22.8272039090409	45.09085678451187	58.40631891123341	114.5169118637977	18.07488786983204	1.51483358069073	70.35404098542338	93.59864288698512	93.9718645755725	60.99311686310416	71.38232301232097	73.76161583939113	34.49127639479441	14.50733538259646	1.693746877992653	118.3433196926248	24.4596758682812	14.37461219207547	83.07284301601254	78.69071901448007	2.359094662387486	79.74510058307609	59.38579722138866
50.53475738992579	63.94449827576371	0.192725867571553	1.984920769008643	75.99361724176229	124.0377134882077	97.12878936483786	0.5773778070394693	116.3114025781796	120.5971049022311	88.92785094422536	45.93235771810515	40.21542225061421	60.05545108802389	94.52604173271769	105.7552552254566	2.586214489428409	91.8971918628184	0.3589711124871248	2.582705780956686	111.232896450617	109.8578645275234	1.21796616729296	64.60811471962315	76.18800945187003
75.61268963794876	83.52061555640113	2.225515576496792	2.391762823954889	89.00231276301686	74.25714599405262	76.6704758654992	2.001377479514911	104.6568662759883	111.9443860494785	97.16259555211977	0.1420628378162122	9.109719875146546	50.18281859825021	102.9909115320621	123.9148119401884	2.70040473180511	21.90891625957514	2.832103938481076	2.018897508560885	125.7165269027884	113.1866773774729	0.2202796319983978	59.50731892789058	110.125171556632
99.30406498570852	87.72516106383743	0.9760469444842925	1.18180309623429	107.491481496884	80.20190795211658	82.29545375826592	1.48669884659615	78.69993700584341	116.0190095281021	90.58461513194264	6.759907356593345	15.3569873787534	39.67769210956206	88.16903261030743	72.22755819946985	2.085465798863001	50.23367548247035	2.571404031504761	2.823587177551195	73.29203459393786	90.05690397407824	2.773082719290696	78.81092678117071	74.83612364180516
2.191507712443533	57.3805922692961	51.27034983155772	56.08520888845128	64.90548735522664	70.34780937873008	9.574048938221786	2.267525384278123	100.2510952001534	69.7361251524101	116.4756723187202	95.2052130235069	69.46455059929636	127.7347313355633	3.1116730905606	13.5363568359881	2.68360559652769	118.4597350593624	17.79361564819389	6.711702042358603	41.85319462667385	116.5468636402352	2.968376759205112	88.81509046392628	71.86898168039362
104.9673953870622	87.50034705808852	2.67428415903177	0.2285964944327704	90.16027095743493	108.2472664107654	99.30491571983768	1.08218777011738	110.0401571144412	73.41112830954833	94.46679240659662	1.976627238902718	1.137438926000678	0.06761439493023949	95.7401013257398	69.47670614749231	2.650056696380183	12.88951557612612	1.618323032204764	1.282182609457426	75.5494730728069	121.7632422622259	2.704257753666064	51.05424530231397	116.3822747951177
107.1840300783797	123.1743967482779	2.259820532092832	2.60159200954843	88.63801328628678	77.17715665970468	74.4440350526702	2.785098686070015	92.94075310915505	110.5442403198452	89.69342035562553	2.027246510630902	1.13028509871954	17.78800357220859	129.4382677351225	111.1118325251934	1.231910831583582	0.6602626549714501	2.037479331990626	0.2421853405503449	115.0799514333115	106.7857496628677	1.546099419558731	4.406757985116208	84.83064906876541
1.138828773139125	50.37839361612932	48.23638402027619	52.53646589994146	61.05552815329078	82.82314121491106	1.966527442753033	1.815990504319966	83.16450688239112	97.94092287832797	103.2087465316834	67.96375792104268	120.3417795501657	72.2277307385914	1.073111762955027	44.05573657292268	0.7748288736426758	89.01930319385907	8.657071028410314	0.0681586137965037	31.62671603660851	103.8036159505049	8.64535784656232	111.2104694284121	14.70574435130766
75.39777565789409	123.1376411075532	1.794625889757446	1.157162479375823	79.01848235654987	115.3908047783742	99.73571743887163	0.9632800553090095	68.35120987781586	90.14028131593118	86.36010230175988	4.037052022790398	1.024389796069319	8.426017915673555	103.5474629391958	82.04504210362377	0.2712886534775679	39.46635365340106	0.01410610704825201	2.140154508746225	78.92540563775125	110.4045433823463	0.6053396418959123	48.70554773350473	109.3810587182127
46.66603650595624	34.87711939291879	46.51301119859846	69.97630201844053	81.4255722761508	119.9967522182806	41.68830118417551	1.684514926588669	92.40108020246558	87.91321368119607	73.53314417815729	64.87226621479859	90.90616759776347	115.0481100824113	60.18172679465289	33.3075052279046	0.9626997738835721	121.1340416948992	1.962784090187319	2.473566593233379	56.24553720858449	83.17179525090059	0.6391216271919624	70.57001072405684	36.73373615922476
115.9427336577063	111.2406767055456	0.7565131202224968	0.6210838907777625	58.11820994085969	83.39156608991374	109.962876239106	1.374859478227544	65.51491424676794	96.8822235857365	87.11569016967823	1.002718081585895	0.02757213934404881	21.41903035643571	93.29257182439414	95.79324178207814	0.5697608473932256	31.93359913622096	0.149910338594612	0.3770136693265646	123.1816065966275	99.12192992667738	2.176288983085233	11.23975223393133	111.6570685181418
74.13017022350347	73.08885930728194	2.581582047383789	0.8626136623422476	58.2530311939514	96.99585015076852	103.735263484838	0.02820287339227814	105.1819217008739	67.71338660383478	72.25868082864565	0.3411200605543558	0.3576568301748108	22.71962049384737	74.66238088873502	100.5448389836958	2.579950233685845	2.656772059356245	0.8367441935695354	2.030898987463848	126.2203803751147	99.07074465869414	0.1842035702829221	35.08530046330254	83.00521959104663
85.00829853878169	76.78928366491317	2.246176973276755	2.823792620991197	57.7501004331904	55.78590485196665	95.96227651528891	0.7112684177585678	35.68080015056532	74.9581492785933	33.32744342523435	2.944227842082305	0.96571424724777	0.6181871596169628	97.9668017225809	111.0932064678244	2.536576689722307	1.913267508182821	2.627449591392164	1.600679362535919	101.9727373950239	52.39004884005702	1.533342439085507	0.1477801632754076	128.3249453487163
122.8323763916283	71.0843740462183	1.394994358448593	0.3039753064539606	67.32070476420483	89.50754972523706	71.18432601525497	1.43736430280555	47.08702931178968	57.12395310043303	68.31635241708273	1.831639796051585	1.516705010853517	1.815102496920508	104.4104649395179	96.38113980101259	0.2751851916675875	0.4908228832849547	2.620953231320641	0.05776693197406027	112.5014969658292	111.0118085910415	0.1590941572552446	1.987892991138847	118.9328188967197
127.056531563468	109.3078007569049	0.02084801636438473	0.1436458214472481	65.3572104423678	82.54877216045638	107.3136267960132	0.4465656426899197	51.78797138501633	100.4897439214386	88.85100561681821	2.308859224482596	1.237336962630166	1.214580381158407	125.0660372551352	115.0067413307226	2.799800549903262	0.1420008494541039	1.319889415565046	2.916441830317921	72.29237027653174	121.0542907457644	1.601361833596461	37.74276847258116	116.2162368932208
7.291169919556467	53.90677738707812	34.59089096307514	65.20815061830289	57.88858465869501	78.01827660725282	21.87679878259196	6.791669633721355	55.68380144485882	53.57289401584561	71.25384895611147	98.21646851830513	84.0408553349032	107.0769991676256	14.17086082130919	56.83569065190548	0.3447351006455213	83.79366533546167	11.5843136509331	0.8988832062964849	52.26170650357449	95.24323700446101	0.8318064019080482	79.65508506450571	34.4166261192089
116.5317711408492	76.73783601418158	0.01497449907971506	1.591836150472867	45.77387024753862	52.3660556948215	97.67829399111822	1.430472679474056	56.19478014333507	62.85862721165445	44.79655652956518	1.457703321259587	0.8188993676201868	1.457235123080168	91.66989819102295	83.11054018869545	1.782761593013546	2.021600037756643	1.41278515262425	0.4079492605944584	92.92688017268358	89.26751524520716	1.128413962730126	2.265626386625412	98.41059651940407
99.39519967360596	68.11922839433736	0.4677900264090118	1.557480598371044	62.52773270149103	89.76163642173194	126.5884318671928	1.128020286952952	95.40097212013744	80.62478474015056	48.79218127316172	1.871700780385215	1.053215085338829	1.952112609434366	96.25479379220135	90.85838746629666	1.398656280823907	1.101845972447146	0.02744206350070069	2.541236061055485	105.2778463396284	82.71872367886178	1.919443558725569	0.7906642792920948	123.8702149458327
116.2794770685722	70.99949831027371	1.783186932970803	0.8949123711918312	73.19598248305248	94.32879673795738	92.42289088513819	0.4457101495903862	49.76586082404737	74.66506254523875	20.7741510941225	1.653371813010028	2.028213744832157	0.8466783034467191	67.6043474928773	99.06839244298948	1.983446863471601	2.829735830309913	2.202279222611091	0.7250955635343264	64.84993965758193	74.35523741655871	1.558209852911085	2.436652631098808	124.9173130609933
49.69999140904837	61.56092335548833	1.73674214089624	1.82905434091217	92.91463992462022	119.0945175818166	79.81069991669992	2.279512466631312	123.2702171529344	82.44869452410462	74.64959039513381	36.06609867621728	38.56674509200346	99.36366000412585	73.06275625562839	108.669795599996	0.5906414933715107	90.14861266141884	0.7137923490252385	2.16798923763014	115.8756458821115	101.3883875815804	2.026582913671009	62.00628753803795	108.6560546792255
67.5239838309636	92.5327557121858	0.1027206802484135	2.583942919149318	90.33629422384024	114.6564135809594	70.98681965151832	0.08484769347163315	70.33789592304009	91.07673432326746	119.1319699684453	23.26161902801798	50.44019154629159	89.8207945228713	76.09148642982751	76.63019931529112	0.2095741758002294	85.13687251518073	1.949339956393517	0.9057979682873298	75.43904165959059	114.2704768111756	2.345850129072563	79.47112560658397	124.5443744944095
114.6156834782692	62.85134833951739	1.776669165641646	2.981124807338009	21.20101182777915	48.88223808964972	108.5805835324751	2.963716649612442	51.21666570276619	72.92490767813877	37.9465745699199	1.64513272712479	1.375562083024132	0.2882156914045234	96.66689588761484	120.163850525328	2.026435539034889	1.419017443331384	0.1142404749750727	0.4235410102291761	70.48115061788096	45.77870045462015	2.372058572950263	2.423546150576307	115.5811284072167
69.50629897458981	88.20853793680612	0.7591706226325325	1.823771877439285	89.50867023265397	100.7334297761645	62.14954249384931	0.0872990002736708	106.2060498680873	82.18608319688529	105.6122345961297	61.93190229774446	92.26454668266481	110.2559597961163	58.53283315274733	45.15309521178153	2.655448218516727	73.79181446430761	2.496374468148609	0.7229201138338983	94.57807134612612	97.24074976369847	2.069473365464913	94.45334209722319	81.79076479089879
125.2866737542662	85.9954923151774	1.507928440609581	0.8373236507066959	60.86840063497469	83.56758735033611	96.51765301235164	2.741564372671353	80.70604913153129	79.24618090501029	68.93719381676475	0.526599616352972	2.668642008915799	14.72204941943535	114.0467045274863	91.46501655920301	2.246249914354554	10.19689305884419	1.140853739766331	1.248157602602976	89.87311200558106	89.10464418936338	0.5926964768002303	63.34168429406407	109.3723242374473
125.3184943081649	100.5494301705413	1.751855047150287	0.5746319139099989	70.06276802092832	99.85406070536825	124.1854730848458	0.1687986788949768	50.76219755020948	94.57953915663181	55.51137490568649	1.428458788448329	2.681044733629356	1.166920241903268	128.9302758998323	78.18673651149254	0.5720206404893362	0.08151102797924428	0.7993326773400282	2.281231912620104	99.24532125981017	90.88059908684956	0.9384041407359904	23.90538476433136	104.6522372204671
122.6298243419042	124.4057251612087	0.9276857888337109	2.771801187911275	69.32980068694623	97.01106376501789	118.3424543947412	1.501000838406182	119.9312536882694	108.9389576785471	104.5543478064705	0.8641090442270558	1.869612750668187	16.67899916118803	81.35231251661921	117.0161353811301	0.06385912118623241	44.54275858331363	2.128644532909712	1.46571215475229	80.2869599609276	114.1733683907435	1.677989658858726	64.53322518589962	71.35457699033032
32.89196059097788	14.52592661596569	2.941063704011665	0.387088427245254	1.349510151228005	1.093988564933546	64.91864242239559	0.2537480313219606	2.031099852490911	4.882383690993585	0.4586795139664471	2.633907557084362	1.442206164868377	1.818525569222331	25.30284203512435	62.96330225245336	2.468179251691422	2.484421555662609	1.441396078976654	0.7805566220366864	0.4771883200999696	1.839552130394831	0.02365920544297742	0.7248750636323158	23.99768183367317
45.7967427654785	51.17484971933268	0.4057090649873459	1.088340376886437	2.607622380415572	2.839719249443302	61.48739735191101	0.9558411008875185	9.742382523105782	22.3926310912139	0.6220249384008489	1.79013923016566	0.4829061700761513	1.691558451982902	43.1874806731159	96.94221240571824	0.1960009706766106	1.579129348238091	1.564031547778499	0.2858098863607736	59.44596292014745	28.79380467905067	0.05685255615590981	0.9089877510384419	51.49775887912097
