0.6762396743801922	0.6657420916250683	73.31489954458513	86.72691340188089	32.96721939914406	47.6907717125641	0.766475709179957	98.46677222044477	34.24700639945961	45.96215649772726	55.37318946935578	69.01993414038756	74.50504643822291	70.24405398693676	0.4533378586858628	0.7633168270201474	119.0667318732678	92.91884371486852	75.956793066874	120.7155700072692	9.521994377407985	15.88359854887781	107.8292625264731	77.01842695541164	3.805380500480339
55.23339093459634	49.36280130757996	72.59437680249833	68.00592080120553	63.81446314870786	100.6894992792821	76.94767132511743	81.81084171746392	66.02814418787449	94.82063976574497	121.1791499058328	105.0213877961166	72.96069554148542	74.10586452858539	40.97550928558587	44.38448846370474	39.43151460207531	79.87723883529232	48.36090451873676	51.80207046784192	76.42673710222812	68.19680301692392	46.87083368363814	93.54865369551197	72.42031303314715
26.87226076195086	9.721751180043668	86.75651655726367	79.85503401734043	89.77142572519971	49.04629696993653	32.67414325127883	98.65043951735595	74.41037333645326	85.73271146126855	106.8662101870253	101.4909732124376	98.44997447416503	85.05111539413984	8.153489399469578	29.77171343073584	58.81828516486246	114.9356711049884	75.64846709044824	86.72845886516345	52.54399531598233	79.51288674529329	84.58305039649923	93.15585288889642	15.40448413364759
0.3764274976920151	1.490769437916207	84.52756052871679	116.2858936160405	31.41726590824792	28.91845559086889	0.979037413321687	113.2797262433037	23.44282549785535	35.10485726616558	85.41417848740923	110.288575981933	112.2972847474122	94.79235951528204	0.7396781689709184	31.26244985140357	72.00056945440258	83.17689767509708	77.41208047281388	91.11404010135139	31.84369758573131	40.46520213595866	82.9637460001715	85.34902343637725	11.15031966130731
0.5641358762617736	22.04025446753825	93.50266261044982	115.3768115214795	40.59669670646915	50.34343842277607	0.5360569582395216	111.5406662465886	30.54477076866691	15.22965515033048	39.07153365521981	127.1942764377287	71.56129711098983	79.56844032193369	0.7345608869869977	0.3148179197365124	113.0278938782455	112.0903527898024	80.0908120653468	122.2701249824873	35.57957091151061	38.71669932482679	80.26073066404733	49.24143799504198	28.12916024482112
39.01951369206331	25.82529180327598	100.9893788774887	110.1532637908067	95.50061136319032	63.61260440131257	44.32090896398464	81.6392220640117	71.58058427009418	71.45663498476536	71.5898600501674	99.89763095189727	94.74416187691259	76.3341732434701	7.185559191637232	23.88302902766003	87.95512531240841	128.5210728967478	66.93864014901696	86.6126554223564	58.74614031367311	71.2087017971559	104.5481254644922	104.2352617431632	54.82454322553411
50.58365326164929	78.25262744271205	55.49347483163177	77.93606666048566	102.6027765631692	113.7424666230814	66.43676836816651	31.96521158816341	106.5677713334114	70.84562410775365	73.74930478890782	93.74050586288237	96.5395835969226	75.48414823550726	76.06727293145975	78.2282094898455	28.00494988974921	115.6703331613859	21.02369569989418	10.98936427123024	118.9810171465874	111.6663384855001	4.676006677137593	76.07402348622185	72.77555587093967
12.62799251182793	27.88458114855205	89.04522684105477	119.7699778130509	75.4283485402684	62.60200822289698	30.5739562728234	100.7958727668465	79.54190951444346	36.78709378504985	68.94870424181541	128.4768137542902	128.1249471582958	109.6558853005251	8.976790693837238	33.36106662232453	73.50378144548735	79.75584605240125	122.6868455908584	105.4974769064605	69.12257627697247	98.00824880195424	106.1240949748456	93.75676888485009	7.065630539015196
1.380161061772699	0.480660617753784	113.4126793685643	120.5038739043557	38.85053821696383	75.80493887080641	0.993860199439734	80.79297270704606	28.12750533024952	58.05511515229615	99.22254039886244	106.0257775783528	125.1441713298346	79.63218653966283	15.12672542079924	38.54130998258893	118.8882620783686	83.31655785774299	114.9741698088244	112.7203126965167	50.97341030118071	90.53026232020511	79.82774994438581	54.45195046411227	0.3884834752129733
81.46062075070544	69.73193345289657	72.02006134787661	59.75679997735554	128.5762900788275	90.7944608414452	99.59815266566233	5.594655083265437	89.00017856279172	112.8475300193818	107.6317541607084	59.87790283248714	76.75466365505287	121.2006970878634	104.2633996627213	71.82478811995222	24.67332390633602	67.15228177807474	30.02658031316257	38.93462924564555	103.7086124529219	115.8048958533944	25.3071315468097	76.18991031741348	103.989134149945
67.63551249458142	94.81339181333385	30.24241841487231	54.94402421703391	75.07734097945827	85.9305446186152	119.3094605817872	0.01543527261107271	110.5119589542483	95.55673422111204	100.5302906829257	37.49462743344873	69.55224933232751	55.0508198725809	77.73420586084923	92.3121067574321	2.370973179440079	95.29954955117532	8.213372946410018	4.026316027758853	110.4431926895317	82.88552628316776	1.599283019226959	96.32146568855944	86.48854849342916
2.062660083266728	60.12750290334169	88.59274508887587	113.7634736194706	68.70912887113508	55.94853118133985	1.263710739810959	83.34086109351948	52.33647226304181	48.93698405198198	90.18999979759379	124.9143880225342	73.16287690197426	78.80884590034556	2.178663931649676	6.001895003743918	61.15476137204128	110.5664237011488	75.82627799217306	67.96485668108568	20.17616679690508	86.20420667566145	87.71982615799007	70.2723308562615	26.08242617279113
0.8109750503491475	48.35907688315304	119.2453773656499	101.2188084104467	78.87829251778521	66.48876245100479	33.97606053404509	98.66908990766419	64.92689650151934	80.49800856897997	112.4941869849943	124.1912213898249	126.6529864130276	85.19978246418231	30.57564334968516	23.61521584354955	81.76390414401061	76.41343188300502	72.49720108442409	112.6284860227376	45.1220455345773	92.91090064039736	99.94445733872629	83.52185359711136	38.55167339012681
109.0651840682702	118.0087601406156	39.76479996129741	40.93222323301751	105.5441177257386	89.14456795385456	107.8338550913126	2.773326307854199	101.2929676109614	96.73911886228277	79.46507285549755	57.55994105869438	88.07227504993736	89.72340294235977	92.23727213237041	96.74511222137259	1.152016269991172	59.42517357884294	2.899031332531302	0.5956679848291668	79.88750830377995	87.63269233643629	1.174331519357367	111.2064510821706	107.698859284068
55.87604967839968	64.5618180115836	87.77867953473258	84.08647937402264	90.12586716323304	90.24833692898571	34.74523118974592	53.98674222375276	50.55149955070137	69.85732249473416	89.45018252516454	75.17823697464857	125.2589179092903	69.20582617047154	28.62850875563592	48.71557662748839	63.18629459495598	74.48237561449407	92.75807430055352	98.055816730564	85.54820029962056	62.38185425056909	55.7665684617676	75.90488315625808	63.632021058389
102.2204717929507	89.98196626285358	50.6225499719703	73.00185187342328	95.31103805961904	70.58300218166175	99.07920899393037	25.23110081250985	122.4104582443885	111.1607618767443	125.2163287205703	67.62096139184648	58.84836872646973	111.6409840473502	108.2334033428429	77.90956646634204	8.894944849966095	111.4868552819319	62.41130122552381	23.83110988849706	117.6525613095317	83.69801843775056	2.125740191154916	69.88473532470383	78.52955591155788
72.91053865352541	91.61507899292029	0.573250778653861	17.69041263969964	60.45391871923844	90.63244674863593	79.55836827351651	1.16362123116425	76.26618803303097	125.0252532431081	87.21492633654579	46.37981092393385	33.4091549867017	33.07329779115644	120.164363624075	96.46841076553139	0.7379075292237929	32.44887227787305	1.733540787349519	2.652517763851343	106.7508729997949	86.63031267228956	1.474479376502531	67.55455919177888	95.39246909428357
81.70050812827101	102.7819615087817	0.8270029279651743	18.14283933514414	73.57054238863743	66.52324095758243	85.40063996764843	1.690397712848619	79.77679248922929	88.94623410984508	84.44459288717059	3.548362308260579	31.67520540947814	71.45972433577607	86.1858847484105	93.25268726884804	1.109605279252708	49.89585260419024	1.622871832659594	0.5926095938337537	111.4084922344036	88.41012513487733	0.03890087507330067	49.70226243164083	83.36408040034686
60.34760275988378	43.27854926425755	69.52949659948334	100.1474194582891	108.8751415624498	97.2072758021412	67.27160624146346	58.47806835386466	76.65608086180933	108.0411828021155	111.3050653315343	81.14203563007661	100.7974841671703	80.31468422275526	40.56509173060454	54.53108100979065	75.03804345228153	118.2942668923226	69.68246200615042	62.65841175815189	95.50816499224743	108.1835970925681	32.61909924485654	72.96884756877377	45.10710369717194
112.3636731477549	75.11829881089449	2.803291151604157	0.9859267988995433	83.08919891517431	84.95557965876336	106.8138315324786	1.236740489570753	62.9126817654227	84.51349859340681	96.9428910108778	49.29699900967236	7.000770029229564	57.7881183643791	87.73833523088518	94.5786759987991	2.693520683259425	44.54552783439277	2.023287274913733	0.27950865855702	80.50092268984271	107.7831127817516	2.759415175578096	67.30275227672519	118.5088157075941
45.64458896513563	110.5334422709149	65.77665458726602	57.63575213501325	91.78095803935005	84.09075324776769	86.49951197073702	64.48133645171438	118.8938772518313	80.61898837746112	99.86468275251434	73.11672773375481	87.71616482508108	100.0233233590091	87.49253440700809	64.59744342136057	6.879950655527267	78.20448573291523	26.75324225794215	18.98318295654782	72.04537832585174	88.84737633579736	38.0101234364723	88.70351664837737	80.50710244014851
111.735154748804	95.62378359170495	12.46755438773916	24.17329512499552	96.43869302829353	123.3230367166144	104.2776373164488	6.521805608107911	87.16841102389355	78.73170349638741	105.6301668768219	83.23662616851483	93.36204003100897	107.4754393771088	68.76325900255129	70.90183442439184	2.682470986202089	68.88341082890983	1.957731893438765	7.269636263853947	94.82537935670636	76.7466744962706	0.4063655644099263	63.46829508477154	108.2770275034361
60.16921842958179	89.43375154773125	48.10673438804524	92.4512652160406	96.84824208946097	78.40096969338821	55.14209237816429	68.15225530908077	99.19911667368524	90.34178950214775	123.4034990818403	76.27615770483332	89.85581787380877	73.24086149296993	60.58233329551463	96.28764686170605	34.73028131293732	99.15550349990255	80.02168884886331	52.45636489090299	70.72714600915505	106.4793763254511	60.06363583849617	87.48446335439924	87.0886772231454
68.29253903171876	108.7003681504118	39.7829026145079	16.00892804435151	78.44553435328048	112.5587384768563	88.59149004442303	0.2473726436180461	78.5405027064012	76.96135298979303	127.3202149309369	60.56342653008304	73.0737684502249	66.13827295367912	73.01156722899692	69.56094730561618	2.832538778856693	65.92883430832231	5.446196323804941	1.094728758322987	117.3678759236582	71.51046714541921	1.11473065942012	88.03239616794545	79.81629853889885
70.48856707747464	87.31007550672413	28.37634488138024	57.9515709069852	77.6384847200771	76.69596753282811	95.59929281771477	2.394291574737653	119.4745497736506	103.1294393505537	87.38258050957526	59.99792124065893	70.08436496022247	108.7037089285253	73.25618195401316	109.1858912253141	17.70796709806974	93.84801529624121	20.94570610379344	42.06462261792544	90.60621678424528	91.86126836442892	34.52955451300588	80.29077387498238	89.12972143096422
103.398726227594	77.06327609278168	0.6863456526624483	57.30601265539264	70.02248518861532	97.68541825890617	77.6651917074107	2.164929361223125	123.1901448925313	116.4074087913739	76.53201858878914	70.77537333157017	91.83019009532259	105.9640888759201	112.5153056374364	94.71838215899002	2.665512583904391	55.04404250050902	16.074694205482	1.47143195581995	89.89491267734725	122.6359705625873	2.259953090032457	97.61397868878002	97.22622471182952
92.57116608872883	81.10300049873403	10.53107967876883	0.9540000157706554	117.7551890184832	74.80286387739532	111.5277625265651	1.593164973170418	75.03577396547199	119.4745244387448	71.35946045786362	17.72655374924641	14.67124600908397	44.54148648033494	78.49649419199049	110.1615310373381	1.798065485761117	30.77551299304682	1.697226520974044	0.02716252637229257	90.36909702564401	107.7589797135183	0.3498502775897431	85.75164946293231	101.5024977913502
112.5264785581103	113.0305815535685	1.395811741567781	46.75381977380434	115.1560473130054	111.2673200648873	104.7692686058151	0.1980052898991477	102.1693374170554	123.8393027985529	109.2572001089693	21.89498588346783	42.8618996571855	46.61200810026801	95.02475043949033	114.8500492729593	1.129762792670078	61.39388165946977	1.80100361685236	2.080409351516073	126.4345078413846	101.6447389940655	2.870291558832759	70.55659589979828	84.10076093986854
68.44678914213803	99.02217302734547	38.82156502811094	38.20841644888699	94.13126886968935	103.6672426689555	66.47619672491047	2.938489662405881	129.6634438387145	79.15137690365682	125.4957422420489	103.4196407160112	74.05528005831681	74.93585763781303	115.0316932264778	113.2005558689295	1.171413652748608	83.22678959835436	3.258916868638465	34.82199430153366	112.7810008798932	111.6882659769441	1.278662993632922	108.7761015216874	86.98998986695514
90.20351225282279	67.97655505395969	30.67980749406514	33.62289778005306	112.1559628639181	97.94418312945095	75.78500188323233	3.728824577411004	118.952484992996	90.45610488048389	114.2156881333796	55.88410793239787	51.31841570766264	106.0603234209349	119.2388991502197	82.09557847776165	0.6519351084643497	84.89254223022695	43.84295226026205	13.92059192475917	103.0227018413124	125.5283720041134	18.32091130875472	117.4373987088179	85.69754430200948
78.31674380719416	79.62941989087368	38.86668974135992	13.23342762672447	74.93198311925697	94.43316403030374	114.3368209589158	0.1553394667888873	89.74625015235243	75.96813169445845	119.9023665810143	67.15628327255121	81.63469150112263	86.92935403893853	87.6077837730972	126.2661445880044	1.905928194266153	48.84322451656972	16.25060222585653	0.1295550468837464	117.3069991728734	105.4146641624371	0.7509765638590944	56.84190247473164	84.75360810307609
117.748671006625	127.0451338696338	1.56067446853414	0.858898442143966	86.24466912282854	71.45614055586287	125.7417769069817	2.169597200971808	79.08465378820958	95.4299332349089	83.64187847479779	24.84090012059405	27.06046044591918	34.26041589645882	100.2419378740703	84.69261542774376	0.2722900263248393	34.32516038542556	2.69693487212164	2.870571453223802	88.90525455862466	78.01767947909754	1.108717839207866	46.9156239350561	108.1730207510899
94.65722513824018	79.85850762028727	53.97843131931882	101.783791796437	126.5709281394821	101.5418563091314	62.35892923383548	41.75736263717199	73.36794342440494	85.10077272178577	74.03749518262224	89.26049668197444	71.03756669596338	106.072955536902	61.60101740328746	73.65444381514666	47.00873069963377	103.5867303226229	79.48397605464729	11.08806400081331	89.40071160409796	121.5369887445321	43.2843462446002	77.60588009513782	91.68394395690063
91.93175116831743	61.46283447508866	46.45566231280374	95.83430148598003	85.49380120067157	89.50633786014753	66.30957643201543	10.75977555156449	88.33349787679812	87.64038937210069	101.0251292351793	77.15379672638559	78.77659452820751	68.74649119665717	78.21405118197887	86.63164582638443	19.7127593640429	69.22086667541875	49.18990329180362	41.14344080273098	75.26101296886337	76.21897991326489	30.43526842699052	73.73200229924336	108.4000098270299
129.7472212094848	71.85142313242018	2.774883492553486	0.7741242889044839	105.9194208220514	71.2897892909715	110.0042329287925	0.3067489455719045	80.4462035725463	100.5162042160642	100.972297506792	46.92041214277424	49.73284171904905	50.65321876539474	94.44081184110621	121.0320182216423	2.874464420046331	30.90473083942128	2.151800908157592	2.615340991934541	72.74532249232458	87.05038179353397	2.232694369708843	80.50348285519136	121.4410660640219
77.01755671952849	89.66928093042338	19.31464849152074	74.74513557270924	93.72785607363258	108.4294452328692	107.5400789801573	1.766719165584174	106.8567194384298	95.04097970013007	108.3715727980495	76.6016015475801	59.47116454522416	109.6379023913	65.21376781864066	85.13842121478717	2.152807053755569	84.05240433570651	6.236121227751546	14.87077063531146	96.04693690744969	99.73772734519051	11.58260659707692	97.63527830759696	67.11906116723543
107.244797806166	82.90047212364195	76.7606239634773	79.20253910621874	109.510857883148	96.9967711875432	57.83111048243676	1.185596556320053	118.9197273447978	92.63458788536741	113.6435318880346	99.31415931032507	69.61852820703848	102.0525569128483	58.33892606506394	86.779495655481	2.512070891584497	98.46357945554911	24.35481278287406	3.4281046248026	97.34054446199657	95.20765863393778	31.95352965854314	82.49749527199725	65.59808666930851
96.67547260355389	109.3413564916112	11.52948674331057	44.55028657174404	95.49812848859875	71.59139937344415	90.87683189093308	0.3178413517126994	86.93733101454467	109.5797379575688	88.09919087114096	73.31198852433269	65.26743842044139	88.88718283982476	71.36691372724715	79.52043651762934	0.4955321508234468	62.7226846189848	1.795709156406212	2.036035577227876	83.11902594237708	95.93429695201326	1.298750382306332	99.69280717489826	112.1945734399134
123.4485940584002	74.99728700947024	4.524232261044958	18.42591938753687	107.8632291416107	77.25887429103514	67.13470272629669	1.023021832677414	73.17997175547092	92.0800960626942	103.8231038487631	35.27982196238531	44.81041439517131	98.87582015613646	95.05179810120245	90.01463256608481	0.8529560619041388	107.7197286827228	2.666546212266414	2.002529706117208	100.027534188394	87.86938892486067	2.15530300952896	81.08369040397186	113.7688642837194
56.32499301026193	89.46583987500142	101.8418713155326	94.18036422337406	84.64326424496559	95.85173992547192	55.29824822791068	77.04246001346493	87.08503131853601	110.1080349151375	102.3043852048697	99.46313547096224	100.5415384938113	82.05490402948604	55.1820615431152	55.24693214084684	8.752670087733819	108.1400943941116	32.32358602268979	52.57418339083868	108.4727293205396	123.8577704611412	17.96032058920851	121.5977555205944	65.71173797589688
84.75223148111388	86.86335367247844	2.015326672204806	0.7672222334061694	88.10349524130939	89.08953233212355	83.99783232719473	1.202981985694004	67.15119568367038	83.49495389078163	53.23055842643447	0.5959701437748033	0.9530000167010724	1.520731915355659	96.58072926474864	120.7709353320272	2.999372584954425	24.18297747374292	0.7793333539204546	2.959818721611713	98.26069103228875	65.97881580725104	1.184640644657609	13.29974660838012	71.6701887326482
76.62295757221668	97.68162344124025	69.05048325662867	86.38417325260045	110.3972810382357	117.7818618154188	87.60609287397438	2.682678211709295	93.19093787927756	79.65529623287841	97.38140119552101	83.99497595945098	78.83127661673241	74.55979779590729	72.0213830779395	83.34463389405182	9.811805775522835	102.6250520505873	5.522325875368445	14.63320030411862	78.96939920378007	101.4299387628586	20.76879904774458	105.2325067079672	75.44814129801513
80.64346262632414	90.91949934360591	0.5603197794460271	1.589392750287183	51.01221786157068	77.42122339697698	124.7149612710575	1.88536625803088	54.21512835453392	85.12803302419218	53.85264420665958	2.593180610160879	1.771415832312563	2.950686558386266	122.9425523710505	89.99927786405209	1.770698008191123	10.6563936436018	0.08377636777194677	1.53510835978955	65.89077756471737	58.54212368440061	0.9115125362023948	48.83325896980134	70.75366964482028
95.87350284570203	88.909544379869	3.706560312692375	27.33964165675226	104.1189456839112	124.2465612798629	106.4855340991188	2.342577535082486	110.3225693679061	111.343309666708	70.52206469447609	46.77017798657022	22.29221280223041	92.66159206143296	95.89105719984002	89.67469223107827	2.329030814124881	54.52124720450431	0.8636516786603068	0.1724973809167102	91.18867813932323	126.2449754822791	2.314461061199602	85.87956649676779	120.3356321478271
69.98982805547334	110.0856640057247	1.731303813167801	1.906455318515319	67.5263717810781	101.8261692861415	90.71930576952842	2.129238294654022	84.34525979728201	70.48459035262917	87.15682470440549	2.883323876223189	12.49606258436665	29.71468919436867	117.0778246387448	98.97008306814698	0.8681037902363302	23.40329617442674	1.316146356626033	1.179497149346552	79.24803277046155	91.34175433168407	0.1505215657139874	43.38903119782215	114.0726143460106
112.0629690332568	110.1327609951907	1.417012743942371	2.656974031029274	68.91965141927467	66.45030597074673	80.67301830686321	0.1930517554353622	76.00388029956943	85.09285862107134	74.80008681788547	44.90689861439104	28.49441316535781	50.79138812395068	103.0530835919207	101.1429656146469	2.877659203129662	28.91669485907207	1.458003899613423	2.809754052682555	87.23418969628034	100.037025739422	1.410062071752645	39.52356795673738	81.31794973259017
87.95402526487059	55.15529506977813	0.09387512321471338	2.831453869185758	58.5596718973087	31.79362091805488	71.70250813260483	0.12109945788617	37.13757894320965	84.55053677737673	9.640769984702345	0.5075582534387144	0.5634425164989911	1.749316080246087	100.4482394810354	108.2761038704341	1.525502554593033	0.7953578487458455	0.4502731502906857	2.192888610863174	97.02587987658376	45.86857436836141	2.657627183517891	1.107078172116731	91.8681769487747
93.4672073880179	101.5428455728691	22.89889450636355	35.95136320903741	102.8985692593016	83.56371696113149	95.73175352085174	1.803871975411303	70.20573083473737	77.89851646050268	99.12941756266252	28.90189556165836	64.89120320631963	58.08876499284781	127.4398722736256	91.5673615208065	0.6140194271831561	87.28064805926999	2.671142789020839	0.3323009714156741	72.46380906251075	98.71564174553703	2.234653390876538	47.60778246305536	105.0019985705241
91.84250987039195	87.22545640696661	0.9531812553437196	1.309717334157279	7.83349735445293	31.73659820400884	53.45255274097376	1.146531844709211	7.652289924183279	54.6901597954662	1.229795741731695	2.366255921490235	2.5143210533348	0.08371505327457243	73.56514155360622	65.21893701176521	0.07846602441615017	0.5467379564921753	0.4552769234636359	0.5759588684268027	97.57711977727638	79.06503677193022	0.7627756644180426	0.3439567703671931	104.1113442096938
90.82487145970393	100.6342439847269	0.1308764904229656	2.759393979284918	90.97122712001942	55.00664603207392	73.97521513359456	0.9832222325564091	43.20913180980909	71.74745165725706	87.38770327758579	2.55658861069143	0.851034233432342	35.03415238657202	115.7744146587986	115.4935030792952	0.5094529001858112	1.943402463760295	0.6028393635422729	2.837075527717996	110.206322714761	53.66778666320054	2.382995292076848	34.22380020077075	74.37452143705423
