2.735424890576705	0.3973035631676077	92.56193656167994	94.61560778705953	2.487283823420469	0.1188319525369034	1.745400765288163	108.505063769812	2.92388738715937	1.080765705180365	1.868282278614847	88.03742274285349	63.68503393724215	47.32007154693018	1.596185401025767	0.09905506182669201	70.25334916920551	74.36834415490986	80.24741146008103	77.08578496742973	1.485897848478807	2.443110855441274	113.9948813955498	0.3129830859877768	0.8933166015854668
1.622427458541927	6.845297963324548	46.28613743475587	50.27641706920794	92.62477590402607	61.94373481301812	18.34807899533669	2.155017020176618	99.39579364139061	90.92519355545048	91.88691030089045	112.9605746026324	73.63549955054576	78.81163328580841	2.065440426144234	27.8919594364796	2.054513438418137	126.6128188746644	48.19033691371904	0.9028455790963432	21.93110062641795	89.95655678479095	0.3999385080295106	108.3042941801544	27.45926653142043
2.833853739578051	2.287102846460253	82.6476853094079	110.2066730159925	34.89317447908471	16.19794553308238	2.863144679518062	51.72273203853302	31.24788173108017	27.44825598629816	60.13980080479391	88.29272279354693	72.64429597437176	72.11879459981252	0.8146863372964481	2.046117097216662	61.38730005286067	127.1676240412464	80.86139559907622	78.33662535293607	0.925080154658237	56.08652582544016	54.24902555570337	97.05992524069578	1.33072061564044
0.03045854099124403	2.273369064897836	71.27190812169813	92.82761266740518	2.696250619845818	0.817318960753042	2.096697030963764	74.33079007266808	0.01190274285600115	2.24036297101448	13.05541869694549	119.0553098896364	88.30597170434726	80.08720930110582	0.917932229028926	0.02721126863147108	60.77730226498018	85.60620340175392	103.7252889042158	102.4951107673662	1.510844568219028	23.56360589005313	57.78150906763014	38.65451635209656	2.419660712302911
0.7022115493652836	2.902523199477224	107.1686904164393	119.560468365153	2.200449353106212	0.5062924301743048	0.4865663107346861	122.8519782998307	0.5138001579338796	1.546858581054245	0.6838235368813614	99.66894863529785	101.4523566283658	14.15032261719261	1.111954538751995	2.074607972063362	113.301605510612	89.88845461644135	121.4672926688924	68.55184445973977	2.931337935224385	0.2327581565893051	111.7314783049871	11.65220225811201	2.86202117047088
1.66482671352781	1.573565728711813	117.0125804609318	87.12162180312939	12.88923654314848	61.82226174546642	1.881347660635108	51.92285983601866	19.48772639673433	24.47360642580037	55.3251622579411	112.6575755370065	125.0270979744392	117.0050666957056	2.405810575027032	2.001840075833196	58.69934876875192	117.6723063442605	86.30509244144343	53.64434694543861	19.14414165311921	64.4210316440889	27.8526679299789	109.7955168740057	2.967515462157433
41.05378634901257	45.82616649117871	33.16604256742701	38.04409940738614	100.6321158513101	112.3271827632009	73.92153337308707	1.802454574236822	125.5233499817104	99.61596224900333	71.97534349273509	92.31674381252765	56.69168216941988	108.7793769379974	52.82895605975386	61.79869232342406	1.905076376333006	96.83391524104077	0.4563607016287014	2.59995407366961	104.062966815968	112.5656619860042	1.486919854010704	103.3857670509222	51.19030361968987
1.495148280818642	0.6042851677839225	105.4174706849191	114.8682273487252	18.54997070511413	20.97648631408434	0.7701565411041933	80.41459357462477	0.7013541615582006	8.902182671372827	66.7588553797855	108.2045661176945	112.870803690416	55.15122865682903	1.847437262041074	1.669461155012814	83.49853581803703	107.9382326850865	78.85199933661833	85.24368885386269	1.109625715905258	56.05967723796827	47.60274717013165	62.16021840894102	2.039023406085777
0.8611195004066501	2.025343192829437	107.6835183785058	80.22559812642666	0.5807033077004891	0.3627755277156645	0.1754495289399874	70.29368636033911	2.641384249211533	1.082100103048374	38.09756113847222	106.0031349248532	79.88968579753546	49.67514988916983	1.297469970766911	0.8520689785789599	78.25422595645944	123.5438206553279	91.97678542835081	88.69492883805827	2.276155492505873	0.9352740711239542	58.18437614330995	62.02548049033859	2.297207951612762
54.65137372357962	74.21068977395142	9.431494854826759	18.18895542359357	77.69430663339176	88.72777595304987	76.72357288763062	1.820816242175868	124.5871813972223	92.43567084590708	99.78942025258442	59.91948589661075	60.97222229923892	95.89445099819437	33.46251086931636	58.20867577534102	2.677566561775691	105.9888133973221	0.4536187448823708	1.130909294883338	96.42319215099288	125.8004302672594	2.170992380314483	93.52371376187378	89.63400255686344
56.16938695449633	107.778206004801	0.2691587059538246	1.513577811519653	81.26413230476403	119.147390008878	78.77820376574297	0.7616964741386196	98.83453081191428	126.268491308638	70.29008101894657	19.05260274391954	29.78115341697684	84.06363806044666	93.18158226237938	123.368289670201	0.5137923465633119	66.10693804546929	1.384293736333131	1.580330032901253	118.4982042030817	75.52181497073752	2.636634438717923	78.36162283088784	124.0662884860994
1.865959915989837	0.4500752852621909	85.28563059944285	93.17358504339504	0.5267276399149818	14.24595840853468	0.005719004477262391	53.49172849939789	2.228649423961194	0.7027634475047428	60.5708610423646	107.3104177868263	107.1349835897794	93.4672478531576	0.7170639555487501	2.157792472588646	36.47870803365531	78.63585959513001	93.74613654774598	93.53464167918435	1.81926573908032	43.49739760113798	91.1552512188094	60.40652684240268	1.571461683102886
0.7702305914995728	0.9110936502359748	86.49466390898704	119.9225857575883	10.63989540872576	58.01069681561103	2.643789679777621	84.98569061015937	51.94361931649526	0.662952048985888	79.37117107674527	113.1933916662409	119.2697460679026	84.63911440209108	0.7715640219261657	2.5488153465323	64.84440823587958	107.0743667588834	90.12196954152293	45.48337037122759	2.006352816127973	68.13475563814728	61.58907324937982	72.58804400847484	0.6900597931297965
80.39344145362894	99.21872076539367	0.2631547648670287	1.384864575874557	120.8297299495065	106.3267184340917	79.15532096499089	1.973194169961737	86.97717117409356	106.946104731722	78.73578032835931	32.4552215856466	27.14319297370964	70.17136828245856	92.68630604653134	87.42085128387498	2.555766333671115	62.35522909187814	1.810690590294878	1.287064877358665	99.62784160756675	86.07839425879278	1.447542954575317	71.43483884155134	89.40082581684507
2.833982348160398	0.04194362126813614	94.19898925775951	118.4872755037222	20.64452314699793	64.14899307151148	0.6036495000872428	12.97676055372176	37.31836235828038	46.8902838203591	107.8281518463394	117.1968696764823	69.80243038528887	106.6219114470418	0.3633260306741642	0.834717368703523	51.63056392866274	83.44543599000355	53.47702833002003	61.12299679353185	19.74477027201982	92.75060145268964	31.0804274988207	102.4486536194082	2.166783149910972
31.276834460203	82.59413425295909	7.440414606791023	21.03052381754211	83.38513436538958	92.89814235415936	55.23762090255806	0.691637198915747	119.8628734031179	118.5039532024901	79.59475053408737	40.96306476944248	75.2925892630351	84.7658366632802	44.56491404004952	54.17925434758664	0.06977779099265993	59.20788595699223	0.6662533276226399	2.486204528820968	102.5374137365836	88.56733439852879	0.3902034170288667	116.5463552495105	56.70185127718918
97.99214784884343	127.416464205591	0.4763430737534873	2.176856232260426	98.09591149238079	94.31063532305559	112.410992775804	2.999477091049569	97.27573074270686	118.5038235386902	74.13855246795256	0.1595262127793337	0.8889582778644853	15.02440884131832	84.83541249931827	81.48822018431294	2.722136472284872	0.9884917361989545	0.953057412194982	0.4739773993551583	78.90466846283883	113.0781464902046	2.942951335844169	35.72744175850961	87.77460317700775
72.38766101299473	96.53371794183192	2.029016405666234	2.395581036265163	72.6060757634494	78.83953347173194	98.49712178852189	1.555512497399859	45.9209225532874	104.4526496082383	47.3861497253593	1.333128192759621	2.390005889762704	1.945028978682756	90.97920346323194	126.1180831280827	0.6506246189216491	2.939046133414219	2.575538372459119	0.4319761480036239	80.59617021662605	92.45920109954344	0.209571404954814	13.80935285605153	88.99882437246559
2.779825617442772	1.300674770013313	39.45679250494968	83.86367293507244	95.75487767907961	83.56448171182555	0.4312317636145872	0.9151670405919095	54.47891045979507	39.98652528056967	98.3429243574123	95.64006194327338	76.59163404634367	84.44068033239395	18.13911174569567	0.4291091603095761	1.353834328351863	78.79385823171069	18.33180925660098	3.121537967851367	48.86647594259762	112.7629583280986	0.5561833441554382	73.40458485086671	26.11144155908663
106.6902215964659	120.0666432930599	1.067155956561294	0.1582594524494305	67.77799985555976	97.6748163634098	99.14319303541049	1.624313055356008	48.01198464094884	97.95414566190931	74.80730715249091	0.5468551059420923	0.8627683812735694	1.363833146811287	109.1970641492051	115.7028941903473	1.114387748182789	1.456163214311832	2.828930931234632	1.172327923678251	90.67243644967502	70.47070235095538	2.291135675755429	24.99795039482532	83.82297788694112
9.222095689414672	84.89473149589909	27.56808987822285	46.78648012945692	118.0869925434849	76.00254791813614	48.39428972794647	1.159350999333661	100.4509309569829	72.92245779016535	93.76646249149553	69.66403443179971	64.89835090738845	108.6221861026457	57.84270102206936	80.75404789497475	1.914183801372459	121.7166889382924	0.9385409472743436	0.1065593864346513	76.05972985711001	118.7480965335354	1.943300981909779	96.48740137164373	75.98683504050004
69.49306625883298	70.44463372623767	2.345149844198317	0.4154077082227255	75.16710009484072	121.8481746206697	68.37898702443303	0.5619598805407238	94.58191368178751	112.5150126244563	67.82453667213612	30.37049685074336	29.11978793169095	68.4506213906952	78.04613228256406	112.0328831771965	0.8106143498860452	60.56390577202592	2.164041580626789	0.7800679818739678	82.57366927871104	97.69822466862247	2.478215927252933	69.22089991613868	68.80616256825125
3.716421511788788	60.52583611339537	46.26363041453146	43.24244311185919	59.98785015512317	110.5131674629265	1.632197788725704	2.040742062428697	78.31562410229742	112.0397117207521	115.6797688085916	62.29924551789036	72.77129760958732	91.19211597058609	25.09603489811932	23.67495383724022	2.826800791022487	100.2625239677052	25.97829764239759	0.6035179319271542	93.69024340752306	102.2839429411499	0.258582459728498	115.2970151538615	25.770429040462
108.5088792362165	120.168378486337	2.86103321169133	1.904506875882151	80.29829144648082	94.0658351325804	74.38266315739951	2.348571558410158	101.0359079623011	111.1764638633487	117.419849001521	21.96989805413795	29.71543982679528	54.61532721918424	103.0967052404279	105.6754929605551	1.440458108348741	30.02723314051406	2.386695531578507	2.54897959159525	110.5468004322654	109.0715384872479	1.003142919628661	87.65574072158262	74.91293058045019
63.84173812743347	69.96862741366179	2.57595466443912	2.894935304226536	103.153270742713	125.637285754073	35.46662203122065	1.850131972068511	111.4871746619044	126.4614765048196	96.26824099047498	44.12884850877414	42.24760985811936	61.34751885829829	76.28545988045099	98.65977744219941	0.8603501961614475	61.09242495853297	0.9588994336622785	2.716166261908299	120.6447619401619	118.0404051467476	2.550252799679259	70.53254993354457	60.96685052635128
76.04939445202083	105.5936045255522	1.662513989812664	2.698508382840151	70.70215645198759	114.5786454230818	89.91568164232783	2.012012039660862	90.51847666380019	124.217218342386	69.01297346837424	1.485091650076046	2.470223323763461	20.13079048696615	69.11310580363462	123.7476436078558	0.8435103171696812	48.56372396762967	1.71392046658711	1.683817809113717	91.45294560658499	126.0372944063728	2.722520786670828	77.08037566111824	127.5424973781591
96.08569787871986	125.0189384018051	0.365346361696105	0.4136133322645063	93.47734544305453	89.84259606644112	70.40266902428712	2.443715184843716	109.0310380343968	93.30664027189533	43.00597065624086	1.785142210178674	0.1487011823251798	23.06394822339951	70.81159010948575	92.89367318384242	1.439739259481341	0.3421180135886481	0.5600053252467201	2.881724161975419	117.864190329675	107.0861744030351	2.740519877202621	42.33887428513151	103.8911071927473
101.7706146561819	92.35260711236597	1.33142629391814	1.555124255291596	84.37849515305543	82.67864507524882	119.7169113151697	0.5072500030467981	98.67664427034615	120.4135246864045	61.6266160798759	0.9862313154890556	1.887295157034324	39.1069179514832	101.5508917164107	119.3416259273532	0.3999697584221665	0.5464769190069632	1.141380496560557	2.888572910962433	94.3954661369371	70.54854855566047	1.113246857736397	7.452645183159625	115.9243027278568
70.57613189281474	103.0145228397556	1.850868673139184	11.12945447517919	76.56067643802588	69.65525245206737	91.96618487516263	0.04009035416229581	72.84558358695445	79.21649012854428	110.5288570054011	64.5259679582023	61.50780521870581	67.74367683210629	87.33710742750208	83.03051702833886	1.163358261982683	55.59074053756133	2.177110613005957	0.9968467616482839	102.3494703469893	113.3515993370472	1.394981972906816	66.96665763359999	93.82083507148414
45.55689204055321	105.9965890597757	0.6555450308711268	0.5505874799935053	94.74018652503661	80.94622856580527	84.94324624763041	1.544489607915032	88.60954770936974	122.1738759076119	74.54243279792769	5.145822331570024	65.50702475951769	79.81648256277701	67.72879403907214	58.06733905073854	1.050442632791306	89.68908853405506	0.4711508253855978	0.4412898136878711	122.5412432781613	118.8841241678797	2.972278623219614	89.08993879101253	114.6774453563195
70.71465002573768	121.5810746358296	2.986469984416064	1.239071137817457	115.2252915122116	79.99577107191719	102.2271932639594	0.977787859677113	73.07059590543732	101.0383537164298	104.6691655217503	1.069343824981092	1.403177303323634	55.32801609702754	99.13234681489018	99.67907176129876	2.449116337121212	55.52848316985472	1.893117546969719	1.048288530122691	77.01275443313554	116.1026283675992	2.716547406008677	77.16966664893469	79.37179115645647
87.13076220982727	75.02178352946633	0.2695158593304919	2.108332801515505	81.39598502261222	90.59544161792627	76.03346969287304	2.37924813412191	48.14702495748729	71.33009842203811	38.45876945345431	2.913118990832508	2.591021026641947	3.984571216399729	116.5587967343013	94.48172529896537	2.375563447510586	0.976208385275452	1.961049436426709	0.4670083020204192	124.7848341320867	105.839208140125	1.765305342794299	0.5774035126239356	110.6496264407846
9.229258268102846	75.60131544866715	47.09730660312752	19.2512332004586	121.7960050345942	114.4342442762956	23.62316873125047	0.4881643812870496	97.13645513307333	92.89443011782657	101.6469307087594	103.035693371479	89.96305063486997	97.25785883042505	14.66491018223628	25.52178155326727	1.591328017925283	74.03014517006073	2.431532643946983	2.562995531065894	81.14554092085802	98.94799445780899	1.384955431824115	109.2018591944425	37.82271027159879
6.110930250831579	71.89346862046573	43.41463638100298	20.82317928208469	100.7802078232465	87.464646393039	60.37113567082211	0.3067532096404091	91.73092336275029	68.28589777861659	102.1355806258521	71.59951675001841	53.11287267425533	112.6127512126701	56.8712469832727	48.54791580499304	2.181904595407985	93.19421122326804	2.639802696849339	1.287734783459287	93.0639511268942	107.8429630327905	2.602443118894631	95.46467489877298	68.76485793256319
90.94957144953136	73.08479700706803	0.2687249563298785	2.674286183042296	93.49602430845962	89.31734031755708	96.63012513288305	2.741280676521474	79.90581375604623	92.71074873891945	30.68777186815582	1.301272453434188	1.295749242289054	2.31094572635894	84.36048589927927	111.9935407373959	0.1602116929559536	0.48759888585684	0.802614000942137	2.262604451536174	82.73798137889652	108.5419773093143	0.6906706323514744	2.946675917205823	99.40127009583256
43.37366786571965	104.9200955107524	0.754472216721265	2.181523130333707	117.2544279282232	97.06984538533507	80.08983453388477	0.9151772011792261	93.18976756680777	125.3559740671544	128.1313728938604	57.48859309194023	48.46475154088208	72.64640995037102	70.4317646119508	99.43215740893635	1.769020826413456	65.26305399825877	2.168801581107763	0.7238916191757601	117.9841744450579	118.6508656263645	2.609978957881854	78.25443541464941	89.24400460612281
71.36134120646082	89.20745615811525	1.251938452170173	9.556673114175162	125.4488496879941	77.22185676974328	63.60859810409454	2.844836154992034	84.28793657888335	115.140264297815	87.85893046571292	18.84921159791944	24.88850159057557	87.73944503759512	73.93651588049914	72.54162097574144	2.406729060407114	76.12655508115583	0.2562043528295224	2.447421081874395	118.9851977858027	112.5060126582319	2.194581581309706	91.09943764064155	85.81914553780018
86.35442397482633	80.4166985813734	0.6592254130378765	2.705691250922873	115.3062568592425	76.51751600273028	90.70306183506034	0.7450335151255831	78.99964821077354	104.2460178385136	109.18756082914	1.658398516696168	2.028224808477674	53.70228076504256	69.77946637731907	101.1456813445083	1.899773687293671	34.63427282374577	0.6848978235199252	1.665772619439707	126.9737396015231	121.8815937072648	0.8580398778157066	36.47656162877415	119.5119024434552
64.03870651836843	119.6921707281001	0.9361226136862149	2.720386784670051	125.7456496523554	78.96121762134298	58.9837221013597	1.841322834532671	98.49054350483209	94.15334265975815	84.75927335541738	9.857022291974587	0.6955005178375886	75.97987319282822	107.2387644191226	114.6888198785652	0.5716274853490968	42.47563511585366	2.626265348757542	0.9264787213867527	70.49840989681248	80.80060537248482	2.93692648047714	87.96296986315011	117.0108273148018
0.9352726501943525	31.17734746750993	44.9006894728318	43.59566320448458	115.7453715584216	106.3824890374584	1.306152022106728	1.195717060959337	94.52421214396531	79.36180754432534	95.95328268444442	96.62282687956055	84.32167332152564	96.61398798480745	19.58959814770049	25.57268486652043	0.08453683101404944	86.49120512052934	7.730770803763306	1.636546985236152	61.87909317365643	100.2213053067337	2.536624967133648	103.3705285510808	28.21485386664854
62.92903874274833	90.09729385486153	0.4136142912804426	0.1544347922623336	3.810598412799663	21.45957364745685	79.63398659582282	2.507169720803504	42.16413959988142	74.37386304430541	1.641373655589012	0.3361544779624336	2.686471931025596	1.180212330042293	55.97235698655625	82.35798327065012	2.715083017088286	0.0205665996648229	2.357263020697683	2.486018777143515	93.94349551128354	72.55052592498703	1.369384398459827	1.613571019537633	84.84874118232048
45.07221842346223	114.9689899824961	2.630201500578398	19.76947096606686	127.4062921322963	99.23994710455963	59.45552223677888	2.35962395733427	113.1964009856989	116.2470705617123	127.1569255955662	6.270956590337761	64.87380421904109	73.56658000572776	60.82746281029414	88.1510715117291	2.370609694798947	44.90847978306464	0.2556206858878063	1.96508484847576	119.174843585721	68.29357918408347	2.601518861510129	94.9139453391184	77.93819173207868
74.05025653746544	89.55048148539041	1.268134480318917	2.7372353197322	38.74120041396347	30.34234726439752	73.49746552401108	0.1709161417300815	27.20365628467307	76.39240821962773	33.5285096392967	2.488432186547096	2.633241566677421	0.3530209064216101	117.643110338582	68.31663766854282	2.136725790214173	0.7381128670277624	0.1634928871402586	2.077678312551919	104.9526634677174	86.88304913810069	1.768335274606262	0.4741544977506475	112.2592121371114
68.10483316481036	96.67062804819311	1.047786389306882	1.166339069856325	90.97275456277632	101.2014557418595	92.87292805435824	1.700522900822118	100.2797475593655	71.9775789797413	86.32062727609406	2.796148713510616	1.667318957117894	30.39806936054271	116.4698086489317	85.65332937956407	1.654988270095656	1.19670946666119	2.116514787915593	2.69441214076988	125.2582850998678	95.04159172641806	1.005905445958706	46.76568990342835	81.36360256140829
112.5597202621224	104.8152523116802	1.939171923467697	0.7970087983455207	18.55112901387797	39.74014393484183	86.26860636277677	0.4984950034107042	49.09641343704703	55.0693049381843	2.813988174088799	1.697439671224166	0.6995219350100794	1.607832235607328	93.12535168109306	76.62317754068471	1.290736288790563	2.554400445063898	0.5639501818639769	0.5253913190085329	86.85586668932743	73.10707342554349	1.176156722417372	1.684145423649203	85.67742048598977
85.02857000067482	103.8960870388126	2.125220293858481	0.6953283146187055	53.7022681597556	55.57922350137331	71.65125329215421	1.856468409592889	57.49936013502746	83.62120275075543	75.44632772376713	1.735660351429223	0.3968554660686538	5.576915639046895	84.69778355956268	71.7310681458723	0.9115364096198131	1.437660964835989	1.022637456189982	0.5287629106454919	86.57717468540208	88.20097397695383	1.187856843167205	1.233544253283325	121.3696668041799
60.07501508242753	15.00532669163286	1.412781245217322	2.049309662069823	2.811906882160151	1.578455939340121	28.90642203815046	0.4847792770082075	2.824437582753551	1.258223037486528	1.441090139298961	2.833014110152699	0.8370238063751345	1.280860170011836	23.42427860134421	32.93561520978504	2.603783281132511	1.158508251976353	1.734555447471563	2.198949451749687	18.80646955020384	2.319699192236178	2.579822443923614	0.2138637827693017	32.7178109489998
123.4186155218567	79.76088448702461	0.1069588327309556	1.361064361558426	108.279264852289	66.76497201085895	98.0329233170832	0.5139628811806953	70.75512003650564	107.7708308483554	94.0104283815883	1.72381084207798	0.2610404503647904	43.87061557560182	116.2079244699567	108.5435328929087	0.9509716432770163	9.513848189907705	2.88648573671596	1.565256499981439	111.7589216989343	75.25969649682538	2.898532526653739	57.42010862476988	91.11269238472811
16.05904664145081	4.930563562531383	1.151292946265075	2.867630077532592	0.3784824066524213	0.4782802547850194	54.17401094029219	1.476339280917619	1.31640143777934	1.823014075539306	2.561964299949413	2.45782833783904	1.554012975276589	1.346452379424476	63.61401033760723	61.60007934360311	0.3785184383458223	1.191471820185626	0.4295300878054919	2.208162266227071	1.541283590659008	0.4861209447405042	1.084230776673994	0.4387865741688623	43.95929836727383
66.15478244284355	96.57553014477818	2.743094771480197	1.047983142160221	2.277186437070612	32.68207296393851	99.34709448181579	1.829640370048055	1.183356290847486	63.08588660718755	0.1866228128856544	1.910945625037595	0.8537346946908426	0.3491298570495873	84.7800383797091	113.5623794786991	0.1921646040442349	0.7370281092138082	0.7195545014625186	1.011244163507429	69.05605298956429	33.88980037540522	1.300941706597102	0.6888544516405715	80.00759723607004
