90.18832910967713	92.96343902154328	98.59779604557252	99.27846555522154	97.35419412718718	97.60345192957888	90.82129580965933	95.65622540374795	97.10513438784862	96.76638916753299	99.26299541910346	99.91404690309179	99.97418346927263	99.78697035745206	91.15266190365666	92.47496092219357	94.45193734477215	99.87215962135625	96.91915156821733	95.88497734108751	94.84512217041376	98.22651710072172	95.18107329887664	99.55955315982472	93.79334830252304
87.8441310109083	90.93252544899121	99.27384136708008	99.75047620233556	95.99981903855529	96.32803171287824	88.39672374876622	97.07343266159886	95.74643888821564	95.40145828517724	98.51027307177787	99.95272117362765	99.92136920705713	99.33523647442772	88.87725853709259	90.37823486067198	96.05425532060704	99.89681337856116	98.06756054249264	97.27223282348298	93.2358275966846	97.16961159413152	96.71229490822773	98.98575205268287	91.86138722241877
78.12789845732283	82.62060523305318	99.98382643082023	99.93861334417218	90.07634693591349	90.41095987740199	79.34935939998962	99.70385345681778	89.6975056169841	88.99043931499982	94.21876376758567	99.69324780702219	99.47726007533052	96.13104269580849	79.80755415262159	81.81273491065565	99.32326713452201	99.10911820149276	99.94729115153019	99.71831122711183	85.64703119064447	91.92517729230646	99.58074153225439	95.29923029114831	83.96396405455533
76.79505071619568	81.02728191229841	99.95428269927685	99.83958003897438	88.83320070624353	89.36738159405171	77.63879704978228	99.83085479432584	88.64732742711161	87.8739216203622	93.34070496484964	99.43888807785154	99.26091885045368	95.47170082094655	78.31457976087589	80.25916248668599	99.55167348593923	98.82480262310179	99.98282901797378	99.87488458918934	84.51442227777135	90.93466394600956	99.73730572041077	94.53957988364667	82.80383336026962
89.65673993678962	92.58904315945084	98.72324774670733	99.40343021181317	96.93615034512311	97.31279009077679	90.15296061056706	96.02596285661072	96.85987012112064	96.45270589616636	99.09772934718791	99.96014451292665	99.98395126992659	99.67088969062608	90.70138544432625	92.01720704501939	94.78131431197799	99.86571725056749	97.2274716542787	96.21472146617224	94.42555378475355	98.02755126059961	95.56951902610685	99.46018576315181	93.36047679080413
87.43013578049633	90.76800177528123	99.37115668603931	99.77896408936164	95.79898396787341	96.14646582938366	88.23973973748215	97.16651029499752	95.73074079444736	95.28730736657917	98.33240065191133	99.94364358651971	99.91841870637717	99.23177795361417	88.6348447425252	90.02077173351429	96.10476345853328	99.90683412147355	98.20209917459576	97.32321964922076	92.95743000372076	97.1191463625493	96.8516484909115	98.91207559699383	91.78849854803505
92.65449872132709	95.14637702423713	97.3339112017436	98.40310189614956	98.54528774879685	98.72753986370377	93.21460935478491	93.73326353412699	98.44743621191671	98.14294144742063	99.80640502837846	99.48557640523677	99.71539746799071	99.98411883988483	93.66578180515262	94.56279307325505	92.30511440279392	99.98262778057338	95.25975656473715	93.99151640005074	96.70135158120617	99.17853025769902	93.14024951234691	99.93029712995947	95.79497197909195
95.15162676305367	97.05815287784425	95.4829713983552	96.80973752376968	99.48859943706829	99.63734129395412	95.56572905064296	90.91521412183204	99.45344166051724	99.27457067307598	99.95800321335678	98.53656637957793	98.8697980623582	99.80435314240293	95.87403199894672	96.74280984415807	89.00855659136981	99.64524459761708	92.84017561515921	91.2058046863536	98.23456433437782	99.84123404538242	90.2604024156249	99.95935935290646	97.62280669901152
93.6441427589824	95.77690095020569	96.78197090664145	97.88963421186327	98.86714043407402	99.09775396892306	94.05723938581355	92.84699903370061	98.8547374926175	98.56273376184839	99.90556932651445	99.27563252656803	99.50864419127832	99.98053609664065	94.3998755766582	95.29390708428373	91.32472017040813	99.94035698395976	94.56555196775754	92.99987080665338	97.27459519239618	99.50296266223313	92.32789883020067	99.98150259792149	96.47919140541198
87.75770704988314	90.77869137377776	99.2869764811891	99.78861822849258	95.98287171710579	96.21222480419075	88.34387399166471	97.17692165282146	95.77206077198804	95.30110520914691	98.47820570615291	99.94930724580222	99.92020519339658	99.27042981673299	88.95908048195814	90.23953451553928	96.04945039102	99.90021823166813	98.16489854265558	97.26246144585356	93.04968326595161	97.13028836323214	96.71341383613075	98.94511734706131	91.97063738464094
93.81277115155711	96.06838295231948	96.59102656609674	97.79375945358899	98.9911896455052	99.17390886115494	94.39953733152447	92.58339713642708	98.91737278253586	98.73975259799518	99.94414968513887	99.17360118885274	99.43956226313514	99.96634991455034	94.66915328140378	95.69311826390941	90.99517270659994	99.8941311530775	94.22996011631244	92.68319851074861	97.41087254468289	99.56019676104336	92.07938286296648	99.98382220235418	96.74401537572378
95.76299114930868	97.51154568081043	94.78769212565741	96.31662151336403	99.66523335393501	99.74523659082767	96.18001859277625	90.21955120415357	99.63688600978007	99.49584753555673	99.92840882663394	98.18044687063073	98.62704551175086	99.67295479814193	96.45413811772167	97.19882296005068	88.3897474902645	99.50889193281751	92.08658956086936	90.44118726752809	98.57995188940941	99.92241108811763	89.55506787219693	99.90461112640374	98.03756904410787
90.0815900005275	92.89395437071032	98.62998213912584	99.33072907862824	97.2446913125569	97.48890187700049	90.6696460878875	95.81624710573617	97.16102461966702	96.73092378920845	99.22125885340213	99.92090191792904	99.98033909307499	99.78188137885118	91.16397064249752	92.35081841816431	94.55994944914187	99.87047223922139	97.05158684663401	95.96984537003472	94.88243985428701	98.23323222850412	95.31147465735145	99.56095541430209	93.75514113190961
94.24603078615893	96.40592206798021	96.24927313019522	97.48944809608574	99.20871392985545	99.34685296864717	94.82566134782537	92.15806834834891	99.13334988537254	98.90627532420187	99.96677206922399	98.9440415703536	99.25041776691872	99.94054253436119	95.07196966725311	95.9950151036726	90.27680712567575	99.85559177890603	93.81936885304198	92.2383442121328	97.77635064094684	99.6491119459013	91.57168608861684	99.98194564056507	96.96765331366926
96.88763032765583	98.44415319465615	93.33419360637907	95.04090791360775	99.92325313313192	99.9633790744229	97.32376749255698	88.15757776349265	99.89403138866399	99.83826880376387	99.92375753532029	97.2069057114409	97.82573899971035	99.271351779452	97.53962299025424	98.18638066870652	86.03507090559529	98.93166023758511	90.32912917280707	88.29370850264239	99.25456639059031	99.94354127004193	87.22360262416315	99.64860023049728	98.80586032321135
95.77111809945697	97.63757268387619	94.66211085086115	96.16842693348282	99.68067102764748	99.79410511003726	96.22054422941082	89.89516233182201	99.64057799722559	99.5252234290877	99.92436424510474	98.09091483606574	98.59886747143881	99.68159058113436	96.53872623239459	97.26130406470581	88.05282921287304	99.48040622468814	91.87402831341943	90.34074626882308	98.62837468199449	99.93373672009548	89.29234268574699	99.90019149037592	98.07586347295091
96.71961890309183	98.23091618273649	93.57720005565308	95.32009523136523	99.89155399002702	99.93669443334382	97.03650947207898	88.47056178797995	99.85146283818909	99.76423235038216	99.91631340014173	97.45398332235892	97.93873968574383	99.37182412026375	97.2933815256246	97.94725623560657	86.38126522850969	99.09157278298326	90.69222461632384	88.70599554358388	99.13015867992655	99.9788543087591	87.84827000854143	99.71858443877936	98.66136441849441
97.98690431295152	99.16669475555686	91.49566875195475	93.31249131736095	99.980458822046	99.94028357116295	98.29935941139702	85.65049360677241	99.97980455942691	99.98199513146689	99.96682770635257	96.0187975475943	96.6755236307834	98.56086715201556	98.46915417227396	98.94891876948843	83.27428277262079	98.14660733666273	88.00268931965799	85.79385897959601	99.71028255924794	99.83365139642194	84.62917014550581	99.07533303037359	99.42368567945672
96.73126336732135	98.30009169986234	93.58976536866048	95.19742611653437	99.89138347540894	99.94907502409968	97.08149830939328	88.22422117282163	99.87613643269785	99.80444054566546	99.91878966499925	97.42196500251626	97.87390775082436	99.30503241289577	97.41404572751667	98.05014596722269	86.32267745714714	99.05558323380606	90.48212342402178	88.4867576259838	99.19302231866146	99.96445001333915	87.51974181283624	99.67329332412154	98.74311958026364
96.37078939921724	97.99093705941046	94.02495740599697	95.66690997199619	99.8413878923444	99.89149726041921	96.75735606168639	88.91270900162858	99.78426069067302	99.69128188902747	99.91354532912496	97.70936655813848	98.12007546194201	99.43372087372462	97.00688129953433	97.76234102521624	87.043471686383	99.24779985989069	91.10642079078143	89.16823324046059	98.99419283289664	99.98201080197343	88.36915225768638	99.76173843098249	98.45204383535625
90.87018815293536	93.54741324198346	98.27599283059412	99.0987254302446	97.61851996853765	97.87572759574812	91.37491197275861	95.22063297214882	97.59852700087552	97.15024811527861	99.39324717535177	99.8451635980241	99.94177186734741	99.88372751858007	91.87717062207842	93.0477823110582	93.81040797254208	99.89160282701982	96.55183826686496	95.33785936556249	95.36254035939965	98.57853561137003	94.73313765128913	99.71417984893729	94.40150865478586
95.90042611935009	97.62832884997876	94.59286321874943	96.05745721331196	99.72768011503729	99.79810351835982	96.37375295217676	89.70424791004957	99.66639499099763	99.56647302829549	99.92037223309286	98.05312035832398	98.47903173491794	99.60895160245433	96.6254417828975	97.4082437832639	87.88177328837195	99.41125221353326	91.81049387166786	90.13029880326833	98.71828975113188	99.95689769568864	88.9780850006854	99.86668682353907	98.13629291206853
86.51856271695245	89.89359324352445	99.5629440031361	99.87987586090351	95.27362633687235	95.62963848952262	87.39800168365399	97.57819562395595	95.08259762095079	94.57535760407697	98.02001179851628	99.92384987777358	99.91855728030275	99.04697936690965	87.75614705510388	89.33527977443991	96.64464262611419	99.95408400500094	98.50775911147925	97.81419708737515	92.30640061954468	96.52539654981538	97.3098728115876	98.55117647178504	90.92769885392585
92.92674883140832	95.28451334155253	97.13722039544388	98.21457342848984	98.61643407725863	98.84010473916878	93.50064876050635	93.54571986198485	98.59675437619146	98.28460177076232	99.83872984314259	99.40694324010796	99.64570160187363	99.98336313839317	93.88100010849729	94.92295363157001	92.00941994973259	99.97350779557912	95.07953548981706	93.67026166407109	96.93533828908876	99.31994357562445	93.01198631610296	99.95241250772735	96.03392719535725
93.6675146545482	95.97002727848107	96.569323082664	97.79872952457667	98.93805762785172	99.1088686741364	94.27351803016244	92.59064442443064	98.91710391852467	98.67949500093151	99.92378489538311	99.21404893437811	99.46196330565502	99.97171388245346	94.53676045405807	95.61434369941483	91.18072456173149	99.91437321945415	94.34615291263506	92.92264279305599	97.33663965171434	99.50475292755218	92.05132527911171	99.98383583065706	96.68182467005688
92.26021767431484	94.73833383630034	97.52413099003809	98.54477899916522	98.35048540691159	98.64399930465659	92.81074750866736	93.95949569059597	98.24745348387005	97.95326010951086	99.75206283422914	99.56575765586224	99.78036081181648	99.97872216714303	93.38282250671857	94.34652422599389	92.56726539572534	99.98383139361293	95.56540993800589	94.23690383873246	96.39883531793252	99.09202487492654	93.58423727171447	99.89921010238307	95.6223995082367
91.57085296412043	94.22173665019777	97.90174872065215	98.86560330067726	98.00011274801732	98.27318712725199	92.15296641271486	94.63880713758266	97.88234802321666	97.65996086048746	99.60361178800639	99.73618164008448	99.87951887545961	99.94693076645997	92.60181002848113	93.76169380951632	93.23118856059762	99.92739878975345	96.1529274200516	94.83658839438058	96.00058779117889	98.83986329245143	94.10960817658849	99.80791894826818	95.01352999356484
89.77808683262757	92.71775721336667	98.6873563341172	99.36878681080978	97.10952037154577	97.43814280474375	90.36962732218537	95.99624445050951	97.02780375878874	96.63679963239287	99.1428148930997	99.94564167483203	99.98362953463317	99.73041244063707	90.98666726879847	92.09908004827166	94.711007836783	99.86733691474909	97.16795873550784	96.14757597310823	94.71685128729699	98.14456675019585	95.49945159490734	99.50009562032803	93.60618031802281
98.40479397563558	99.36028308179903	90.74418081441098	92.67896641387875	99.98218521816418	99.92945699336855	98.63525419185784	84.41865955263333	99.98096750319647	99.96108893786644	99.931935592801	95.5306096708271	96.11138669032113	98.14201795963696	98.76260464865234	99.21777978095024	82.14677251042019	97.73745286208477	87.10926809501225	84.77713914354898	99.82780993481475	99.82364872199739	83.61632033504101	98.8601430643496	99.62882398094906
99.97057904307501	99.97649800383608	82.52937773862928	85.25656258100059	98.57413912783359	99.34448305182735	99.98272013947749	74.3355877728517	98.74684916167065	99.62352546247342	98.07616038892104	89.47912456907375	90.47526341114798	93.85413082100501	99.98161704665745	99.9375704675588	71.38078755067437	93.17544978522707	77.69138806461061	74.73747949169118	99.96967644276172	99.67133791570419	73.36203027027931	95.09241207801253	99.8773249343857
99.83552117511186	99.46357635929107	76.4042469771228	79.97376303798342	96.64365311380479	97.89850234078085	99.8292609753334	67.563420518502	96.96488863953809	98.4929146638359	95.93797561567078	84.66045647867152	86.06110900392034	90.2986815178669	99.70858197145948	99.89904961766273	64.13695216881491	89.2531321678637	71.29155061144024	67.95433905014757	99.38235209759165	98.52808943382198	66.38737286573695	91.84866329211924	99.93135761406054
97.5746437407672	98.89091015967836	92.32333278933903	94.17980706302144	99.98312452325135	99.97224038249591	97.91452360739251	86.66343969953061	99.97741771589706	99.94885458147323	99.97284222207504	96.50532204402072	97.17078261324269	98.81346059050809	98.14017157551964	98.6156391228043	84.43438407291605	98.52201705209509	89.02071282249258	86.81717574637412	99.56350282003905	99.86520939270864	85.94196583883776	99.32456946974162	99.18546578344602
95.14354038864603	97.10799965701172	95.38322154975378	96.74864943751241	99.48785375663083	99.62404113913249	95.63122740274085	90.8046399977645	99.43793001722921	99.31900663949102	99.95779182159744	98.49422432030217	98.86541500479338	99.81598011848212	95.95040626198991	96.75983999221262	89.22047936147992	99.67472177349417	92.80269526833159	91.21697200780309	98.23471165621798	99.84357688800797	90.32756472176382	99.96201520826851	97.64455834526079
99.95815050367219	99.97931453154064	82.64003887936128	85.38889033580877	98.60782305272002	99.39209956899816	99.9798218488599	74.40609855713035	98.80839755817614	99.67441229476475	98.18896505943182	89.59864325651701	90.5312183875475	93.95260862849662	99.98322821829407	99.9392941745118	71.60410829729322	93.18083660133686	77.83637571941084	74.96875841305479	99.97489242080178	99.71628221234364	73.43384200030205	95.20727558932114	99.8759379114783
95.31795280321764	97.24202205184686	95.26808652930654	96.69720726395312	99.57898516463736	99.66523124653244	95.85594067239806	90.71141650597193	99.4912939427265	99.33659189582509	99.94742303807685	98.43071997214624	98.82180132582687	99.78596255424867	96.06084441000804	96.93341669749699	88.76092885381061	99.59983427483341	92.52774355761936	91.00104533449814	98.39661155460614	99.86520583554513	89.92991646294809	99.94555301882019	97.74242827356835
97.88730121160408	99.00854937370647	91.7378432935149	93.68506445294112	99.98191549675217	99.95223557529785	98.15934265353576	85.98552842500396	99.98420832528629	99.97473945237867	99.98185435189843	96.22604861963583	96.89686545669967	98.72260411706316	98.32480157001261	98.86552915026843	83.70668171986014	98.27036188080055	88.54728903109873	86.48749473222489	99.63493633985377	99.84540714934256	85.1640611210463	99.23164434035938	99.36905260205501
97.154149637671	98.57262207914562	93.03524943449068	94.82809932747055	99.94167661968777	99.96885742067548	97.47802011383089	87.59686598689426	99.93576559801699	99.87555336349385	99.93250865628866	97.10263963421188	97.64887120033116	99.15652732189788	97.69711510287455	98.30027127752349	85.55783683264715	98.88197706753874	89.79710837775819	87.98974327198754	99.33327098371805	99.91925828220609	86.93194755690843	99.55144823208187	98.90322603858465
99.70136922023197	99.97833706596705	85.76236769009301	88.15760693557878	99.41885835331453	99.83321210563989	99.77888177190709	78.3291040460704	99.53233881528965	99.95595613121921	99.05279429148062	91.79719086453549	92.84913211408328	95.82039935750898	99.84902398113834	99.95978885311777	75.58969230944973	95.08094585542592	81.50104992564482	78.7079032442165	99.93728912025028	99.96420065066792	77.50513050397259	96.80173119656661	99.93825560109586
98.90367622217904	99.68599009947573	89.11830578838304	91.41671538987619	99.8897042069157	99.95387509160804	99.13689429911435	82.65457772864102	99.94206898097126	99.93327378292432	99.74342771277762	94.48063261734167	95.18981582657578	97.45623867486852	99.21491872252938	99.58393954582141	80.302358476603	96.94773003577869	85.30014790387423	82.8909738923696	99.95945252233696	99.84923553418061	81.62401148993469	98.26109012304441	99.85032802414497
99.97909904386633	99.96187909430945	81.915981819744	84.73916227918384	98.38732372253466	99.27343155917198	99.98045045102563	73.59663470950456	98.60966331820677	99.55911401072804	97.91497585784484	88.88409982843623	89.93894367898744	93.44259524616569	99.98125116291656	99.93597915476997	70.51195720458529	92.6894692260359	76.73637497311535	74.1590366937955	99.93604476784792	99.57583017436215	72.6343742897042	94.81784971570374	99.88481111577208
99.07612414620257	99.7610161391428	88.61930035433707	90.726635292503	99.82944059355484	99.97580564071514	99.24304296407701	82.01814779034629	99.89475338102834	99.93739005233564	99.6773365441904	94.00630903175202	94.73479710245904	97.21181459382281	99.39064317962092	99.65624154051824	79.47543465137709	96.70798461163687	84.52017862151865	82.13510043040111	99.97822094669611	99.87139316280823	80.8531217196834	98.03657208933286	99.90568564990858
98.77645461102948	97.77831608209809	68.95455688052311	72.73964696697917	93.29555032697611	95.29357893405549	98.73971093500158	58.36698335898206	93.67368005241927	96.13806929391882	92.30890645621014	78.41873363129397	80.00330842502376	85.2125025955274	98.40540226018048	98.96095257781066	54.72328593131351	83.95992477942572	62.41286115210261	58.75798707029963	97.60877739404322	96.19154413661339	56.7220447844598	87.18834322918786	99.03239412068619
99.50800471523115	99.95658605537196	86.65187358361838	89.0238416327261	99.57571643171286	99.93218021178357	99.64468654349676	79.58045337773558	99.64513820147653	99.98195342877906	99.25171007494812	92.53551570356414	93.42386068269532	96.20435009134437	99.73899545533739	99.91336199603444	76.92135579164464	95.56726777767882	82.50315473812998	79.94451870712751	99.94144144351625	99.98413906464457	78.35255729949324	97.18548107001689	99.98360695617804
99.64774467876116	99.97347574229724	85.95534477103051	88.47760369201656	99.45332843861584	99.87465866562259	99.75366122716875	78.63761884785448	99.54250525986022	99.96407813708151	99.13645153665666	92.17131612131111	93.03957627506783	95.84736813377401	99.82027180682641	99.94843331180947	76.11019676865655	95.17857699563362	81.52499623603903	79.07772311701061	99.93679230922334	99.96952761608547	77.64901272251961	96.97001395167217	99.95060762431622
99.96996721200291	99.73809756718825	78.91669962026292	82.10147027409951	97.45393958956225	98.60958543794305	99.95704169406136	69.92218744146	97.72572180903319	99.0217862784899	96.80186522831248	86.43014003971902	87.7613694218544	91.7462819472228	99.91039563189723	99.98253100765533	66.82355624548464	90.84413168184967	73.60410639135685	70.67650774560411	99.69963800617829	99.07253326397249	69.04433727552104	93.12781525877773	99.98422676633567
98.00570592294258	96.95496093174688	65.58764527859674	69.78423663847168	91.85581266536454	93.96008491915786	97.94120449031568	54.75194287988826	92.20856803845027	94.81647754628536	90.69286315341139	75.63861557905363	77.16371485030214	82.80895901480091	97.58394741493406	98.25235624991663	50.58915084295978	81.36498445473414	58.85748828102074	55.35787786121671	96.69283895108671	95.10419544667691	53.39137919610207	84.80759651750138	98.35540812100564
99.07483249967878	99.77656498131236	88.44368600047591	90.64653135126724	99.83295632496375	99.97948778667127	99.29657958624108	81.90657908185558	99.89697639284923	99.93824890210554	99.66040889968335	93.97299248227441	94.64485763146943	97.13693831196811	99.381192573859	99.67229117815359	79.31435447624341	96.64850406909548	84.52489478422467	82.18204946011967	99.98153689205358	99.87528309537029	80.73601622587324	98.03250365803132	99.91951128142863
99.37646408120058	99.88814685984147	87.41295233220859	89.74085533740877	99.69646539657833	99.9692037526536	99.50657004795255	80.53139351849656	99.756304870688	99.96609112154187	99.42045543535589	93.21998310263257	93.9394556847864	96.6389071836121	99.63939184315601	99.81976970873649	77.68119262746322	96.12329197259591	83.19191774064655	80.78919436108961	99.95730723049179	99.93777234252663	79.34948841711348	97.49162563690452	99.97079158609846
99.61793165078315	99.0277666390103	74.11890552943902	77.85770331369449	95.74849499570848	97.24543537558593	99.61279438346993	64.53501709842089	96.01146400265678	97.81907965686655	94.83573975296524	82.9990566419488	84.01893467771995	88.7843282561434	99.39193823432375	99.70615434583155	60.96513372436623	87.818138545469	68.68933437010188	65.15804991721984	98.9742206041999	97.89691645209474	63.12503214089268	90.43382165473423	99.75610551648671
97.70640561190937	96.36043071603163	63.90146303418316	68.38103719154145	91.06717779649554	93.25617600805866	97.64305021597205	52.68004370212488	91.62882079494	94.24594732811897	89.99666225430894	74.48448671631321	75.84680634442897	81.72724056073653	97.13993327944748	97.93265940450927	48.90140203956585	80.51253544013343	57.31382323234148	53.1462336245092	96.21348167080126	94.4492271206112	51.52984185295514	83.88518587045776	97.98800445341679
