81.3290865380429	87.33445030309022	93.66930493866154	96.15758583208468	96.1531143652422	96.64885172936688	82.42971680740271	84.79284427879531	95.68881855674233	95.2109898707628	99.42175659307132	98.85481409745644	99.33122666113567	99.95460334002037	83.64484295476278	85.8665826864097	81.02936180405915	99.95991085618105	88.60697874380958	85.05370909742503	91.15134438409369	97.87443275432661	83.53034470736961	99.80901690869221	89.17732186816717
41.76364839397707	52.49123364966894	99.88350789060803	99.58304939656959	72.04752918710635	73.56847678963096	43.93258563395626	99.60061236147581	71.03173478309175	69.88409415575174	83.25810670823776	98.58268101750582	97.99520404445092	88.27685317899467	45.16914664369642	50.80110255786212	98.82390741478267	96.865822310148	99.95735694422902	99.70274273701646	60.63601364103981	76.91306076680698	99.40334270070501	86.28197064665795	55.91979949894959
79.79798403711776	86.16340438006466	94.27491988433141	96.71924506330527	95.63437617461727	96.13299598510862	81.40877147684211	85.6327104150642	95.29188745051891	94.47793285345776	99.14309616399291	99.19943207934398	99.55608369927614	99.90593915355477	82.28915449860517	85.28245255951505	82.02013465056703	99.88750151274444	89.59190022977073	86.28171365479542	90.31984756824494	97.35735144152265	84.35723312009635	99.65018887119373	88.27779917354755
70.45788859110922	78.66371032029001	97.8413816163205	99.2038975868639	90.56942250625512	91.67178560343085	72.37810614258157	91.9030966489526	90.11345071772723	89.32704832242891	96.69558389461503	99.94141294161767	99.83144199931073	98.61425999495394	73.56042617838239	77.04283641156867	89.06418786756767	99.69739683020536	94.59641736282219	92.46440586274637	83.8700429751899	93.63264495440696	90.80356519936196	97.85390529467691	80.73988941856069
87.27406926896677	91.9908888977675	89.1796891575833	92.56268000487299	98.52418792657777	98.80862532962563	88.36018281750164	77.90559308256826	98.29349350958032	97.836400808478	99.94872773932325	96.73721472822346	97.5624942489307	99.61121695040389	89.03496919440903	91.1058485074247	73.9468843511718	99.28608197702692	82.99644046158045	78.76594108281368	95.34159142816031	99.47846149170869	76.35922627883488	99.94698322482105	93.58551818841327
55.89310393156426	65.51321767071798	99.90527619891979	99.88662367566651	81.89695830902303	82.81231102774973	57.69313912084147	97.44141296491281	80.98390688516781	79.64758380467197	90.57620231105594	99.95068414027111	99.84142951141986	94.4062488956389	59.25122238165789	63.39409828712925	95.7965292055505	99.40375610069535	98.77463970983078	97.560432357463	72.79537535765532	85.86346043564164	96.87649417133726	92.51218601686764	68.54287844913117
72.48508912138389	79.81488474746212	97.30973772876115	98.87937636027948	91.74444800100041	92.38602904104245	74.26439730866979	91.0859018907464	91.48205701088109	90.29140028147606	97.1694169110384	99.94205389320003	99.89559419657169	98.97809901085327	75.25046199581318	78.4023687672961	88.00024412325919	99.66722251916393	93.97550441548216	91.38142767604297	85.07618242454699	94.29937584826806	90.0805594652075	98.20624202966161	82.36048551894248
74.89418066957097	82.24020295383143	96.45903335476488	98.24628359025304	92.94065195962334	93.78114291693414	76.5628111393075	89.47384031157715	92.80793016120276	91.93477632633804	97.94918895189956	99.83157557021352	99.95348288121305	99.38055008591569	77.84108128914698	80.74708904212034	86.14666390558999	99.67237951347504	92.75940268079967	89.76582571515192	87.04514789307663	95.41252070451911	88.39799062293604	98.85868201359405	84.45819340061979
88.44711206703622	93.21702768797576	87.82812606700759	91.47711406242013	98.9169402521438	99.21323735829995	89.59602510711274	76.17183788380227	98.82491604981884	98.4188593208259	99.85626052089469	95.9324977792633	96.95020637594641	99.39489701752268	90.42456715431472	92.3764153622663	71.44546456903878	98.91924082598844	80.98452429692178	77.2514187034823	96.14738264018885	99.72726863226707	74.81218261934666	99.8424680506044	94.49247819181312
94.02491474889216	97.1281970695412	80.43974241436425	85.30918438610982	99.95574247991985	99.92901626470272	94.78233174904838	66.40419914990593	99.93731026724953	99.87350140172937	99.93314478528671	91.22678347857938	92.74929680155215	97.08400473561798	95.19431302117371	96.53653981869564	60.98083537386312	96.23388403621276	72.50430406436593	66.80014621234727	98.92576866144201	99.65934853307718	64.08714786906566	98.30185944472368	97.99418997729219
98.58452845748516	99.78862564073509	67.47485418622742	73.99233362913836	99.0863705555364	99.86852714615205	98.84852578343877	49.87877777636014	99.37588139449143	99.9356403346393	98.42912256387532	82.18929204316996	84.56840000391604	91.43671819504904	99.1207289770211	99.63335799599162	43.26293018506851	89.75808900168552	57.12969664807075	51.32933314287121	99.87909396616215	99.880001225138	47.49654088053956	93.49667876970088	99.93882672748462
81.86359179181409	87.95404387696591	93.27361302108235	95.875086879547	96.49446338352966	96.99858171960648	83.12533897711505	84.28428401310197	96.1436870070107	95.42370868776727	99.54802941063812	98.69783809141069	99.26372274083731	99.96029957202364	84.05728913222032	86.75696533962282	80.20586267058732	99.95181085161198	88.19675190080244	84.59819613257895	91.75253085140646	98.09291964362592	82.86802552951933	99.85366902549559	89.50103660633646
95.30282568902805	97.95573787669613	77.79513363832679	82.87434727854057	99.95299821710096	99.83854664777188	95.94178291119118	62.84620470732527	99.94607820247498	99.95771333247718	99.89372286352639	89.57025595197595	91.08634646063176	96.06573683020095	96.32148092958258	97.629053451524	57.54957661843334	95.01541904441578	68.95183975444856	63.59511400715613	99.34884789291368	99.57128514087799	60.57508783050529	97.51280127025633	98.70513295597159
73.0985240195734	80.66927791281995	97.04269837938283	98.64820198159499	92.07625248454471	93.0118281382412	74.78123662900089	90.39916621034607	92.02329151837284	90.84250894534938	97.53256169567828	99.90912196645483	99.94095026277887	99.11055962665418	75.96821354510917	79.10456091564593	87.33722059664095	99.66213187953187	93.36379718325803	90.74505719681792	85.84238208335397	94.73910797009039	89.22524802057193	98.50217506208341	83.32656490089163
84.92936987847051	90.54450009993874	91.00290898013907	94.11904263198866	97.82892237843241	98.08981025478586	86.17083104221457	80.50835353680476	97.58535984348356	96.95605064996265	99.87220301817578	97.64977424100384	98.34363186537117	99.87013710654186	87.09386835088854	89.27230776323412	76.66406481099142	99.72206120867811	84.98530951629652	81.16053661595966	93.89909918420977	99.01935604537316	79.29376374341463	99.95478177223481	92.16936907378296
99.9556248987162	99.66674400591099	50.05307646926165	58.25662954733912	94.77450462189667	97.370843152216	99.95792810877903	28.868449690144	95.51156649405004	98.16625403090659	93.29618462796969	68.9934381683521	71.76608127211412	81.62653478379002	99.92197401946339	99.88486310224226	20.98913707543405	79.05753767893511	37.86428291061835	30.12145745023641	99.60396107947349	98.32403873299018	26.60703625228697	85.02712543824664	99.80678070957694
86.58348807212177	91.68843635414736	89.51632575891517	93.00453850476842	98.43611414872176	98.6331838624815	88.03021341742375	78.66259401610796	98.18731164420508	97.77540295422121	99.95970207564638	96.85643673850852	97.69756464990479	99.70696327990056	88.71514761530996	90.80082469731397	74.19921937250456	99.3957661078901	83.05032140963307	79.19756972757112	94.99282326688345	99.44811985978697	77.21885257263817	99.95034403943059	93.33060563435576
90.82218440933329	95.09685264267539	84.99395551315897	88.92006333100203	99.58066640697257	99.69620094032892	91.83092607910001	72.22938693838337	99.50837178479058	99.27976812675907	99.78209095677258	94.40303951083835	95.36421827026106	98.70845036486718	92.6858530338739	94.31925621560708	67.32391532353181	98.07384221075338	77.57467395079985	73.15844491831768	97.45471050978236	99.95418102671098	70.62089100861768	99.41479315965566	96.23506922404425
82.06918898252714	87.80402508719202	93.09752518615437	95.87868072513497	96.31943408259338	96.83261653601373	82.97925054627983	83.88002671516998	96.02142537554481	95.36547264021826	99.54406307569286	98.70429568226223	99.24189021719195	99.95987963409253	84.12234021338875	86.54278351658292	80.18566176543811	99.94938660978697	87.95503595121495	84.67058135404739	91.83105132425841	98.13279404159448	82.50172672512547	99.85489211776589	89.70508904580716
99.28561974096999	99.96037732402363	63.51432459158082	69.97037964643735	98.34032557431588	99.48166637034672	99.57232889893946	44.1136027423823	98.59619855221662	99.83831291054199	97.43619496474253	79.06275544078929	81.35254237205358	88.81055248873015	99.65241218570375	99.92978062256653	38.05701364540436	87.02003412632003	52.31952280868529	45.86644754297395	99.84808987325296	99.85933144995656	41.8464214221153	91.64669533033425	99.80530333165623
96.0226945585983	98.51278193747093	76.29671987934547	81.46449884400222	99.95136776374413	99.82271905651943	96.59429929232745	60.84087896503183	99.95303076616435	99.89885995133125	99.81014603409453	88.77166262767241	90.29985089063484	95.55535522881394	96.92517005212613	98.06796657190398	54.86243795278703	94.41875089192186	67.48301322589492	61.60480346450634	99.62523582411002	99.55702739765431	59.14527271525889	97.01427794151847	99.00989828128796
94.86577829052591	97.73551600123292	78.90746843100167	83.62649287388577	99.95159965368829	99.86329498329449	95.57881371785886	64.31316838052791	99.95434786880583	99.94972500419279	99.94891978552477	90.46498592694469	91.69193923104714	96.52591682395787	96.03218542315757	97.31140766991831	58.49647121305865	95.61498786450308	70.48738299234867	65.20586867744031	99.21532806079323	99.59551785596895	62.37672351535887	97.95764413348309	98.46129327565309
79.36137836457732	85.70724643193945	94.42734584188904	96.94363612826933	95.14110350512659	95.98242395807411	80.71201536563595	86.40314111553174	95.09591532785781	94.12267491785596	99.03711160761823	99.23029738348011	99.6217820545581	99.8857994911411	81.55042317223237	84.82354629131075	82.86123580387346	99.84948507839955	89.79984785422938	86.74697438692233	90.19342749802712	97.30526021155396	84.90099003206181	99.56375637552674	87.76278305768628
85.42414351861632	90.53466052714218	90.82250904501151	93.84824446993626	97.90030209193449	98.25916644317465	86.82193051483313	80.34804328295564	97.76729897116078	97.08340634823165	99.91103892768145	97.47738683803033	98.20344929275979	99.85894603849039	87.48790528201505	89.8717603433069	76.21106306682694	99.61491720003754	84.64703104183234	80.988038452436	94.2519762895063	99.10453253625717	78.90832538482915	99.95409260834933	92.42013241785163
93.65449255411184	96.98005319558008	81.07160455835107	85.2398530938016	99.94717915192204	99.94595376924357	94.5973446056143	66.76763846462465	99.92436614294927	99.85608345567515	99.91378435757856	91.57232686321098	93.07235153287114	97.18373821182695	94.95953966076718	96.52794661376815	61.24187953565783	96.34023472686059	72.55600043903566	67.52196305787903	98.77605514668562	99.6770281985231	64.81141427820687	98.51013706691259	97.83544076891464
94.5780312514851	97.59959359024207	79.6210622466208	84.06757852602421	99.9549740882084	99.87891682523147	95.28982034996388	64.68512565158008	99.95907199084412	99.93223307498369	99.95781029765088	90.53272532533894	91.96575637044488	96.76323269091453	95.73693867271528	96.9438349284991	59.32207617921179	95.69199277333101	71.13127175702823	65.42694569088377	99.08469276175231	99.61150796761106	62.7746715738104	98.00716178443086	98.39508714834378
76.61133296111531	83.31306464169307	96.05421932022691	97.88305899788141	93.7841771342802	94.58315739217656	78.09111414087393	88.63988225662609	93.44642856048073	92.44845437120016	98.41916798232269	99.70119310655002	99.88651166673003	99.59842835810764	78.69934566248745	81.99993132291694	85.13239801330053	99.70513496950012	91.62423661753931	88.92258100454238	87.99433968375224	96.22202859833799	87.5240436743002	99.12033565503442	85.34622290963119
77.95867764185178	84.61807022796488	95.15836997195029	97.31457504571239	94.57433698672499	95.27887391790385	79.82327687587474	87.36812737761583	94.29784577323036	93.48260074275248	98.80262079514937	99.50346420770525	99.73853955070288	99.7942198058293	80.75572928845418	83.72897979465719	83.56371343015756	99.77326424208931	90.61422988841638	87.84254641226656	89.07497712824556	96.87330469939255	85.93785889809031	99.37868023887192	86.91573884446187
99.68569161994478	99.93763916511209	60.51233045635958	66.95811027382284	97.5559826233269	99.11160233408555	99.79669746150131	40.90620546328297	97.90965407370379	99.59173635452464	96.51469019962562	76.43915020426668	79.08420735932638	87.17214628305008	99.88554132404973	99.93079694577246	34.02005131632646	85.33287050602306	48.91196778611266	41.67407843902766	99.90587715275248	99.67909165874643	38.63045065861886	90.18840761368617	99.71616563857506
78.41342437463162	84.80527778121008	95.12019830753802	97.1713090932214	94.80626323040509	95.40715071907408	79.62687217843919	86.8716955107669	94.3804706848464	93.69104975485666	98.86406173649011	99.37788440699245	99.7567661978603	99.82418795310645	80.78956031905535	84.0138841188205	83.75662846590022	99.79135340423757	90.59680305263143	87.25850421600369	89.49523787343648	96.83983139731508	85.62004907778424	99.43579914165753	87.030368555881
94.72373661998169	97.61873514755513	78.98445580084078	83.94657913888864	99.95339650166054	99.87412782050328	95.48022088905277	64.61010989928633	99.96013125743819	99.93817055501094	99.94657400976349	90.56564666766124	91.94435965120324	96.69655420894254	95.85393633582051	97.16923921335361	59.00874272898786	95.70028570289635	70.61256609787199	65.2014022817738	99.13756202257902	99.60624062843955	62.91835776751038	98.04512908326095	98.33736638538106
99.66337505979345	99.93734179950742	60.46853488289702	67.3785743867887	97.63644787188261	99.16275718188665	99.80999125045605	40.97387868065429	97.95172341912976	99.63769714097877	96.48871758882447	76.47665478626821	79.37132279510273	87.36112423595306	99.88124432751717	99.93451391512403	33.63899380800227	85.26276858311122	48.63612936446692	41.88860674800181	99.90281527880997	99.6799471973841	38.77766356509347	89.87209224063648	99.71853459798528
94.79330245454352	97.78002616145301	79.04749271638822	83.74099770784356	99.95143232525558	99.86234208792916	95.41787371918704	63.95584743525973	99.95445078592384	99.94681810007107	99.94171786373258	90.09763831725982	91.72475793959079	96.36375371172592	96.03487504461221	97.2206895155277	58.6762031155134	95.61759821323734	70.48215912605323	65.37967422170874	99.20500345410359	99.59479619113189	62.28539939663218	97.80284667659494	98.40706211335376
99.6535677380931	99.93775731452557	60.35708498282912	66.82495601464453	97.48935589335736	99.16023197628336	99.83563973752713	40.5100303612841	97.90345812298827	99.6458188696853	96.54335713399466	76.44554384808141	79.28311098954143	87.25369099426337	99.88481195498858	99.92683049111825	33.07631786517729	85.37118128560101	48.38973807829539	41.51589819173752	99.90849312250408	99.6432179102116	38.17357710485676	90.06847130792963	99.71431818470579
99.95607982266557	99.53669404362367	48.37935207297156	56.31340980963115	94.22548443588079	96.91685814173712	99.93807000292169	26.20701453652151	94.63530354359743	97.81534933481257	92.54536231389743	67.26408806052351	70.69981443981936	80.21040462025707	99.84642912011587	99.93696447075773	18.70993935992684	77.91847153798594	35.15367625311846	28.01867240399901	99.39097780342343	97.9359397377868	23.73110648694719	83.7286503432954	99.88425990042151
99.40736918474038	99.95814423482231	62.82502080318837	69.53052008359538	98.16883923038992	99.47686108808456	99.58166186377159	43.83518257201636	98.48105643664169	99.8089904659999	97.24631416305725	78.38131746748829	80.74723149777859	88.70813620720935	99.71159373904179	99.93069834845099	37.14320089893751	86.89784912949538	51.41561877294214	45.34381131161908	99.8529598955939	99.85122469757981	41.71675356064561	91.3330974500721	99.78867851111926
94.37121931913352	97.41243384229617	80.21488066998532	84.64453933175541	99.96001324185083	99.90337679478702	95.08840256906819	65.75209143917481	99.95448913368811	99.91540523681105	99.96037984830352	91.05205408897521	92.32318615308114	96.87212186768113	95.36747279179608	96.91740679240604	60.22975707273957	96.02822022862102	71.33300407367224	66.29857098712446	98.97881376534924	99.6350955334533	63.33378833768586	98.13349723435358	98.17770889770287
92.44020790870019	95.97103025989171	83.22649770825988	87.43219633014134	99.80625896062284	99.90062383692815	93.23358113492046	69.72551861200091	99.75891811010955	99.59663238030979	99.81038148017957	93.05956311458029	94.50007762400533	98.03704972465074	93.79516331178662	95.25790704533705	64.9009945571708	97.28490442391994	75.68480895788738	70.60723068999208	98.06614660335816	99.85143257449785	68.18728641962247	99.05667221010869	97.03114614752491
99.43293003319998	99.95166093363197	62.75528367951042	69.02186051124072	98.13835580101328	99.46057119412698	99.63566133589376	43.15035984371983	98.45396819175834	99.80169374719232	97.17527545779269	78.47928512681004	80.41743184960568	88.43417928715743	99.76510366204622	99.94296795308088	36.75784557985104	86.4774406963641	51.31660079381678	44.7502980415716	99.85858327726194	99.8379405694143	40.64225795708079	90.92545105677472	99.77430379237605
87.93011136838409	92.9445314056783	88.23479164706617	91.69301123150024	98.76544010939016	99.06534189327776	89.0927767529792	76.95758699733159	98.62358108778625	98.2624609251291	99.88545226538288	96.2136580064095	97.23806927746072	99.51823340304942	89.79923712861876	91.76789568411084	72.76792746788161	99.06311786910167	82.0077089644419	77.32107664278345	95.80470620268808	99.64447245552948	75.64013568787514	99.88510497360468	94.21399666135069
98.02393603358941	96.0890685852851	27.89408725314344	37.37902852785822	85.86364620722223	90.42429827685498	97.86337230345404	1.814198905954489	86.83326244448745	92.15522478946332	83.73636641297605	50.80732813799778	54.18534553950484	66.62940225656359	97.26584016064997	98.33720766871083	1.475740027856975	63.72303947083864	11.99804979931413	3.922560806423536	95.7183836909135	92.54879969483935	0.2508171592927355	71.40600839535189	98.43815157633603
93.63181638169561	96.92768881866117	81.0886645165137	85.50837453706298	99.9466658786678	99.96036659661823	94.29653414228413	66.98319111907558	99.91982179589324	99.83244430111388	99.89851816261107	91.58590232318146	93.14247490326001	97.42036017259146	94.82256442190237	96.31253114816626	62.07823878109594	96.58478342868035	72.77169073373908	67.84723096854731	98.74240023066362	99.69341253774842	65.28214465348832	98.46774638726217	97.81400738608103
92.88622053224462	96.32043445409839	82.61232649574117	86.89643670144697	99.8670504090336	99.93055991289721	93.5264901840011	69.1318418642729	99.79863718542634	99.63440590854752	99.82996111891896	92.63239993534823	93.92325127441907	97.80002220255346	94.16848976638389	95.58716359122269	63.5481247175759	97.02805210225071	75.00114909739362	69.73652428160541	98.22789404208734	99.79930112338465	67.16488323097467	98.86117350254833	97.20485676164117
99.95832376478172	99.56741411410044	49.18924305545561	56.1677680110602	94.21960855695042	96.99082771790948	99.95277308743486	26.83891501467555	94.78482637113802	97.84171953389014	92.55153490110204	67.79106400748009	70.34097433424313	80.33885946114005	99.85450087263868	99.92590520341392	19.31616619408768	78.16561192142591	35.42773931940568	27.73062966765366	99.42471451225219	98.10729984414121	24.09231266831516	83.81325904644672	99.86888622544005
92.63876135517201	96.13332389055466	82.76044709208145	87.06545658745732	99.80431875338022	99.90676850844169	93.28288477793645	69.3369614774217	99.7648352023412	99.64100673318347	99.81615206793444	92.9497421163361	94.24790063138352	98.06531686475377	93.86808733659261	95.55996800228476	64.74274489387246	97.36338028734512	75.01411336988227	70.09808538046885	98.1201074749914	99.83226473192614	67.90036640689756	99.05790997248747	97.06538912018698
95.48271441921966	92.65339966606557	15.08286858961362	25.75687299973708	80.37627127098609	85.33362089270628	95.24830799491473	2.961870824204141	81.63298737302543	88.04725611818543	77.83118410144768	40.50326977905815	43.9745180344104	57.83173420439483	94.49230245324456	96.13683083426665	1.810035370108277	54.81068196153467	1.759179863246345	0.4581350522912646	92.17984825629242	88.01755501142286	1.021446102473081	63.36666619910937	96.39789313869692
99.8677448856684	99.20408787004814	45.55400196412788	53.84190814299836	93.14055092911995	96.1134573529948	99.83809247372658	23.59211541827105	93.67639025748295	97.28810799233139	91.58963273604539	65.19192906130009	68.42011913433142	78.39888490109055	99.7055283121171	99.9262014181224	15.28318110439803	76.156515701581	32.32660124102665	24.29034459984435	99.10448086527218	97.30341482110998	19.78934338768826	81.96512659238286	99.95287197319452
99.60963328789933	99.93749073247368	60.4533444730785	67.36882054374588	97.67358923598336	99.15815131779605	99.75678614898322	41.49029758192502	98.01091057517182	99.64429742787294	96.59986140908991	76.83124777704022	79.63798116657796	87.31642709829856	99.87006335475354	99.94726336189666	34.62108428758292	85.47620532215612	49.14362728486095	42.53357067747979	99.8924884409729	99.69838951195122	38.71094019492042	90.33393047935445	99.72535569890645
96.63041871029858	94.40216544069163	20.68414942661515	30.53012687387613	82.9089033799976	87.9414349421647	96.61098994073571	1.570797034152244	84.11747958326049	90.0583022325589	80.32887196495365	45.26832416606739	49.01619277442806	62.16674072408507	95.7262135351698	97.2321515278218	1.91716887926971	59.01963135429389	5.170721592338889	1.77417398279511	93.84766053102395	90.39422153711601	0.1945636289060517	67.3901542985769	97.37836383127517
91.77314226449116	88.14854491365692	1.354484663891198	12.17209929026037	73.38155648298788	79.6695619603352	91.75666637085372	2.037466238814733	74.65154201916478	82.34163662516002	69.8155206786451	28.73409092039949	32.479164717522	47.78998833077495	90.62123633994051	92.76270715569332	1.716752480590066	44.87586711448469	1.877720727798076	2.250631380933031	87.6691938894937	82.744374003404	0.509866330957943	54.25768702825391	92.93396219751401
