41.14135164570398	52.65298730929878	99.885514285174	99.60139964705007	71.68057072242111	73.72293374985195	43.21497965400673	99.62054392309138	71.10822020551836	69.73956408349426	83.22166843096535	98.65532984393496	98.09021669747185	88.51302726992625	45.74513946144967	50.04121800274326	98.84870491864935	96.9885770594896	99.95487962189836	99.66216913341786	60.74337323705398	77.1599540497901	99.38020704859342	86.26771610582141	56.61722575864439
82.49640984605291	88.4879438813601	92.73612567419154	95.52145297857314	96.76863393142216	97.14944347297235	84.09457142849922	83.20789052221164	96.44204516508425	95.98750467635301	99.61314180973756	98.49613766882712	99.00130748543347	99.9579462636807	84.76237890307321	87.16831811929627	79.4419264839908	99.92504337607649	87.26684461825485	83.85900503404966	92.41978790948127	98.30905801189456	82.14074754208507	99.89797732872105	90.44243904964368
64.87305997351115	73.40010382636626	99.09414882935562	99.79780527356932	87.40849871938529	88.39958490850573	66.68859414800619	94.37420316027509	87.14231123565791	85.62909184734353	94.73353563988334	99.80102849969012	99.80940781941486	97.21636281189261	67.97121403140562	72.3392989942283	92.23545126891894	99.94799769019397	96.74908013421205	94.85650332647243	79.90658891702607	90.92413648478319	93.73608511851117	96.03860924691344	76.55738839808554
53.47157066350409	63.475026399481	99.95940934355248	99.89726187168505	80.17512673930047	81.4328588990772	55.6191606551264	97.94461595588135	79.20719129401257	77.95888091546726	89.31585402392649	99.87281520752555	99.65168790339588	93.40619804613807	57.15601043218039	61.61405159891608	96.53892702470898	99.18296346130653	99.2174968023303	98.19430732992835	70.68673031691117	84.25569534220701	97.42681249493079	91.69172026701281	66.64773585671927
46.3873314591155	57.47710952339558	99.94203088304452	99.92010332746474	75.5971915161029	77.16384025833628	49.26840441945011	99.07878000274455	75.06566321174107	73.4160791147132	86.11551955429393	99.36144099257859	98.98116229441308	90.7325489823931	50.24260617582846	55.01240724519953	97.9408565125447	98.12682549502958	99.76140079915156	99.13144881069067	65.15054560865235	80.62349467910495	98.68840239820253	88.4695161211902	60.84699800728868
70.4096865403977	78.21489880737175	98.07157516261505	99.28629608347798	90.18741448234128	91.17646852439549	72.04793582335461	92.16475993998296	90.11960143639288	89.09729920022099	96.32308419075044	99.91472655662969	99.81788713449767	98.4705966694343	73.24074733900025	76.14820279419776	89.38912926309152	99.71280901839978	94.93153160111551	92.48440624274393	83.37202774858599	93.4184843765959	91.12684143489344	97.54912216665409	80.70962586017801
91.13889574514359	94.93071888464392	85.00201161978451	89.23264455143904	99.58858353864338	99.73670086597743	91.76024444033042	72.29523465408204	99.46191440200593	99.28156846707522	99.78214070568681	94.19345463028091	95.49824000453775	98.61695516529217	92.56561058600083	94.29738861172659	67.73640384837883	98.07224107502762	77.47953062421715	72.86137087043321	97.45698628441878	99.9454487525057	70.88202528589842	99.44123949358395	96.29084358241552
61.62421608097469	69.98189304679823	99.50972775861125	99.95671733328793	85.16304643925558	86.05827871024391	63.30190529136618	95.97193723968019	84.63679365343886	83.55462149509269	93.10380555788804	99.83703431563961	99.9225316816602	96.06071086958534	64.33388290886485	68.88582870872352	93.89259371072522	99.86300138285291	97.70145722094144	96.1863847563515	76.69507014926035	88.99245012001246	95.01731184370458	94.77794308393401	73.30229145981232
55.88292939375697	65.65060921145849	99.90667562323813	99.88769761132602	81.80301749811963	83.11580695230221	58.06448852133518	97.34175679977601	81.15870647939416	80.10767229099534	90.85060457509995	99.95254880985223	99.85806596606929	94.3866145370832	59.78650380804322	63.74616666272095	95.72768929992574	99.48997446243578	98.83296911299919	97.55475634566039	72.65026146294528	85.98693344089776	96.86474503474049	92.78959168480392	69.23443558426619
92.44878121747982	95.895202645609	83.00806818089157	87.55366849889289	99.7785126816851	99.89584150671806	93.12837751034337	69.98144738727041	99.76991432069276	99.56465458807369	99.80714934547754	93.18556059553842	94.56294842048398	98.16573632601848	93.75665247906274	95.32789002951759	64.64667635032654	97.46242925358857	75.43402036501806	70.84929805558076	97.9917189081504	99.86168438756255	67.98536551700045	99.04936663114495	96.99414923656248
97.52279711306696	99.35278685249465	71.7386591551833	77.62739823909727	99.70562460353318	99.90670773139136	98.01054480346005	55.40618904793397	99.8121463506575	99.83518364327972	99.32545426673379	85.34613981365091	87.39857416350564	93.45530878114562	98.21028432056096	99.02158325294856	49.01923767412739	92.17728066724331	62.28207213487764	56.37598577559348	99.93510918391929	99.64323079663679	53.31338185234596	95.32196124937738	99.65669013634387
63.50076232551789	72.05861083308129	99.31575808728998	99.89409949302686	86.12268278890642	87.13462145743932	65.00541890263575	95.3320827844159	85.89575882737149	84.43898901776869	93.88979897177806	99.80665917438594	99.85421199923297	96.62199839390901	66.1825159999316	70.41552826986623	92.87789777204961	99.94751709026099	97.14682555879999	95.48866357219438	77.99103353915974	89.87293381328173	94.42977161397468	95.37794532793805	74.59532242063112
67.5902474650303	75.50046889867484	98.589132386407	99.64724977228401	88.90105619573279	89.75886007620821	69.02263431156473	93.51040747666551	88.37309653877507	87.06371663802933	95.44034157377676	99.82705076992967	99.78948772043563	97.88518149262835	70.370359311859	73.71101464880086	91.134019247346	99.82334521892929	95.99907153761076	93.74216191741574	81.06570391621453	91.85517509665931	92.63322022364586	96.72941600563787	78.47028302682595
97.81789769341229	99.51991398876562	70.95567380114338	76.31704953797569	99.54438382491696	99.95961694231806	98.25745887352409	54.36567470809617	99.73894419957578	99.84940382751017	99.02851534799115	84.41811035336353	86.47566181257567	92.93813062792313	98.55458643645026	99.2924153167117	47.95336723279357	91.28296364227029	60.71064037777353	54.66437659935115	99.95937859216272	99.69842408832838	51.80879266938753	95.03424907539186	99.78907024983812
71.97684424856836	80.08751399907987	97.31884369006673	98.86869589749875	91.59877455863861	92.49174505523268	73.73823808713051	91.17468669177597	91.34236167394889	90.14471696628061	97.15535969512584	99.95164359566429	99.88836707456747	99.00760882908028	75.22901535850883	78.62566984948545	88.21615054136176	99.66873914693761	94.082861831743	91.50072369512104	84.89959066061989	94.33185224693705	89.94695380523953	98.14281830635203	82.05123983125667
93.47550778936953	96.80807353388236	81.39150273741065	85.556851736102	99.94637613166846	99.96037860975144	94.5158896269368	67.40070113557029	99.92259505373711	99.81405180381336	99.89523545907893	91.64785647784424	93.08464599567701	97.29702056602375	94.9458509312407	96.27519372180792	61.8639427708307	96.57900031608028	73.09710567755121	67.75439093666937	98.75842997200847	99.69618231614768	65.37706979274202	98.59074397313448	97.78418354602572
99.95924276004435	99.85294158038027	53.23768679526382	60.57000752977109	95.45803430413372	97.74712695469222	99.94495649801486	31.95426435549499	96.04741500008103	98.62932761887237	94.14743570364348	71.09638810069156	73.61381252985542	83.07846489977685	99.96029046633529	99.84769661486962	24.26227550206796	80.93588366720867	40.12181580361808	33.41075757574691	99.80244730892683	98.77680430391736	29.204113989665	85.98684824952002	99.73577800158836
99.95969380844116	99.87055061500303	53.44010829013454	60.42119419398835	95.60651936587983	97.80272595432562	99.94498945128426	32.77403934650572	96.21485149220065	98.71812313401837	94.37889111145232	70.91056645992039	74.21342261809257	82.8880880255626	99.95918171953888	99.8456879137198	25.03706102153897	81.15238880406024	40.73215707529736	32.93394949800577	99.79920561365088	98.78905736986636	29.48832230202668	86.32842889237322	99.73074117844878
80.20962719120475	86.3835259841229	94.16363411044286	96.56261082036096	95.69551819502047	96.2393158476942	81.26321683172884	85.6796165225504	95.42546750828652	94.71159639543518	99.24481480494532	99.11175882350634	99.52038919062829	99.92471465816318	82.14898169665547	85.37587757461137	81.81719784580284	99.89618395226853	89.34037716370355	86.03269511935265	90.63515522857722	97.47144317510657	84.31805831211562	99.70165960029938	88.47070564032418
99.9541108878737	99.7628815499081	51.11661781152868	58.30970382938783	94.91599637401741	97.45292256102799	99.95059364279595	30.01226191030552	95.53495407154303	98.31312786355319	93.5829551732034	69.80596296229132	72.53398535127478	81.73735972087168	99.94249187029402	99.87168123181401	21.80830512172978	79.69015858664342	38.28857069933554	30.50099522356564	99.67480619429676	98.46123339708018	26.89552730262522	85.33538537686006	99.78425138621199
88.56184615237437	93.4096342461641	87.50590995718038	91.27869861695135	99.04278905179157	99.28188596043876	89.77535232641432	76.29160850029831	98.84931416933233	98.55278562410308	99.84617172758942	95.78729665460433	96.82710677704979	99.35216040428149	90.42967571914245	92.55852656652841	71.53422827545482	98.84818601746009	80.68719461862371	76.45718767341502	96.24336311363952	99.71815980675352	74.26932542357967	99.81793329145241	94.64312944767599
97.73349785355758	99.43812443716828	71.36547915173442	77.47691384074906	99.62229745512845	99.92837048613281	98.11465545204246	55.18810506230043	99.77175392082623	99.83952020663713	99.14067624754813	85.17708207826307	87.11637076186351	93.20947531481679	98.46130018042652	99.14493373640309	48.12744809600933	91.66588944825033	61.53303460079016	55.88567052329532	99.94100741444997	99.66566250735158	52.76195924988588	95.15123925615386	99.7201245357677
86.29331116911986	91.4759648346698	89.9506795261176	93.2602625334012	98.18915049774742	98.55005361572456	87.44368402810527	79.06790897305017	97.95323543736856	97.59509950776322	99.95247597391204	97.0486357938492	97.9059558891439	99.77064240416142	88.35840196999594	90.58678812693299	75.25389459249003	99.50063844619808	83.67904647507193	79.79572854739092	94.66643135615465	99.27079451027578	77.84336214305854	99.95999031846343	92.98646150934509
97.80719029220441	99.48603681725577	70.57295705377801	76.50924676566986	99.53195218237828	99.95727467076779	98.26199776889094	53.75525495230625	99.7023553093121	99.84845147556912	99.11140348023631	84.56219999844778	86.71853650326823	92.6812816760079	98.57697591964845	99.24159558699343	47.69550898974079	91.48513765042149	60.77702272216808	54.59899189646676	99.95877849204889	99.69639396439085	51.49810049379645	94.97819044462426	99.79833263768757
93.30367885140092	96.64919634334365	81.37424656489968	86.21244074830041	99.9284567562823	99.95785503949018	94.29235708980237	67.82260961303261	99.88019067309949	99.7633820480381	99.87300151480208	92.17357498204586	93.44737124980162	97.60027451033007	94.76991528983987	96.11344313625698	62.10579448926792	96.63636331383124	73.51561397449531	68.18414056151683	98.65024126222085	99.72358924956856	65.78568216728586	98.61925539446322	97.67412625048433
98.11647643961879	99.65895030369653	69.48606307181599	75.22289138311902	99.41471409662724	99.94885638047688	98.64112253657262	52.14712746969469	99.57820187947625	99.8791274329686	98.87581481566747	83.6939406199065	85.68489274097043	91.99884057601369	98.86660906631714	99.41914046934291	45.84995878426733	90.64083834968038	59.4360001767378	53.35171849888807	99.93140256825617	99.7713026653779	49.53856211124117	94.23471689726705	99.88103809570732
99.87797882886734	99.95780196987796	56.90299551813306	64.21638890906468	96.70710720876843	98.54073221955557	99.94969562059768	36.31948996075794	97.25056244285989	99.28559992716526	95.49079788899502	73.75928744986422	76.58423084088943	85.2108180293711	99.96017555309766	99.85328596585819	29.35684246570385	83.408031779327	45.10399874289077	37.50046336084638	99.94502389655493	99.32622339034579	34.238907603196	88.30101284670222	99.68747396678829
99.62017311615926	99.93757454445607	60.11356732220533	67.11873410422706	97.52279520222416	99.19364546769451	99.78005116942937	40.84280025749855	97.91979944563364	99.61569867676437	96.49713566150433	76.6847433737309	79.1064539747167	87.08601515231217	99.87008027511091	99.93485329660817	33.85737530035886	85.22619307297894	48.57566962276648	42.17046641687953	99.90242673826872	99.69700833438081	38.51081198297859	89.94352054311165	99.71865974188414
93.95371431073997	97.26984512232661	80.34942274323311	84.84879878912903	99.95944744408753	99.91834237340191	94.77063590040055	66.17754047059475	99.94696687835075	99.87694950249795	99.94619458955856	91.1137706029139	92.64495126054796	97.12510520424564	95.35001339414998	96.76182751012375	60.9410117618822	96.05691888505586	72.19258618544454	66.76436822148952	98.89247782207443	99.65023302686889	63.88404058620396	98.2666586983014	98.13248993378603
95.18712066753601	98.08228212138714	78.11686570243673	82.75245699146878	99.95179527451539	99.83990839808007	95.91908743246623	63.01859095279978	99.94632267239602	99.95820290996016	99.91542667975651	89.79112902243489	91.10187156229571	96.16715131601474	96.30449308386187	97.45645024934635	57.85568301974097	95.15500836761929	69.30930685769559	63.59092866925808	99.33384848846094	99.57342932602299	61.34055348427583	97.67805232557197	98.72576511173529
98.55314340172464	99.81560485215638	67.69663478820513	73.80667814681475	99.08434613082446	99.89135391796322	98.91322610434429	50.41468899277252	99.36415532772831	99.93854819956729	98.48282220653726	82.35074015443247	84.42580012897274	91.41338935897114	99.15723594411676	99.67612333884426	43.40502797679972	89.85528145242962	57.02906820304678	50.5749475466542	99.87739830641902	99.8855075683699	47.30922397589526	93.4727555167223	99.93647049319182
99.95404379061722	99.75814884058443	51.79733347120217	58.81328885587512	95.12112008520127	97.49752812487178	99.94941006164406	30.14288905950164	95.7552921525546	98.44622392799077	93.52021258087989	70.11953174382602	72.29540783353485	81.88439581276033	99.95012187228998	99.86695074120968	22.1392348214379	79.81086174307596	38.83371233625314	31.48652425645393	99.65418301134503	98.57255306940172	26.95982774870546	85.51551254809021	99.77668909615785
89.01271059887745	93.54636006431095	87.58838030823968	91.20265566634652	98.99617207205054	99.242976709077	90.00096059981819	76.07444468440626	98.88346006670237	98.5390396838857	99.83740935605908	95.68004749620596	96.77002593313595	99.31956441030979	90.46492558756751	92.63758552517234	71.45856823739453	98.80667121235685	80.8917066234747	76.65079734775446	96.14954353887832	99.79160021214832	74.28665474480654	99.79371596262753	94.65120881866191
89.49914008868549	93.84949415389964	86.88615346927403	90.61298299966124	99.15574428349424	99.44877189311129	90.24765896467829	75.15837718598122	99.06401503769926	98.77741323988897	99.81521479548437	95.330861959835	96.57760040975928	99.17154395149926	91.05284268740479	92.90374302842645	70.10964740135894	98.74500171249558	80.22543306283796	75.91147656527973	96.61480453785474	99.82747550767303	73.08513464892754	99.74385218727355	95.20010491360257
99.96022321669713	99.58536933551858	49.12592340310912	56.94610067943153	94.53135752515755	97.01906530722059	99.95909828409285	27.83798829380221	95.01966832221893	98.05873383053363	93.06077989580227	67.98001362652852	71.16881097973705	80.41627739039349	99.87314686703613	99.91258015628411	19.5034540796121	78.52330326058127	36.08925237759686	28.61365933642278	99.47000497837561	98.17910167729033	24.7626712459318	84.08687819931802	99.84927571928736
94.48448442780379	97.5943781397244	79.66030166190198	84.10601210062086	99.95590096892415	99.88327550582123	95.14511002313415	65.28010455335911	99.96014491706762	99.93261441107735	99.95489375041277	90.71277599435406	92.36488881325259	96.61294894737078	95.82680096552541	97.07204054617419	59.44967459141015	95.8758515387851	70.95930560241116	65.93150087835309	99.11839057841625	99.61463284157681	62.80840686828302	98.05041639355554	98.37674921118571
94.25732230627415	97.16958346352078	80.43670719584016	85.07590332380019	99.95564174341395	99.91661520323878	94.86025767881799	65.69389695593276	99.94669918004072	99.89553312970773	99.94837412115717	91.1194649521395	92.58255288009443	97.09108853155135	95.26730539058352	96.81690216739831	60.60404376449861	96.11765150743827	71.7507330798126	66.68967650267911	98.86914043968754	99.6477413759452	64.28683353598799	98.32943897877388	98.04241546167056
99.14699603809322	99.94619214555226	64.31783960358821	71.027625470602	98.60527764878732	99.68110609183714	99.39449177181633	45.73357642950917	98.86050375695817	99.90780165485165	97.74530834717913	79.95728141340321	82.39068139328106	89.50194215990017	99.59413494305127	99.86925705463437	39.24032618820227	87.97730052970503	53.31377399847247	46.68451700234936	99.84166867251373	99.91808547059141	43.19936835840067	92.2068900184934	99.86055331652302
97.73511498292335	99.46059783658716	70.95406346325272	76.73977866199499	99.59547096661532	99.95453027688427	98.28000186895692	54.21389564752089	99.69548934200537	99.84727670119433	99.14864767291321	84.86794671797324	86.67252957427422	92.99820758144041	98.57216900111993	99.23057376428801	48.04173497848802	91.34960261323668	61.00937674274234	55.31806404654171	99.9564331990685	99.6934265215144	51.77095467781749	95.08142268743931	99.7842858684714
86.39417141380827	91.65297329188898	89.7648297953487	93.1059432992873	98.21637179429301	98.58789396076605	87.4453382791926	79.34751338092398	98.07225110438461	97.51278567335264	99.94603942970065	97.05331814812898	97.88182363820242	99.75835530805178	88.4043838345591	90.39499139687402	74.66092120648749	99.44394903385387	83.92146144383594	80.00291418500458	94.71235673521561	99.29797374961038	77.60617783960014	99.95959711305443	92.92812734295222
97.60129882777714	95.48793205135406	25.30448643814911	34.71823464037422	85.34528784985773	89.780475534217	97.4897494262654	1.41695362273086	86.15156349070649	91.44250678933638	82.64188732382061	49.39608572963576	52.80551231492731	64.9567581416798	96.80900868518847	97.94065013171395	2.682795889567093	62.43744988298838	10.02656076031155	0.6975343966899028	95.09111188488872	92.01142920236951	2.010557424231197	69.78753093383006	98.21784848425415
95.36053232989755	98.12075615202605	77.78490793563006	82.75455706666803	99.95386295868049	99.83556992863069	95.97715644974051	63.09080267000373	99.94559807600382	99.96006432825378	99.8918550671076	89.61117511801632	91.19779004860156	96.12799884319587	96.49557270231607	97.56744846401297	56.98857988416242	94.91700438896819	68.8914771836083	63.69872719408569	99.40003272629318	99.56890375295004	60.94864834179558	97.46065596769409	98.80013445015854
98.8634682124095	97.48594123849472	33.74643350298351	43.03537879566832	88.73616418578123	92.56695034976134	98.86080774275077	9.335213919512276	89.46398672185784	94.30291293752245	86.5233859223104	56.26788871429371	59.40498785000725	71.16326609719363	98.34782678503421	99.19672605872549	0.5612323257548235	68.13961571437717	19.23829554908085	11.54297561562752	97.19623102713089	94.32813494795343	6.335364152194978	75.63283324491272	99.28469471580776
99.69322593029324	99.9378691268697	59.52257405600854	66.84568443379982	97.52567613173241	99.07275394373667	99.83772860955762	40.72199191206462	97.99761771390769	99.6044933668408	96.53576376934161	76.34861891999944	78.6786569768057	87.09966506159151	99.89460379127438	99.92164953513367	33.22010740054206	85.29246375948725	48.45012138932919	41.36420763673534	99.91419372159085	99.63658983576543	37.56386913617792	89.90050889621287	99.71110662575697
98.91909537052626	97.52232820309622	34.74382980669832	43.05558636041129	88.99556007970048	92.78592438600903	98.81372504099254	10.33012223008729	89.60550943608108	94.47093826194931	86.82781649392119	56.1242174138932	59.95525854581856	71.13959742915934	98.36529626356017	99.21253365232015	1.954431843854676	68.73726334535777	19.88324281521008	11.92940781356254	97.16583715603764	94.55049325138036	7.025130759108322	75.8088569034872	99.33848821500266
99.95407605373113	99.76024149140889	51.37225812429585	58.59473289192474	95.21733146258711	97.52192988285017	99.94940300562399	30.00254011544299	95.74716160555774	98.42713526939048	93.572318527684	69.794381649478	72.66809595888066	82.21831308271497	99.94496799490426	99.86726173862198	22.0478853913013	79.63468634222734	38.49939580495878	31.37285562094282	99.67022988785649	98.47416654818979	27.42948964409794	85.59017319843927	99.7759715681384
92.58202927697033	89.07485351172636	3.843891456567095	14.03983899465	74.29171184684316	80.34357342324505	92.10645634300231	0.3398819817673211	75.42888589745395	83.09624711956293	71.4692437676303	30.36562817229095	34.47959518192619	49.34439871385051	90.965290191824	93.03908010781423	2.11461615404819	46.43022198198467	2.384432188846186	2.167838315834322	88.46846014899238	83.36300946158138	1.375325038264668	55.40228357661356	93.46994783260452
99.64977441170699	99.93747123400148	60.27386736099678	67.39600922386984	97.62439433245024	99.17419965637592	99.80824139475793	41.12794535048205	98.02302921356009	99.65563053545672	96.63624575952716	76.42333497115565	79.18800976387162	87.39667553627977	99.89250848682639	99.93279611728217	34.22830891986391	85.53219835550212	48.81070365132777	42.36908034470872	99.90344923104328	99.66350679006847	38.01333823853631	90.14461812087123	99.71732261912378
91.1991531584838	87.47609766244307	1.602158345879138	9.745601838544914	72.17991903571715	78.55343777149746	91.02636131206367	2.441223801027208	73.59394307078904	81.06587040185684	69.0846600014513	26.14025970661888	30.6150614179578	46.33565084338429	89.84722040874861	91.90280907765541	2.775258751035411	42.58004167143401	1.784052180052343	1.738656539838237	86.94947637000838	81.70323440813127	1.73052736962744	52.28914920146992	92.45078394509245
97.79031085045007	95.82923056123165	27.09538116076524	36.1150473670188	85.57281112175016	89.99992620072265	97.75590121623138	0.6328075211973427	86.51031870458966	92.09053747275617	83.21024337688773	49.81278116602257	53.26696762252035	66.24283608726779	97.14610956987812	98.12659481976769	1.739964352990875	63.11759650672199	10.94402083581931	2.323348250767188	95.47460401281108	92.3247271650221	0.1536126039582649	70.80432147474382	98.41463004246721
