68.24340756618305	76.20372100294013	98.51757349561139	99.55333381879777	89.20594564458146	90.04876036918442	69.73893844511529	93.02621813688073	88.84233193546793	87.63296534701031	95.64055227273376	99.84687027439077	99.79174357347448	98.04395015101154	71.46130375637208	74.47309949872705	90.81965330663692	99.78313298208896	95.75544401466135	93.38016665132642	81.85970148295063	92.22973217010426	92.15583777307347	97.01449351935612	79.14679729618187
74.11724738755723	81.66610980662594	96.80437403346755	98.40654053463145	92.77225661480639	93.22281937161341	75.59041804543398	89.72835337233043	92.22702318655962	91.45901980760955	97.80194355818946	99.88069984151187	99.95936441457015	99.24348158747576	76.88267010359893	79.93431123644859	86.91603578345635	99.6651154704513	92.92332603003661	90.47174555119902	86.50734132427904	95.17759762765341	88.7938136022142	98.59376324485778	83.82571770795309
71.25813043978519	78.88707785585957	97.73316107207243	99.07328466392464	90.85612004283958	91.65796542838915	72.57349033585979	91.52297168170679	90.57065846109302	89.67675785961842	96.7055377168885	99.9603459568585	99.8465376233715	98.68655958245884	74.05757066470586	77.47121474769413	88.71118033148045	99.68609635271243	94.38292507104298	91.93150708398001	84.22643534078983	93.8318859171614	90.5928878126756	97.97978045030902	81.28284930911811
85.81704129415398	91.3060663135588	90.18900181357242	93.51157189442296	98.012387388677	98.47637955582344	87.3097746177077	79.70918831717735	97.87522750507317	97.3869138641208	99.92855278598894	97.24365406314666	97.99763983657022	99.81034423908066	87.7489359893237	90.05385779045065	75.61309980689457	99.58846315514116	83.93784867714129	80.36481952863693	94.50360131569259	99.21617436975488	78.29759956765643	99.95694523653924	92.81103414949719
83.76540677856286	89.57742973753899	91.87109285731333	94.67085465428102	97.28414440227925	97.66859381333298	85.05885606236862	81.89332308196869	97.00313500519819	96.38861358518353	99.78191476883953	98.05444640097375	98.71504550430403	99.94355287424216	85.68082897472476	88.45874957628794	77.89107445271824	99.82010390136649	86.42956038832055	82.4594484637788	93.14336252816599	98.67202822947954	80.72286090836019	99.94957934732625	91.14127811538646
91.72205925505999	95.66076140806469	84.01527819574905	87.84980252104508	99.75761574072044	99.8417937893002	92.7274550331999	70.91584931855124	99.64082887509879	99.49942605664619	99.79415702755232	93.38193443924095	94.63880765372107	98.36624372983017	93.30407136736342	95.05310315631374	65.50170129025548	97.68348879345071	76.21515672997347	71.35248260184807	97.9310614786008	99.91821744154248	69.1898600832177	99.23882349973555	96.64503509111583
80.14707902717637	86.46765864084131	94.14940668335232	96.65133765631644	95.60709387766811	96.15402758758125	81.3749511002208	85.60212812391001	95.45503041117736	94.67782141852423	99.16528644163444	99.15755450570373	99.52861925565234	99.92845912822497	82.61613578573458	85.26497067432956	81.89356903205507	99.90043333728576	89.39747431289871	86.19310039955174	90.62219040968297	97.59971143741009	84.20407632812662	99.67722729457978	88.32832110523556
91.874895883844	95.54976422765124	84.13020995205795	88.3011197440635	99.70001950268875	99.8483847055297	92.44566143249557	70.79423804653645	99.66317954829415	99.44816661973248	99.78963130499619	93.81940608972327	94.82937821389096	98.44400505691402	93.32305668236796	94.9453483069076	66.08286482590535	97.72920523276383	76.75705350638403	71.59447393151682	97.84672024456215	99.94376006737507	69.10413267812324	99.22085942973301	96.69618899499784
55.96591453212441	65.40845180292662	99.928602803717	99.88590705638323	81.78153513086575	82.79821966466749	57.52061516720328	97.49508870341108	81.25261668401846	79.39902399462422	90.5547802359752	99.94032205019448	99.81407740613386	94.02876759278722	59.02305057468518	63.83501146796916	95.93966082219474	99.4311348307147	98.79302032786768	97.66167922495322	72.48275405720447	85.8786434150438	96.98688992416021	92.58718284963884	68.51920407346115
84.12966577175534	89.76224338523097	91.72343656983367	94.44668508188673	97.3748513295438	97.78194750208722	85.52448459638316	81.60869707476517	97.19609168923206	96.57418649794852	99.82066774435204	97.95774230711575	98.65545793357414	99.93952215353235	86.52544223568167	88.83324598724298	77.46085690596269	99.78399701287366	85.8267776357962	82.10869602947382	93.2782549025508	98.83991283705782	79.89197004202684	99.95769236647456	91.49002098504857
95.91475049651477	98.31127490506336	76.69719750101902	81.76695178570159	99.95812036945696	99.82341554321354	96.4209510274646	61.45634290128116	99.95118911560893	99.90735858712881	99.81892891495303	88.608444386963	90.57216666506295	95.53439567438505	96.94966045238456	97.89685581093001	55.73832646690035	94.3911186609545	67.41042600373966	61.87803976611812	99.60147134626257	99.55760677239272	59.33256485113536	97.1703369386284	99.00101027155924
87.82808726202897	92.56510058602805	88.4214508363965	92.03612925743765	98.66999777993477	98.95231448131577	89.06375081939389	77.4437905530482	98.58325619591758	98.13414337612832	99.9018021585439	96.44779096417267	97.21868938679486	99.55171866760067	89.49041743677661	91.84914893100469	73.12532390243189	99.11852733310282	82.02829939512402	77.76988040460418	95.6466588088191	99.59023330583797	75.90472147858731	99.92255474124424	94.04871333149502
88.18948017179503	92.88176502070509	87.89315684635331	91.63674846957083	98.86992711714767	99.13737347085441	89.49000739516184	76.53699779368137	98.77043427320095	98.29771317763331	99.86916151893399	96.10983733020529	97.09602863278558	99.45353935163975	90.20398494376201	92.30851100935693	71.9652593507937	99.03791203487489	81.39837950459948	77.47054699534088	95.86065664390193	99.65888876076195	74.77960481123118	99.86633552570464	94.35844822225017
92.6389247615481	96.39898912948981	82.61194477676499	86.85435993347966	99.86433498927421	99.92316474715078	93.75150114906255	69.02717760438902	99.82621056285784	99.68426802099887	99.83255794344132	92.51126552029302	94.07708928908851	97.93346705110385	94.09533774035559	95.61669139335432	63.66802134283034	97.17994499721986	74.44382168617136	69.7047056764271	98.2794685439186	99.79271706925458	66.88417794596535	98.90790736668887	97.31998241089408
94.36093580462897	97.48672535838267	79.65987393877094	84.5944864589983	99.96026261303874	99.89780054699941	95.09860953245784	65.32509649294586	99.95671137184114	99.89958626210523	99.95857880027037	91.03193576271799	92.36805964051186	96.78875096319487	95.54489638202442	96.9389726028372	59.85229999938844	95.92197300014578	71.43285385246429	66.3735161782671	99.04811972145254	99.62904553198089	63.57516467605787	98.14969187005407	98.24784253456478
82.33375921130217	88.40382987744398	92.83434935056877	95.3894314642632	96.58855133827761	97.18005427268554	83.7420636717966	83.48410058641767	96.41249780996127	95.89637412383087	99.6402017433644	98.58556893176366	99.05564434255203	99.95790855112571	84.83364145036111	87.06919216018395	79.3851694356393	99.92535458348448	87.59325261767343	83.81798815452736	92.03733172743131	98.22456719876381	81.88277226781798	99.88110131434047	90.21775842961372
99.26398377747097	99.95083459678362	63.8901644663615	70.65791000037845	98.48006551704722	99.60392265380283	99.43413871099527	45.32366261944964	98.78350601647186	99.88909006071015	97.51424894554521	79.61800798969308	82.05280511873971	89.36821846507843	99.61737825285539	99.91411608761167	38.0957367516318	87.65739912986896	53.08431496154351	46.42237084907593	99.84292611202038	99.89773657713936	42.64815145962175	91.66681797105988	99.83541233122493
80.36127443527928	86.75601715416006	94.07668540779218	96.4776386302885	95.7123474653486	96.41704056297675	81.96611640562811	85.23498029222594	95.48407942544806	94.73575048336573	99.26102405519457	99.0435348735548	99.46245080285453	99.93594940085475	82.79409260372566	85.40952989291605	81.88294516592937	99.92781742362541	89.14230746904943	85.93420172792116	90.72359108795698	97.54627883118118	84.27862392558141	99.71459523069018	88.80517329766563
86.86345225143283	91.98717960454083	89.3290270522813	92.80519494787458	98.45003817894502	98.75020405592022	88.17600316344787	78.51932665997899	98.21482613342441	97.89863695775142	99.96037771139112	96.74504856405373	97.71019604438894	99.6588099694544	88.90692830815389	91.02804584072116	74.30883796565854	99.38723802316808	83.2678286991316	79.022447790366	95.04367178877733	99.48287898958617	76.81930363569538	99.9506375476695	93.37080365252901
87.30302049871636	92.17345044417283	89.30649771030015	92.71873508690017	98.52576587133035	98.86416568901043	88.21489516880317	77.93515379013164	98.37850975837597	97.89434066760663	99.95248716733754	96.72276486917146	97.55402342520793	99.62574040366717	88.94299805257269	91.03769160456294	73.76276845064808	99.28318405049149	82.65410848091516	78.55170266093671	95.08507323870542	99.51378190919283	76.34691246581578	99.93526699721147	93.67513642413282
83.39649055273981	89.23283467292339	92.08577247748639	94.97617696430872	97.07044820013037	97.60508442027509	84.48741650531343	82.5214181887734	96.93790303816175	96.27224911028084	99.72554853369689	98.17313518954417	98.77997881127047	99.95387831108441	85.41948884939562	88.0111203461023	78.696539226545	99.84384741317371	86.63382801594699	83.20554792802308	92.95931345418089	98.64307783039038	81.07408575263899	99.94217773008751	90.86590859225556
87.71242079492197	92.63403570334427	88.80513531321471	92.15053916473654	98.67176697425954	98.99544511872386	88.56948135478892	77.56547416195838	98.44784879598149	98.18435687293071	99.9121645964501	96.53279297435645	97.32494824270562	99.55245768712655	89.58612716586019	91.58988472749449	72.83742278028538	99.17594312054108	82.30418226877877	77.91709724011508	95.59662192970035	99.56518271720527	76.15200958876889	99.90595661651142	93.98330900222091
73.38688530805659	80.90532217536784	97.1377044735118	98.72285841073605	92.14965917813926	92.95847181096302	74.85794437773268	90.4431620831844	91.78992395536373	90.71213367487367	97.39279042222387	99.91923872920438	99.93385304956306	99.17481865064165	76.07354364265693	79.23261853103701	87.68131955750407	99.66205415328872	93.5370152606293	90.72106017850673	85.97798547376728	94.87351297204253	89.57782467231522	98.45089623936252	83.13911809103767
89.21135718787653	93.53115294084158	87.14517824848774	90.94873401177198	99.08295457977017	99.34785572727061	89.98959610884039	75.72018664441076	98.93947838880575	98.68823338541355	99.82797178766056	95.5021779045133	96.56661246304942	99.2819369322107	90.80397542211198	92.92894568696626	70.70807668875669	98.85618101894383	80.69302035657526	76.44351193218841	96.31137276406514	99.79277674220329	73.82472584789396	99.78158583933478	94.85778787707712
96.37800398566078	98.58684886995435	75.76721974931151	80.76844398521743	99.9271105033944	99.82403325046218	96.88947964925417	60.13741189388357	99.95787383543947	99.87348240174944	99.75028693613694	87.83036895075438	89.77665261897276	95.06601249419271	97.15562541725775	98.27307162095173	53.99282586994265	93.83482649056066	66.53001631805934	61.01073942386059	99.67901079868102	99.55927632113337	57.92443016362503	96.84876077863981	99.16258656548591
73.98573185267723	81.33765619282984	96.79092995876401	98.45675743565329	92.71469599274715	93.25531334650925	75.86198917802496	90.06124017061066	92.1435471815559	91.30469283956289	97.70201360581413	99.87960765477474	99.95697548991032	99.26702177668825	76.6892776715826	79.81782722386058	86.75006128046986	99.66488690872775	93.00066346258683	90.23514902550183	86.30906475669843	95.27009014256201	88.7296574660778	98.70971146377617	83.59299386940184
80.32167617877899	86.48768173688362	94.06750660596718	96.66095535277374	95.64330192318226	96.15123483093136	81.38083970311077	85.75597775982916	95.34293091778386	94.62396275080192	99.15876175577006	99.13772733452043	99.5397718310326	99.90586266839584	82.55972928238593	85.09279829767009	82.07722713125899	99.90113142133177	89.54888419034494	85.95218696345977	90.73744080540278	97.54883669964151	84.10539927694751	99.71755347724756	88.35532749785939
73.97418244956482	80.91492219187532	96.99269674483817	98.51849176148887	92.49114414167126	93.17599705317079	75.59867717459665	89.96302140128211	92.03248596218172	91.1554100892815	97.56210492943448	99.90251533401133	99.95973363015037	99.24822859696177	76.43556288274102	79.7641044875522	86.93856442751901	99.66319437004834	93.19987683584337	90.75520310818966	86.05677580424737	95.06359705279952	88.88971586929038	98.59873895316565	83.6789380110196
76.51336055975673	83.00813215296287	96.08658367157958	97.90331832196765	93.64191055724929	94.34059376928275	77.67156414194829	88.48260753068291	93.31182256670346	92.40281323505339	98.39372501541163	99.66845435585724	99.89785349663164	99.57356711844945	78.96484728519366	82.05138828383924	85.09055964616302	99.70125878876172	91.79483646313841	89.12705000657643	87.86148664719566	96.13023271827832	87.41350413833922	99.0385849406308	85.27122160082085
96.55377112327355	98.83064863175657	74.99593808476118	79.90155174744996	99.90921251849117	99.83209132389263	97.11819999980024	58.77793320701718	99.94598872982787	99.85319457469646	99.67933068122603	87.49336319315393	89.12467226909803	94.62472635578804	97.5570436124284	98.40273926667274	52.88999266329854	93.68440921925867	65.59548731557263	59.74070321779976	99.7862198827721	99.5681681370941	57.09722585932073	96.36611373485322	99.36965542427623
97.8766592213158	99.43585326482274	70.64016737131462	76.79779064664622	99.56362129229598	99.95665751810623	98.28567641082013	54.03815441270483	99.6956605517563	99.84787649767222	99.09532089989955	84.85152956126183	86.73377867553786	92.81886527590967	98.57656600207567	99.22654220259606	47.9456580808003	91.38877527083655	60.89663269352283	55.20293604807234	99.95657713141115	99.6947167488339	52.06878645471411	95.00377486734071	99.79299184969864
99.95835170818638	99.59310954250957	49.42325913123327	56.82915858927847	94.39462301186296	96.96352476211582	99.95494462565848	27.73615742218552	94.85316838361138	97.91633025647654	92.70382579886919	67.66447138371856	70.718851889221	80.70034419534089	99.87083337620554	99.91873946063927	19.49505735599156	78.28074612071836	35.73213878429841	28.43755291688593	99.45003576526739	98.05295657018087	25.0972270409433	84.29552552910391	99.85761962882493
99.76103251104232	98.85373445664568	43.3161370161083	51.52254828851741	92.38896920188121	95.47356861981065	99.71928462847092	20.71218576515879	93.0183809600976	96.74808478486585	90.45945437367357	63.52190424337585	66.64270834785995	76.89043300759178	99.46927831384066	99.86281505876123	12.66439908971241	74.58018368453787	29.92749989683435	21.64262927918531	98.6722206823156	96.84943346502708	17.40604595163514	80.46295194735085	99.9077542064728
95.41537931014327	98.04276402682564	78.15658775533977	83.09525259333819	99.95319537574439	99.83744059695178	95.89879059342131	62.98988024490824	99.94493512798253	99.95876116285518	99.90109138467291	89.73471525875591	91.31989858687012	96.03151584132907	96.33113590711629	97.59928674159769	57.56909897171785	94.95278576149212	69.2882415002228	63.48483801368665	99.35141615724304	99.57105784078925	60.63296043380445	97.49406934596043	98.67032909756797
90.52434108799804	94.5560251796168	85.56450928930261	89.81488177756394	99.46522930558768	99.63758086842907	91.19608998881429	73.66247752799704	99.38772456872368	99.04608605876561	99.78716794549743	94.6985288056365	95.89177491569835	98.91541609615948	92.06482602909108	93.88369880411807	68.23421510832739	98.34183388546251	78.70507796198642	74.23111393902101	97.12386849607987	99.9267545235997	71.76414807697817	99.58147393528208	95.89628463925392
81.03004741558631	87.13315257610499	93.70760298001188	96.20964354027728	96.02715296375541	96.48539817772969	82.15587487116393	84.76852148741469	95.6802702092325	94.98321508870802	99.42314189561293	98.84035706921607	99.41308968326094	99.95205829314583	83.34263925435448	86.24829467539605	80.96331779023549	99.95777064476761	88.61028288599439	85.31602330643599	91.27962036195217	97.73251207710911	83.41744202980192	99.77332402127759	88.90548842009632
99.95915790747515	99.587323343565	49.77142779669956	57.08609156622527	94.43163050164529	96.99794988817152	99.95711184998947	27.76368009554063	95.0806829724628	98.08230468488344	92.88271527404945	68.425336519471	71.45355421880905	80.60747311332143	99.8772883567856	99.9102097810627	20.31952674020114	78.65660252700134	36.74650655891014	29.41768134275783	99.53880500043108	98.20455857767789	24.58021869774335	84.2856774531019	99.84476930939979
94.23868977391331	97.32091309314922	79.73877351592608	84.64487254117053	99.96010788933437	99.89877179491967	94.92102916041235	65.59984305090512	99.95076117970514	99.91352234596005	99.96017811149443	90.98353408788917	92.34429399141074	96.85412332891818	95.46018158633612	96.77281844246596	60.31303157066903	95.88971841498515	71.61459743901753	66.32114775933084	98.9584452300714	99.63095541453526	63.25683143515648	98.21142976737622	98.20738661507707
91.23474474551111	95.3959927052105	84.34398736517927	88.49305852541384	99.64402985779411	99.7900999544498	92.31169457629112	71.56463466572913	99.56199660464965	99.35344162994832	99.7850521648532	93.96795290417651	95.18207750172843	98.52622677576024	92.82530377259646	94.74265379449105	66.84766628841797	97.86524671112721	76.957795180902	72.65949841163609	97.56221427634151	99.95772787730753	69.86183955699747	99.33800652190274	96.55683747984398
99.95639135394669	99.69064257721487	50.03023261735121	58.1314682819775	94.64231971736614	97.28322811706107	99.9592426409928	29.34425791874875	95.47263182956272	98.19847096870218	93.37580848680554	68.64875027826976	71.85725459468651	81.35970895523437	99.92859835977931	99.88735405740582	20.69380582815291	78.87400566375385	37.24276713275076	29.79493614989799	99.62278195782336	98.40110047310084	26.16008596958419	84.65323461305275	99.81084645179899
99.01289308497343	99.92232245465487	64.71611563037654	71.5966461871691	98.7183720098049	99.72278667552894	99.33427845237725	46.49530961327133	98.90608639725187	99.92423916583159	97.8948031632366	80.22757837725433	82.83209452118156	89.81463179305831	99.53175558134075	99.86064059677324	40.0634560957088	88.12577431961853	54.26687563091259	47.62143521860423	99.84177985394683	99.94101740698332	44.67726205613484	92.3395703162177	99.89111941110589
92.6602100562062	96.12708890066533	82.75798575390193	86.97628419780723	99.84607940248429	99.91942554415157	93.4865022285266	69.76543630020169	99.77018594083869	99.64945305049775	99.81969279203393	93.00831568589732	94.19123938552839	98.02160522382	93.80779510062797	95.63819915184914	63.98977983564603	97.25290464157824	74.95088627622204	69.99779556464173	98.17737306152173	99.82389019179149	67.66871744965111	98.94522936873405	97.11667415597483
96.27237800350889	98.67228237197067	75.73425181187636	80.93632445234398	99.92554685728912	99.82479986168003	96.83127509099229	59.84928693187131	99.95687544984602	99.8707765227407	99.71739916551637	88.15049486643446	89.73089438274798	95.0730624054559	97.30693705589303	98.20905048384093	54.32173020677536	93.75382586357721	66.51451564746785	60.71325702753746	99.67676324003934	99.55994152899294	57.48684622236793	96.70874668725085	99.25077704602288
99.39613711717044	99.95205621217906	62.04060915518412	68.86846104740317	98.15727382737862	99.42438972762686	99.64321111245242	43.63370009341453	98.40461656468004	99.81063102337478	97.2376584459773	78.62550712742589	80.66734500224459	88.54969918322891	99.75946983728726	99.95051902637191	36.31451415139699	86.69706882091371	51.19952154204051	44.11273200818169	99.85787003925537	99.81719558977271	40.56389208762792	91.16443982952404	99.77483079523276
91.57176103966722	95.52333473821361	84.43901079323504	88.23073869177348	99.71858918983739	99.8309184890323	92.64730181675269	71.0650484215046	99.58760597791418	99.41062928195272	99.78772241129266	93.64616854536366	95.02041296875582	98.43929589960739	93.16563141624289	94.7973094060247	66.15941262039431	97.76291434713943	76.67218218700901	71.79506993543316	97.66063483772575	99.96028096097976	69.68407142225806	99.32496326092058	96.51291408561194
95.74860343940964	92.86280885913055	16.01389369637195	26.34808121365261	80.90645719175849	85.85034574342222	95.48992310904688	0.04329680387766491	81.66045315402907	88.36955306626528	77.73331504496301	41.32064545027688	44.68941140206253	58.86906860010297	94.68900099915845	96.33544588526416	0.201363298025889	55.83134393195343	1.895688515392369	0.05564671589327044	92.52953126789129	88.42725215192851	1.154723810307472	64.15530666641529	96.35918057540185
99.00897309223514	99.9103238897579	65.3561149066542	71.7034673802611	98.76035776754857	99.73796453656838	99.3185973826716	47.11800973777961	99.01405373153344	99.94610595708335	98.04376389074162	80.47380574813468	83.012738848333	90.01693506899412	99.46114625478442	99.82428535138207	40.3606047821734	88.56069510357291	54.86313353267593	48.47398120398218	99.84358001432206	99.9538908476467	45.25885510198528	92.45998133237757	99.9143412693077
95.59983489132713	92.81960561677872	15.13228243486538	25.1878577773752	80.2832208563476	85.47808854737636	95.26442047610323	2.940880220562463	81.38334606661537	87.93729834868216	77.53365481568781	40.0595094867924	44.23683778458445	58.415456244339	94.44919700663851	96.10895577523321	0.2771525631212018	54.55082688030505	0.196092943635275	1.068849741412656	92.26404048964216	88.16606815387686	1.453158533505983	63.71360148784294	96.33241061438743
95.1117803402374	92.2246473144497	14.46265978336982	24.27294265784762	79.78550001615001	85.1496209639885	95.07213318164953	0.5564462237957608	80.7094798587592	87.20075256549815	76.81144578729946	39.50888923311273	43.49687022676279	56.94003095852429	94.10220466239203	95.78088671528006	2.066955629777457	54.07931805698203	1.872230780897019	2.937251775450866	91.86653865764313	87.4488169280458	0.05152644915701401	62.74945222550912	96.11422569446759
97.94716485000711	99.53014878675228	70.60445778646162	76.39067911584532	99.52943826914715	99.95923216275425	98.41425682099066	53.93185387084149	99.67598757264265	99.85428691261012	99.00213302209845	84.20608310267824	86.29356717192891	92.82646488771233	98.5898816237825	99.31744584709986	47.35054042030361	91.41915017326789	60.12976736687619	54.18623280530768	99.95948535698734	99.71248111309002	51.48426779508273	94.72166378770754	99.80796579257061
