99.41463160664374	99.52575710312416	99.99878869742123	99.99608545930822	99.71833553099771	99.7363105095757	99.43550479989547	99.99597492629402	99.7146036870776	99.69733213134958	99.83142608181127	99.98676472378204	99.98004683333644	99.88266406700248	99.45696641747638	99.49996702441024	99.98945419902823	99.9702852621208	99.99959103572674	99.99685824082361	99.60410531476521	99.77199554236502	99.99369330980393	99.85873037473377	99.5615868102829
99.82596081916664	99.88554502700782	99.92763021861523	99.9531468650741	99.96683302845108	99.9716978024214	99.83992276786157	99.83142889801141	99.96499923119462	99.95914369469432	99.99617643583888	99.98559217642978	99.99051167481923	99.99958893508965	99.84696360822892	99.87511805655576	99.79398458077196	99.99925687963362	99.87368384426377	99.83827486877269	99.92459646105991	99.98268905276903	99.81933972771506	99.99898436532487	99.90350109752065
99.65367871670064	99.73704397716092	99.99031286425001	99.99784795120235	99.87386860620737	99.88359173944957	99.66836013100456	99.94580212357698	99.86817556058702	99.85643016553831	99.9461039310647	99.99800678931908	99.99809194461446	99.97164773317945	99.68092513524505	99.71854130413318	99.92255259668003	99.99947802263497	99.96792557975922	99.94817429141219	99.79610126254772	99.91052080592418	99.93788464419488	99.96171766443211	99.76443842068178
99.53334987515845	99.62933404721475	99.99959826225765	99.99897055205129	99.80330048253396	99.81391365116153	99.55292479790759	99.97927460380755	99.79571571855608	99.78257730709817	99.89270660973774	99.9984356570928	99.99656453578694	99.9337223170093	99.57062991737175	99.61172333188027	99.96410739899389	99.99116182019506	99.99125126434851	99.98125674152639	99.70319907049644	99.84674683258265	99.9751357109572	99.91634157763139	99.66760116320111
99.46591726370409	99.57095212375575	99.99941819760892	99.99903576254651	99.756477475707	99.77130191074681	99.48850434432059	99.99118125353557	99.74747587549206	99.73408759594024	99.86124084557329	99.99386007558678	99.98961870553489	99.90777582306887	99.50683266641911	99.55622669886573	99.98039581333612	99.98013418526983	99.99800404120576	99.99184792857004	99.64999545093478	99.80449249106377	99.98738373348014	99.88838828488834	99.60751267411452
99.70372950557019	99.78072141310761	99.98000598037079	99.992601290555	99.90463382533153	99.9125754037632	99.71888362036717	99.92172061623195	99.90001462399792	99.88938745855357	99.96394724956733	99.99914550666809	99.99817247660282	99.98519569251577	99.72735408540433	99.76342199896112	99.89467224649437	99.9971328506963	99.94877558018351	99.92616840942952	99.83405232473226	99.93185801223817	99.91276581298845	99.97607552613881	99.80317600733517
99.91111070626873	99.9511140273145	99.84775074957778	99.89183262453926	99.99602441473688	99.9971278659161	99.92059990125942	99.7220700423826	99.99449138847791	99.99233860774062	99.99782675743845	99.94268627080781	99.95337501680766	99.98592540931185	99.9272384303874	99.94250227799012	99.67647847615811	99.98076978354881	99.77748085794678	99.72935783446887	99.97325950894971	99.99947655959924	99.70904229720196	99.99439431336097	99.96277922935242
99.61661176046623	99.70159484508068	99.9957282989978	99.99957224115755	99.85103001470526	99.8628098947863	99.63602172087495	99.95753578385818	99.84570444437237	99.83543585840444	99.93003345579754	99.99837197941216	99.99922530252667	99.96202852307631	99.64347457033885	99.68480281295204	99.9380792811002	99.99880082794469	99.9767043463707	99.96058907845168	99.77018371662361	99.88832409392423	99.95290533112107	99.94641870552945	99.73496982063004
99.56440190728374	99.6575572275872	99.99913337942598	99.9988763825224	99.81824872269183	99.83033198732039	99.57965045887684	99.97396968943085	99.81496829687394	99.7983839197658	99.90864546940037	99.99945966664821	99.99839775825842	99.94391151483347	99.59695343713669	99.6358300224905	99.95555013722608	99.99422708377654	99.98831659813173	99.97612136800782	99.72424639440754	99.86210713239267	99.96728631543706	99.92709726669163	99.68849273658053
99.92198872835711	99.95978080355073	99.83396613092577	99.87553806812848	99.99814803503956	99.99902710769577	99.92985143749254	99.69749759316547	99.9972355804923	99.99600187561036	99.99807532493224	99.93256480154267	99.94590688715887	99.9803178442108	99.93627007996407	99.95221138717571	99.65108421159863	99.97340466096357	99.75444188999369	99.70759079242345	99.98142687869506	99.99861566802116	99.68477238323872	99.99111361865567	99.96945742913628
99.97454661318604	99.99328336964354	99.72069228180716	99.77802487380542	99.99674601773496	99.99906251812999	99.97875652330291	99.5556901806482	99.99803190103279	99.99835216795852	99.99262511934535	99.85277827807437	99.87533178517934	99.933054449892	99.9834015390655	99.99048099302499	99.49013612269768	99.92192935796899	99.61998911399236	99.5668346386428	99.99924133015631	99.99644033752702	99.52852873642183	99.95279250723004	99.9967282829018
99.62977513361726	99.72055454342751	99.99325814307883	99.99891681201998	99.86212209061387	99.87395350726631	99.65089864678335	99.95144809528705	99.86042497870676	99.8462587992108	99.93746055522584	99.99807640553361	99.99854343217652	99.9661918652514	99.66328807294539	99.70376646097539	99.93104279618083	99.99934839735751	99.97251849696246	99.95452335277595	99.78454695976245	99.89935974130995	99.94517588003077	99.95458397194739	99.74874525554893
99.67638370453489	99.75506872666982	99.98598689698595	99.99658140912925	99.88980128392232	99.89779856352747	99.69147685626855	99.93686822036591	99.88236246890254	99.87096589239444	99.95574642221618	99.99826403362715	99.99789808688024	99.97853595633158	99.70088167241219	99.73940361609097	99.91192993114596	99.99822866382543	99.96047520836801	99.94022667884987	99.81184655668972	99.92140402916074	99.92654292745236	99.96806643872885	99.78438399674407
99.97756616817402	99.99501664059122	99.70583017571661	99.76276871833113	99.99551122057349	99.99960319661375	99.98239160018807	99.5371314218909	99.99715569143454	99.99849112839713	99.9907268652554	99.84372691416002	99.86640646302229	99.9283212610965	99.98593313963305	99.99250309556588	99.47918516010795	99.91321350453597	99.60600766087333	99.5510711353518	99.99954524813984	99.99698424601489	99.51850036830885	99.94894140350742	99.99785961720846
99.72522529442381	99.80098967558992	99.97343501665289	99.98940819790339	99.9160403834324	99.92415622640655	99.74031895217348	99.909197094761	99.9105104361158	99.90066150282505	99.97141912746524	99.99938393866302	99.99887491560023	99.98917632475565	99.74789623100101	99.78537416277774	99.88154868713097	99.99668695421265	99.9383113389102	99.91355010944667	99.8495568571314	99.94354768002366	99.89967891757028	99.98214120240463	99.82153165494925
99.93737217260662	99.96805236635879	99.81096719327618	99.85556833229904	99.99939466388207	99.9996036835541	99.94350005433026	99.67402697996195	99.99919266366358	99.99829560169573	99.99896086625726	99.91804968669298	99.93335169722684	99.97403621317937	99.94842237862763	99.96229717521312	99.61791956617779	99.96467233678293	99.72780053606776	99.67997276164952	99.98681848694362	99.99695741083676	99.65093015377687	99.98579866519319	99.97821066352928
99.99959640109277	99.99848950778647	99.53228383818195	99.60578548659018	99.95522478389979	99.97763983669398	99.99945042215637	99.32144885801628	99.96034629627542	99.98668443570786	99.94249210761794	99.71103156310907	99.73489261562075	99.83114280801075	99.99959642867374	99.99847722513296	99.24704013896225	99.807690999249	99.40748887447597	99.33365473085881	99.99778240327522	99.98822648839925	99.29109505617349	99.86294902401539	99.997356436422
99.99959798248574	99.99844582691621	99.52762554481936	99.60377643859148	99.95757896310791	99.97849734168503	99.99945426605959	99.32610687469952	99.96222242758559	99.98709909224431	99.94192470475892	99.7103994228774	99.73664667498099	99.83008682896852	99.99958970301896	99.99845616786864	99.2427005342831	99.81023755168169	99.40325297964498	99.32919404466014	99.99791207470724	99.98858587201312	99.29798850512095	99.86287808175203	99.99730597563641
99.79775093958544	99.86337308476242	99.94210495465218	99.96520939058723	99.95537371613898	99.96139414595497	99.81307047650058	99.85670481130013	99.95290933845533	99.94483085291624	99.991469476726	99.99127767745371	99.99501888513507	99.99927426315629	99.82518602062385	99.8532159457843	99.81934125245515	99.99896175265432	99.89337099787339	99.86263345527423	99.90541755941695	99.97499350252141	99.84624121652497	99.99698443046397	99.88505740805704
99.99953683818457	99.99755750854493	99.51204885054496	99.58464132362631	99.95145818639568	99.97519006809566	99.99950849753783	99.30009733869348	99.9554114408397	99.98361357791978	99.9369963813742	99.69909614958149	99.72416113127693	99.81749021150976	99.9994467012549	99.99872095310802	99.21842326186787	99.79389062619371	99.38520743669554	99.31453398181986	99.99685337441274	99.98394392943139	99.27553492885552	99.85449764439576	99.99784231477319
99.88881586467205	99.93375996136875	99.87694837262229	99.91126173585212	99.99056848505006	99.99210254762097	99.89633296801479	99.7594241915728	99.98812714059966	99.98439431342328	99.99845707496824	99.95894017610877	99.96884684650959	99.99337386907207	99.90356861609621	99.92328346343929	99.7161127100247	99.98871918613563	99.81038161655063	99.76865885030072	99.96156939051187	99.99728821701898	99.74410512688661	99.99825472580233	99.94608425686475
99.97593081394503	99.99428579850075	99.71322479745967	99.7701110752468	99.99653529472056	99.99928675865792	99.98109271645865	99.55096893661019	99.99776641708367	99.99839483779766	99.99205010681875	99.85043960827467	99.86822400947322	99.93127729995949	99.98411454796744	99.99109656355657	99.48226434295111	99.91978131068075	99.61742980745528	99.55399879155495	99.9994711488211	99.99666083698168	99.52152459895606	99.95243796040212	99.99728778002766
99.86156805143914	99.91492384508277	99.90110473173073	99.9334458268832	99.98140401033714	99.98543657142308	99.87498366757535	99.79544674089441	99.98058393992591	99.97541010021467	99.99946071260733	99.97063097672518	99.98011758734519	99.997505593627	99.8824434979383	99.90301370546327	99.74827655228236	99.9948689499486	99.83634074082204	99.79763203629982	99.94539348237834	99.99303449798299	99.77609324045793	99.99958953687637	99.93032091090254
99.97906248465354	99.99472233041453	99.70977387814405	99.76795015769009	99.99524516425478	99.99957646488538	99.98324335185048	99.53873974876325	99.9974033259539	99.99848710845994	99.9911071355569	99.84481628737389	99.8682240582278	99.92899402615689	99.98519200501414	99.99274993626332	99.47951887833598	99.91356522019053	99.60854994263617	99.55204202744646	99.99959134328394	99.9969608918552	99.51425576403248	99.94797578092168	99.9976430269719
99.93339623038516	99.96672326662672	99.81706207860464	99.86243516936528	99.99916078910371	99.99958055317578	99.94086302626472	99.67998727783444	99.99879642424192	99.99758688901488	99.99873035787139	99.92032273129584	99.93452983484727	99.97465148055453	99.94610432853881	99.96265619385893	99.62812476643921	99.96648130688298	99.73339061755337	99.68398164549596	99.9862024917494	99.99724092597026	99.65981232013547	99.98692028145169	99.97595024983659
99.98150371365804	99.99659140333506	99.69566409950797	99.75670511731516	99.99347455465015	99.99948059000249	99.98533618420572	99.52336986650343	99.99583294741203	99.99879175989089	99.98892492170479	99.83766416000759	99.85584606762991	99.92177225402986	99.98884114092155	99.99403480574428	99.45975679125783	99.90718019437776	99.59672164914942	99.53255632260817	99.99931063085518	99.99771932859784	99.49553047001064	99.94373128248728	99.99866975013158
99.99872362376729	99.99959049281586	99.56429835710595	99.63983335602428	99.96823027229456	99.98612511731834	99.99940332454173	99.36439954946887	99.97227364514202	99.99221366319357	99.95535018313406	99.74316560825326	99.7653622623139	99.85191367871441	99.99960371407977	99.99853328125414	99.28985801057571	99.83285137904826	99.44868010076439	99.37766750834888	99.9994974284914	99.99285987945562	99.34194962433045	99.88237991218612	99.99687454245432
99.9966111961688	99.99937419391863	99.60429602963731	99.66873173704907	99.97703732614843	99.99128616070544	99.99784169464785	99.41252205220036	99.98003424366958	99.99658097849849	99.96576303349632	99.76806000598812	99.79025534907471	99.87059983487863	99.99859834524371	99.99934424650635	99.33667867148445	99.8529564623588	99.4891382409841	99.41673925865966	99.9990298608452	99.99677831944936	99.38660694675723	99.9016856299167	99.99718700272028
99.93958995446702	99.97153268421958	99.8001067774165	99.84867947311727	99.99957014804127	99.99918638163649	99.94792239250488	99.65799837763744	99.99951393533787	99.99897061599063	99.99946130503061	99.91179882145644	99.92529226054468	99.96999458152817	99.95469128480472	99.96644771197577	99.60968859565082	99.96168395941021	99.71746035614733	99.67154666828012	99.98927837231454	99.99649394412808	99.64157965488579	99.98383580127084	99.98105335500124
99.95345445768695	99.97960753862864	99.7816563244334	99.8276716163475	99.99952482890086	99.99840565550227	99.95970353263311	99.6347707703255	99.99945634242344	99.99960339354857	99.99906113422762	99.89795682148139	99.91169064271024	99.96034438522574	99.96334998299272	99.97545111547265	99.57235238171059	99.95125849111052	99.6945543079344	99.63771921798656	99.99313122818667	99.99573614390759	99.61396496469365	99.97525430871931	99.98626969093685
99.98599337025084	99.99781260096164	99.67591759704412	99.73650297732387	99.99176808848574	99.99887411862998	99.98869379960956	99.50319162189651	99.99341135707448	99.99938754565284	99.9845479508967	99.82231898795239	99.84669231678906	99.91277485910082	99.99142269499561	99.99639989709618	99.43334192028365	99.89711133555245	99.57413393275073	99.50932526563247	99.99877210120675	99.99885794925596	99.47486792934983	99.93617387693642	99.99943615432309
99.99953690316349	99.99772654237692	99.51699962759169	99.58705739308581	99.95174079191088	99.97466286997789	99.99949502936414	99.30571489124607	99.95637011013501	99.98424362332644	99.93773272606779	99.69690263383136	99.7288090339235	99.81760398422303	99.99945082431691	99.99867213464344	99.22640856139921	99.79601500907071	99.39106245601835	99.30879136787257	99.99704041292307	99.98554376040335	99.27488928912202	99.85472787662295	99.9977610373777
99.88969694928028	99.93558852613261	99.87621996299455	99.91270966098482	99.99034995281008	99.99267690362906	99.89989136128156	99.75655298244752	99.98883958862744	99.98514710831313	99.99837828102704	99.95855460467814	99.96681764034938	99.99308508053335	99.90682734651496	99.92771735353337	99.71471894897532	99.98886481221874	99.80651055683795	99.76645586386165	99.96208153606145	99.99765908488028	99.7397156361604	99.99818612723494	99.94821233306806
99.89546171724184	99.93902670285662	99.86986881463254	99.90859284228853	99.99138554215011	99.99429049427418	99.90390162592101	99.75031303366814	99.99106578427714	99.98769255450699	99.99814328350143	99.9546525445646	99.96511318373807	99.99212451975286	99.91069263280947	99.93150531033588	99.7060089757418	99.98697775023435	99.79888087305606	99.75700693015924	99.96508875219942	99.99813070947896	99.73489845450109	99.99768980959279	99.95150495439027
99.99956993067256	99.99577300229618	99.49194337890177	99.57011703187361	99.94558624563462	99.97084376244868	99.9995154855406	99.27741895336915	99.95043347660582	99.97971777187338	99.92754039446318	99.68336237324357	99.7107540043159	99.80817867671929	99.99902404576605	99.99912844479827	99.19587906153834	99.78197814921354	99.36474607905899	99.285593533683	99.99469513294331	99.98136537529349	99.2429171130777	99.84244168632195	99.99849306198804
99.94459386010038	99.97491522744183	99.79456699696775	99.8428893539087	99.99955924630736	99.99883266358164	99.95344301537781	99.65228636095922	99.99959041189757	99.99934452935871	99.99954501745628	99.90733288270822	99.92268305228292	99.96816164372319	99.95752660537899	99.97097001498186	99.59367558431157	99.95877923129297	99.71224669791583	99.65520318992384	99.99124770881011	99.99615322176545	99.62877217243292	99.98101166011102	99.98279693177076
99.93977807766085	99.97297525957055	99.80010245648869	99.84862119437933	99.99955891289648	99.99916252043451	99.94815450906793	99.66048177924174	99.99942835821868	99.99900002034143	99.99949003022867	99.91059015436889	99.92562171676286	99.96948435897644	99.95371872611392	99.96824332632185	99.60288201079253	99.96241812938604	99.72103573806686	99.66811758896495	99.98863296956117	99.99647546604517	99.64031379805208	99.98328381926574	99.98070416964735
99.99128767812586	99.99943377369104	99.64667010642971	99.71021575391327	99.98554881516259	99.99681992959374	99.9938712596051	99.45614145345867	99.98818545500475	99.99913218457368	99.97696740753247	99.80143054997021	99.81958869008443	99.89316653401602	99.9957962982304	99.99876309454206	99.38844170298322	99.87726206541547	99.53400347320958	99.47278697537814	99.99841729610027	99.99913714659813	99.43200749826526	99.91995361923476	99.9986106163515
99.9776136136128	99.99473141137365	99.71228508160283	99.76758749404102	99.99535352708318	99.99955433586663	99.98240127657741	99.54112690900111	99.99712240242586	99.99847159402213	99.99138082039894	99.84617820064335	99.86635070578296	99.92743156917999	99.98498960682831	99.99246409723689	99.47383969513136	99.91651039061806	99.60824197022539	99.54586980637539	99.99958815139291	99.99693499598791	99.51756060782334	99.95062012832253	99.99797916118276
99.8627026867488	99.91559476801012	99.8982868560892	99.93155592388763	99.98285179961714	99.98583041826697	99.87585707333821	99.79380533000362	99.98095299709198	99.97614971891724	99.99956234289016	99.97078991997408	99.97932511433893	99.99731276575675	99.88225604025438	99.90707875018647	99.74953223313356	99.99485739128772	99.83622766962597	99.79665140305083	99.9477626328013	99.99344817957535	99.77737479205115	99.99960209007212	99.93055172804516
99.97516758888109	99.95582597177717	99.25267867089215	99.35520801503391	99.84969399739249	99.89773175158454	99.9756394291791	99.00221982836747	99.86274101929764	99.91419036017653	99.82795854679591	99.49414516471285	99.53097533769999	99.65256578534499	99.96760218584325	99.9807331989954	98.90959027796794	99.62492255293076	99.10305423581453	99.00902339473477	99.95323969222706	99.91926969251162	98.96927199397315	99.69943123787888	99.98218473898277
99.95360289832142	99.97990828701168	99.7788171744692	99.82586876852672	99.99954499092483	99.99834945895206	99.95975808702094	99.62530570207404	99.9994550048789	99.99960120070625	99.99888198629246	99.89529392893813	99.9121558725969	99.96053928337648	99.96510787409215	99.97615726915735	99.57087786402327	99.94975683878458	99.68992844430127	99.63697349239023	99.99376618876845	99.99568146341225	99.60514395459289	99.97534681924012	99.98782204016901
99.98863712384343	99.97508668768393	99.34039915337839	99.4299136858	99.88969686478542	99.92746806027489	99.98871092821066	99.09529595362766	99.89612992142418	99.94347525509072	99.86495663004666	99.55838557288702	99.59726998806359	99.71088876083238	99.98449227642148	99.99176451749007	99.01126397797013	99.6864322355742	99.1985754033837	99.10992912948458	99.97215938010908	99.94565883041567	99.06103257403647	99.75496230523066	99.99278793505148
99.99663128983937	99.99938108192929	99.59846183792602	99.66701513027716	99.97430328598934	99.99114268520015	99.99817150174714	99.40189618151905	99.97955569114436	99.99610499408487	99.96584367743215	99.76494507628439	99.78824868815452	99.86801408960545	99.99878741366908	99.9992112177401	99.33603189830112	99.85330738113734	99.48692620652642	99.4176916214263	99.99914420002528	99.9966240492091	99.37959406229983	99.89914961952607	99.99710749547876
99.98996251351791	99.97498792570153	99.34159214541134	99.4312759353412	99.88697018168413	99.92713835748707	99.98930920483761	99.09813393613875	99.8981871108861	99.94207319285806	99.86666985049098	99.56384288281116	99.59646929935532	99.71390482116914	99.9846824731825	99.99186965269014	99.01956027306358	99.68167709204354	99.19701969510206	99.10968195777805	99.97225859845898	99.94607846589012	99.0732970037955	99.75575449016063	99.99330211693588
99.99954108166781	99.99761175297583	99.51242711113116	99.59075899230203	99.95125435456193	99.97529714833281	99.99948724508941	99.2981082697826	99.95681593118971	99.98327287211436	99.93679754015552	99.69663987726585	99.72652046177531	99.81823719105061	99.99950707954623	99.99867306078514	99.21984501856709	99.80058014140816	99.38299061808313	99.31125214988121	99.9965864995024	99.98455684337723	99.27476720398917	99.85299218778768	99.99775995771158
99.92255525670323	99.89101192728769	99.03569153854551	99.14453790320593	99.74272915878201	99.80546159274245	99.9221529822875	98.74955577788076	99.75506487006463	99.8292247923967	99.71506479890319	99.29814431415133	99.34787830222326	99.49364612306178	99.9101790524491	99.93057828885755	98.64421209342683	99.45747618880849	98.86154403033353	98.76430976907768	99.88385079498417	99.83718596076463	98.70060986536946	99.554637891513	99.93527799530992
99.99646337866491	99.99937453819092	99.6050024631881	99.67054516370021	99.9769829489085	99.99117750864849	99.99825409478593	99.41111818009219	99.98003419495043	99.99661095049935	99.96539869885426	99.76947886917942	99.79352767293625	99.8733583374883	99.99866891344359	99.99932932369214	99.34165844978673	99.85236961586325	99.48674948412435	99.419626802648	99.99903984088556	99.99667660528999	99.38331511559791	99.90106767232712	99.9971701294407
99.91235846191682	99.87346376327677	98.98991809652991	99.10626425033333	99.7233956809212	99.78171783083388	99.9100839339625	98.69409608196399	99.73573072921651	99.81259204908888	99.68655401146569	99.26634341918171	99.30685265020472	99.46084827766789	99.89783091700814	99.92136649200492	98.59448581100116	99.42851158225349	98.81209873042297	98.70625719309322	99.86874585886639	99.8194699105198	98.66039902536447	99.52185596662432	99.92302654553548
99.97769458083357	99.95731977832132	99.26848141707161	99.36394572552933	99.85541118195688	99.90057110193806	99.97750484678912	99.00931175543094	99.86675965335802	99.92101720181077	99.8309365542482	99.50194203994802	99.536951632647	99.65658280562701	99.97078010652942	99.9820632076667	98.92601446695306	99.62859282749584	99.11767587122236	99.01925496803662	99.95514252353895	99.92365921071752	98.97381143173703	99.70715470621886	99.98382232229277
