2.30267180618083	4.478009469298494	99.87113794799433	99.7776812925761	48.80749463217018	51.72915168648573	2.360646087438981	95.44455801698122	47.30936749250011	42.68074159735244	72.55540352321481	99.53138238024636	98.91377174922498	82.45404686770883	0.7060892432758246	0.8237445160378278	92.05359506898894	97.29537984040249	98.27490037525276	95.89578598083179	24.37763278540261	59.34405867969625	94.24063661307447	77.90539346779801	13.58923861166512
39.59442389469001	56.54510696358225	90.20476475133569	94.97260919510491	83.93234995605359	85.18388491894964	42.83801672706639	72.21304416946141	82.90412542502412	80.55028875251578	95.55714491614809	99.41437670381814	99.80504476033508	98.77371231364917	45.79089352219812	53.04472933854933	64.11095743642797	99.21697551151422	79.86716330290432	72.93043187253031	68.34609824959006	89.31191302886388	69.31706549814318	97.34474048366152	62.36046852379954
59.50202572741197	73.54696803029476	79.49999758546478	87.00232768198315	93.09475133091655	94.12914837828083	62.76672216380707	54.7365272813577	92.34801735030638	91.04018195519694	99.50320512531776	95.00827476122819	96.9012842177611	99.87342068447057	64.44217836264187	70.90433609061864	45.40285955331286	99.61999570583612	65.93746168340088	55.81855390783266	82.31887507103974	96.57960765842812	51.86508807779511	99.88186392835325	78.17416816221683
69.89160231874959	81.92743435580903	70.67754232604393	79.62928687156192	96.82236143081721	97.72491891237908	72.54160758953289	42.13057030214955	96.66756327587389	95.74239396784203	99.7090584922932	90.47251648190799	92.90968875442454	98.72000371526759	75.00872551566616	79.60041698257037	30.93448418552617	97.64159231945631	54.22975611342129	43.15193789854938	89.66012279236053	99.05882028377951	38.01660105409253	99.76293427467272	85.40175784962267
11.78269818246439	33.34721049252407	97.65112319436659	99.54570800871454	68.01447353750922	71.2658953447043	16.16375320115886	86.44921496131361	67.26180120383418	64.30841557627498	86.08591431625496	99.49944187257741	99.52634237379101	92.94721500437839	20.11478774918792	30.18821935753975	80.15547483432591	99.88571823583024	91.68065219717974	86.72245472610363	48.10217274913836	76.48494462289861	83.95230042580039	89.77440004376601	40.71458086859875
51.88019666515029	67.78379139003995	84.15383127829317	90.45381268319551	90.12962102253475	91.12021931047708	56.04805760019509	61.42355683092063	89.61219593180667	87.56486034090129	98.43194354705346	97.25411150066365	98.51105224282006	99.88544209710606	57.8625519724937	64.43633818284769	53.37300550001925	99.89921087395886	72.12448919954097	63.71572150880755	78.13314474148039	94.56016863885013	58.98316448580309	99.49536943925575	72.65828773005687
2.815248707841524	17.40119338862679	99.54920180227195	99.76270425724934	56.83505462810582	60.23509571868684	0.1041849126562919	92.22158456736796	55.96861201932282	52.87548838238727	78.72753500018189	99.85947030193296	99.82440760800789	87.63761177635844	3.076788962462462	12.82382523287353	87.33733895864144	99.0205764022254	96.16619571697507	92.64351302719241	34.53818545317453	67.67878588070498	90.30572096952783	83.44189027432701	26.68194549426168
85.93112899279228	93.71968869823999	49.70500921648571	61.16215315529363	99.89806317902669	99.74227114116927	87.57396418126454	13.48311532527212	99.87973825548673	99.76749806884794	99.89842695969965	77.24663600968188	80.53953227226252	92.13950647344596	88.96565818074026	92.30989545056011	2.292383919473439	89.72370133452266	27.78603490526332	15.39794430711896	97.54628105133997	99.06852736544116	7.865173420224925	95.38220114074986	95.65722915342107
46.69313927372006	64.04438425417291	86.58454113393418	92.31557477396561	87.50108224436919	88.91330693860893	51.62250042646947	66.41665681084936	86.86015074824631	85.10267679335273	97.58242341422743	98.34526834633606	99.10004958660475	99.605617605812	53.39978817661451	60.34654804881592	57.54023912977334	99.56827793649563	74.6718564920703	67.37377514243987	74.56733068189155	92.84385443059092	62.94783028293223	98.87297311836038	68.56698173447356
72.81240391741082	84.0020903643734	68.09987855041905	77.08928093889047	97.8626674835876	98.35849971328346	75.48370937029671	37.50800680257805	97.47771028859235	96.8187474387763	99.55365391031977	89.05968114161199	91.5269301309537	98.01861403680357	77.10338033430287	82.51137289577632	26.52884903030209	96.79149499643913	50.6662451731695	39.16135417825885	90.97819560919919	99.48874649940659	33.1397296997128	99.47847520569036	87.72742084177075
75.66322322023822	86.15824460044259	64.63871939439183	74.30368166853403	98.42110029494965	98.97931382396055	77.72175436112252	34.01057856620843	98.29029633949418	97.42488197849001	99.46949432191626	87.18730883912541	89.81587358820694	97.25447480541681	79.76135895381179	84.58277449409667	20.91569308904982	95.94761744172278	47.00898860853474	34.66344345178589	92.6718021907664	99.7525307129193	29.79483869085866	99.01678563578095	89.07051942315771
93.34754354165983	97.85233044679086	31.3324850471961	45.07144245189202	99.36147006156489	99.69638751352777	94.46446241453917	0.1775238108628273	99.67683409034372	99.57865060177727	98.43951574172523	65.37330044284431	70.09298274350013	84.03908814394427	95.05339915882156	97.30013191989499	0.811774839997514	81.28111760560256	8.051451334380266	2.730807505786888	99.71427206568578	99.03638439255002	2.429196337950112	89.03409889658825	98.99694487014634
80.67627942259313	89.47681335378935	57.88034042319388	69.59957881585922	99.42274366390234	99.73578667170113	82.62640933600886	25.81275729256364	99.27064162586599	98.83405095091982	99.50600226364385	83.12292335980128	86.59058401326045	95.21366635884324	83.99336898980756	87.99943345249608	12.10923894561121	93.69736657910109	39.22198149069851	27.02104609831038	94.95159795504991	99.69157729960278	21.42991148600296	97.79539881747078	92.09842529455658
49.33089006115207	65.13873177914029	86.21962958267883	91.93707386321094	88.06085296529163	89.56598373158307	52.18490551318462	64.84286281930819	87.35962526458356	85.82435325975335	97.74033783820715	98.08195088461279	98.99611771978925	99.73200843035869	54.64019140514235	61.90273845078242	56.65989593828515	99.64922643586455	74.23259439035428	66.4177152914237	75.11688530097894	93.42099884299233	61.94803451278932	99.08491610824373	69.6890205383
58.55675292401137	72.29366656723116	79.87394941614193	87.40231993457445	92.80586095858571	94.08188939304995	62.33220153285028	56.17271362257144	92.00635907760469	90.81976005051943	99.31809788435442	95.34013416931234	96.94511352713356	99.88122505356782	63.99955551181075	70.34060446266584	46.23525982645882	99.6346807185935	65.84294601956519	56.63830701070798	81.8852197327077	96.59425930543087	52.8894953403125	99.8444221364317	77.34459839142309
95.54690145913504	99.13435753644035	23.18192388215265	36.95291164736664	98.42187388092751	99.82771759782119	96.38277593050918	1.688501100892107	98.77131953533991	99.71472987335167	96.88703671152824	57.76923244056616	63.42997994559587	79.96520426856264	97.25306651480442	98.77220364210537	0.07276650830862488	75.92501699173548	2.559401324685095	0.2309570393057446	99.80320193284116	99.46546223123008	2.941690442460862	85.56286221987432	99.75637519627618
81.06731197216067	90.57661009497531	56.23827975931155	67.27012197552185	99.63549203709778	99.82159815365794	83.54102725399697	22.40194404798551	99.5049860547184	99.05587586424551	99.55343781891604	81.70648597609991	85.57307651417865	94.65392431246738	84.81508406964913	88.59785224341412	9.622499176408706	93.03720127611899	36.75053234448654	25.61524503657976	95.538351572892	99.54142749887878	18.65548500889561	97.44261926804926	92.91704238707658
99.71514265559645	99.8972127827296	1.345854975591585	9.186310887654814	91.69415397883799	96.52035776954632	99.86940975304368	1.328680977642991	92.84204600261548	98.17244813264104	88.4670643461335	35.58219083928746	40.88167163553869	63.36644117965018	99.90026357859301	99.63225948473541	0.04017569281560776	58.26096021112168	0.4781270159197664	0.08063336204037988	99.8577750857788	98.38066620005905	1.537898518229094	71.05561019474695	99.21355717797685
83.16128708058611	91.74123867374759	54.59630353841472	65.94755162988561	99.78017261835274	99.87713649558782	85.29149397852269	19.16968992429514	99.64762705216611	99.45672134337875	99.65533720374408	80.63961954366479	83.5831549906608	93.85805563244851	86.42223731614931	89.77827351135107	6.492211234725909	92.06609160377793	33.66121807341941	22.37044596773485	96.24176366907822	99.343105048769	15.62955103159311	96.63269495565594	93.92545119524071
89.27355470083562	95.82411296781689	42.09372078934409	55.17520076844708	99.89342513065466	99.55916137862035	90.74640128474623	3.349112305915536	99.8725086591374	99.78716093775935	99.59344157698452	71.83621256109825	76.65377885063224	88.65350335819167	91.95992391750524	94.5953474408894	0.9080042082313928	86.42831762193501	19.33286648862522	4.577701481249486	98.88830055506436	98.89042556590366	1.697081457540928	92.86170161135757	97.53809459005441
59.72558623288585	73.25670795265412	79.69889843425395	86.75432307456252	93.40624873064601	94.14478557223987	63.18985354878447	54.98101575369465	92.80565491290159	91.10273383257304	99.50971775254663	95.08627128043507	96.9217592787804	99.86439702623375	64.60126489339018	70.70099382553114	44.67997984628035	99.55213146211183	65.4019467525131	56.39425610421136	82.42240293333491	96.85818089985099	51.38954395378514	99.88015232011489	78.2941667520642
59.45479560975993	73.44953797746876	80.30320093211458	87.30678795295177	92.96060224899257	93.76203956451748	62.24523622744935	56.20735475523337	92.32985914169016	90.84343433188793	99.32668474402877	95.31508142081577	97.10835650409248	99.88919228114389	64.08108829923366	70.2472006168922	45.88720317826438	99.62972406792781	65.62318580809648	57.3881785635682	82.24752092241596	96.72094239056305	51.94260430592579	99.87890604170158	77.22995067468281
60.35494180695468	73.7744557324756	78.9674098431645	86.25528938109946	93.27687399131429	94.52283235553386	62.91102914754448	54.60907223527669	92.76760754194954	91.14459386618364	99.53706536727586	94.95785556682191	96.59599271247437	99.83782896853796	65.47323908911939	70.88552190397832	44.80127204157252	99.54710260896459	65.26272289433356	56.20833377115766	83.22472508762029	96.89708909817604	51.20839610419721	99.8834162796541	78.66155707119952
88.86218299420037	95.58333672361154	43.70354988052348	55.14798030020893	99.89568113232737	99.5718898549104	90.30155508611973	5.338070384379545	99.86252197235467	99.84914652038222	99.6745979630538	73.05263204921883	76.97048464196108	89.30598913687218	91.62990854651051	94.28411065177727	1.610890970625563	87.250743596673	21.66188363432073	7.317847752069517	98.76038902860057	98.9029115520576	2.806211787544417	93.19737725135364	97.06699579751901
95.16936741933374	98.94276855190537	23.42803139717238	39.23014511128077	98.48316926720689	99.88823050944079	96.08092184539429	1.100601439985798	99.07248026044492	99.67232787664889	97.26814503092127	59.37659228406629	64.95424719914887	81.03922847129287	96.88290895996337	98.37339414773697	1.274558573987204	77.51969500292202	2.150656625387261	1.984454865747934	99.86294541168337	99.37640215729097	1.593636443261552	86.42667852729173	99.69144497377309
96.67381522166201	99.53772474133282	17.84776451262626	33.4527195280732	97.61704364342103	99.65000118471285	97.39685903064137	2.02726702655048	98.31507676039733	99.8693779112575	96.0926264442903	55.08083165237993	60.75608182652883	77.9547179853289	97.83255789275911	99.12987311059935	2.044706377189863	74.34334351630447	1.83703842105007	0.449453006376132	99.67959005930928	99.75463168472214	0.5550215584913165	83.97905412259834	99.87616628388942
58.81378988266388	73.20156579469044	79.64232618093592	86.62225801486099	92.85145645592937	94.16610198807194	62.34122256908017	54.86622062775586	92.32155670766609	90.83818902364696	99.41505405373107	95.24773739223453	96.94582716658378	99.86886723237383	64.3060520042966	70.86923416497849	44.51042098817667	99.61159170223985	65.13376983345009	56.1444583785803	82.75040391468306	96.65632022305898	51.94103105957409	99.89099084562302	77.369112047958
99.40210134154472	99.8572726501382	2.291075805612835	13.87775554209163	93.14117162964418	97.33485597325551	99.65784554369034	1.503543934658998	93.96415271976464	98.75979653867007	90.32919442570902	39.38012647182049	45.20745249563984	65.73880243039413	99.8045791888058	99.73204414780527	0.6507766992555855	61.86646196307337	1.377668415205901	0.6255380556458401	99.86438591745419	98.93023290095661	1.876824926885815	73.58170160958069	99.23877680895914
99.74547698863022	99.86793488953326	2.543883887238906	7.302454854537288	91.42489892688107	96.37290360068671	99.88550714578767	2.705156437186843	92.26314972648508	97.8361300431244	88.26041404199901	33.85119611019651	39.64722192652075	62.27337857585934	99.89067606390435	99.61509655840831	0.1380168763163496	57.00114141031784	2.14173609164611	2.599138727708611	99.80185702021718	98.03138635044404	1.232592065300705	69.48742310722295	99.21736130737533
55.45295907386561	70.74923299776364	81.91364345164902	89.10042181724265	91.4985233538396	92.54244151485247	59.2653036629828	58.97912683071318	91.12675027784691	89.52915755543739	99.01279567037309	96.25332322223989	97.75287478049773	99.8953257376869	61.72082910367094	67.3083150683772	49.54835039891877	99.79043629401556	69.23380586030351	60.12486990993613	79.956101190697	95.69997188549392	54.64977616392821	99.7414204544253	74.75408584680106
97.53915157669181	99.75368962607267	13.95080844150522	29.66508297273304	96.74408508628044	99.28655573292055	98.23368539932268	1.771560524662994	97.64707036134027	99.82327734006454	94.65603971623761	51.36440842839506	56.82172054039321	74.61261094868273	98.65080956123404	99.54193119154499	2.247143251416102	70.97321551477216	1.081674855161773	1.830384235304558	99.60819474360802	99.85553450011662	1.755895460337265	81.26884550783453	99.78381721704763
71.90909489889501	83.15511337578741	69.46352433256952	78.09977184324455	97.44831427478164	98.05414971577345	74.50271794685325	39.8165108815364	97.04872460674454	96.16726917414421	99.62192531274589	89.74463255097736	91.87373077000186	98.28460125071629	76.23512139130416	80.75102284635274	28.40741076485892	97.38962788071692	52.02421449219192	41.90829432099012	90.40400951626219	99.31911885442614	36.24776927210317	99.60602124833501	86.25907070127006
99.44050195806469	99.85759792699943	1.99661944003162	14.09884631758421	93.17194856595854	97.41916929492864	99.69028148300369	0.9314200018084104	94.25573647032469	98.75786389148111	90.47316136312382	38.56343730885786	45.40023833713273	65.71285975636614	99.80229798523226	99.73187149041655	0.1175557343368529	61.50497260443895	0.5114127087583731	1.868981833954154	99.86651175435836	98.90142848158844	2.779355113928794	73.00598393345706	99.2396734814748
99.4951085502793	99.87843904116792	1.309415212303629	13.08222778673046	92.80902645198115	97.02181783866641	99.73327793843339	2.336956021349117	93.67504400621674	98.61827177639856	89.72263826029607	37.46328927252502	44.11449495724905	65.18211992036751	99.84434245461881	99.68546192934707	2.241138401877367	60.39814413287139	2.372217774167816	2.243779023342635	99.89292057745489	98.58585037119647	1.347433227375547	72.10653904481819	99.22247630365794
99.15408596521605	96.69828808487725	0.5436675529074164	2.232992710858225	79.1603692374878	87.70871841567296	99.04797392140502	0.6198573572022783	80.87190661098799	90.88773379076039	74.80769954429861	4.611798936723144	13.37689170796472	39.16215034991599	98.40875560589973	99.46662804094734	2.684858616184871	33.45439344502527	2.186775334338892	0.5066265746004546	96.25250287323155	91.23867247654611	1.559923961507063	49.8234141656866	99.61232282723887
99.83497737739943	98.59023985660535	1.909673791644641	2.741183973856729	83.96179071451292	91.09691970820421	99.81511086676369	1.369176920531423	86.17422763641824	93.8913328683918	80.25432643790464	15.77361499578132	22.3264711765351	48.73162811724276	99.4484472834865	99.8896306790502	1.532920527595243	41.71566781968581	0.1182924349798624	1.456831127352473	98.24560964272642	94.05441250303782	1.188508833779423	57.17043211710136	99.86209316233166
99.83312727650086	99.78685260351135	1.795032562245539	4.924886805403728	90.10209425525231	95.47550064427931	99.88994571749791	2.485317494253706	91.35635186006853	97.38109616756535	86.84341190332654	30.58162316451003	38.27232591925917	59.80855988477409	99.87722329419562	99.59559388916517	1.379272303747411	54.40305897680959	2.763548400162345	1.57960920583024	99.69291352790435	97.58730480684754	1.76308421322039	67.86685149413759	99.25120792103192
61.11076468588722	75.28571809370155	77.72130932710097	85.74464430232679	93.84588132539261	95.22626120628121	64.85818999399658	52.42284491896383	93.63431584705803	92.37015538536542	99.6954987501523	94.62458001428369	96.04222332681127	99.74886354970403	66.49403597572049	73.17821863508254	42.15280243986935	99.3459683007883	62.91719174563336	54.61079852714599	84.36714450532199	97.46816524379966	48.36823937870792	99.89287295907472	79.07204779516177
99.89739178720693	99.03288604708732	2.833876202568087	1.836711209213896	86.27782228589727	92.8082450249785	99.8927821849686	1.00236455660161	87.59476052092884	95.33420489571915	82.35216015652219	20.4919353074894	28.03622163998388	52.43475089978617	99.71356616804638	99.75870955457931	0.1959293997092546	46.41894446295732	0.898712526579132	2.642198676220531	98.78463135503827	95.54093737882354	0.5630457484906133	61.29142607304681	99.58648913890013
99.90043034123708	98.97789419904561	2.580346238353028	0.8770482567481492	85.90555698949288	92.5058785161774	99.88673324792973	2.473318962756586	87.96540333703612	95.23521780314719	82.52368471637871	20.00892489255638	27.63533627628415	52.23731077994302	99.72438318585134	99.77303762402583	0.3459922917254054	46.56665515189172	0.2615470865932767	2.901348922655951	98.75964515878641	95.30127751807542	1.082974670350265	60.90305660692892	99.60721987714486
99.40617893648374	97.4147056039624	1.295376574561507	1.131182293051167	81.08761186725624	88.76749273313305	99.33758424530001	0.6124612521378228	82.67629689917871	91.58119288945585	76.51615658900404	8.730440977636434	15.71777403805477	41.31622203311863	98.70278021193113	99.66740350186782	2.323260644051616	36.79751153194183	1.775802437861298	0.9494583816051072	97.04099246360806	92.27575456110097	1.627049940430874	52.12445806588055	99.7714179965958
85.42402546540819	93.26046531992992	50.19734615370319	61.62464725358914	99.90002849488258	99.7696367720695	87.651051306806	14.26322645909779	99.88172346153068	99.69635033563736	99.90028893182598	77.73169109650584	81.19599290337032	92.15067843135172	88.72918317294783	92.14691158371303	1.002293420013079	90.27061714810564	29.34821353023779	16.62346566853437	97.4950875754289	99.09573393577882	8.736756539420497	95.42402259075857	95.45244013149372
90.47971748516808	96.26787921589633	39.22804103361089	52.83165242935461	99.86262219275216	99.5542702535471	91.84988286672916	0.2870169742672181	99.89786560975828	99.70645081953138	99.34763404489959	70.00186286664464	74.7592295641559	87.98906384509674	92.78094460977778	95.37560654052551	1.49372068568609	85.33928295668056	15.91302251982389	2.570620347367236	99.04838851903546	98.88857819586599	0.7469699446305367	92.45419847119385	97.92377324421014
98.26760801395287	95.40259165936369	0.9854670959289671	1.194340862354253	76.32404753414252	84.3683507497062	98.15496465852036	2.228383104277315	77.52034496990184	88.51580084155266	70.92526419400586	2.925018779934096	4.985126516238325	34.38506185640357	97.32209918750982	98.91635266011328	0.9697595692374421	26.76513716255851	2.871602059019692	2.002437150485211	94.60158029245713	88.94017609764325	0.6250662452451008	43.91929642718924	99.03168552919162
81.24846691069592	90.24994570655119	56.87954884109025	67.83164032297708	99.56084280907686	99.77859893261925	83.73317155309198	23.2786133889357	99.50176928427406	99.06006681743996	99.55579883670264	81.84880928275511	85.11100059555659	94.71944615954455	85.23709235981349	88.75059224375612	9.553842970958648	93.06691434861415	36.60344697402353	24.16061079291062	95.51968945899232	99.5325669671376	18.17157145402931	97.29736588996393	92.86585957059283
98.40908998233598	99.88720656073262	6.893301098137861	23.37573629727264	95.30856793142	98.66874310038996	98.96647063506691	0.7307469159063542	96.12539191053764	99.55958297372688	93.07467100079425	45.70833738857001	51.78406536625815	71.11238870971962	99.26366154558505	99.84584768310604	2.473801675673026	67.35828147342031	0.9483332612596178	1.016704858900077	99.63691116644611	99.58471747223247	0.02178067619754622	78.06576947172262	99.45041550340173
99.88979376241709	99.72904713092441	0.7684964897211335	4.025670294979866	89.68910925794927	95.20610299084812	99.87461976867341	1.086408412930552	90.80287840083443	97.13066983680156	86.63553331586444	29.12361794601735	36.70986881150721	58.30836716477439	99.88185389416361	99.59752083706529	2.792477758693952	54.1945269327752	1.263847593240126	0.5511686309739789	99.63056974063224	97.29395964786605	1.022532012360882	66.57837113657772	99.27791032176603
97.12152657058478	99.73994577565016	15.73191038462215	31.35558031976049	97.32382716828722	99.5112121827146	97.84957989967468	0.4228952611249365	97.90326499650652	99.88502049240284	95.43015433409082	52.86583868927144	58.86598908036047	76.45489212779457	98.37101186555772	99.39950963226623	2.787860381042307	71.85899582941202	2.851934794797309	1.349601099831208	99.62419434325605	99.88990132097446	0.692264817973671	82.34951786350098	99.8990801366046
78.13431269921887	68.90165477858237	1.830520545359956	2.052632523781591	31.24146702241612	45.81253379332912	78.01488133506282	2.400754239439757	34.34207474437157	53.98064777343905	22.38382250449857	2.876737025602026	1.273261728076942	1.304657866319445	74.79893147355709	80.41772125132158	0.2557131084704054	2.946501947243811	1.823125128622649	0.1121568448626728	67.4136531609213	54.76361435463771	2.11911566732316	2.193525591845369	80.7585168328864
90.10487697934248	83.60580198021485	2.897834225661933	0.435283419127749	53.20755422923149	66.19497620901626	89.56774939600281	1.499143942255999	56.05101710140129	72.3153365460791	46.27776440581136	2.373601534287682	1.330484688848048	0.2224356512584348	87.63420400635273	91.28211162333328	2.97495969311165	1.173333672779475	0.782548612369677	2.999047696795608	82.73425775304112	72.50415958906835	1.494856738694456	12.67214348581854	91.99711637343927
