0.4830632354718901	0.97628913094654	99.66203520761235	99.08083439013224	29.81623704211145	32.41296223384526	0.7366662606552259	99.08773510843154	27.17009664837891	23.93302086225714	57.89033131396173	96.59424454951832	95.03322106183825	71.10665785461644	1.148940148388655	0.1482373517028305	97.08933032663938	92.4749331024283	99.8983237232672	99.29661873490822	2.103566987538219	41.94049629332582	98.5271180134535	65.14465483426068	2.168388623764506
55.81207141159337	71.10684894354853	81.29648213273084	88.57480653929174	91.56778483816396	92.81920564385405	59.32797764930397	58.38645685339401	90.97087022577134	89.62794386733513	99.10492370416162	96.36010790291768	97.69849341037303	99.89529653804406	61.42281895732549	67.86334843392576	47.8424361391657	99.79770334570128	68.47181973130428	59.39095129332546	80.63652752277454	95.86496208818944	54.20146347914297	99.73389526349261	75.76830868968628
11.79672832837638	34.36531967921979	97.7498850384258	99.53971571326696	68.76257506284111	71.36567973707876	17.4463651309383	85.80461440659222	67.56054805626786	64.71245886171381	86.26011245297541	99.49934791672874	99.52284920532475	92.80367265675405	20.56445988270838	29.735620597012	80.04548017916309	99.8713100104828	91.65872340295647	86.58985062882235	49.29981769589541	77.12335511672339	84.03622703827071	89.82557554098069	40.92886116254052
2.886466861052384	8.464079142208325	99.90047325299784	99.74149435234771	49.75084392654395	52.72608234209613	1.9607493241315	94.97172083877464	48.7694823522349	44.22862759251397	73.6082467851132	99.6290904445172	99.19733967249815	83.50233486004889	1.909252893246204	2.422560368886129	91.34509123985724	97.80468967930746	97.9833238878761	95.17885514658867	25.76028724905758	60.72580718843177	93.61360873213481	78.95233852394281	16.22951811317572
0.09644348030973117	0.4595817920583368	99.85368101756504	99.74590247899089	38.20791676823799	43.09678622833897	0.4672610649802401	97.66299437812009	37.2852120030535	32.82229706138629	65.84389210854667	98.35024264515809	97.32682323581018	76.46342578618363	2.813806314434685	1.576153529689496	94.89237552156943	95.05366657533533	99.46163037319494	97.94653274225102	12.77854079192353	51.57846478479632	96.71736087824216	71.18947824480276	1.136896026676337
25.13984984313122	43.85219596339471	95.18966433681648	98.04394977965833	75.62270020039666	78.26567336920502	29.69132285005171	80.26067939107423	75.11110155043245	71.65122698462068	91.03368697618617	99.78580422339645	99.54202782090191	96.26573841391574	31.72369737203229	41.05470102064056	74.12172512217893	99.27913903370236	87.56528724183632	81.81929433006863	58.27744617027819	83.41065345633488	77.9991918454854	93.75234119492882	50.37371340763453
77.39218586175096	87.72027300274696	62.02150713629004	72.00299332683608	98.94854295782439	99.37983533895328	79.81356733090965	30.82989724982964	98.78920818365151	98.06879411327003	99.45426551259938	85.22920354043737	88.85070026958617	96.66973773480765	81.13742426237062	85.85738347928876	18.60099789928459	95.02616477400819	43.36705032361434	32.69529150262589	93.67289362337247	99.85855240232735	26.53077514077511	98.52143457632464	90.71990667284329
2.022278884353756	24.78707693523806	98.88286786031944	99.87109694998537	63.25334255503115	65.62712488992493	7.746566318350423	89.89427641717923	61.51266116143659	58.05877151496836	82.74164492014681	99.59286012294025	99.80389794668774	90.31160272490652	11.80398036150987	20.30129007318255	84.29238873239188	99.65604654313526	94.47635668692112	90.35073094719441	41.0441944808901	71.57689217518863	87.91984857605422	86.5387813558072	32.11704324055583
1.979100317466912	14.01039045252262	99.76540395674134	99.7160693942368	53.78897829781704	57.53849842013948	0.1641666204208393	93.11449137284677	53.68537662931017	49.50478047755481	76.81251701997495	99.88028544261118	99.605706661502	85.47862557442056	0.8262703680220751	8.438671379015295	88.97032664336513	98.6594620316163	96.88307605374501	93.94038657011535	31.66222927423822	65.20597311225981	91.84037516023092	81.88806738839931	22.01430098871405
80.33345147847137	89.75292680841753	57.99800147395185	68.63342904925958	99.44052815613549	99.75494857362432	82.52351384761813	25.40567804062761	99.32737266072749	98.85041918846754	99.51646204305239	82.64105677495482	85.86701714367734	95.12063667305205	84.57037634569866	88.21174562918802	11.2223331610127	93.47205364531487	38.81081188323615	26.3491679175724	95.29679319437437	99.65174949053406	20.81326488624692	97.66377286964621	92.62933023418117
93.44165028154276	98.27535540890496	29.87042171331282	44.46714423010248	99.19872345956972	99.76559053730767	94.69751357872586	2.716581142727723	99.52628549700289	99.58446628572389	98.29555646848705	63.75839761740249	68.59582723636608	83.61913070979539	95.65780754643475	97.61391571623118	2.435270031559384	80.61369712167431	5.128089636578537	2.68187729999684	99.80066287465948	99.10517659032503	0.8530334664892363	88.18989005067274	99.20464593816075
7.769899486894138	29.68760791620788	98.33233208894906	99.78964908845265	66.18188001467146	67.82412920774298	12.96148253031942	88.24985558696305	64.57729130121761	61.21311593045625	84.90211053583847	99.51444354294185	99.63451454314975	91.84890815770488	16.30332060669389	25.07034547933542	82.67588505879979	99.85518131188348	93.23775762753134	88.84029977762587	45.22554808883225	74.5683423492848	86.29812342884378	88.45188764958107	36.27590979999926
17.72222534151113	39.23369091288752	96.55302480730077	98.99968706011263	72.14989608407964	74.37882125244249	22.1090275120741	84.01892038250587	70.69977107123707	67.83443437557371	88.67567925270656	99.56506271375665	99.47256580032001	94.6612894550537	25.17743825933348	34.1906486597516	77.41752243148636	99.55613876769898	89.59080242851731	84.76438950353018	53.04123241181087	80.04481281995088	81.83869188002348	91.78310563378859	45.37468523320639
94.40547410315817	98.7740410778536	27.35718752944042	41.16615363419608	98.85155165141343	99.90016871541917	95.80951479400831	1.584675970340153	99.22068505975071	99.6209504030967	97.5931525561635	61.81796621435856	66.80136530890807	81.6575717111444	96.45875177126919	98.20230740244216	0.6363766107976714	78.96326960181614	1.328527688226755	1.066223245124104	99.89378713890765	99.24263442778589	1.825714691952463	87.14776382240662	99.5155861763413
29.82272667170695	49.37834412842733	93.26493377877483	97.18215680325312	78.55211120311328	81.2134487995524	35.31991402324983	77.24008374832407	78.04739366072695	75.52379888790927	93.14074303727283	99.86121485288734	99.71864623486979	97.31547724884675	37.2820838600569	45.11098304366461	70.77637360153167	99.16833013448843	84.57197915672936	78.70465581412729	62.40537749829187	85.5850760767582	75.41986458966321	95.2829276075591	55.04488242663896
83.68875239714527	91.98066709253906	52.64768547049085	63.58647102875254	99.82663845774367	99.90030614137552	86.22130651508601	17.99843117170691	99.78712555770605	99.57137150813914	99.7387419723709	79.631070399259	83.10911239426092	93.58622921082608	87.51784237762841	90.5940105844013	4.833575158602055	91.20363973572245	32.10891343608866	19.39260713143005	96.9056734285582	99.23663428279646	11.86493610602226	96.51182024184276	94.3450973349801
99.89953484390679	99.62694830660234	1.775637045048504	1.276763370734791	88.82701334179677	94.39084183430977	99.86063726228333	1.467890422393151	90.22849656945804	96.77329813007334	85.67976224259122	27.35918808839219	33.21755643621375	56.35097065057029	99.89704498217402	99.61593460239658	0.1882636460906298	52.35279994028001	2.664959600060654	1.91570429646426	99.48750033225053	96.93374840091205	2.825162685870798	65.7105732466059	99.33689417208592
99.90046165218675	99.6406504515458	1.905535000479938	0.4854852326259264	88.91031037069665	94.79927960042451	99.86227678793898	2.525665925458548	90.35372643165185	96.791105300263	85.90040554360115	28.17171178372426	34.26089266448351	57.7514180769414	99.89811030685991	99.61238392020108	2.708606349081425	51.98223622945007	2.298301169738906	2.272740211581618	99.4601624740004	96.95290486943973	2.61595477297805	65.79342539771153	99.32237970656062
50.38291181553667	65.46330609012618	85.50151417656585	91.65200078363236	89.07036996906201	90.03546564638626	52.85923757835692	63.98550431547756	88.42655434105183	86.46109294398214	97.97723858155824	97.67587966489909	98.77611300148716	99.79139589747535	56.35329297329648	63.30302060778252	54.48673651875322	99.73817138917609	73.4990727087467	65.31820077392415	76.37577300461447	93.78267378684133	60.68410012466614	99.1787592522732	70.81266462247615
99.88519053595097	99.36541442713967	2.904635055515575	0.8477528738654776	87.38112316205941	93.54908823956525	99.87753267412205	1.690291067109691	89.21133952083258	95.96752089360787	83.90123543634438	23.48992806150024	31.2210536257514	54.60151274164606	99.83481860434019	99.67687033480104	0.1687080585824372	48.59709183050697	2.119985134831156	2.660389643689034	99.16763227341956	95.96454930178159	1.655364346501925	63.15049338760264	99.45616063096901
71.47087198661097	83.38053579743345	68.8033067916575	78.33266660028519	97.56959002885642	98.009870046301	74.74978268075414	39.42835034987849	97.01512515415165	96.23938227161707	99.61125762793068	89.41153735379599	92.24067621728359	98.3651283968379	75.813063898378	81.49436982226437	28.80237115053598	97.32873651604488	52.32130364596285	40.91847984912277	90.20522621083241	99.3799376618846	35.50788280111663	99.53136462441489	86.38093587991555
94.18274046387958	98.3767271285072	27.92881945203461	43.23413304400518	99.1669038772567	99.81889954617827	95.3463125743946	0.7199333198466376	99.37517652092906	99.59653345587601	97.96238797563976	61.97220143656102	67.26624672053381	82.82024036977145	96.07350115035148	97.95953155924808	1.266213987121767	79.59810016547159	2.965464540522134	1.151000931038137	99.87020528184105	99.16120813523347	1.192110183518834	87.63060292311906	99.27743883974156
65.79666105634632	78.63426093428842	74.91694614818019	83.22481984658889	95.44210496165985	96.19132431448247	68.65827300039946	47.42270362238197	95.06559712803441	94.00316640813806	99.86339152750928	92.54126986499928	94.80515858922678	99.43702981756897	70.67969537287698	76.06327227183753	37.19618062000863	98.65855750965457	59.84548260111711	50.08893621289121	86.72640007438656	98.25488182580614	44.13182257681621	99.90044011118093	82.36334050539423
94.59446516739398	98.70785416377245	27.32776908355314	41.75699808643741	98.83704984228456	99.89318142093882	95.48837777056691	2.672102843046557	99.27194688816782	99.61923804987607	97.57562874617354	61.92428093556362	65.89123802640169	82.34786771713082	96.18718575031757	98.02568733642904	1.507145410982378	78.51455664807932	1.405753674866028	2.694876882583968	99.89677967155787	99.23667157961415	2.396499526639667	87.04226600732184	99.46803904047256
83.42069780521615	91.53737216856413	53.76662699924373	65.17804972877713	99.80325896096018	99.88519640214101	85.0020657927024	19.46299397047341	99.73218404076178	99.40613018655611	99.68088001799087	79.76994163097336	83.64984667772788	93.74850453018627	86.88000473438704	90.33679407788007	5.214497816209396	91.73804196061049	33.88062261952734	20.10794337130607	96.43281031824925	99.30648567508156	13.50732911681473	96.63829608325084	94.10597333360444
95.38889319769997	99.1337288879173	23.9250073560832	38.76872670286612	98.3935891614075	99.87719328166921	96.57767921829695	1.956315762838268	98.90424372261047	99.69691066964933	96.95253334833451	58.50370109876572	63.54083894928439	80.50604582998135	96.96623598509649	98.64558618801026	0.5217851681049019	76.81744499019861	2.476510224337777	2.424451008922073	99.82648756689832	99.42623121507562	1.17538179632522	85.42304959606837	99.73624603347947
99.72314887993832	99.89701086661084	2.761573044604595	9.408627115844936	91.75014280549209	96.48123293561859	99.86703010907722	0.9878917641819684	92.70327862963578	98.00639817233817	88.53883167938646	35.03847602883295	41.13809097965549	62.52670827003743	99.89985073307709	99.62959210593823	2.415220667170352	57.56380124517746	2.223609540976941	0.05716103075489501	99.86541336337734	98.3826780924043	2.610905831086561	70.20644960294928	99.21405947510482
99.01957160397532	99.84273756908075	0.2803600152268216	18.24041540826133	93.83937402285628	97.8895123826937	99.49928874449047	1.094607159635032	94.88828526933347	99.15253458804985	91.34879167892726	41.71883977530323	47.90588483263802	68.01583579336045	99.72578720008872	99.83520567663919	1.523594019527721	62.99407645610368	1.236528338928984	1.228913013199209	99.75606564096952	99.22260673989889	1.372612611153935	75.30815115145879	99.29310575647364
85.16288278073634	93.22739608973573	50.96866134751359	62.80162843473873	99.8951870382329	99.79392649427062	87.17243226727518	14.24892234797493	99.87520637067931	99.73295945902869	99.86352096900463	78.24942172904233	81.33285680110542	92.29709335976888	88.03693908475421	91.45503419833683	0.9920313288127482	90.51345340888193	30.12091965830897	17.34527016551722	97.12581271406448	99.12147986248848	10.16767753298976	95.68924538727396	95.18675616748037
87.87053380797244	95.06651289127413	44.4892760494979	56.60414108669806	99.87832667881969	99.59955469813843	89.84477868489434	7.595507662295143	99.86491168377796	99.89450649721302	99.77030552171068	74.16104152368798	77.79926393896986	90.31013515442172	91.09947513608945	93.94721987849984	2.162161345132616	87.97580088855564	23.30050506759271	8.85263603666826	98.30102318298792	98.92928068868598	1.456297599298073	94.04606241883609	96.63934916711774
96.33513078084462	99.48706738294167	18.32820984466349	33.59542136044161	97.93256731827397	99.67425443987764	97.30593674926543	0.7541104805852767	98.34507405907391	99.8441577582618	96.15005936307962	56.06945668023595	61.11031052666713	78.42279774036543	97.74163205579552	99.18618864496624	0.1759166706147707	74.15647111074199	1.672737103235978	1.20734375438563	99.69310683337336	99.71317136921125	1.534238306947683	83.69524147728113	99.87420356252917
99.88421053159915	99.43810089797169	0.4433420653502321	0.5722124117918297	87.6594108375012	93.92160120992452	99.87313896567834	2.454701655633719	89.36518745933083	96.10699754060391	84.35745366962149	24.76739769325239	31.64002874005649	54.39100604858707	99.85763294100497	99.66756823994753	1.022629551302232	49.21112328535035	1.016546976509197	1.426479519395333	99.12240005326207	96.36706063805657	1.919444085642948	62.98799715656265	99.43857692443777
71.79796098602947	83.73465897337149	68.65852323273147	77.47974052205608	97.68415738435186	98.29819519108315	74.88206423856464	38.85418280196817	97.38795330571881	96.44590078594003	99.59228965422265	89.42246991287972	91.96046149929113	98.14567800744837	76.27042107321004	81.22769866695178	27.66573813270662	97.03142221172739	51.13750829744237	40.63923070572024	90.43370458763253	99.42724850890109	34.76103126092486	99.58485912289802	86.81063076298781
73.49355119128015	84.80924924777918	66.68979450730551	76.26375828203156	98.04653739200278	98.62334476904033	76.2453913524355	36.58031889764034	97.74368615620898	96.83662380967631	99.53579357402091	88.49839551462063	91.26361363480909	97.85233863916558	77.51226279218733	82.83084204641001	24.82343805160247	96.68391385957531	49.30369025675564	38.29974939302666	91.31781597862657	99.56982867299222	32.86281611158104	99.39440506286485	88.06958213148795
99.89961136968169	99.02714672547491	1.292707653315492	1.022725574260277	85.90263838165903	92.40592813461231	99.88248713960904	2.328349997515711	87.34242924349789	95.06144069164725	81.79257953758955	20.09398030863089	26.48517515247253	51.45938089292778	99.67600683326485	99.78165523375121	2.348883114995284	46.05430658987414	1.384400996491447	2.283030847261569	98.81852739665634	95.12393385298296	2.631519026194256	60.50992637392667	99.62137965901837
86.25573050706711	93.75663294600027	48.23934970488197	61.03673666924929	99.88889990992689	99.70544089940384	88.35456676301567	11.36304564503462	99.89667309076549	99.83204331768532	99.89608325708178	76.94506378762162	80.21772426780777	91.82556109765179	89.34196143830306	92.41360606527371	0.8814822279084362	89.25143788396568	27.14015373562665	14.16946346128795	97.68394169903563	99.03331227570483	7.212127838132043	95.01095686739254	95.93135656303082
85.36622159264593	92.85200847859645	50.39569933242451	62.20827536192299	99.88673817008326	99.7887113779914	87.22251494608659	13.96748856296748	99.87120089341985	99.73912494832325	99.87175381554117	78.08016023941002	81.19598731733299	92.55208280184806	88.2537978874373	91.90032810414742	1.572519496564717	90.003382185386	29.65848025514573	16.19852518414351	97.1710935202622	99.11509484622462	9.502777625926552	95.86971795308314	95.07830489835658
97.7646413038206	99.86858706748663	10.21803583503614	27.12603200923169	96.4364843944565	99.17345917716757	98.60839667167434	2.020626365834756	96.92148596892997	99.73556611336757	94.23235031816107	50.22822526706696	55.86253236933112	73.7253208554818	98.85881061685321	99.70630157745069	1.357726697702679	69.50391269214984	2.500822999394309	2.891488066775881	99.6026357796753	99.79460971912167	2.195470017757376	79.9733811772233	99.65088192221404
94.70036036953258	98.73765750736924	26.69905555997424	41.17949710131681	99.00069974302554	99.88717577890162	95.47159131718239	2.860525679587664	99.35246358153228	99.61732664737175	97.60474898144639	61.11004444616203	66.80784111470155	82.18585951930429	96.18826293965705	98.11828633793634	1.237811880450122	78.70610419592926	1.225213298820982	0.6117470710717319	99.88484078377815	99.23020296429608	2.428839940632385	87.23667383815058	99.46658023516139
66.22627215792252	78.95341186138852	74.71397192422347	82.53998476533462	95.69394442221002	96.33002483377359	69.11368582020296	48.13527351188771	95.325004394622	93.96532363002805	99.88649134665224	92.71730994565863	94.54489947866755	99.44124389908588	70.66475191245021	76.70716272191241	36.79308865552142	98.64594573320529	59.15881793499025	49.40836306578009	87.12659467173471	98.38865937791383	43.32487969067407	99.8976723598972	82.72996600813052
93.91833850341979	89.09515121277126	1.370457822784951	0.9347680609186964	62.64870062804604	73.71105415550318	93.79075576595119	1.78041944272085	65.1682362559564	78.48077786615445	56.19793740460261	1.107621171832341	2.827177841626082	13.22568400657411	91.81544215598194	95.20666398617708	2.569373328943475	5.604014269785774	2.968381695452679	2.594044495189766	87.96822747224515	79.1284955888682	2.594659010471196	24.503201927157	95.43665544607821
88.43233971822006	95.03892835575985	44.8273112722723	57.16235288785207	99.88563645941437	99.5859356219635	89.84415382115129	5.793273246633312	99.86184150899649	99.90040155146517	99.77162882216373	73.58124899351748	77.46671768837446	89.69892945194869	91.12696770174117	94.11720671746403	2.831899390869827	87.30075040815149	21.30631003745827	8.60713083649528	98.61489256907349	98.91722001387336	0.7139070509637914	93.72485633269589	97.04857031647198
97.28483575533193	93.63407262175284	0.4744729885003922	1.522773139877848	71.59678716464121	81.87825462376692	97.22627180569256	1.843166239672214	73.52670749564589	85.90066466283307	66.92953192285111	0.891908500677308	1.205842260883378	26.65455492054789	95.80169677373951	97.94056560488454	1.026754868145283	20.7975122672824	1.706521518765828	2.178381391440577	92.84099841401641	86.32107089911474	1.96027749791258	37.99793692968133	98.15974072292856
99.13836437576593	99.84428348936663	0.4877692961047088	16.4371873812339	93.53193705939134	97.74839154041437	99.53990262860306	2.991573190370804	94.7352257506458	98.94727621508522	90.91820931200346	41.52320211159206	47.16652785936633	67.72687289076941	99.7439749172278	99.80319027482086	1.261638773944691	62.18565440179547	1.723087978765122	0.09633245055249497	99.78415610351642	99.08866116056022	2.774724565577318	74.54959040584428	99.27399437153888
97.44067018050831	93.48931798849162	1.112880412468079	1.005528175272411	72.05781841634494	81.45673746074056	97.33154219057812	1.728829269762341	74.32078617314586	86.11619997285882	66.26942571240639	2.068972852649747	0.9481782865190818	27.3619893666944	96.17403932554821	98.09381742706908	2.381135148771548	20.05254923873149	0.6445076187854777	2.10260369346584	93.10214910563052	86.14720922524351	0.8310545477393616	39.05287399564082	98.38986037170895
99.88306492054323	99.39431364288869	0.7059045613081472	2.327032571783445	87.62571260392956	93.75617949178505	99.87255806910106	1.329671253579982	89.34379449709337	96.1736630731765	84.27659655955246	24.96247148111573	31.57020257860873	55.11232650282859	99.86702263530786	99.66727148711327	2.023724377796051	48.80591619832961	1.448166354739154	2.094229124456429	99.19453960722791	96.13657525264858	0.8997333791033584	62.81611255254833	99.43769231964652
80.80381150252694	72.2575795015451	2.046090196515038	1.257635406616373	34.83579877697169	50.56567356272962	80.14586006344835	0.2083663718459667	39.61618631076135	58.19854388326057	27.11749223186728	1.24344625289362	2.885641895201418	0.8352242872509241	77.37467505099281	83.25884971801311	1.958957590963683	0.3897194389180081	2.787707786181488	0.338267790636697	71.01192869197074	58.29020532320899	1.676166013668515	2.837025284899347	83.43783944815748
99.14757179080438	99.84349257669111	0.651024942402545	17.62934491923086	94.09237864447287	97.75490840637363	99.50697572133784	1.668501473274173	94.79622104365919	99.08377090600985	91.53745626996746	42.13141517320578	48.00992399746021	68.16179395422742	99.66744847916517	99.83192746739181	2.314165105891478	63.73353554506609	0.6869320908653596	0.8975955080429572	99.75750904488407	99.24775167314833	0.9135826221114201	75.18738804220455	99.29087748530235
77.47572916603245	68.37889493398363	1.542263876275296	2.06018852442681	30.59365136841573	46.00725706972226	77.72465270845539	2.084669466296675	33.10997786809051	52.42593746212811	21.51756176993703	1.105759934935666	2.359720803921381	2.133112089994115	73.94600955105048	79.57080377197694	0.1580443742301827	0.9509406871480508	0.8866081954588243	2.929071467603233	67.31205731208796	54.16821192994738	0.80211010809886	0.2247263803082309	81.15185435121062
94.64750704142777	89.62503164047693	2.724862351634274	2.76925215806566	63.77561310393818	74.54615765610751	94.1150759340057	1.239764286491077	66.92387144628393	80.21960048183277	57.60591621344127	0.9028817700155869	2.470772860103859	14.68467778581666	92.76282146706339	95.42462339414917	1.40649158499463	7.577456139007954	1.378910985630287	2.819403252830559	88.81859073582535	80.26775381826499	2.047084727908232	26.96262420257705	96.06978998169552
