0.0315261283314128	2.190000854216262	85.40682009454386	94.36685592025515	43.39032356084901	48.51734415083389	1.622004650260861	47.4440643087783	41.50319978458666	35.87328616972242	79.8402198539941	99.72413350047295	99.07282324681159	92.47250741037809	1.125199863469144	0.2594675613151156	29.41650267867998	97.99020042755963	63.71118723015454	49.95351770047631	1.358600737825522	61.00077521503289	41.66300610241358	87.13898544048348	1.35778967773648
13.64622488753824	44.2592202638606	38.3821333874373	56.9739822381665	87.97730453861885	90.91170823560572	19.50504861933538	1.36298933511269	86.65775357209355	83.96051348019746	99.61720018811199	82.18757782885227	86.83930426927475	98.64660913128996	23.60329914789048	38.53790090868926	1.658668870535596	96.91458808972736	2.090983076068585	0.5705566159671318	65.09611880060928	95.63403384796706	0.818919167363803	99.7441580783084	54.88427774596283
0.9577476511271121	26.19281097533882	55.13212956818357	72.54687831096621	78.72595383878257	81.66107142899664	2.975442482920326	1.067781056029119	76.81479607245068	72.96845500541579	97.51253494038436	90.47932527830378	94.3825784866975	99.73797871370462	3.520348767438687	19.62607052512038	2.485212260423139	99.4920381846901	22.12501240893071	0.2113082385094655	50.82292036700444	88.54144008536323	2.135395150241723	99.27466699614516	37.84525181359362
2.541940209592794	1.473233851110883	99.59034814883746	99.49582352654171	1.903986923413532	2.7492771177701	0.676654171077975	93.24153639577413	1.204970136914487	0.7077096470490605	13.84106401474769	96.45616067450278	94.22007416108312	43.66722092841637	2.023987216007259	0.8387948626763642	87.14004270720639	88.86394194707431	98.27292913867119	94.63628144976201	2.130099692642105	0.250548818124922	91.33947443697565	31.20698106584383	1.861091451844292
1.119013666269271	2.98899887359689	78.54031008301762	89.4631865869496	54.61418419777944	60.06522135258226	2.910668504749157	34.47758258871525	53.78147789805239	45.92295974334492	87.00856789003184	98.98322598766126	99.68594225149592	95.91022407804522	0.766701558747624	0.3314564337729193	16.30409354195267	97.90971189253102	55.49637311449136	36.36782423591809	17.60846868094796	70.8348499278455	28.74608002277762	91.73543607605352	0.1626810101159177
68.21562284682703	86.44684712854429	0.3256292834925677	2.524308209105396	99.69067227577396	99.03119112660244	73.70956999209844	2.814280976340393	99.67171609509398	99.73796054917656	99.47379654029969	35.49665685291914	45.74488076835904	75.98372298121583	76.5206887571599	83.96399670410916	2.884295804362417	70.34757660950339	0.02004942297433934	2.828232062594916	95.89982645507095	97.35114546431917	1.453838268001514	85.73670822243808	91.11919771594776
1.99851840806938	2.619985396484543	89.39543144198157	96.63137488792445	34.62219235109723	39.89611010593981	0.4660087698650946	54.72398558057803	30.74129406342276	25.35341842080219	75.34110999096255	99.1415231595001	98.71636789592858	88.29770288314195	2.117918279562527	2.258166120187565	40.06806944767535	98.48601550622337	72.03596053423922	56.47629174922972	2.189867050187453	53.7334901801123	48.84573673644599	82.5164766779874	1.50745519646123
0.9201902599359284	1.821661639288336	96.73712310784089	99.65799165466386	10.59844591869019	16.56451448037508	1.016986204354784	72.20919668191587	5.461732619588167	1.83648177321003	59.38454254094157	98.868758216991	99.30257078834251	77.06936498867675	0.774083021623303	1.511194170009261	59.29562975369458	99.49460321603479	84.09374433513074	74.28917064095531	1.009056591152626	31.38835254469791	66.67322430162305	69.02797471087156	1.444876135564803
76.63018662399746	92.12428736286917	2.457463745627122	1.232041951154366	99.50825755976625	98.89920737450997	80.85820429731973	2.216020042860022	99.72994334775595	99.14967044417256	98.0642955970428	23.86326770980948	33.06539969261092	69.02374825980262	83.31054741680977	89.68504691944294	0.7031085746265662	60.35637180873419	0.7789928260116117	2.315832616174096	98.07055768122075	97.23208656348757	0.7710753918187072	78.66342689625051	94.93245663242232
2.951943619868076	29.949269455962	51.99115054225334	69.30544894614074	80.6528631572463	83.0861482141669	1.218951948043457	1.002998478858388	79.17803512250184	75.86451376314565	98.02064414381078	90.00983524204243	93.09627363193059	99.7464071094784	7.056007835260358	21.66447784202801	1.450116857762089	99.25815940013568	18.81860538839351	2.141631451276196	52.65255095840165	90.79066701633378	0.5829716991614107	99.52653890540105	39.74422109918593
62.5787072180287	82.40413843927389	2.213348708918203	3.827884387140469	99.74994494005843	99.42879891016459	68.92509368618715	1.640177371001665	99.64976335335166	99.36991978772669	99.73805112152539	44.53969090870882	52.35964407470084	80.2661388408638	71.34164696275363	79.13764633104611	1.523975226344475	75.27723980928336	0.5776518977032221	2.963988216832774	93.73733254117859	97.73423588134172	2.220578651673513	88.83283105937248	87.73039902385327
25.62176999363815	55.01911347175745	27.66897845701399	47.89836834671597	92.03138321609944	94.05921583912108	31.19038292356334	1.841400132203863	91.18784406574478	89.04587394432642	99.2812390285803	76.27112583979614	81.74848988767818	96.97820758857351	35.37010923289881	48.38458741147357	0.4089577353002401	94.69671597729614	2.093230515932501	2.958425998081498	72.65005477080975	97.86699002540212	0.7255518285933356	99.37382823440647	62.66491873238061
0.4318609076824685	0.8561183391952336	71.31562412962124	84.48036282336084	64.6232950127695	67.85931287338516	1.088950440439437	22.34274043699847	61.29511142078145	56.1167027428577	90.74437729805479	97.25256728109395	98.79608943399995	98.22940870042039	1.410329844792057	2.759139061414631	0.9369864343114604	98.34640825288751	45.13094121913037	25.54617926989895	27.85430933208263	77.97005860807411	15.44726930443167	95.23030270804786	12.95989915133674
22.94776380682088	53.34732595860214	28.98510266750902	50.58447527416148	91.88201466435821	93.7714005428565	31.06914209628833	0.4556422886240725	90.44288223581167	88.83907029586349	99.40182828413685	77.42566411233005	82.63086179622945	97.33091256956484	33.16875183644442	46.90268396219695	1.384811580171819	94.50215698347122	2.943754499027489	0.5013895469880485	71.99340054555637	97.59434669910951	2.807619691977935	99.42065247940219	62.9507726490683
0.8892684929093659	2.207670395940005	89.87264410374162	96.70685110211525	33.67065174965156	39.21401009896501	1.719474264801514	56.03538492498823	31.04268133410291	25.74141678603614	74.87896876580481	99.13061058118306	98.71413839529623	88.18545993500977	1.212864447255598	2.502681565940952	38.46664224070807	98.4909156612115	71.04348686697496	57.07883281951498	0.6862009826152331	54.68204586823625	50.04915358831723	82.73214861213292	0.2640159993667561
63.61884956992743	82.92606058693931	1.457597702506558	3.348717188058893	99.74996629591134	99.42777770430126	68.03858690197389	0.08890342165800227	99.65007538638551	99.25450601613387	99.74080020182026	43.38458628568338	54.20481178135529	80.99703329834666	71.27841240958497	79.68822744319642	0.3226667021794284	74.60568771865506	1.007629014427482	2.823141749540839	93.18676181077251	97.73580938603756	1.294315673886714	89.00618973284583	88.24842873508291
0.4917101591589684	5.997353329878098	68.47615958009408	81.73080277886349	67.25488012992133	71.5203164073929	2.712800435865255	18.13103067943121	65.27598172312598	60.81943440922701	93.36281160220388	95.97969070217141	98.01696367380546	98.94339989896265	1.672368924459426	1.607723349612889	2.669000001740774	98.72713361839969	39.03174011369689	19.23289924723699	35.20118406884698	80.13983407559927	8.188283030865652	96.43152655342638	18.53286279727189
24.12697692724563	53.83076289337521	26.84848116462547	49.36009708219427	92.31154468160727	94.17646402252097	31.97528464449359	2.020284121285155	91.55640543007458	88.84204663407665	99.31851203356105	76.12357433382937	82.81409409839347	96.82990306829574	36.01146529667329	48.09644131256776	1.89815305900947	94.53298913993389	2.933755307584361	2.888236202351491	72.76672796768942	97.53650764636006	0.7845594158085958	99.39808520997198	63.62137917005841
90.34847130792876	98.75478144894055	2.411173003095552	0.2152739036334463	94.94691356389302	99.23578562611075	92.81929515102695	1.50777737311576	95.94321873680552	99.57070832934511	90.56809190747953	2.63411538059987	3.298439772561535	46.32339550501578	94.4678931969342	97.65459733410654	2.30444178805758	35.04040800307584	1.923021473996406	2.693660763818228	99.2489767538397	99.20544700818044	0.7087610763562515	59.72289712130514	99.6011615259557
80.73253293128899	93.81166826060623	0.2134850326976574	0.7744676917241164	98.96247709181114	99.07737579756731	84.02675321576046	0.4723820206567439	99.41054570504953	98.96875691851534	97.01855707638948	15.69371903070571	27.04958513001286	62.90477525706714	86.75432116514756	91.88118429641952	1.159018358487289	54.74664506406576	0.8531125999337958	2.920408008361791	98.913050176114	97.40991788978999	0.7101777818572692	75.37118606120011	96.94809375081974
32.90453444300958	60.74918396253746	16.15747701890947	41.26683958524735	94.8876094070506	96.59923066926494	38.79158939046575	2.139242283555308	94.37940104343929	91.72994318783982	98.81716242819417	70.38470470487069	76.89858927154977	94.48606606700707	43.71703088982709	56.59111316914463	2.756911067346683	91.76278039149392	2.400735793040334	1.423621153431831	77.7939896025907	98.95937825351339	1.876080391692251	98.28816607704796	68.81318590795715
1.479540446644071	1.739758817269503	90.78245787922505	97.17260851756292	31.61283624933059	35.94384450483498	0.8306754377853334	58.99305788004836	26.71512848852628	19.84677422151163	71.43042904834134	98.95267149163209	98.67471835955807	86.22715977191187	0.3693799001387853	1.876380788487668	42.16162848485109	98.78540059717915	74.22158648130848	61.2979408155077	0.06442908503278025	50.01215086986257	51.89615150408547	80.08975824696243	1.255660303828608
1.109152012572256	33.43857846723599	48.70584461368127	67.13446715837334	81.90106805318094	85.13215586623923	4.332004761824238	1.644575314321324	80.60731588940547	76.92552912055453	98.346304952531	88.56521388413397	92.56239416866406	99.71596435458852	10.36199637423427	26.44049672990318	2.348353979480731	99.10608236465163	12.90648839609107	1.578260640180876	56.9338428816145	91.62071087960589	1.727418682645486	99.68723319768669	42.98253146039196
71.70137435968267	88.42221552780782	2.238114398992971	2.018868137079874	99.74190431281782	98.9227338497369	76.0588234145166	0.005005741107817064	99.65749336508426	99.61049529955451	99.16332118304952	32.36977843953335	41.55341182595384	73.64654514095992	79.10868699216005	85.65307079011984	2.613413298877519	66.54195574320134	1.58437862366969	0.6169616172948114	96.88959148740896	97.2421045645826	1.397365604290013	83.54295803118281	92.45292919836827
55.91149143119012	78.33369990931706	1.430979788349509	14.84753300462872	99.2725825113498	99.6274389068361	61.07518145587512	1.794126101721907	99.02870842221087	98.21677574125518	99.04571389305094	53.06125095138321	60.25160193158531	85.23475199325691	64.95053778810423	74.42696247467499	0.004893780689456695	80.62009054129453	0.7033099309469251	0.2662612249926378	90.22086682392239	98.49079183227454	1.764338018842023	92.46845185462355	84.04077044326502
1.92060340293576	3.924893893204585	68.79552078372791	83.1459769986029	66.94737316415478	71.15188904018667	1.668573644162949	19.46794407348273	64.40758891602603	59.97060429052021	92.97999782788584	96.68973713473765	98.26018631129716	98.6292121838697	2.589455529018911	0.7875849569716198	0.8932844129020048	98.63864208910621	41.76346634913548	21.73783007186304	32.93653024580209	80.21118229891037	12.01094410822526	96.7118543801752	17.8630825909007
23.13256306199676	53.94016495478138	27.01231977666854	50.40107966000817	91.81124188823271	94.06621291132659	29.91131750203629	0.1901152607874216	91.65607949826705	88.61786871424498	99.3353309711276	77.25053221795534	82.44047701273655	96.92539891508797	36.11732046772681	48.17522696335583	1.317116107264533	94.64476629491337	2.909636031308167	1.510819586829035	73.35696226788748	97.76134475551935	1.305056239338254	99.32522150086511	62.37315832217438
99.02315899233473	99.71298156431571	0.8869680504819646	2.528166959436255	81.50062336326593	92.30082965409096	99.48857209670049	0.3190380193878566	84.16409531352099	95.96533377518533	74.03285039079425	2.776066457847724	1.645317939545611	10.56848578534448	99.71813445396158	99.17386524042212	2.881944393512398	0.3951037653269149	0.1882602747836956	1.066428983982684	99.7451077332516	96.40338718216603	0.6091666842520402	29.24059731514945	98.03820331216197
10.11415650684202	45.02223443465291	38.48567424119326	59.49808939978897	88.23281439969871	90.16529754414441	18.6583129264902	0.4078082742790302	87.18034860500653	84.19910578425868	99.64612274682875	82.93552004763191	87.45115268192068	98.79675349451921	22.63347286034342	37.44451812052113	1.559852738683587	97.44848640793289	0.6971966864507412	0.2041365224655708	65.35907339409948	94.83059301330506	1.334967924364203	99.72529120826644	53.04035460065798
54.45083390063687	76.33236076814286	1.137659906008208	17.74181957112024	98.99477473740659	99.45224526102803	58.99490221487957	0.761853582061	98.62495459127624	97.69844567423891	98.90586081214464	53.44487264065661	62.79738827255134	86.19943297393337	62.67961390095379	72.94114535222388	1.191032640374218	81.61554619194669	1.602894820236546	1.205764712658694	88.66673113842387	98.77602979488451	0.9525635402377688	93.0611998804568	82.84282267585242
92.76920068405067	99.10755000221189	2.39351672442063	1.676778418480519	93.10833606304972	98.78410400029283	94.38115049641068	1.717224698785333	94.9860248143723	99.69662490454854	88.09288543425787	0.06462443006834231	1.040853994369722	39.44393571122546	95.89056287511066	98.57844110018567	1.240414799404892	30.20508749240016	1.222195865796717	0.7677964825102876	99.07897391234167	99.73527050429408	2.634296358964594	56.44224430977843	99.74519725490526
99.0279607010838	94.40912824412936	1.389552306724289	0.356587082572711	55.30264054838159	74.67174777652315	98.99929072750318	2.808855752529972	60.05728788247037	81.47068491456224	44.92458279742486	1.471493716461579	0.573189647976037	0.2293250481774683	97.57820056360548	99.43198397398987	1.586572686611647	0.02929432943637958	2.373430200723229	1.301988385796575	93.8827887977756	82.65338942329225	0.1570501702078153	2.440280965125298	99.6654712671281
97.05313346080725	90.64308578919142	2.849317243496414	1.137474193653321	45.48873217888784	65.16354956657489	96.93685067960057	0.4963993747927118	50.43700993134356	74.45299316573498	33.98771136633778	0.3823593463568282	1.597768761414246	2.29819846536191	94.95166352349077	98.15742903487985	1.968725292685777	0.8826139720267905	0.450673023074525	2.131068456591409	89.58987887730301	76.37703897019836	0.8906776578592734	1.736247064879043	98.4890601679343
98.01641684768056	99.60632324873328	2.401270379807852	2.462856817657703	84.88383578735447	94.91590817751036	98.78438672782544	2.014541507767454	87.12580272368504	97.46643357142095	77.65173390029685	0.490163899558926	2.573113397328929	19.84653659022221	99.13787911447874	99.57090695713185	1.53521555949789	6.319953234833909	0.7477841875515086	2.329370755825331	99.39540767821016	98.00860794944516	1.073061257892427	37.83787321631186	98.21351122601838
99.70673636390026	98.43967407468459	2.063619604703099	0.03737875615474776	68.69837833957982	84.89348248345448	99.67378200013898	2.159994182297303	73.44322502485194	90.24625759360417	59.94039657539905	2.924622321913066	1.875349572753118	2.124482487573568	99.68765125615326	99.14723688759085	0.1467458447591619	2.050414078064225	2.794507384562003	2.780002273196224	98.13796736899144	90.87532631948355	2.825976738540511	7.614022158378719	98.56561777730252
99.72532084138767	98.71455133657292	2.12771300315258	0.1677668947265144	71.16767836418174	85.92739443354273	99.65424225866367	2.794029366990049	74.34691694264097	90.71858683395489	62.90016085532575	1.596350748997101	2.255881889300184	1.810918990872118	99.70693447980383	99.07537876784399	2.857030557910067	2.000465869184122	1.118471626080039	0.8439664748556446	98.2471344765209	91.92232579487754	1.365801966715991	10.31207806932772	98.42093431063901
0.9205280099866961	26.10900439117188	55.98131225755436	71.83114149941248	78.64826369594489	81.95052700382503	1.042738564787986	2.145365337471691	76.66552083428523	72.33329383046281	97.63652210844707	91.0299276938219	94.61297819548146	99.73488650117019	3.219089541503551	18.93246720462848	0.1360746911555206	99.61100003078363	21.30736127777513	0.7637162530552805	49.44640581418127	88.45479300185731	1.48044266111113	99.2943023497553	37.76349351810546
93.84860137935809	99.61468869574936	2.702248441704809	1.022690949670392	91.56491251572086	97.99842606400256	95.82152326726731	1.802794703358458	93.02806490240017	99.52322066198018	86.51237075847787	0.04040035190807703	1.751807207813473	35.69074894884476	96.79748404268385	99.04276926946268	0.8117358899552991	24.06604842175982	1.137783689028635	0.4942238672227002	99.00403800878244	99.6065082361514	2.741933194611854	51.02139372757548	99.28167664781353
6.881206078316382	39.7421688521591	41.4087537038687	62.28580907032813	86.6424779276814	89.05585126054942	13.20713545948919	0.5657302383473948	84.54595719492836	81.45737257173799	99.39806502989154	85.01524074175795	89.43555045247017	99.13641582145742	20.53708591119426	33.50231075547735	1.228283904348536	97.80352811197629	3.463090848333517	2.434929453591512	62.0914547796094	94.05543755663729	0.2585461025813588	99.70652489405121	50.54943887299028
66.5460309011757	85.29661542057292	0.6490679023932964	0.3565425012650009	99.70416039021394	99.20654673688661	70.16607619689358	2.53161482488828	99.74857044474783	99.55032710620593	99.72349203264322	39.93197421669009	50.05433805203805	78.7320168134418	73.75944925266708	81.47049636642907	0.743057288202279	72.81338389873918	0.5664635090509726	0.2214247367479827	94.53389430428132	97.52148460950399	0.1632692714229346	87.27798810491194	89.4431257270018
97.48427391270855	99.60485665202255	0.7969024120227386	0.003996186670834257	85.65777290743604	94.71045631453721	98.73735784753545	0.9186640345864905	87.4905318246912	97.7401975075912	79.22399109400855	1.554506129700995	0.7399350030959817	19.00559652596422	99.16341930853393	99.6172003244822	1.892274653392289	9.563641240349597	0.1060034821759164	1.022532559163141	99.36236325195705	98.12072040185443	1.452331920635946	37.49452329414867	98.24357265647853
93.53717953800485	99.53111788395968	0.3914725784509303	2.323725218736989	92.0648713767394	98.35219593728991	95.76245960316436	2.643269766519214	93.29140675810009	99.57035425752427	87.30200585491291	1.397619244255948	0.7379301086772256	37.14408716546137	96.54888353491633	99.04529240691843	1.326324344923789	27.64613011079262	0.3185338728307783	1.370011378556808	99.01282065203895	99.68446099415364	1.539225195086009	52.04875034978187	99.39769291528573
71.85137701902669	88.9046857194673	2.52650216735941	1.700133092053635	99.74793291333978	98.90627904688476	75.97283612829804	2.223087310787279	99.66725823429887	99.54167920470761	99.10454563073333	29.91274170646778	40.94607111656424	72.43980955531649	79.367077770628	85.94094846000374	2.799528552434074	66.4994766085934	0.2663825977406925	1.995589850645619	96.86666771136932	97.22539998077083	2.300515685778148	82.49312218673623	93.20846342304765
51.14272512212774	74.04235309114482	2.350848574386521	23.29686344396099	98.71141205173481	99.10712670787724	55.92866259151832	1.144162880684075	98.10502348151861	96.87255324331504	98.75107321676094	58.08738013901231	65.99960556356741	88.32543097014012	59.23114856991025	69.18526037048696	2.259081551936278	83.49968023059328	2.795543625447686	2.763163479671764	87.47689738089538	99.25213574999721	1.205873768152782	94.42676193222073	79.83345901625874
77.90963964578759	92.35672468835045	1.632315862900986	0.0701394148859025	99.32693709553322	98.93831712210049	81.42311990011257	1.971488302333863	99.67190181030267	99.08339116045309	97.61976627675955	19.7549555392709	33.17677616189494	66.91539303046036	83.62705165467739	90.29811546235391	0.1813342662985198	59.29683567843072	1.001346005511887	2.62351420163745	98.60885202672117	97.26948338819977	2.451947512905838	77.23071540084288	95.67942500619056
99.71256737666724	98.7567905162141	0.1752680874396988	2.395615001605508	70.21532004503415	85.10173093261737	99.65462370295586	0.2612838032808541	73.67575090502231	90.47360995763859	62.02779989810837	0.1477675452572282	0.380505981990688	2.745042849263796	99.73310919349997	99.10214506838024	1.685208065064337	2.638315673290504	2.602979739878197	1.856218432599947	98.12120509903491	91.12268463504492	2.463994597218936	8.898185219803278	98.47097845126413
95.47978232508355	99.74709415484607	1.22793392827476	2.776670897154693	89.04623255480658	97.00277876251231	96.9804635006894	2.915796464198378	91.13810505676916	98.9072525655429	83.6003091838725	0.5431837056345235	1.968898798375259	29.72558029778377	97.92800499188456	99.51380482866557	1.355485373957984	18.10037962511786	0.5116672408909224	1.119013925673022	99.03956773756568	99.14183161618558	0.03454804376280277	47.28961104514347	98.76833872035789
86.38316877347485	96.89450307045993	1.297588414016255	2.343782328724668	97.14658793473347	99.74714621014643	88.92899406950217	0.158445568909288	98.02109825294471	99.04953272914246	93.96305559287573	3.320735169632306	14.74953531353944	54.70155446873499	90.61686627072754	95.24519455179738	0.765694095741833	45.17094089651699	2.950650263710556	2.869227185680492	99.71167364720314	98.10423025941509	0.2634241080311874	67.70344588690087	98.57012823024671
33.78733240606204	8.693790002517265	1.655435880076142	1.95491494606721	1.859565370466658	0.0468258634206298	34.36562406809585	0.9703693885176077	0.9794228636025923	2.79062759469196	0.009909135356584241	2.815360758695033	0.5020358102552203	2.522324512394555	25.4449449034535	40.72924783781738	0.6022704899224463	2.255966292427976	2.101721334743672	1.316314001412864	5.763375395961224	0.9133922839528579	1.923395353897026	2.139341459784284	42.33902203811974
75.45273738834427	60.31743315572866	2.078700299098747	0.8834898173977548	1.799616553715227	16.87583012878209	75.71027848727822	2.381733570224732	1.357218825977529	32.46768679175304	0.09710968636646335	2.808961570166541	0.9059810123734715	0.08496983003256844	70.6966474508812	79.60096998370497	1.960823347883963	2.603523402143597	2.36331691318101	0.7554491547321522	57.34793172475475	33.91811120756907	0.3740989664995583	1.950630055206666	81.21559240867255
