99.52422166827742	99.62074719169496	99.99949231919949	99.99910961504845	99.79425048123987	99.80659056494812	99.54360175672986	99.98098509683135	99.78592918418569	99.77520922242793	99.890912704935	99.99806993327789	99.9954689839461	99.92806682523029	99.56155930096224	99.60746057926411	99.96799874909433	99.98989956272347	99.99323067981693	99.98383782646039	99.693530286156	99.83993260839055	99.97624829341191	99.91039418723517	99.65500372416383
99.75492197763613	99.82506092470632	99.96280088872315	99.98052847135938	99.93325449926434	99.94025627514321	99.77036649464867	99.88876323120816	99.9308469007192	99.92396132403582	99.98149302956948	99.99733271881284	99.99922091951127	99.99534684318722	99.7820249756969	99.81615514368917	99.85545245995402	99.9968846133157	99.92145014266018	99.89542877244844	99.87508563079608	99.95893305232785	99.87631272866884	99.98986345422441	99.84917561171592
99.83706055484913	99.89571513090914	99.91975528767044	99.947845055161	99.97331530304649	99.97772033837138	99.85066374304076	99.81813322112036	99.96976832267079	99.9648187365523	99.99756156464714	99.98030396009815	99.98671078961094	99.99944943511161	99.86193087587591	99.882604883505	99.77994750103116	99.99841868833759	99.86277297505028	99.8274636946369	99.93213844480252	99.98652868499349	99.80468171181435	99.99954682966313	99.91210559996793
99.88177551241537	99.92800558924127	99.88208651238409	99.91976979976106	99.98779350060488	99.99113499483275	99.88994898288145	99.77122544404607	99.98597510550586	99.98277480699754	99.99883961431682	99.96274913250249	99.97073404851157	99.99483451740231	99.89841474967486	99.92046380978977	99.72151873824113	99.99119808061194	99.81499144352352	99.77866849273352	99.95705386890401	99.99683845219305	99.75071969074381	99.99890478561277	99.94119960225369
99.64821162209358	99.73238049673459	99.99033834238645	99.9979443705992	99.87544457114349	99.88515704946558	99.67054835699727	99.94584020223498	99.87127679302371	99.8586064029313	99.94672851855744	99.99800459096333	99.99811519500271	99.97118490231611	99.67817744795531	99.7176176161035	99.92320528882576	99.99954397724441	99.9670681266379	99.94813112482551	99.79511359648804	99.90747525886179	99.93706101783036	99.95970795455155	99.76236551896987
99.81157529621821	99.87075920436642	99.93820539242216	99.96128202337295	99.95991681128272	99.9648943626505	99.82359764510059	99.84896554057282	99.95668466466815	99.94985901776347	99.99417445675263	99.98867886605613	99.99335856664402	99.99951685435717	99.83303806134549	99.86172624274974	99.81111884082746	99.99960379874018	99.88901672179985	99.8552116377171	99.91158182053763	99.97757425255863	99.83798874959125	99.99802364488455	99.88831097426021
99.58290154482945	99.67106704002815	99.99811969658255	99.99906183162636	99.83272673330879	99.843491293537	99.59665896462765	99.96929154863436	99.82787660041166	99.81271668600949	99.91723556042882	99.99943990531033	99.99928620199306	99.95021693845317	99.61632167644507	99.65735505123529	99.94948112618994	99.99679224256948	99.98445189361345	99.97138305115412	99.7424797721613	99.86890637724734	99.96214906914459	99.93585633070214	99.7040531635008
99.94265943932295	99.97327228424395	99.7976034486374	99.84471374677739	99.99960329203851	99.99897385960362	99.9496847089306	99.65311249060736	99.99954677550228	99.99901971828095	99.99956870109376	99.90905375158313	99.92258509031146	99.96929808749928	99.95583448079398	99.96796534967561	99.60037334098205	99.95819788074695	99.71186284962039	99.66373698433294	99.99036823646819	99.99628718709235	99.63325913757174	99.98093301729811	99.9813629447046
99.78987950128584	99.8554094988055	99.94651119678649	99.9706027280203	99.95215104177109	99.95746928875882	99.80690197712988	99.86481410450206	99.94797974010889	99.93959237221787	99.98940128303649	99.99299124968479	99.99687723030705	99.99849428810494	99.81559382199693	99.84392005067923	99.83184456438109	99.99828069207371	99.90014515929322	99.86782125577562	99.90055920919264	99.97050453453683	99.85214780425947	99.99537554733141	99.87451123903728
99.89185546304466	99.93680879708266	99.87123726234816	99.90833715424347	99.99183743672221	99.99343455058265	99.90253873598901	99.75298048122644	99.99013923850868	99.98669002212172	99.99822339190143	99.95508317817522	99.9658086983454	99.99238059204055	99.90982636096052	99.92800287915939	99.70450331107973	99.98774876755895	99.80053433371164	99.75889535849907	99.96485246099815	99.99828743700172	99.73693384705433	99.99767008905992	99.95067481067996
99.90341400926994	99.94483198968983	99.86130774110596	99.89818822360758	99.99430228798005	99.99597101576569	99.91246903476004	99.73697291504043	99.99352041073571	99.98974761595576	99.99789143232191	99.94678170623632	99.95999737004293	99.9890678957002	99.91954572335759	99.9377250341457	99.68691272305732	99.98371242446986	99.78690555646561	99.74176756069767	99.97050122493683	99.99920302919587	99.71962712203513	99.99622802111158	99.95641375314831
99.97288326621506	99.99148756990944	99.72692793015665	99.78313009640904	99.9977088112024	99.99878795543509	99.97725232610321	99.56700451980788	99.99878488225313	99.99833109976315	99.99416354364701	99.86152372424701	99.87750861101755	99.93640524494738	99.98088538990122	99.98879884201362	99.50024208557386	99.92532737853347	99.62851503699144	99.56939602946365	99.99890014684252	99.99616052630086	99.53847165997621	99.95710796343522	99.99631813709455
99.92107818294853	99.95813461183735	99.83525698525007	99.8782388514513	99.99779780595166	99.99872441534139	99.93025027800965	99.70105958186221	99.99713690829456	99.99580264779161	99.9980244306017	99.93319630541545	99.94590964090266	99.98211537292548	99.93628079182001	99.95282148576057	99.64942432627902	99.97362543947297	99.75630954657061	99.70975564718387	99.97996479775352	99.99876942740427	99.68327095116003	99.99147157380055	99.96816545458881
99.79695131072734	99.86027582583755	99.94495455136749	99.96711806270035	99.95335919270559	99.95974649219762	99.81029496523732	99.86257850164684	99.95184711918978	99.94286968958284	99.99130859001171	99.99224445908816	99.99611795070153	99.99892576633187	99.82006043558246	99.84508078275441	99.82589573726234	99.99860239042161	99.89795683456202	99.86688691357503	99.9034701480565	99.9726454095168	99.84843628874528	99.99604528742813	99.87855150771624
99.8345732742375	99.89040802876089	99.92221549359908	99.94889781152591	99.9707440031511	99.97511146625955	99.84814512060302	99.82400006046898	99.96834419395286	99.96393186163452	99.9975470608845	99.98158997384456	99.98803479017674	99.99950116446826	99.85601187466646	99.87963430427305	99.78316866387645	99.99860523377761	99.86465299392965	99.83180257684398	99.92807531935304	99.98654569183435	99.81160773507398	99.99938200388388	99.90921500732929
99.9816279272479	99.99650322551724	99.6897984319544	99.7501251615534	99.99318900109799	99.99933331162026	99.98621267558781	99.52151048383313	99.99555890804247	99.99886230738309	99.98841556730014	99.83587244942069	99.85678573379741	99.92021726588615	99.98902437327257	99.99466368881919	99.45513772373884	99.90470436596873	99.59354823040935	99.52474879161549	99.99921903537559	99.99786526504592	99.49613519054627	99.94159338705812	99.99888501841885
99.92600662402067	99.96192923293368	99.82841693549915	99.87183568080941	99.99838640497468	99.99913297691177	99.93576228364022	99.69281315472347	99.9978358710174	99.99630258144886	99.99821825960761	99.92899853278765	99.9403876658525	99.97999807441698	99.93981467675299	99.95451745294254	99.64268140144344	99.97237609182905	99.74773559902744	99.6997417895583	99.98253403677346	99.9981767541834	99.67274007765296	99.99004637332149	99.97154056062489
99.99880788499198	99.9995488614411	99.56717327850274	99.64277170138593	99.96690309564444	99.98619298549033	99.99936425362154	99.3699879260065	99.97174316674918	99.99281127280105	99.95611479022821	99.73996323908902	99.76773649057652	99.8534355741993	99.99959319445836	99.99852987934005	99.28900004222578	99.83113738606245	99.45271480728393	99.3739258491846	99.99937320327895	99.9933380705576	99.3384065446638	99.88286653186695	99.99686813367471
99.93374650028657	99.96658931022179	99.81798803978489	99.86480431427535	99.99907809233474	99.99951982005173	99.940049836066	99.68336813072723	99.99872148117575	99.997357379368	99.99862667704137	99.92118872410086	99.93591256896256	99.97632800834283	99.9464903511181	99.96124238246981	99.62703410079253	99.96853724957305	99.73491865171452	99.68494185570998	99.98487378616842	99.99738655655355	99.66453898918908	99.98704079723184	99.97586901798192
99.9566541996317	99.98356174472673	99.76928479575754	99.82042273491898	99.99954824628065	99.99823841440549	99.96379092332511	99.61822399196659	99.9994900554934	99.99915844300151	99.99820066942384	99.88859934929657	99.90570273848873	99.95734872741522	99.96772540528319	99.97845851150674	99.55994140029627	99.94599548186444	99.68138151937828	99.62059821666517	99.99564404384947	99.99558594004473	99.5968703599487	99.97255778154258	99.98924112070922
99.84128176068131	99.89459922968481	99.91756393290562	99.94802006446794	99.9724941238282	99.97710351928281	99.85102832664523	99.82251586051153	99.97039707754013	99.96433211232213	99.99798485807374	99.9814594575553	99.98682631974299	99.9994299852729	99.86081277362382	99.88648041359041	99.78209883217808	99.99808483164566	99.86411829669336	99.8271336588864	99.93028460467541	99.98694826701728	99.80442852905267	99.99957702146581	99.91201634725616
99.83526404068623	99.89268478923884	99.9192642041878	99.94942441129044	99.97247810685516	99.97693620223596	99.85102239379975	99.82458902353157	99.96926622969409	99.9647196871574	99.99767057905629	99.98220277758159	99.98830269059786	99.99952304650903	99.85810886699907	99.88353734524667	99.78416831361284	99.99867459671476	99.86595874325468	99.83012590708871	99.92928721399417	99.98609860264393	99.81007966053276	99.99952315009408	99.90867200989965
99.84258431789922	99.89637172264761	99.91609825222511	99.9477479113955	99.97247536890605	99.97699440163697	99.85425244606775	99.81917905867638	99.97172999639002	99.96556449663238	99.99801173156008	99.98093866664207	99.98740780974239	99.99939903604255	99.86096440433865	99.88509107214605	99.77551661403096	99.99817949826047	99.8590099397193	99.82454573935989	99.93136845573308	99.98702183890875	99.80573922278293	99.99954832466122	99.91230014208762
99.95468105646026	99.98250093449069	99.77089322491204	99.82460235358093	99.99959095691798	99.99828645317486	99.96119132349615	99.62077002964139	99.99945898487029	99.99939914736395	99.99872173884209	99.89393960451558	99.90918281092861	99.95778855449527	99.9657249204253	99.97703641133998	99.56458783557619	99.9486542829101	99.6836199807213	99.6274877860629	99.99454501349759	99.99562882694561	99.59840507414931	99.97479039653902	99.98800717843169
99.9806408229005	99.99619090991872	99.6958225124328	99.75717583903474	99.99444106693508	99.99950274954519	99.98473680230995	99.53048029742843	99.99612747018848	99.99870269957182	99.98909434735555	99.83935649185909	99.86003077501377	99.92381209352801	99.98800404963497	99.99365797151478	99.46034166422432	99.91002876907146	99.59292082529694	99.53615171498477	99.99945054484411	99.99751048056048	99.50017498965327	99.94573391664723	99.99873770783168
99.98681499694466	99.99801678468685	99.67276367819716	99.73802146363701	99.99063777156728	99.99853856401275	99.98982797255582	99.49926543272638	99.99283710102128	99.99947404323946	99.98388132503794	99.82146207690222	99.84267045110859	99.91118110775398	99.99134850020639	99.99671230875707	99.42976700142665	99.89531131267545	99.57353705007317	99.51041871825261	99.99872057097633	99.99902529372702	99.47486520779711	99.93520734915705	99.99948308735054
99.84022715087207	99.89354680526597	99.91749376625215	99.94888498856108	99.97191746138444	99.9762928329032	99.84967586731753	99.81835662086441	99.96969650778655	99.96538468794684	99.99772697782863	99.98071459924162	99.98801059061428	99.99951179886659	99.86178654332313	99.88416937680856	99.77991606445445	99.99834845219773	99.86311795494962	99.82632571432846	99.93243263556285	99.98699238342367	99.8056233097455	99.99957297273284	99.91188548618167
99.99762706980246	99.99942582279499	99.59238446997712	99.65947144263984	99.97244240309091	99.98921023441486	99.99885918188363	99.39323846303823	99.97735726458914	99.99463952945669	99.96127340759917	99.75520261587904	99.77941240881285	99.86267669063665	99.99927675237957	99.9989336502211	99.31881741931248	99.84695031078155	99.47302504984944	99.40061852046676	99.9994654040172	99.99546029574685	99.37016754402997	99.8952292189977	99.99697356936832
99.99907834964176	99.9994778868801	99.55964106003512	99.6319098711929	99.9647080311356	99.98521504864016	99.99946760982323	99.35716177574956	99.97111965840516	99.99214412388675	99.95457754278146	99.7363708404902	99.76004628313318	99.84642377787083	99.99957403315666	99.99846880527402	99.29144738028231	99.82742084897642	99.44466297936015	99.37351147776744	99.99931835683789	99.99253081238039	99.33125712548492	99.87889893392129	99.99689231384782
99.82484686140121	99.88121803645853	99.92816813259748	99.95442170122273	99.96708696519671	99.9707187098449	99.83424860332627	99.83330598883821	99.96473724560768	99.95681467972143	99.99625025955034	99.98592451471822	99.99088716430845	99.99958250482076	99.84419322425848	99.87009093486573	99.79527283802264	99.99925324439346	99.87402337938057	99.83992686284735	99.92150505782182	99.98231931163548	99.82101931762357	99.998928228606	99.90212115437794
99.98969633214985	99.99912468292578	99.65103826041579	99.71539299833013	99.98695557480823	99.99759827996212	99.99308468585173	99.47627401672712	99.99020523843926	99.99945460164614	99.97882059072117	99.80780058975454	99.82986783706693	99.90211555396338	99.99435674864378	99.99827389095002	99.40693542700116	99.88648845935822	99.54927527419513	99.48614998053621	99.99844283569081	99.99946666954291	99.4473087833321	99.92392962707395	99.99914031716779
99.88592152828227	99.93214300540684	99.87919077805233	99.91343412537751	99.9899695633548	99.99202207901239	99.89699536212019	99.76262271316098	99.98825924631659	99.98465969670494	99.99848846938431	99.9592716620093	99.96890255418482	99.99321815457324	99.90423339784142	99.92289874182869	99.7151450469897	99.98935500123967	99.81078218411751	99.76496471561832	99.960419098074	99.99730163576443	99.74385898395312	99.99858268640189	99.94505436830629
99.99772110453755	99.99943112405435	99.59300744366519	99.65871508759375	99.97244222158915	99.98972294797768	99.99864352495571	99.39766258939258	99.97618785527899	99.99501127599902	99.96168488427077	99.75822674253116	99.77951859117896	99.86648611430627	99.99932490658185	99.99892930644904	99.3183945984857	99.84444755810364	99.47483968360726	99.40147496608112	99.99946081410239	99.99590435991395	99.36855201654258	99.89356323260061	99.99696784089242
99.99793195735948	99.99951665261584	99.58209103895666	99.64902952145522	99.97018259561636	99.9886506362043	99.99912872087744	99.38600688238502	99.97530775207045	99.99380066214087	99.95867537724476	99.75025151921199	99.77592766112542	99.8601783521392	99.9994593346748	99.99874894962736	99.31331276284131	99.8398619397847	99.46466433709702	99.39700720363834	99.99960307826606	99.99468957361333	99.35328013143103	99.89141180816202	99.99690459801829
99.99625096950308	99.98643097797421	99.41739144971849	99.50358629548667	99.91565222142724	99.94958845224255	99.99630118964764	99.18469192212288	99.92393037995656	99.9625000045085	99.90062182730388	99.62032078040009	99.65243580557926	99.75780931807499	99.9936411533678	99.99814532311014	99.10690976976038	99.73525067871259	99.27992698775951	99.20126963450716	99.98502074808916	99.96463143485607	99.16112336021372	99.8003616105479	99.99855048007575
99.99932129513309	99.99436841481727	99.47389678839113	99.54788816110951	99.93691272533975	99.9654282422339	99.99905634750755	99.2541877768021	99.94432603115975	99.97659753313076	99.9198055130428	99.66437918175872	99.69169635285124	99.79626551408754	99.99805865230137	99.99957418200263	99.16801981718608	99.77022272392367	99.33636462077729	99.26606050073154	99.99250548501642	99.97732011892175	99.22478162976459	99.8296122268803	99.99944660904447
99.99946976356392	99.99920288088124	99.55067973530832	99.62192690631178	99.96036816392291	99.98262965944214	99.99956584082314	99.34260703518783	99.96534905771546	99.98959896302431	99.94974307669192	99.72831482222274	99.75306304755748	99.84222650159495	99.99951397458526	99.99839703795224	99.26917186158347	99.82187565459202	99.42716922794645	99.3560092970656	99.99875554977494	99.99096370317834	99.31905998362033	99.87137747342754	99.99701114897029
99.84672847170249	99.90246940503323	99.91212838705454	99.94110766683102	99.97619546485429	99.98020815741442	99.85860325920271	99.81253178762009	99.97373542905393	99.96936097339784	99.99880495976912	99.97761622145551	99.98481461588287	99.99895666827709	99.86604685448481	99.89123291078987	99.77254065236627	99.99714274822318	99.85227865899114	99.81741104676779	99.93694521699706	99.98908065797035	99.79443249841981	99.99957198512274	99.91768323696343
99.99959281168402	99.9964661556204	99.49517034427137	99.57273852742382	99.94656217765855	99.9705547179454	99.9995778599361	99.27722131360653	99.95190118761185	99.98158139152657	99.93166732933506	99.68102191613848	99.70997617483523	99.80927544981712	99.99894295335979	99.9990388174397	99.19831120397113	99.7872972164151	99.36368988739677	99.29388360653508	99.99505145310191	99.98113938758017	99.25151458487684	99.84448952427816	99.998354279677
99.99958612048444	99.99631036936901	99.49728134761826	99.56756518641713	99.94521111170758	99.96944074263891	99.999593461207	99.28130109238001	99.94986606052464	99.98118833269358	99.92839316745994	99.68339795185426	99.70989175901202	99.80500142353087	99.99882936614071	99.99908834667812	99.20136787438791	99.7843855513202	99.36659365861755	99.28639126560797	99.99500203691976	99.98128309973524	99.25412717113909	99.84119286328722	99.99843395632458
99.99750283385303	99.98884190257502	99.42938048888836	99.51888211084166	99.92200244614725	99.95558588776316	99.99736984923706	99.21029994872012	99.92931807998016	99.96660744864776	99.90378410259552	99.63086259822916	99.66450417394918	99.76835160187984	99.99529979774536	99.99869153385009	99.11784259347569	99.74837708105773	99.29373657272212	99.21949695776239	99.98823325923716	99.96913021799419	99.18123670271413	99.80706137542479	99.99896665183336
99.94095878392957	99.9738740880199	99.80276301763446	99.84659057174606	99.99959319870564	99.99907666876892	99.95083592167666	99.66138952708106	99.99950134808118	99.99891903585466	99.99959825845542	99.91230059000044	99.92663721476367	99.9684995314343	99.9539844061426	99.96834678034027	99.60660459184895	99.96044813228107	99.71864689438402	99.66432487853544	99.99013183138422	99.99640036906455	99.6376155327365	99.98215131035327	99.98149711186056
99.96068596967089	99.98574160854503	99.75840941893742	99.81139098248109	99.99932791848927	99.99822293857453	99.96620167703085	99.60220292360302	99.99960294765349	99.9988220601777	99.99739046961069	99.88275425299101	99.89812448312063	99.9527277538547	99.9714268167412	99.98240001352914	99.5423151886891	99.94148407144849	99.66828159275209	99.61137406963496	99.99622710126636	99.9955749289112	99.58282096800437	99.97000099546491	99.99139066584402
99.99388101451918	99.98207545924508	99.3790607913442	99.46309778542911	99.90306057080936	99.93965412011893	99.99324439713956	99.14751125117105	99.91157271722081	99.95372006104097	99.88559016841405	99.59619578799318	99.62429267843629	99.73913009857648	99.98935572883295	99.99517883173237	99.06372117084985	99.71230855470907	99.24109747931817	99.15768844101892	99.98007418563493	99.95656088094736	99.10973709214058	99.7760333152455	99.99666965540931
99.92712490218813	99.96251110326163	99.82546267692132	99.87229822850738	99.99843464073913	99.99922696125468	99.93376697742443	99.69124881908074	99.99812582721577	99.99647578862164	99.99822961086851	99.92718475786776	99.94028696183204	99.97879312144632	99.93902315695641	99.9548323713563	99.63781697692436	99.97222508053292	99.75116562590276	99.70141350960303	99.98216610002611	99.99813886732873	99.67386446515798	99.9902062272924	99.97133462759392
99.99397408729961	99.99954168228727	99.62625154306504	99.69214614925932	99.98063787512059	99.99456827143572	99.99619212493586	99.44098260997639	99.98454595731015	99.99804627826327	99.97247143600282	99.787275609067	99.80620785805189	99.88698422985551	99.99737777996806	99.99947083543391	99.36821441393693	99.86863529046555	99.51396960665623	99.44737371208399	99.99855479010738	99.99856222097098	99.4127530779604	99.91294219035309	99.99780877176489
99.99953027733073	99.99886982718095	99.53833763222183	99.61264087995109	99.95917207231979	99.98082741457081	99.99950089384559	99.33057949779986	99.96552623442291	99.9884106991038	99.94629972307916	99.72248890298128	99.74579255660034	99.83616063616397	99.99952889871425	99.99840361200377	99.25651741107366	99.81361236177997	99.4168937048113	99.34479197041925	99.99858429952265	99.98903162893839	99.30288687765137	99.86937863191994	99.99712326782749
99.9882954871948	99.99875034043924	99.66575941455888	99.72284568418488	99.98865985396962	99.99815094334383	99.99199046662065	99.48512284686734	99.99073144351782	99.99956918188533	99.98211878722498	99.811534102926	99.83154719257425	99.90553095402048	99.99351907001468	99.99781657111527	99.41387031228399	99.88746437377262	99.55388805274612	99.49013810524021	99.99851313911383	99.99959313941207	99.46126169782721	99.93000294566843	99.9995960381915
99.9110965555888	99.87746636032155	98.99861698856795	99.09888253036246	99.72366583204997	99.78729313808525	99.90949982380847	98.69997095685996	99.73934452840238	99.81329106129321	99.69259795229256	99.2668880140873	99.31590058838901	99.47156769428149	99.90011738650685	99.92101460183409	98.5931719887699	99.43307814431098	98.81277553300096	98.71001968819893	99.87143453729189	99.81905480597172	98.66300934037837	99.52923226781527	99.92407393205244
99.96037397319316	99.93619484001493	99.18292871908386	99.27614695755828	99.81730820372334	99.86587932700736	99.96068901503152	98.90666450067353	99.82916974630305	99.8888772266898	99.78923203268944	99.42205839946705	99.46854213208557	99.60000735032772	99.95023109065939	99.96738970371669	98.80960461923803	99.56664503321335	99.01474476625782	98.92521944663862	99.93234229303647	99.89116261722765	98.88201087650634	99.65424883121472	99.96933545411014
