99.42123346671022	99.5368169403127	99.99917722779605	99.99675486737401	99.7287206902672	99.74362964720346	99.44478746085159	99.99494088781707	99.72458321920922	99.7041712163938	99.84245502059851	99.98867210511402	99.98266515255651	99.88979094299347	99.46369785289288	99.51225120202717	99.98712218814254	99.9730233039928	99.99934439439505	99.99565245170216	99.62142955415338	99.78153952960756	99.99289168392067	99.8656418972528	99.57061237091898
99.51462210937294	99.61829229429424	99.99941988711096	99.99919714717089	99.79339458141305	99.80094602406126	99.53897453933564	99.98305926826555	99.78319559393327	99.76758737498132	99.88948500395121	99.99748090065627	99.99517797509473	99.9273459915922	99.55430229961098	99.59645340093907	99.96917882766189	99.98920488231126	99.99316539199215	99.98403942157327	99.69459821774163	99.83340879077178	99.97721921218746	99.90960017085968	99.65605733818759
99.85323450563777	99.90434244846067	99.90959398444394	99.94030390086857	99.97855189728281	99.98267058701722	99.86511301514749	99.80325050087636	99.97552307325962	99.97025085674572	99.99899873727635	99.9754574528904	99.98336158296713	99.99891950962322	99.87409980691186	99.89759754628469	99.76390621199751	99.99648743287023	99.85048636903193	99.80923992407897	99.94150442975965	99.99071183702647	99.79331789592337	99.99953610975719	99.92343967358593
99.70834486345029	99.78609761538321	99.97809784628728	99.99163621571429	99.90877763439812	99.9179204994165	99.72733231717665	99.91756712833848	99.90560947538314	99.89567621800779	99.96786203201782	99.9996003011255	99.9984302818703	99.98749650822948	99.73712575707255	99.77294771205719	99.88860789196848	99.9968856412562	99.94377794254521	99.92091469492247	99.84039559071006	99.93821897654405	99.90664373416882	99.97943931730605	99.81031303876871
99.82680139733606	99.88612287428396	99.9259583060163	99.95237362096947	99.96762113681054	99.97367886414833	99.84027248880658	99.82818158825356	99.9664601937819	99.95998143565193	99.99699350107385	99.98421259590393	99.99004773435628	99.99960269097569	99.84879274299647	99.87788709613129	99.79333492022833	99.99889617926922	99.86941275206756	99.83709069791917	99.92494618799185	99.98504502175419	99.81587706123294	99.99929678199747	99.90566917166105
99.95304483730962	99.98075137685036	99.77757671279399	99.82804609713544	99.99955200251716	99.99834164828989	99.95964453015903	99.62759776487104	99.99945577905879	99.99956861210055	99.99900639951068	99.89638293553442	99.90962363435327	99.95984967149269	99.96590768546297	99.97567358346059	99.57149347320008	99.95064108228256	99.68691713924126	99.63715184964094	99.99458461888132	99.9956741001612	99.60865153963822	99.97520997875804	99.98791548881198
99.74313231279814	99.81701574555062	99.96681837999529	99.98464624888621	99.92788288122462	99.93317190694314	99.75598106144137	99.9009764520236	99.92273742141698	99.91295588361335	99.97784841783044	99.99876733929079	99.99956837368353	99.99273494013188	99.76852905591672	99.80071692392124	99.86775130517285	99.99665462185887	99.93000274371656	99.90487117267119	99.86480862947612	99.95253844458445	99.88645829662015	99.98719136447961	99.83822091445738
99.70164916433191	99.77435533694199	99.98072487383503	99.99303600375843	99.90237740433508	99.9119537063599	99.71705581499486	99.9230058596749	99.89883821026014	99.88918159033261	99.96258288494099	99.99905144655793	99.99812649686228	99.98472273391543	99.7306627146389	99.76049561370249	99.89800333409194	99.99720086193014	99.94933397857146	99.92771008086395	99.83386008904587	99.93061657845281	99.91525347792995	99.97604295895434	99.80543126002242
99.65729076768352	99.73814526847914	99.9901294112889	99.99800012824431	99.87674938779702	99.88684059171072	99.67632347488684	99.94261896522795	99.87167252504562	99.86292769804437	99.94859544160907	99.99803014465461	99.99803064742912	99.97317791440142	99.68452665055221	99.72164951600718	99.91797030722537	99.99919400787442	99.96600656651671	99.94661697551669	99.79760255657447	99.91012606306995	99.9340701488627	99.96127803053963	99.76493523591989
99.86853000192272	99.91865289284769	99.89623575592076	99.92962844078944	99.98433752753988	99.9874252197655	99.87823691827926	99.78593433084542	99.98183989524968	99.97821731496298	99.99959688898539	99.96986908128706	99.97816695523602	99.99736164446732	99.88846686312857	99.90984794761134	99.74470496652999	99.99419133139114	99.83473424865856	99.79569986145188	99.9497343676604	99.99438439775886	99.77185485373468	99.99954492694914	99.93398087651919
99.89024964262188	99.93687055398917	99.86952171195205	99.90928664297508	99.99100508683486	99.99397198029213	99.90109797556323	99.75521620174447	99.989557882109	99.98612726725395	99.99822027707927	99.95532933092146	99.96673360703959	99.99198134584159	99.90917815509228	99.92799786767415	99.70866846630624	99.98795100645702	99.80373748114985	99.76189484312459	99.96511500574069	99.99826575247474	99.73828463845464	99.9977269763947	99.94953449546426
99.93026238758958	99.96551549750559	99.81781650299725	99.86415735443572	99.99904326428305	99.99945476330242	99.93957852498876	99.68350733228625	99.99855826578795	99.99751265484316	99.99857368604697	99.92193802126492	99.93747584562928	99.97546614545828	99.94446218365368	99.95890839315885	99.63206494183913	99.96907739507573	99.74177531530091	99.69078590879809	99.98573955774629	99.99746689314875	99.66440561587	99.9870702467917	99.97458995872742
99.86487334892199	99.91499577546024	99.8998563268821	99.93140504243068	99.98250534788529	99.98622212088955	99.87345916927956	99.79221800258478	99.97991147020507	99.97530095121466	99.99950777782773	99.97127841919972	99.97847334082512	99.99755486066442	99.88106000197654	99.90394642892355	99.74922908563937	99.99448754002596	99.8393829488827	99.79651983575334	99.94741746560034	99.9928329101632	99.7759143244924	99.99959131520936	99.93072998006875
99.95949923285397	99.98334600240098	99.76505848672215	99.81622335752547	99.99957376685005	99.99822409073903	99.96478203281455	99.60955233409508	99.99951545310925	99.99903923716043	99.99830070621908	99.88711494098391	99.90174057642659	99.95450253432693	99.96988308963586	99.9807296429892	99.55294871222937	99.94504675698769	99.67791660687884	99.61989210551327	99.99611676601251	99.99556714567343	99.5927069212681	99.9711114577821	99.99056166641144
99.6217511623986	99.70959350075765	99.99411815831569	99.99924767925488	99.86000136961425	99.86729770588227	99.64290918877717	99.95593275285623	99.85182743856052	99.8403621933797	99.93376678415623	99.99818152349771	99.99882887462455	99.96462222479764	99.65358878758323	99.69331964563776	99.93295493905788	99.99900888530073	99.97410128954405	99.95765398282529	99.77468956942285	99.89387593150742	99.94772708927464	99.95104566066546	99.74190144696611
99.89584284130947	99.94047971092307	99.86655513720819	99.90368305757892	99.99229719718929	99.9940731662066	99.90375117573423	99.7499252503179	99.9905857567103	99.98820814209964	99.99809579761795	99.95443730313663	99.96497103145934	99.99193265642818	99.91320948693951	99.9325305619374	99.70396591149598	99.9862950654792	99.80009028424092	99.75486619130561	99.96561410386758	99.99845233202076	99.73178469928516	99.9975143605653	99.95265115486831
99.8675216165996	99.91714846949539	99.89577725973264	99.92658649447596	99.98474437222968	99.98694931123573	99.87963210581687	99.78328777374169	99.98179235877903	99.97769459597963	99.99957959883668	99.96845213881809	99.97635135207477	99.99698786562136	99.88904644282293	99.9111887492115	99.74250760086211	99.99421932276324	99.83369269707345	99.78955488512135	99.95116043536527	99.99457118009316	99.77037004834355	99.99955170872408	99.93478450868805
99.96343547382665	99.98677071405353	99.75561820591427	99.80682636223301	99.99907974532928	99.99826873982067	99.96871066989181	99.59687090430182	99.99954872634564	99.99864311517209	99.99721632706347	99.87710717970579	99.89475354081159	99.95019007994482	99.9724201908933	99.98387328255784	99.53337912926308	99.93718500447332	99.66415662961258	99.60805684594854	99.99731460252576	99.99561741149203	99.57597643318745	99.967721243133	99.99260499841508
99.99110328561952	99.99943326252672	99.64300777939472	99.70897886262971	99.98462235151595	99.99681603707432	99.9941249719888	99.45932403124272	99.98886066175839	99.99890999632015	99.97649379491293	99.80111031708935	99.82386649968625	99.89618475432339	99.99601134412788	99.9988936460024	99.39633934498869	99.87738381244056	99.53938340635756	99.46678244762944	99.99841876518181	99.99927350551013	99.43283284542707	99.91940035192603	99.99859797008172
99.80754220134568	99.86813493423952	99.93898517278254	99.9630882489826	99.95977182654615	99.96516439741757	99.81948896306029	99.85197860154764	99.95746606275137	99.94865168940538	99.99359096074137	99.98988449786377	99.99384873451291	99.99942193541298	99.83262642880607	99.85813098764062	99.81097039415529	99.99958346408836	99.88847390202919	99.85597312879605	99.91098645654934	99.97793038496013	99.83462562158721	99.99749791879017	99.88943420881878
99.85664802781311	99.91176049715398	99.90326008639798	99.93473178319583	99.98011004223214	99.9835836688531	99.8711456301907	99.7998943829144	99.97856204667043	99.97382582783348	99.99919453769661	99.97386981958529	99.9806938682371	99.99831077083194	99.87735225302625	99.90151724471254	99.75507367827549	99.99562067718394	99.84163259514867	99.8074761700297	99.94256122349314	99.99155516653447	99.78263227816352	99.99955329829876	99.92766796554278
99.87590127529525	99.92262987177287	99.8899163877312	99.92136851865428	99.9866445177571	99.98948606364191	99.88706531774454	99.77547524969374	99.98475696657427	99.98141142507814	99.99922950952438	99.96618013150751	99.97467122337785	99.99577102814435	99.89244351719233	99.91378960260793	99.73279173980896	99.99231322315249	99.82314979268189	99.78501000520245	99.95471845556068	99.99545373185622	99.75972094410578	99.99931738468273	99.93797039348188
99.91253898242573	99.95246528042901	99.84914872982034	99.88760764151331	99.99641685901601	99.9973748293274	99.92195335892539	99.71909759750861	99.9953983932831	99.99259967483603	99.99782949894239	99.94133052500526	99.95194198686228	99.98542013301797	99.92726516379977	99.94359894192127	99.67281202332119	99.97987882167429	99.77452085857053	99.72584061088966	99.97611192542126	99.99953116836211	99.70328648958746	99.9942912916008	99.96278385843456
99.83560954735678	99.88960762241118	99.92216846897958	99.94991297608023	99.97162598025035	99.97585694959619	99.84910512031907	99.8234989519632	99.96880650787654	99.96354648037219	99.99743014398386	99.98264506400083	99.9890544400338	99.99956561735088	99.85426483797283	99.88233195523622	99.78488091680376	99.99860587080308	99.86621777842802	99.83164223490172	99.92829060128109	99.98575588294831	99.80953848181142	99.99946503782456	99.90918361760734
99.91012253667792	99.95237642049655	99.84903199859019	99.89000097605576	99.99568794706563	99.99722358133751	99.91965182592263	99.72228056067939	99.99482855242492	99.99231798900742	99.99782806911294	99.94032047717572	99.95364490377362	99.98671894345159	99.92834281491875	99.94501855609917	99.67209579215542	99.97930493899547	99.77350399513317	99.72923031429427	99.97413036347479	99.99956802015014	99.70110645947324	99.99407350836474	99.96159738868411
99.77170718445511	99.83705580020553	99.95730281201325	99.9771732332201	99.93984584590736	99.94882748332155	99.78501412292704	99.88235018750601	99.93860993259256	99.92963610907357	99.98470634099728	99.99632290187994	99.9984332558935	99.99654482416085	99.79616811178849	99.82530581953625	99.84792128814365	99.99725212883131	99.91301938794075	99.88555108850588	99.88382750103739	99.9639195058124	99.8665657380992	99.99190016377455	99.85797186414075
99.99819709252496	99.99955606470994	99.5776432367974	99.6475036977764	99.9692673194032	99.98776083809018	99.99912499466829	99.37810787085797	99.97379541833622	99.99398548027672	99.95908226540672	99.74720247143544	99.77351223184768	99.85849953115526	99.99948202704446	99.99868648240177	99.30777020840542	99.83693293064088	99.45668127087997	99.38966045396566	99.9995849806329	99.99448923616818	99.35611190498565	99.88975805721792	99.99688860536841
99.74851750789824	99.82305819957023	99.96539876457666	99.98331252275803	99.92905947851074	99.93756122010569	99.76331302883165	99.89373417197609	99.92817429410127	99.91810297724621	99.97917772632321	99.99809800377002	99.99942081515827	99.99358562831497	99.7751504349672	99.80699216421046	99.86340145548611	99.99672590516165	99.92735511493032	99.89730267242206	99.86770273349623	99.95431086123891	99.88304374930327	99.98846599090476	99.84551869291258
99.97788366154781	99.99429782427623	99.70729153981139	99.76623463574428	99.99563856971534	99.9995269855082	99.98193868373446	99.53719522402108	99.99710578749688	99.99846054002481	99.99156530481631	99.84473432899394	99.86790393486589	99.92926707237758	99.98574630341983	99.99269782306747	99.47505798860946	99.91447726699587	99.60816028617772	99.55435979266285	99.99957838709901	99.99691199907217	99.51687066804823	99.94973122497784	99.99777700548718
99.94895077885094	99.97844501750745	99.78647227923967	99.83277929525732	99.99950366650293	99.99849954995565	99.9581609132094	99.63420082849281	99.99949304883658	99.99956663953864	99.99938383745869	99.89803811592051	99.91580842536305	99.96288447984247	99.96127084668865	99.97405820803249	99.57808102721108	99.95266078858006	99.69746095614497	99.64625474373213	99.99248899758	99.9958317624539	99.61626403571502	99.97740363229877	99.98590552139522
99.96073138065455	99.98457790570843	99.75907181331073	99.81416437205147	99.9994207473224	99.99822489275724	99.96649503789816	99.60526268004621	99.99957416213152	99.99890408607143	99.99808509405324	99.88189425665767	99.90196053670752	99.95259938922617	99.97118072761188	99.98114404495882	99.54538102687803	99.94074256250839	99.67249261185461	99.61756217670296	99.99608651830313	99.99556344594266	99.58225346277388	99.97004903798822	99.9905968693607
99.98579696760143	99.99764423414236	99.67733184190993	99.74261460817382	99.99164879566793	99.99878077295743	99.98895743535911	99.50481305212286	99.99363070264165	99.99930676508603	99.9853061252814	99.82603460989911	99.84493264043056	99.91174381407957	99.99130885667549	99.99621362602532	99.43472230388116	99.8996069570252	99.57522550619532	99.51048650241991	99.99882586208405	99.99871626976817	99.48384917381897	99.93609957245759	99.99935964868858
99.9940191589891	99.98070265432297	99.3779470989281	99.46815692859812	99.90243100549641	99.93766044905755	99.99284988348371	99.14553075103719	99.91287920635982	99.95524999690961	99.88285861589665	99.59267442547853	99.62278872534365	99.73741003915731	99.98880425623636	99.99530877585481	99.06553486347079	99.70856663207185	99.24122669853763	99.15313034525657	99.97885494611417	99.95477028641045	99.11643178466639	99.77598146067517	99.99620400632884
99.99955776010837	99.99674168800779	99.50781862955552	99.58246356477322	99.9475299924551	99.97179542732879	99.99958275499229	99.28868052614088	99.95461083356273	99.98271834690473	99.93423037350065	99.68745708642497	99.71892097110812	99.81132588396278	99.99932234366015	99.99886062627446	99.20993127600374	99.79109457495208	99.37306171749559	99.29706538778606	99.99624421440242	99.98358545598164	99.26404923264883	99.84790446831057	99.99807658722256
99.96227781680514	99.98531251110828	99.76186045174455	99.81172625003597	99.99942871963418	99.9982277021153	99.96747860768832	99.60441048841645	99.99959922933402	99.99884213200652	99.99775977473304	99.88385495598081	99.89803218500964	99.95374613355467	99.97075897921499	99.98166239387156	99.54975022823871	99.94117308547773	99.67205003379348	99.61025989332907	99.99634351307175	99.9955662268296	99.58621772101436	99.96903923253714	99.99110274881471
99.85097321686067	99.90589396335628	99.91126425629768	99.9410464823055	99.97750889687926	99.98202552394105	99.86085830186133	99.80587181120477	99.97471623655898	99.96994630527284	99.99900052103136	99.97561392163909	99.98361370319505	99.99885854007331	99.86910740959199	99.89266211857219	99.76775343422987	99.99672791202696	99.8500859787368	99.81409992011824	99.93944726784673	99.99006321334724	99.79007566468069	99.99954585358435	99.92172683178332
99.92147449447964	99.95804677115953	99.83578084644135	99.87960420161194	99.99778655812455	99.99864091849491	99.9305530302541	99.70318071528884	99.9967505883232	99.99509846572344	99.99798186045248	99.93274319694014	99.94731386356001	99.98302978477794	99.93503499774774	99.95027101767417	99.65048502061056	99.9748762438076	99.7597466276912	99.7093853580311	99.97915061043423	99.99895674032754	99.68478949891723	99.99149675819531	99.96861455271815
99.92497815644496	99.96092796651921	99.82799595520345	99.87327990444366	99.99845444845913	99.9991527230117	99.93234519871909	99.69694514795256	99.99758759713674	99.99592192888717	99.99819419426963	99.92998502230519	99.94189677873429	99.98044073939199	99.9391269902372	99.95419995427849	99.64221710983925	99.97319501668697	99.75306130722636	99.7036380541431	99.9813625268242	99.99824969947588	99.67445033258234	99.98984677231701	99.97186014061515
99.99799506334969	99.99947462782754	99.58755151769004	99.65461071538533	99.97184221852785	99.98918093313677	99.99894967057979	99.39065507069161	99.97655568826566	99.99440741299274	99.96126905724509	99.7510362785295	99.77648198269968	99.85973289490389	99.99936519727974	99.99882622959868	99.31821388658355	99.84518652246001	99.46332070480418	99.4003347163441	99.99960253726616	99.99529101170997	99.36476907189692	99.88955900304867	99.99692872509782
99.96481813057007	99.98777237755861	99.75168290835437	99.80585713761299	99.9989920708673	99.998285102173	99.96997709441354	99.59610228726952	99.99949858505842	99.9985929508892	99.99676809832931	99.87580035939463	99.895560892213	99.94795315023143	99.97310821746136	99.98329880307367	99.53794297628743	99.93679975363776	99.6549706188385	99.60189114602885	99.99752275259888	99.99564017867478	99.56808154417146	99.96620613933992	99.99327006998573
99.99041583211236	99.97776916686011	99.3604951786412	99.44655081059936	99.89373210795176	99.9293175186306	99.99035221452419	99.11328646988211	99.9039991991316	99.94625248943558	99.87450017949038	99.56764193552959	99.60378130177973	99.71719102260403	99.98597482042878	99.99299279081173	99.02933607116472	99.69374759972722	99.20829636861389	99.13131584078583	99.97373680255618	99.94802199409176	99.0785945111656	99.76509033801494	99.99394610355556
99.91671372313384	99.95612781981315	99.83887404060512	99.88227204480981	99.99707790730199	99.99850445309131	99.92825305916931	99.70812629856873	99.99666114911801	99.99501860614723	99.99793143582124	99.93436694506345	99.94684608842196	99.98245722970957	99.93337038652056	99.9500182541227	99.6605708149409	99.9758465205168	99.76621692630233	99.71641756774596	99.97912032279632	99.99926436321488	99.6931846038219	99.99184347378008	99.96718820204366
99.99749631462311	99.98890303263188	99.43593815229218	99.51815177205805	99.92413811742638	99.95457122884068	99.99751636953627	99.20232136924726	99.93004925072762	99.96600562790248	99.90414110878353	99.6306239424073	99.66185158356208	99.7703504067493	99.99470146762259	99.99869653621354	99.1176832605387	99.74198590430953	99.29208070148009	99.2210680055192	99.98728495124949	99.96752228690525	99.16991965110715	99.80837340480028	99.99893210400023
99.99570299602453	99.98536219628971	99.40962677053446	99.49458730461157	99.91421858632633	99.94685847482404	99.99581554532287	99.17836108389153	99.92255582780014	99.9624326342504	99.89555901355426	99.61480872772991	99.64457934139554	99.75311464034611	99.99270037762862	99.99741743497236	99.09629090505972	99.72956362155148	99.27320783797863	99.19153509805447	99.98418899539038	99.96367114195948	99.15071066466398	99.7917810762867	99.99785799835983
99.97163887755229	99.9914210274266	99.72973406035004	99.7847319350256	99.99803877817152	99.99866749184251	99.97682968779971	99.56795977511726	99.99869185866498	99.99834200730066	99.99410666404405	99.86240670852648	99.88301790936703	99.94128793681674	99.97907802768789	99.98791882222899	99.5077207526202	99.92797176562824	99.63803600845608	99.57903683023956	99.99892149272573	99.99603007523909	99.55110646791309	99.95939743339403	99.99588802090391
99.90574282784107	99.86712463774735	98.97417497393455	99.08558614871372	99.70739017783471	99.7721578796	99.90412926414672	98.6628660928491	99.72145404116044	99.80366812128952	99.67824063462778	99.25187482588797	99.28965544562998	99.45142661292714	99.88997821349588	99.91379568490029	98.55870984796354	99.41031234760051	98.78911843896853	98.68761290998268	99.85945150788011	99.80652202299693	98.63507068578427	99.51193807454287	99.91709520353399
99.99766228479862	99.99945932029219	99.58855567036856	99.65227614841372	99.97142257236665	99.98928463558823	99.99872967105064	99.38776819346771	99.97700507706136	99.99448733693271	99.96084780628622	99.75699462601312	99.77716456638429	99.86481058405103	99.99940890274672	99.99885757003837	99.3190541253222	99.84551143792176	99.46848108453673	99.39506667265535	99.99957669058898	99.99496385104962	99.36003157795045	99.89408426712927	99.99694309568127
99.93199418741987	99.89803999246303	99.0565437211347	99.17281711400139	99.75726748894053	99.81694727244107	99.92971331849189	98.77990809850883	99.77068904945926	99.84359527250113	99.72423494616839	99.32809137506501	99.372643660473	99.51422513548077	99.91940181558888	99.93942345768633	98.67724185909242	99.47921600477783	98.89114192019805	98.79503486680946	99.89580883778193	99.84726735459837	98.73677305124136	99.57499827270726	99.94210758581478
99.98846321986908	99.99873513705171	99.6684133555119	99.72766771419511	99.98970901223908	99.99834309512323	99.99174274426646	99.48694994859656	99.99178582070279	99.99952952614404	99.98190306493315	99.8150196769906	99.83659556917753	99.90426764990373	99.99299368131966	99.99734150440005	99.41509543886019	99.89002928350821	99.55564801716388	99.49330563226269	99.99854294507165	99.99959597175719	99.46055957427751	99.92937307390542	99.99959912498252
99.99899416228692	99.99250351183807	99.46346992967193	99.54347190896068	99.93310066609249	99.9625817183218	99.99886087734208	99.2387031396412	99.9418325380388	99.9747005415432	99.91782734968515	99.65789709422802	99.68790368981898	99.78598339484476	99.99747448942303	99.99945482375958	99.16130489722953	99.76173501189187	99.33068620738472	99.24888561280622	99.99133534700212	99.97416908519754	99.21081217699002	99.82232611562225	99.99957828016956
