98.3251055538034	106.9624205085358	103.5217404617768	102.603433772587	99.65607131899444	107.1488233363908	104.1299180519428	95.45529267613112	100.6383671441541	94.90842110475367	106.7418469276843	94.89394133781791	98.88287217288598	99.35933941584949	92.82358927789629	105.9721977347372	93.46669387777136	94.92268677283097	104.9939656284101	102.6731689776224	105.9652889754228	101.9286892398794	99.54074932628488	99.8465305618337	101.9844827219382
93.12011591093449	104.7485453428658	98.29679465839605	97.18685517851951	97.68187760841634	102.3587145190831	92.48150486276228	94.61657462646176	94.39563728628856	105.7510032431425	102.7853301010153	100.7171328417266	98.99934910685415	103.3526708292355	94.07769924008559	104.7070909396159	103.1372502701112	96.66520317552352	105.7943859630356	92.68679544822862	99.02363362154486	105.1521984756002	98.58084653936817	97.08444277194099	105.912963412062
103.4313496385374	97.66982526791119	98.28985830717728	105.5308864541945	97.06682984460714	92.22348502814445	97.62012686728514	106.7624020776942	102.1787808556273	94.72249791211073	98.99612238546383	97.85232543725184	93.76262577606181	101.501724771094	93.44700856393489	95.1685103972392	102.8781307473289	98.19834783169532	102.3250733708199	106.3252284181146	95.57808735549777	94.02597405959077	101.5225476976611	101.6212608331723	95.16625636038484
99.31247806232864	104.5678988258457	97.07242315549883	96.07876851998789	105.1353063570651	100.6788224989396	99.91593296289631	103.62539227967	100.8711858907768	98.93218050392878	93.30084742082478	93.25360733501633	100.0382133883284	96.82336631157207	93.66862668283571	91.38680748839585	100.4457379187307	96.74318742940703	103.8886811951056	102.4928318494021	93.59314651564948	100.1328164455534	95.47326169373621	102.5504940717674	101.2311915238407
106.2089996774594	94.10882147118068	96.52662743191965	95.37307045089658	98.08690042199994	95.21091760910285	96.6236726826038	100.561864364419	101.4989759440022	94.14497288782158	95.69596286533398	105.9609398236246	98.7505801695238	106.4143768877818	99.03841547063165	98.74486332278254	94.08697876164854	95.4103044660083	102.7855161653736	93.34843116131036	100.0577991402839	96.41786400173983	98.6871853374157	97.38329342948437	103.3659159552915
97.56739042550871	100.4682642184288	105.4241578293696	102.2983142660363	106.5699217072475	93.42734880704394	101.1645643816298	101.5188333550917	106.0572094327825	100.8531739531404	94.13009902656111	106.9440150172234	95.44845565713382	107.0428934598404	101.5031038262464	100.1563237415222	103.8960357352462	105.6364422522446	95.75871989592777	98.69884010919473	106.3719403454762	99.48382113031251	105.1425554190771	94.85583410411704	93.67690010192543
99.25169315199034	101.1863858612729	99.06830491325768	92.55188618031896	103.8797735697099	103.4029764583751	104.6187579179079	96.23432038519712	98.43376033811319	104.7817996954666	103.2514825135181	102.4847564571537	95.63986426538403	100.0497585506015	96.19860944252555	100.6382542450495	104.5365597577676	98.08781756233815	98.27697131572288	94.88851728726948	106.5704774830248	93.79136036827731	106.3470916685965	93.59134175525634	93.28495826697214
99.28574152187913	96.16815965442416	92.21930128612262	97.89037311428588	95.6785851416208	99.75257265794147	92.74160727891847	100.8954388691444	98.04213303829253	95.39305872036272	102.3442531571274	106.1125472880728	105.4854715252833	99.13526561095495	101.3050231330029	94.24405990203167	95.41545893180319	95.32809532853742	103.8674115130802	94.26499383714399	92.99451360373807	94.73707746231794	104.0426565308154	101.506800252672	103.7298527878674
105.0586673636558	96.23392265806159	94.12207591458704	105.2225876252923	102.7057561610438	95.80939383245928	106.6892905165718	94.6548588333432	94.06153824930222	96.94373808637867	98.1708035654283	105.4262158533411	105.4727009016635	99.16235828481793	97.29659330461446	102.8959727154672	97.86579483164802	97.14638868299896	104.1958872483803	96.50885031265497	95.71384164821218	105.4620638714451	97.28978994628343	101.6700866729137	94.62808909945018
95.71953618406667	101.4551206175602	92.70444854780823	96.34848177375275	102.7266042206971	103.8960789227889	98.23410719813587	105.7149571472533	99.31337607055647	100.4868065444159	103.021340131765	106.4123125256529	99.50513275090491	99.18821084352612	101.1828798567832	93.44562887352522	96.30484118684558	106.4678284096787	101.4937174523706	99.26903957336965	93.4492493503995	95.89895595639668	95.84587648075687	98.13769708760367	102.7602357862965
102.803163644796	99.78404447422274	101.1395124368117	103.815053522654	100.9507142856617	101.3195175393435	105.4739456714017	96.89457127635346	95.48430978399539	101.52025937239	97.39745322000904	94.16858599461901	95.44719559038775	101.7191324133479	99.42641941832203	106.8278416480351	91.96054228473774	106.5048365322964	106.5177536916487	103.6114265814751	105.6798913534561	92.70123666065308	96.75662879007309	104.6198658049783	99.82860250415688
97.22238219710886	99.2981779589546	95.55562390410053	107.1202778686273	94.70063137647725	95.80174787397623	101.0273575317084	94.85235028416156	101.5467236716131	99.4503954210643	99.73787075646294	96.11600727343578	104.0264097142542	99.85873109858139	95.59024905983109	103.9970220385455	101.0720447347501	105.1230820265189	95.81052906745721	105.7300335603744	98.56977297421125	99.73104215768774	98.3329305790748	107.2978374816653	98.66209852453353
100.9416304697357	102.4825089594248	93.6224097485817	104.2025841147778	101.325858743635	95.15810497681466	106.7579521866302	100.5422301679267	94.75361413613706	102.4590712291348	103.9800089271369	103.7363317760912	95.29515927655576	106.6222953285167	100.7761744153254	106.8013666525387	97.92258416721175	98.79668147244837	100.2668453264615	92.71898187800635	96.42938530272484	92.89101635174443	99.67095650772661	95.72554827092335	92.1381875620289
106.4666249151717	98.22363850938157	94.76777816520656	95.07963626291432	96.71359835087972	105.8841418178823	92.61035036181123	95.99725595637106	93.62827297272153	100.1732490872532	94.41033436047043	98.7644395274129	95.55475465348775	103.207367099211	96.28773097896514	105.4746267318404	94.82741678329843	92.52007261885096	106.6431984946802	96.15953614332687	106.7139794249831	97.42491151789538	95.83052374718542	103.9711329137277	101.4845344675607
100.6460188516222	94.03804809328172	103.9570591387529	105.8181432557876	95.87387408800723	102.7524867700784	103.9213703538	97.45974844906584	93.53672278050615	96.83431088019893	105.9267971090847	101.3826203420329	104.6128350375338	99.17893020914514	107.2519471080353	99.5300726512768	101.5095897274861	92.81814768616003	97.42380023581779	104.9621799330838	106.9305385873658	103.0541074726787	97.73430293550751	93.94093240735272	96.36626422842873
99.75636769941319	94.16532183332274	97.8194124315078	105.3039817781975	96.04145933782097	100.8060463085129	93.73760497833409	97.17449359238151	94.21590240021038	100.8117994737756	104.5349428671382	97.10456559699557	92.91004084592021	94.88550318848945	105.3850573438321	97.79915367793997	103.2345603179034	105.6426080544533	100.5461469246487	106.7595004117344	99.83813082722783	103.0064271743824	103.3656763835241	93.90915562229151	96.18106853887251
95.83207752997734	93.5490909013751	96.13252500080179	102.547713165791	99.84066606879443	92.65370720394789	102.3328679547066	103.6878449844813	99.85751600422086	105.3631883434177	105.1203008850719	105.7203054927415	97.70059457796404	99.35348711753485	103.0182394085781	102.9212613020426	103.2959582926275	105.6734144710215	102.6084768591933	99.76883237004868	106.7957392066569	105.8301211844735	103.5114645935789	99.79931239196785	101.0307454120656
104.9392295253195	99.20190042570013	92.12716578507376	102.710694789452	100.0994266129531	107.1865751310173	92.82806364012711	103.4109967604767	98.94876759452629	93.5563801708343	99.49611253258449	101.3713914047895	93.69709328872686	103.6466703923166	102.8932262884249	93.05780961059591	106.3708944716795	101.2103804049631	100.0375681496722	94.74169772138104	101.6331862332292	103.282672146146	106.3682466332707	106.3306567484862	99.29000169205156
104.9745449217549	105.9977554680146	96.78698289590241	102.5278721529243	103.7219403540923	102.3416629304777	105.1395061594666	94.37019857452279	102.9125008409472	97.41948213034162	100.917211842841	103.2589874828735	92.6940002262436	93.03053269818217	102.4513340144435	92.58408242065171	97.35980905305108	98.31776895490111	104.715743601692	98.03351934819459	106.5874623659293	107.490059958776	104.4494946609878	103.9093949762011	94.95012303876962
96.0596293902622	94.80269620919178	101.1220432822568	106.7959008404914	100.1163990896032	105.7989650543917	100.6229692041462	100.8583033203361	94.18125998493721	103.4666994009808	95.63224503535882	98.92672790037687	103.7805655827522	93.46769978501194	106.3546628797295	100.1756240364629	99.13301075517884	106.6413858677156	106.3589972253851	97.42231731058926	105.2810216270425	106.9672463865466	100.3096657234184	103.7752829490569	106.6728393515432
101.7780643330656	95.66037626396786	92.85945320476505	97.08124171574246	95.55937968691703	106.8128485518919	94.08579125716473	100.3486714680786	100.5215956474934	97.33036908368749	104.7422627220236	103.7172476060686	94.93610357298456	94.02840429366866	104.0302115933804	100.2337965845651	106.6793542628054	107.1693100013281	99.53379473452057	102.8297842149129	101.29702129876	107.0982796553993	93.25405953076188	97.2917167821459	102.5308997855731
97.12370967935158	101.0250307352103	98.20359647439241	99.04429001750975	97.56169594744131	105.9455025722148	107.0635302387269	105.8262835228441	94.8544640141091	96.52205896616874	104.3104895693823	94.45623420111758	102.4731372739658	105.059922852112	103.8600772012196	104.0963671117008	96.14566291835432	101.8410160018933	99.38898143091407	103.4453400434364	102.3945510668744	93.62381330579746	105.1290943848483	101.0266499909991	103.6321186966939
95.48276427192205	93.52343461787365	105.1008655417776	97.70623021792554	92.79306521019117	103.0023063136395	100.797623170543	95.60755012369316	99.61660897365066	105.949837375809	93.41990797364389	100.8764165762323	100.93751508555	103.3772795221201	94.50290689775004	103.138458956947	97.05360058521005	103.3190572685982	99.79978387250802	105.9892077382322	104.8982151515707	92.53424586253355	92.75709215851684	93.70892244725883	98.86933232826757
106.5486557971399	99.65730082779268	98.13047224639273	97.10504115533607	92.59073931731375	93.23332298712184	94.49342071017149	106.2113755742442	106.7292045602	96.63564190760066	97.57733848565991	105.5781145433228	96.47926142105291	97.01610890692263	99.4138634507173	94.81633673608262	93.58464945305771	105.6451436637237	97.51396353778632	95.9241224558006	96.38108820304589	101.2426822275223	94.41368030109339	107.2820229326569	105.1934620247599
94.62688657186382	101.8098589523014	101.5582131656505	95.70605084687672	94.08516963366777	100.4080180394119	98.58304117464762	106.5309514747568	100.2695004104029	97.69634485304897	94.37776981477597	100.3717657900961	103.2896893750999	97.17401079302736	107.1194136148395	104.5870726130376	96.93503531010633	93.97244637776303	101.8978560925303	92.85738754432722	100.5881958252312	99.46174909217366	105.9357730625532	93.01895028078869	107.2124251818761
98.34669668195122	105.4502140777329	92.81380550891413	93.72315616094745	107.2344444401164	104.6579893617227	106.1877798996933	104.124173777777	105.1655424441367	92.68125708372395	102.1171969194955	104.7367768921661	97.75173419357135	102.0898707581325	106.5407676950693	95.40882188849011	98.44229165606916	96.1327740641831	102.1863975891229	98.36950845028618	103.8689936778025	101.5966268359647	98.62243317102318	95.99208654234603	97.38130645215674
95.85640546955487	93.47826213810526	106.8357698455748	102.8283576282197	98.71095212487656	102.0241690348168	95.78653641409531	93.54178962130595	102.9123473600309	99.09545574458684	94.44368717332691	94.02663221101994	98.309085700045	105.9889576735709	101.2824139396378	99.45490646185748	105.5651507332842	100.6909561639082	98.09284926203331	98.5388108805282	96.77020684246733	94.85131860572024	105.4159064735437	96.09228566646911	99.33083526763305
92.29234625215608	98.83797798357388	107.3021996232305	105.618481625952	105.8578195142392	103.0484884499563	96.45255317991996	98.86983201774449	102.6819751984847	94.24180206620866	97.65521029184194	101.2010978845766	99.84724904316242	102.5310487339372	105.6152618755871	100.5417406593355	103.713639827909	92.91488397930789	97.56663434700485	94.66624606744283	104.559834516083	105.1711096236305	107.0994576480145	101.3759923105529	95.36879390493078
93.83035550796802	105.2036896888375	98.93691157433152	93.8024470809826	103.7891628592133	100.3267118602801	100.466864946279	106.0960525629548	105.3627805506359	95.38303284779786	96.58769668863795	106.8488603507421	104.1542641514554	103.3957618351582	93.26053758057198	104.1981498048908	105.3974534202831	97.49837164326343	104.4447284725857	98.58707119234828	101.5967284008234	96.75824186655611	101.6862005159245	94.28086212635438	106.4599682257902
97.65000524126069	93.13565968873536	104.2888684660254	95.07674182917698	93.6913541569285	96.20493091316688	93.33530122534177	99.27209973029915	97.91244377235499	103.8693088270657	94.3411116540663	98.58297215425563	93.44465655135126	92.77800548656987	101.8495858657763	93.14300039184586	99.74074362220139	102.2768655755052	91.51982499838009	99.15821923235274	95.23779377024046	99.37179214291899	98.10510691675066	99.2292506417613	105.109435959424
104.5706464488282	96.65238384070976	94.09965078156908	99.42534424643249	101.8502362928537	100.1165242685633	104.373097539629	103.3266166179697	93.13388571027373	93.43449918395555	97.7950248062304	104.3954423505471	102.5553513828071	94.08886791017298	106.3741734887362	105.3726310247218	97.55625341529125	101.209265190218	103.8577028076467	98.8078271636917	95.81625023605726	102.522552020711	90.47533016772996	94.88092038844475	102.3183778388148
92.50739623200667	103.2841489488369	104.4547183467248	96.92214373949878	101.6430456363722	95.20585902665337	99.52926880176196	102.6100312871223	103.2550936413394	106.2072786855585	92.75299059003714	97.49325594024276	92.35906334817996	104.7796137773843	96.1488656289003	104.607797981465	101.2495576804466	95.45478096534615	91.87124483733962	93.92054271783353	93.54424499635103	100.0126001000145	99.42807990506894	100.7947271809974	98.50637319282082
106.9963787756605	96.21819911712701	93.68792590150863	101.9458491018657	104.1625795778308	102.4329886410322	103.6345494019475	104.0599972224585	96.44870638245928	100.5849538280529	100.3451739809244	102.5286100999582	106.4321886520958	101.4422120601252	98.79954717815993	97.64275062334923	103.5328401888595	106.7201523217564	101.8857280061404	97.31876934196524	95.96560484652323	99.05991415109874	103.3830456368704	104.1181046952543	103.9150733200148
94.41032001359869	95.69656616461624	95.5546866915076	99.58657792156437	102.6415464614342	98.82526260778276	107.013549701486	93.73691704350645	96.42251705731594	102.6772063362336	104.3836780694543	100.140783334402	104.943804891011	103.4300315619486	101.0464834446521	102.7657176032009	101.7731990016328	96.43048252869748	99.86788949735595	98.22493642427395	99.4886202518432	102.3484358206402	96.33181941022904	103.5706105703485	104.1019078985359
97.60596343199583	95.12215424861679	106.7463953281559	92.74559560622352	103.2971590933867	102.5286137697757	100.6628834508409	101.687130079268	95.47759297943001	97.27416947140912	104.8794930826865	96.69647507783813	92.42684398511329	105.919232713693	97.36386257613887	93.73946940253708	94.71305104579109	100.4132712619041	94.80427460152498	101.9849704965152	105.8714335341868	94.05276547343117	92.98144760965685	102.4055679576406	101.6196029186819
101.0511161395615	104.8569377601035	92.66673931074514	105.8300537422567	102.9941178916785	93.2189890150979	103.1945018950974	101.8747352313898	101.0781330960422	95.03344825197163	100.4810323983532	98.59584550470217	105.724517258734	103.3563581778654	96.47712745497029	94.26737693224528	102.2374278649568	98.07414397744465	97.08933776051914	103.043939791149	99.651960141175	104.9811362952455	96.49928936684914	93.19853481486446	92.99582225530234
93.42805178766832	100.6231575085328	101.8622640743637	105.8431719535787	104.5364839971111	100.7912356723668	102.223647699464	106.4243568407515	93.58530807878213	107.4184508817218	102.9569167241748	96.08103189210628	97.15443793385282	95.92832153618198	94.46382338061478	93.54441430150291	102.5593192307867	106.0495261953645	102.5726980894191	96.53577819352152	105.9571097299145	100.8760552333822	101.2555752201561	96.9539846616957	104.6744984570341
100.0264334436009	102.7318059971405	92.71716976716937	99.5563752968948	102.6785360367436	94.4156482685694	93.73026084636652	104.4592124555545	103.6812648525878	93.27356710903705	98.23746863451765	98.29813876294071	97.89951929491279	103.1136192518386	106.4563301214148	107.4076315355698	91.36412567429112	104.6581044080455	98.79969430185392	103.8707690856858	106.3420413060586	102.5563443928806	97.3658956286021	105.035343097865	96.64351878570056
100.2495945614024	101.0429027946178	98.00788573154041	93.2587426734576	107.2208458752859	93.75242577079334	92.58525243339292	100.6662048823514	94.10179929369667	106.0860220617916	93.94948507469641	106.6196215596606	106.5875517946351	95.57003449085479	94.7805436891295	102.7361912786841	99.71715999669479	96.195125956544	98.71490847721792	92.73975990406799	104.4470406626132	99.63880721238876	95.39478266812455	100.7102406454755	102.1360692361303
99.92233262421627	93.68679014989752	96.63836211165201	101.4538463382184	103.0078912137805	103.2760261692704	106.5426037108352	101.1722499406183	98.37526884145765	98.38583459848178	102.0377275619132	95.35509276990805	106.212971229958	99.21404857344552	98.59110020955752	103.8557715602491	92.5778953861049	92.52006296951464	104.2164408719088	100.9045616791147	102.7131625251371	103.1909160571369	92.67706983404629	96.23006301241615	106.6663235492494
99.48695866514919	99.8152098693204	101.6459646657661	93.15993916363375	98.90567677908419	92.87521436489672	98.66184148026997	105.6377023646306	94.29322248537974	96.63198699190917	94.24807098779625	101.5304574378989	97.9140175588072	102.8487432725481	103.9154838188218	106.9045611766138	92.46399865343774	99.28250527012015	96.17510355398015	102.9230846176699	104.0749677457641	106.2485343614196	99.09946122802613	101.2674237108718	103.68709160483
98.93166533245201	102.1596455445793	98.67198534024401	97.89530092744751	104.6297277689202	103.3973027166638	102.1734505970749	94.18046373970338	92.77619780162235	106.0944641224741	106.0835649775541	102.4823789109095	92.5594165200008	95.89703928595317	106.5403263446284	104.0829372088238	102.9906431295118	99.55722951705673	101.5124955873951	99.82362233166526	102.5750919535052	94.42141607789432	95.8719073179299	98.36104518111827	94.86122240693811
102.1687116007474	106.1744301167623	103.483823243777	105.4480345017548	93.46557546563641	106.883549332398	102.9844039319415	103.7175065618417	99.83165105271887	101.8040087570578	100.6809675154746	92.2220206761789	99.97059610118215	92.56086881301763	98.87823827311706	107.0320487074976	96.90434929586849	106.2627500517317	102.6847238998846	99.71744969418668	103.4633782137953	98.78492616001265	96.76285334794468	103.1606259313732	101.9442751032094
105.053646595323	92.65101583857185	92.95646947085429	101.158631769238	102.595382085263	94.83355339862294	104.7441943968574	98.34223091513554	106.6512830420803	94.95745355900431	100.5174682165343	93.76433444821456	102.2428693534656	95.97151562562324	98.95415009595092	106.9924495989984	101.8202158114851	102.0711922315889	103.0636930308523	101.0765118520397	104.4284299381457	106.0656074012473	104.8640676211134	106.7577075226944	94.89013718551878
98.68717140307764	102.0997789407428	97.95704616951259	93.43495940524173	98.47445235508462	97.30560603114566	103.0621823534276	96.49648503002098	94.76472524487258	104.2552538235972	102.4111124253964	105.0842824725789	98.41986549570362	105.6832043728763	95.89886816372251	93.48984145600731	97.13874004540148	101.4818929156988	93.48202675547368	91.5876416149315	104.0693224369839	105.6092059580731	94.09910185917474	103.8683562408976	103.9168445782975
96.03216233430575	102.8099279859662	91.2992347794907	104.8086510984751	96.29872279570334	94.5437984395446	100.4297278547738	102.9869353526501	93.25083731891611	96.55382310403104	103.7273848386695	105.1582354385416	98.97472207270276	105.3714313166193	93.51112699754654	95.20965276656278	96.34373934024052	91.54127996077378	100.8081929830994	90.6691284192986	96.61458230464225	96.49230429040796	91.18692814764981	94.17632420317345	105.7030146076349
96.20957419244644	100.697215234767	104.2872346464323	104.0681344482211	97.29565785239609	100.8913241348315	97.35163385625277	92.16312367108125	93.41900784542781	94.46675115621115	104.8510500457088	99.82457833315762	106.6070167751573	105.3790566953818	96.90849053014442	102.3477297157754	99.79378392018866	93.23508534349239	92.42063208591344	92.87346901291926	102.3596841708113	96.06839544618919	101.655885559843	93.87252680804575	102.7489470979749
100.6799098257993	93.2694038758512	93.19864617520736	92.90693852853633	102.2807132016662	106.807099102677	101.4248288282968	101.8548029582125	103.004909673502	106.6769187355034	93.90215926689856	92.50869816741736	99.83005435284171	100.5111156869325	93.5301429726757	105.4505205924492	100.7436874674128	94.29115174625797	101.3438648452359	105.7832440366145	102.5505481520274	102.8509565963298	96.66047411736747	94.11463540759486	93.29106090527854
105.6156951677191	105.1868197043603	93.5323564535683	105.5130040383876	101.7306713347383	99.143769198943	97.88050689790563	102.0196650007693	93.70303717711268	97.77320654111161	94.00449029349554	96.06900539979354	100.7676421888344	103.3969744870423	101.4067596474985	97.7010125238249	99.27352534971273	96.63924287920167	94.73874924200919	90.56228514099939	94.08036384235844	101.7820126725144	103.3902307749894	104.765583094917	93.79748048845424
97.4338963252379	93.91047923328165	100.8135168269042	104.9490449226838	103.3340658479299	94.53929393538233	101.1791868026049	102.9902338214731	99.87777626812881	101.3795774746928	103.8919231080998	92.8082018381493	96.77115984061338	91.98237198152671	105.1388214892773	98.82619879080639	95.79518890111613	93.61702984019988	94.12655044663236	98.09421024710903	100.8688857936924	105.2951162712185	89.60078787012961	97.13617175426639	106.3858038403061
