92.46001376956428	104.02968330087	92.79571559144433	99.77864838895925	92.27833108034037	101.5496804731911	92.23411581010978	105.5597996029307	98.64922863523446	92.8489273596299	107.0159058875171	95.91495535329886	103.6640913421391	104.4951740803267	94.80774438722656	91.98579438019	98.86439279985528	96.00458280722586	104.5059650693954	99.74415485659955	106.2696100016772	106.787927268734	104.4882838007765	98.39477146403868	92.86046631894936
99.63721931241658	106.1644212199628	106.1962621304383	104.7698393180634	100.4916008551672	95.45404248857098	101.180964065569	97.30892627734539	103.497257324987	99.88654356338968	96.63512001420884	94.64764931539297	102.1075106434719	101.9147715803824	94.06890849498693	96.69083438601544	95.48349423870194	96.63498716519186	103.036753535178	93.10829229791821	97.46179084000288	101.3624475479385	103.9796719077104	94.57304023096754	94.22028396368867
93.3996440511047	97.84601856983335	95.05053642144222	97.79135044449454	101.6222585686016	96.50372331179389	99.31551289481384	96.47631926082254	105.7614105906869	95.61079518021235	95.41905939047489	96.95454327527477	94.02827800032654	104.5431378571678	100.2879940841675	93.1018132317129	96.35599109661506	93.74741360953313	93.47002571671679	101.9007864856552	98.59336786112395	103.1595283045754	92.34537333527358	99.15423015481173	97.22763318916931
97.40749486530891	92.86396256407868	105.5143555016546	98.74235576217963	103.7032493112842	92.54230286332472	105.8449719530805	104.3812058265286	102.3026185416591	95.825989301969	101.3355136274593	96.87092970205975	94.33505442727392	95.35680579723434	96.09603739772361	93.54696894843178	97.37630202567959	104.8309934568852	99.14654259367232	104.8902627965387	93.78169986369937	94.57642223173488	97.23218200700509	102.3419975753296	102.8725545091393
95.59034664144447	105.687158580945	97.57367038324114	104.0444247545803	101.1045181210729	99.75119335502262	105.4477032623509	98.8730617706358	97.4310460724377	103.6012938172995	93.98976688491118	103.3929467350506	101.8989425361536	96.59497943593082	105.3288302080379	95.61785232503301	105.5937151259242	96.87085375613835	100.0594305127742	103.2529941433557	102.8726979984453	103.9218015956569	100.150128199951	103.4048047486923	106.6344136753631
102.8224249678279	105.4254550134892	96.01743288576998	102.2475368813102	92.77060188610096	102.8395152590014	102.5576548001907	101.4991920694857	93.5089926777288	102.1655346505143	100.0853155458418	94.39364132118412	101.7282635863962	95.76088263303183	102.447293987219	105.2348979725702	105.1743297541633	100.535689386907	97.20724808202459	95.1450690008794	105.3621662268284	93.32412044788798	106.3432745155548	106.4727320570365	104.7784453084804
92.34889402326141	91.80606569671968	96.43265585490646	98.02268213175532	93.63862375538928	93.66994369676509	94.45421738269542	101.6686482423647	95.02151712203111	97.1421762600113	102.1698468882096	100.6916688873869	99.67534819488216	94.5855703311326	101.5210291090538	102.6630045801645	105.9347587427271	93.11373330209463	100.1415089018922	107.3847460295172	96.91294994194313	92.8398238058998	99.635272646929	94.82356478873953	91.98248904532062
102.6710282335015	94.20226865792557	104.9214763420278	95.88276993413673	102.8604800306377	95.60182936132503	94.65651134992804	103.0154773143311	98.16600374876003	96.25212445055915	105.3288078632376	93.40157272735892	95.86249725799699	93.7588169146098	101.9663532310457	97.94915700881297	104.8573246372008	98.29477394438955	105.78265616877	106.0687679402114	103.2391111461575	96.75943380951387	104.0839581932447	94.61805364799145	94.31195815590013
97.941543891899	98.61764202978082	97.03532089506459	103.9407142428706	92.67050772610699	94.55593271238814	103.9602062292014	104.7935079869843	92.81768218633498	98.48300060425532	94.96495570368802	106.6450930368588	99.11421792328525	102.9171752204235	104.8642363966787	95.61653295807476	98.42631448665108	104.8306656676403	105.1284935989092	105.5176126839296	100.7191507504987	107.1518468835359	95.83371281501321	98.97900097817916	96.18876112757073
97.67958613719051	95.55473022317746	102.8566867077789	98.30645402056975	107.1929145515055	101.3541202913985	102.8934839839342	93.92419813385911	99.85830042863903	103.1833715681426	105.3625377562088	94.10586513107782	100.4899232076947	101.3733090801654	101.0903328145154	99.86242560591963	100.809763569535	95.64994920907702	100.9320034527505	104.7157139055054	97.87508219261973	106.045141653978	92.33716543622911	105.2858973461674	100.4479089047944
102.2827942738819	98.96277983775759	94.82136421219927	100.3129744158715	93.07031635413561	105.1069213754846	105.702695666806	105.1678837001395	101.55639855107	104.1120427430888	104.8077128292638	101.9114653828084	98.08225429781488	104.4931465929997	95.98584070248251	99.09654566339267	96.50971137325924	96.59026706521354	100.9296910512726	100.301739029176	107.0439094559417	99.89050645685637	93.0443399763236	97.0645648481408	101.0301901195863
107.175712854147	99.43309069767052	100.9648464240605	99.24583399669814	98.06757852131935	101.2796311006498	95.59204116278532	101.0277710171479	93.40007609174269	94.94943511366534	104.7561385541899	93.27146530135148	100.8128487082074	95.78864836655571	105.2557042944091	98.94373342049953	102.9961056357634	104.8347322272016	104.9419262965992	93.65656394980113	100.2270548495086	104.3105849174896	92.16512914968033	102.8649618878585	105.9578306785734
98.10713845917481	97.43008678969203	100.2939232334449	103.3286670042744	103.8982623143111	103.116954614869	99.5485701459539	92.18984993251303	95.15470370390501	101.9084833776767	97.94475286571964	97.20695670295268	99.49857729661019	99.09695766591858	102.9557173559789	95.57532721875003	106.0000419267542	97.7661143436674	99.1369336668276	99.6379380712666	95.64152043608708	97.21003931486901	93.80709092274094	103.9177130831153	100.0521500700315
94.25974629203577	95.12384919129046	96.72731278090073	104.9875556215428	99.72580610833499	103.165099998984	105.4155277389827	103.2049306337998	102.737708682056	106.3978550328783	101.9246187672734	98.40042903117919	92.83573259235966	103.9182524834796	92.62228832788804	95.78075041396514	102.8769995672533	101.3887998276502	93.82598084539826	98.47277467019094	104.1469794586556	96.36232484845421	97.42901451042609	97.81815508103335	93.49985058679881
99.72584578878713	98.0867175984169	94.27339015894296	103.8268044303602	100.9907056104687	106.5873219346288	106.6806717507696	104.6767199588529	95.65226505804183	107.3902056320554	103.8861969302509	101.3320888112035	97.02075737104616	94.1400238766239	102.4219053714601	98.04823458240651	98.74451481879973	102.8123899901886	98.21239473467654	102.8744223496341	95.99912085246612	102.2279800411046	93.30340517724686	93.14984879020881	101.3039787538376
103.4314045022479	98.13387441781998	101.0339312835082	98.79656746292235	99.26790031455941	105.4491747931687	102.4107669953732	99.31130729636855	106.7002433916926	98.77232131192851	107.2530922098874	100.8704479963713	93.11847304439168	96.98838354073695	94.32905326129624	103.5061607636221	102.0881096298902	98.57328938880556	101.5650064462715	92.01176559008721	97.78168231248681	100.0687078988257	105.062311400011	98.84276409999961	100.6146437851782
99.2851019051828	107.3403349303641	95.15824632949439	101.2235792679035	104.6728322026691	97.61711099616353	96.76926278180336	106.3643380342487	100.1554764787841	101.3814869223919	100.3719914377962	104.8165802253897	105.5978287378256	98.20158998591585	103.6803900202276	100.779094602394	96.62086548632175	101.9389229731196	101.165039470157	94.66903723932553	93.96667586552532	98.44189745614176	100.4880466339423	95.95569806696028	106.0002981562028
106.4407641643443	100.6696439755474	94.11942557953502	101.720911322702	103.5855970500628	92.87490900631366	98.21325039196662	92.92302704722434	93.15342309662938	104.0329346201815	99.94393621023158	92.17996916652923	95.46476384549086	93.19883194725942	103.3029207216918	105.8493766897567	97.44249483238357	93.54860750562005	98.00566094142451	103.3147061487629	92.7920764711657	94.09759932493007	100.8711527189961	106.0714496481566	105.9431836272968
105.4092027071834	95.70437972758458	99.4660829168326	95.5005053649667	93.56089669984836	98.92303941660232	102.6951141291064	105.9718319658968	107.1918456741373	98.04160137677431	98.01474417123524	94.502679771793	105.9621485038604	100.5802830894807	103.4756665036523	105.9464556573255	91.63597474126775	94.46174155445155	97.34449103881892	106.0311795276678	92.46796046856835	94.72808776549643	98.76175519734406	95.45860754676868	102.2340856358092
105.9604216349739	95.29817138953219	98.35121924498229	102.7291986448972	93.25388393372674	96.70574641288891	97.14566562131273	101.5172907145809	104.9204639844444	103.9758738351269	98.35497081738832	106.8043126603952	100.9808630632046	103.4778313902744	93.79549670104588	103.8984830575323	105.7035908588871	105.0888093585368	101.5690091967183	99.0467795316347	95.6002026086847	93.61392015320976	101.5693533966246	100.8314414282282	105.5725118673882
99.42480496223232	101.9729022235268	105.6192212037555	97.75679182146173	96.61968140119511	103.5650796615541	92.70248746110941	100.732314708924	98.45129461984794	92.43938863053846	103.5946037415122	94.69449939028999	93.49422805528449	104.1661386505699	94.53858087954313	97.44781257530298	98.97122167789324	103.6050451569001	101.4987557484862	101.56535882165	98.36047343202748	95.50782920134377	101.3649033146412	106.2032890100949	98.50830948173116
105.7137771054784	99.11716794139298	105.9716755646503	99.55642040956721	104.0468454195417	98.55793791035478	101.605103844595	105.5589099926441	100.9647683866313	99.18623453871933	97.29488912766526	103.9264537039631	105.1027450247776	101.0877420640097	95.02462372511418	106.2724332525346	98.28021427923544	93.50377331971637	97.47790172235774	102.090161643076	97.85497427963176	102.0811618616254	100.9651541783206	104.3345527648129	98.27871487961738
103.2070723657094	103.2045735298398	100.2133337416497	93.8717483042211	97.2712508076591	96.88905581861388	93.54751648825167	98.73340697372539	106.0995765772997	107.2071430067146	94.63148436241374	103.3156819193751	107.3999464320185	99.37995050821992	107.0937105966459	95.96240176136141	97.05181196210955	100.9915079201872	99.71718228489115	92.78834905060798	103.4881536821853	103.4944977940661	94.45192700528284	96.9429134181355	99.44297558574031
101.1807746830876	94.67897908637734	104.6318656108614	99.36712199005298	98.38199414450794	102.5804399359914	106.7970865619873	96.51371188551957	99.06099694576078	97.07997675519363	93.33239182447632	105.1548218302831	102.0714150442898	95.00404427740057	106.7859033099012	98.65150043018095	102.3188193831846	96.40724737699772	98.85015491877587	100.8002101001627	95.15200485018735	93.87315658534078	103.1444161262577	106.3347465297065	104.7174054588938
98.07272300176922	100.3754016919148	105.2189245415648	102.740027114204	104.9228637146881	106.2715647785948	96.39310057590319	97.64855855641696	102.6748821046307	105.2355687874283	96.27969045607608	92.60595310882213	94.05885223613024	97.80669578311544	100.7087247460306	95.19025208169843	100.3288953739983	101.1479960816683	102.5627379547096	104.8771711000011	94.63912120830443	101.2817472824138	96.28855985901625	97.26251130160662	103.905745979278
101.2378069581894	101.5399558673133	93.83267349019982	93.16992878808736	97.65160549430809	92.89178384073699	100.1640171111764	101.6436033769866	97.18008163810207	106.3292128650036	106.4165604579936	99.54630618507836	92.48783397914426	92.61065616456672	94.00653266994559	93.87057586658304	101.6870502750841	96.94911513354093	101.0199939622313	103.9095064656302	102.9506584449601	102.0335976802834	94.35560105166621	104.5497408326128	105.0231495920315
106.7798219791857	105.229428384852	94.17166569227319	95.38399668399883	98.13007276831969	102.1313331900952	106.9905417047497	92.34164081757112	104.3129327322153	104.0689832739652	106.521070593478	103.7388030091378	94.373328104549	100.3592900535303	106.6166406227587	94.59235010110696	101.3252308211213	96.86626557554477	93.07036526813441	97.47681793649036	93.76686703551431	99.2498214977408	106.1968009255332	103.4838904224254	96.44376807284578
101.9434455388993	101.0486465299722	98.60560884156092	103.5340904079798	101.6304294187723	94.61877337224038	101.5265349076926	95.22419161090859	98.72273227264431	97.61169852344938	100.7202756648726	92.22361038500298	100.7039264086145	104.0012538593457	94.44901398574775	102.1660889647488	97.37466208442002	98.69352291156808	105.2598712144557	96.15523152405802	100.5271769286415	93.06940686272168	100.3547830948766	103.5183437159494	94.63937735780075
103.7246635157929	105.6669133661189	102.5387169811392	95.44663916798167	103.4907034546759	98.61905089999793	106.865590976782	100.9092987613443	102.9778003615876	96.46927680151599	95.20187508306543	106.0610291433993	99.85571434372919	105.3305496182956	106.0483087686881	100.6244638779665	93.12060554566501	100.8982836945083	97.02209085267252	99.99001356292705	95.84126296052938	92.51146937373289	98.28534792581148	93.69686044862009	96.02887277424841
105.3832194094746	101.3468246192718	97.57147284188528	101.1304761785	99.77371494076816	106.3580120349569	103.4507626912085	94.98704822729138	105.7667526496334	96.64892584346765	94.32752053551411	98.0904776918054	106.6789330364854	102.3270311437782	104.6737513910093	97.77068138986897	97.21857187535468	98.0301704499378	95.3592101612889	106.7750194202376	100.9026249772326	102.190321680515	99.94003346173768	106.3724905069983	100.8152344561467
94.46663640729659	96.65136527649885	103.5987891226308	97.40184265347756	99.29979449784361	102.5084107968735	103.9163592827784	106.0920042203097	105.437159444507	94.73315206536519	97.27923326099678	98.05595822832291	105.8959145281438	99.69211813113898	103.228047053529	100.6243342414338	101.0668409897042	97.09332972656577	93.96680863515498	100.0025651211705	106.3180890931856	97.14269760685184	103.9319004632662	101.7865834736287	107.1445555113048
102.5455607946264	103.4553152912571	99.1876186340275	104.2062240707643	103.1688111313646	102.1068901935478	103.9212212151868	105.113574561493	102.2300736609868	98.99020815923149	95.92268256647048	105.8543988941943	100.8232273206238	93.15961260037793	99.15128328400391	105.0140179875484	94.31521154113565	96.93983433273655	94.1451107456618	95.56978021587587	93.49218310868739	102.9329423332056	105.5711062525775	101.6473035388475	102.9332033394465
93.51947481571686	101.3957833754204	104.8176976378477	103.8554629043649	94.25341289895223	107.4668388520745	94.94510524664742	100.95483956264	93.64161381172515	98.35726861869219	94.70288046452454	101.5078107787197	94.34413749963606	101.727551000275	107.4927273078972	94.23896203562406	93.04454436579464	94.16629672655878	99.90437303738213	93.6340841318346	95.32574151478704	102.9346617958191	93.20055235842275	95.32547962468455	103.5928852521298
107.0589734100903	96.2186313951059	101.7042786093233	105.2931470119013	105.9091852327844	98.60498227994204	107.4490765810992	96.66862589053905	97.97538668529648	94.32811713505396	97.14513802506971	103.3927820909559	94.90866157399608	99.50164913451147	96.37677166757985	105.3042862136971	97.50301144358518	99.6162819213413	95.99137670945295	98.94521451988176	105.483357728081	96.94353769050105	105.8708876616268	104.0930966019564	94.58662077010108
95.24337441336723	101.2202571009999	93.71932705945653	102.216130377246	100.0703627188126	103.1137612197046	101.9128679352452	98.39868753345142	105.8963610520458	101.9661812561773	95.32089052204721	106.4464242912217	94.69435950165195	96.51873273012463	106.2619666298639	103.8534777020093	100.0395124156964	99.02218373827003	103.8953699720667	95.77599387367627	105.7362789736682	99.45587613955817	92.65919699263696	98.37371127488609	105.2651532294304
98.27890393938512	101.5589996887194	91.29386365753405	93.92162316081868	93.51407266986156	103.4681201995464	103.7868396159318	93.34690720821091	96.46082835130846	104.4117497276582	102.098738144829	93.39791402270944	98.78869808162895	106.4961438055762	96.02421292018082	103.2389150557384	96.32851781827011	104.8963699384488	100.2447451592506	91.69253790363427	101.7702038718598	94.26516116466493	96.44983478952622	102.1148890748348	99.71954831813592
99.79515895736718	100.8980516772546	99.56905194528656	92.28116705652823	92.53670460091861	101.3689322493259	103.5466594132759	93.5940152007322	104.5837845938348	93.75797912973978	94.00241456465994	101.1623392312088	94.45940393066155	100.1637117808127	100.5212415831627	103.1758640176586	99.10057997089082	93.96654965211872	100.7567257206297	98.75996261329399	100.9889062785576	102.9799964796045	102.6173114895023	95.37962283005783	97.12786486297171
100.682535845499	104.155470067962	99.4959754973053	104.5786983225958	100.2002789288842	96.99691526634005	104.0229535008154	95.73487354572504	102.9426979073119	106.8095661229617	96.44684061498792	96.0883325036001	93.57187547459367	96.42545348512395	105.8546996905322	99.00617362638974	93.41192286762862	105.2142777614219	92.2255341258608	101.1714890000839	106.0756535096806	100.3931764345364	92.42884671793594	102.2793259359513	106.6081274290908
105.8836146266925	100.3341119808114	91.84723582171904	103.53931213684	104.0695821757989	97.9141764613338	99.41572799406551	96.71880396217084	101.2966841656474	102.4823427241455	103.9181580924008	97.30639066733505	104.698940699198	105.5125242131174	98.46159525290216	97.91560291002358	91.15346117380362	103.0820529113487	105.8484653989619	94.45903638102861	107.228643923657	106.8370317067392	96.26543875767473	99.19526573498415	98.02194884194503
100.9293804043825	100.18347516872	97.87100003880713	95.40677335207957	95.60114015643282	105.6271670417919	95.83574390377481	102.8626064044956	106.0887061586921	100.4127504148907	98.50180149384917	100.2148286635361	92.85720180379288	105.1041742983168	97.1476369979185	103.2755697757983	90.71194291962661	106.5205362273451	91.53187070614449	92.54755054779881	94.89127993177016	106.6721640208934	104.2445063113638	102.4799158799174	106.2117855754965
95.07751906384527	99.56635160229219	96.97825837656518	93.73099674752254	99.75597248063538	104.4383796203219	107.3010382475378	102.9290423688532	94.03588538231298	97.80334244587185	100.7926927454749	100.9583234276609	97.93781306174888	95.22648701816597	99.80541122023475	93.10938974090168	100.836720554888	96.08045476027927	94.62244674794587	92.74413918504204	103.2194924389364	97.74519256156884	101.5324738886679	97.10920438331866	100.1820120375667
104.6522717719477	105.4458878244796	102.248101905016	102.1036710923499	103.5467914335771	96.30860228284901	107.0933909351663	105.8254947585476	100.2726841234232	93.02870600368769	94.9155602926015	104.8892340880426	92.73251553891977	96.17063056291504	107.345513132628	101.610118862241	105.2662274178526	96.7038144113403	97.62930473178284	102.781330575071	106.9162438066038	105.8611895726397	105.6818382427125	100.8333488669211	106.7120905287223
101.6514648653169	104.0415560467396	102.3244899176646	100.6931431920396	102.6360650488348	100.9858994771554	96.7820662095147	99.7471232596575	98.77896424432419	101.2802011360388	101.0246362802778	102.8404097816557	96.30202507304527	96.95367283167192	106.6242224173232	99.52913154574335	92.80984579452537	93.23979882943645	94.54541105977334	93.96671591149712	94.00325671469184	96.83923589997347	94.77092748661474	106.1626867240266	94.71830429162661
107.0724911674818	97.46849332337501	105.6737219575942	102.3088726401106	93.55121910355132	99.18784576293974	102.8609807704795	95.13597991376675	101.6208864401364	97.51347085417895	98.55531406085458	103.2026203630199	94.09426895987467	98.02320282493685	106.2845428365075	98.5970731923894	102.1779948976258	97.9935228692277	95.12078111778169	95.8068893591788	106.0792420031247	97.02012372967084	92.09552538890014	105.0662527747371	98.13093098076308
98.87402214964538	96.06831807344943	101.5772753940238	103.8265758001267	104.4826029291186	98.0773766946249	96.55633198472032	98.3026401205622	95.21669320801183	105.6261433981312	102.6869159042878	99.04247971593742	103.6547834690545	104.1743374614127	104.1196795339018	92.72325233621174	99.58272200067556	94.96071878226586	98.02149570160327	105.5487493301435	101.9291317215732	101.6920097799467	101.9767982482912	99.91898876567159	96.77529231900121
100.7910809764867	107.4623777951084	92.06405162834476	99.86580823827794	99.46099041829508	96.5654482380417	98.67419777505854	92.50962489648761	94.75197407741992	101.1438450686046	102.2436553047778	105.2932565500199	92.27550875423061	106.471553067647	103.7625875283506	102.072855056304	94.74104412488971	103.8161484394833	98.21133341774267	105.6211356697918	103.9580526125343	94.09077086790299	94.34391674843137	95.31445542259442	104.1439378957282
92.50878996747397	93.82263157386862	101.5178273407677	102.2339475702297	101.8459227601196	98.65475351856553	97.34150236959719	91.67136064494403	107.3348530670377	94.3229989701604	96.40216152306007	102.4676039744693	102.1158586876857	93.58819421288246	103.648689044359	95.27289831463349	104.4441657111083	103.5895427483449	91.75456614317412	99.24054148606648	99.65978523885227	92.84780415820502	98.52766025339598	103.318645844599	104.4967602863669
102.0713111539652	98.05383248740168	98.47777314098049	104.6366190367421	102.1122679171084	103.2337973068438	92.718765117492	105.6748430156532	95.01387104135311	92.68227015866712	95.05064466758179	96.85047910142984	95.76932863387306	96.78856909113588	101.0890199169129	100.2671434468751	104.9250618567781	92.89521785441138	106.1197736436013	95.94945589296178	102.5146616719763	97.05116825618089	98.75388082670379	103.1667068817341	101.8966889315845
102.9731340951182	97.14247185192234	101.00817343377	95.11302562662944	99.70467801060583	92.9090745009932	104.0694316884258	102.8484106900914	102.4483314200761	101.9607262080883	97.709067300936	102.6102207080946	93.17877782259532	94.66778100326964	103.4357029760272	104.0846504174569	91.00434957570512	91.50436963339706	93.88767823431836	95.70823792277658	92.56510334718105	98.34572428505165	97.89838876456913	100.6984304491194	99.61411667990804
99.62307445395885	96.29257365189083	96.77269052787977	93.65673729033537	99.26399437930505	105.7541276734294	101.8717081348244	94.20096896200457	105.3064063495178	93.64648409340951	101.3137312315836	96.9540354444901	105.5044130606921	97.27232392105877	99.42977216918001	92.42792404064946	92.74234975745874	104.7861945091276	103.5498489292548	104.7119184497893	95.31687132709794	96.87245323021178	103.2161295218363	103.2102526930974	96.0328714334135
