102.3369894036564	106.2426212882386	93.41690011717674	95.78041277158947	95.85280834576736	93.80979027529959	102.4584957479982	100.1138202781446	96.05159859199838	94.09671694585143	98.75514125010172	103.3223437184573	98.87142135381546	95.725345845856	95.88552121967459	102.8736717968539	100.3200548264386	94.00846012678126	105.8051308044059	101.0651311662005	101.2320824575325	103.6432284383795	100.0379871605126	102.4421480816586	101.8137751443412
102.3906439828757	94.36066208872872	104.0685738367036	100.2145088181348	92.9078687045558	96.14237013072022	102.2958381503653	98.68447696104893	98.49069584499318	102.9251269138812	106.9972076119588	99.1367372561711	92.77313722502008	104.5975904632057	94.74590305179294	104.171189154845	97.30455421924967	106.5192712243682	93.82493707672097	99.9837790543407	96.78468741304441	102.4043928841181	96.64880830586644	100.0721113785465	101.9499086972573
104.8172094802735	103.7901510037867	92.87486055446374	101.6437607016066	105.4491930264846	105.3056852276916	99.51093442790366	100.8100466541664	105.424031926861	95.05697044541034	107.0507165496753	103.7320823787362	96.16264499978209	99.09123937664231	101.4849944951278	95.68580878975649	106.0944204638136	96.92008644376905	96.36444963200012	102.7160853741994	100.6033553817723	107.4348309048428	103.6395464182975	94.82541465801252	105.0403129639879
99.95007127443361	96.0264328161532	94.30852923290038	99.56691625346049	96.15189838557043	94.13515442660145	92.8632727299013	96.43953878164042	91.91298659824689	97.41426732026025	93.06377673043895	97.40975780154656	99.27691178249322	103.0321289147431	103.552484274698	97.32068785071587	104.6104524164218	101.7360018116243	98.30999397742167	102.1563244975135	95.03143911978125	99.9752368145176	95.1213565050495	105.8744970372968	101.3328810861396
104.5759585421141	105.8884983371951	104.6976282773596	99.66050113588882	106.0136336090874	96.2927300353079	105.2610314263062	93.61845788016272	99.85876905858046	104.8725834027616	105.5850343250171	102.2984401387331	92.65502598147152	104.2586566743065	96.10256771353149	106.2622550434639	106.3231444866961	93.97482311731743	96.38051714462236	104.3243319018457	93.22533747766549	99.18857528990304	106.8058771640062	105.5195218339345	97.37014311873011
98.4066925963446	98.58105580013194	94.20294021820698	103.9737344748181	100.8515415901819	99.1727559527119	103.5447980293498	93.01955389006443	99.42979193136563	94.53845981913688	95.54742188737386	101.5218975990426	94.32803039790559	94.59335659250033	99.3502422113275	93.13222466683362	102.336463596791	106.6410540002114	103.745502407262	104.4732891941077	94.35216503306474	105.3318649540946	106.0054505525319	103.5872133516714	98.63139655676251
105.7796965522719	95.77865929970099	105.5290031004079	103.9800756663564	105.493257714869	104.1189613281664	99.93086839540845	100.2170365918581	103.8781957709974	92.80497201236449	104.2296689855572	96.6013967702056	99.73690186533116	103.4040942144084	102.4164244713312	96.21704608109653	104.2841557350915	94.98836700538877	104.8526514998084	96.28508158495889	97.30838990710016	105.0018920816922	99.51766782270806	94.44761613776737	99.20224224593001
94.73846544048756	94.55772236589553	100.2162091660995	96.33602419147034	97.32370554668735	99.94387529387897	99.92822518533387	105.3525036477237	104.884174727061	106.2564180025849	104.5112527733039	96.56170530425803	93.56050448397208	93.45409893723608	104.056647093404	96.83786312212013	106.1595979091306	95.03412933063437	97.39448040465385	97.87823443878392	102.8194079331659	99.02710810361184	104.2993474186809	102.6399872500305	102.9266028829787
92.41402514813413	99.19732078974188	97.6574182472725	105.8927564314872	93.70990569047366	96.72944175584179	105.9257880603296	92.98094211789565	94.11865293072297	106.346921052977	94.24159482734819	106.6957292919483	104.3599360839291	107.3275292925252	98.52308862325739	106.7337108087421	104.3586219761797	99.49265502747261	100.5654002682013	95.54933798450367	100.4561645591745	98.67247508429635	91.65925735262998	97.61725109893669	92.56722058670294
102.1846540403056	104.7837110227859	97.38563844383089	103.4877594279027	105.5489186995126	104.4971865082915	102.6344037597561	104.5249760060132	99.35072530721138	101.0503267542628	94.41220435039625	104.1773078863075	99.34799060525116	97.20197422208199	98.40222702164129	104.8437973762397	97.79346839230769	93.74300628382369	102.806560830795	102.2268758334924	105.5163570182412	95.36071812866531	95.98369049748156	99.10496311056903	104.9404701635071
105.914635601781	106.6142842765072	99.74381311941553	105.095958162646	100.3152118316889	99.48429579293408	100.0378918447797	105.0135914910945	95.28254385439861	97.09037252012644	100.9009282244734	100.5872985426149	97.84490472331211	101.751298965106	104.5129875516256	106.5825794244044	104.6219180400258	96.01884598610584	93.54592606439226	97.27624897783214	106.6887507628314	98.18377905818507	103.2394892883948	100.0939365851275	100.8680263336882
105.9386287167807	95.67877554516578	102.6613914962913	103.9441030290668	93.48279119038776	106.3538803407751	97.77659912186319	96.38286924788127	93.53673413464479	96.2161254371761	99.98050213736528	99.71145683733177	101.6138813873992	104.596528846821	106.4063708938548	102.0005237560135	97.88615499583454	102.2572050970883	95.71779278678335	97.41435324768085	105.6192453669757	104.7905434647626	102.7673262149442	96.70605934023544	97.37042722503828
92.94610806391304	95.55797126541398	104.4314952320087	95.06540569377432	93.13872549299336	102.1240116321513	92.31647525277708	104.3899794963924	102.8046919282206	102.1783907207762	93.45977357807871	105.2406591496517	99.59185388554941	94.56113358573451	97.33256133077616	94.44614828417819	104.0363326422164	95.51851159828286	99.59122398193229	94.301592166802	93.13861766526067	99.79500200056323	105.7351417887052	94.3424494812637	105.6692466941487
100.7909930546642	105.6948318621293	95.89210944778959	100.3213636859024	93.61962923114848	92.68972266421505	98.64837333391081	102.4500900058095	104.6316442194437	99.25832953048416	107.0736244092004	98.18050182803501	95.94260517875836	104.9470079614063	107.1492076389953	105.1371891819063	100.8108145752145	99.45004474191586	97.70317891119232	103.4172701822005	93.99066080177555	105.9936185567401	101.0639377287667	92.84126711784209	106.969224761755
106.4206959780274	92.34822134356568	94.82027482709599	104.102978289926	105.0418883613154	94.70255947765082	93.29094277227576	101.7415169083363	93.89592543905921	101.3687578645972	101.5607090381875	92.7917526253645	94.74753426051758	104.4272636757371	105.4837682237074	95.25966443283433	101.2344241129111	96.67836207563452	94.67742801808977	93.83703792231113	94.48647675530052	94.2822526549371	99.67089579253089	93.58976349146721	92.28426267624842
106.9716510187144	96.62653301644129	98.051719240897	99.7736111750431	101.1059922962006	93.31017798826842	104.4473638333837	93.57855570878954	94.56585445107463	95.14375054495412	105.0919633161953	100.8230525967546	95.24708509151185	104.223988999084	99.42214435324601	102.3446601567153	100.1839115157523	103.2331116258081	95.64012094168076	103.8682879951061	94.20774086107394	99.36373669364096	98.45443591702782	93.95673594101444	95.60806762660206
92.21695511066055	104.8009750192932	104.9429580332538	98.03354259354406	93.63970476922997	104.9639904724313	98.41392085572758	101.7333671865859	98.71669450382299	98.94269012192926	105.1439587332216	98.00213848691129	96.95666705245563	93.98921195286317	103.7108280705474	104.8147324442172	98.79298353940753	100.4414562069302	98.78002958719256	101.5185260380443	98.19143360332832	99.60575507337292	101.1363516234706	96.51971125180592	98.32845781409205
102.3088583280925	97.191398927208	103.8365530417119	92.36318403765354	104.9074862955162	104.0168113629103	99.74377681607608	98.52954503870367	95.73735602310468	94.85972202537032	107.3986965310148	99.58012622106644	99.68529353686688	103.5639288175939	98.74507388147603	95.62460754458618	92.28794931182657	104.5757537768082	95.78448323373622	104.0493322603749	96.06948557021227	97.74980709862355	92.77745071207003	106.4082107170011	103.1989946597312
106.483674649289	97.24221639442304	97.10906587705804	103.2261751725757	100.1093992468729	107.3842610240122	104.6632027950212	104.2641647012583	95.50117983362901	100.3044749682272	95.22545289154147	94.44797616418261	99.462131538194	92.68691122491785	98.83434191840931	94.8715114629011	96.43420787727236	100.7893994782313	103.3425170806398	104.0894412478809	93.20148097295798	98.59140896649254	97.58884630032973	103.5206469966791	104.5902846616475
97.85086955485508	101.0557139321295	94.71080105739313	97.67440079687704	99.8434469492169	100.977385858095	102.6543786863082	93.61005631678329	94.99220835124586	100.1049676561159	98.65555852663636	99.18996428334935	103.1528766124482	104.8272588007556	97.63071451777257	97.19741379031093	99.62042214117039	103.776907412294	106.3302609796407	105.6989822710183	103.5413281589913	94.7777586606752	104.3760589800418	93.8248767425992	107.2158855750833
101.9309512241552	94.66227216704702	105.2026011172898	94.16097829721382	93.42511333957459	104.8348393962321	99.2553162010321	106.7627533746876	92.99337119060874	100.7557795342795	96.33292919813636	101.0663443159957	92.72607921587392	104.7454304411223	94.81498063637858	95.457409330022	94.32837091224926	101.2721758839883	102.614102501065	97.84735230139958	102.7940831166349	105.9105334329662	91.90353944179249	102.6189146615727	103.6096971724801
97.41699787332777	93.7790863489744	104.9550349037473	98.18148299577484	95.23374654789322	106.0512070603714	104.7963306106003	105.0595614488556	101.9153383085997	95.16609672919166	104.0336638378907	99.83948128903766	100.7214936632973	98.42930235635687	94.29598646213262	97.48420707614105	94.79674708918351	97.85967195755097	100.0288637653183	98.79660141715159	101.5165986247264	98.03335950180876	101.7724273464256	107.1181029187713	94.41749416548367
105.2094341064185	92.37796248286863	106.3294369715804	92.94141977740804	92.89040855765695	106.7851376530702	96.57176818051543	105.1858315912429	96.66811358353934	99.03723502687701	93.23005914339222	96.37585029166348	99.61848681464076	93.22024460710357	103.750146695736	96.86847274593906	92.32831883061185	106.7295808238973	100.9663429367158	97.19812502831994	103.9679760883395	96.02798490110334	93.31868807647378	101.7939775504286	98.63429635767247
103.2765910409868	95.28626161963902	105.1947129825073	103.1166044396022	97.18275374231828	98.73237649988194	102.5555618792585	94.53361544198387	94.68238602382316	98.11549666089039	103.7759756693995	102.9629865021939	100.1821378369751	94.54147167038177	99.80411225967411	105.7554479140272	98.43054803598143	93.60113266824511	92.77429997628596	97.62547436902197	94.63419116362745	96.62419376154752	92.89856494475208	106.2848228704222	102.1977984685528
101.4700076061452	100.4096186789398	100.8825182954316	102.0545975873256	100.2828275120582	93.56063968923614	107.1145061598273	96.77923624854512	94.73825221919452	105.4669704295254	103.98879071884	93.13014490010514	93.10495256109994	97.62109857786065	98.00812296360266	102.9103847567412	105.927993770356	94.18993308211959	102.1308698717323	104.0073476967973	101.2564338800377	97.46214543492877	93.61681308499858	98.53068441837077	103.1233710752003
104.4297452794051	106.7300667428175	105.0743145538367	102.067910983491	105.3830224988751	103.586840561807	97.21039730142101	93.28454949134819	103.7209848470514	93.30192586319242	98.84635693308918	93.84847873950321	99.0293220160254	92.65249641413942	102.8216974195006	94.0359373679667	102.7374208959597	106.201563432406	96.650360454843	94.61050871902533	99.99114278896103	94.29651241297715	101.5341772817085	97.82429177906984	103.7370059501259
98.35476464712228	103.9191577939701	101.4526700932021	107.1338505782002	95.64735875249303	97.05613439330585	96.8569553831267	104.681906488501	98.71008297226827	93.93251655995836	96.92463726214267	99.81671586636142	92.64540194675598	95.39295698210147	98.06128781623528	96.73657665827815	102.4848714746988	99.34612558595501	98.63136527624671	101.4308522020068	104.6833166935179	92.78617250700167	93.54546281915434	103.3762124023221	94.09170898761589
102.3352783848863	95.11719243249213	94.25071557575201	94.32405052794599	106.1385224973417	105.6033385770095	96.03568345367563	98.29731972707012	100.8015021801026	100.9727390030939	98.32934450655057	100.3962814745538	92.29084622914074	97.17838829067851	100.608060487259	100.1641446132411	92.40233252504544	93.05595667470844	104.2637376642175	93.37143601290329	95.83502294792514	94.43875780975984	102.0708744069682	94.29637463798917	106.3941439223166
92.19015885890549	99.42408643340615	96.43479747274087	93.20169834487689	106.6296487222451	97.59540520113201	106.8602525127315	98.93977764537742	97.60318112281998	106.7365923275357	106.7994803822741	96.02500086363716	92.96959432393449	92.84553503016217	99.3257015793271	98.12304712272797	103.0338215863481	96.39381129326911	92.47166517490638	99.45357624942046	94.78886714391464	102.7340944304513	97.80590113552159	93.97437100934707	96.16512904479747
106.0317344114423	103.0294853102173	92.242246745198	104.2596266924895	103.2997076746269	96.25611026445566	101.2542095412035	94.12165807687508	94.80043793272087	106.0762213709867	104.1375522778433	92.64244219455666	98.79146352471604	92.5995321199496	94.29691642915773	102.0998830526624	99.12035731786074	106.8047555233079	98.79823610686265	105.835151479861	97.44928734135399	104.7554251810228	100.949558103266	105.6282830463366	92.4929214175461
93.31765349440364	105.7403027387429	102.1352943163414	100.8852548427365	92.99790314141072	101.2626153638001	102.3740390159032	106.2042314351535	101.9511267990512	104.6128059849008	97.64628911114038	105.4426697554868	101.8833304388311	101.9210488234253	100.124175538747	92.85420196480307	104.3815379534341	95.003305457333	94.35937763902974	98.09541736033221	99.20368011687647	94.22643854531422	103.3202842167051	98.86526103725545	101.6281782806505
92.95090276733002	93.94784460174559	96.44178929207209	101.5715074274431	101.9148002835039	105.0508389328465	106.1781952866655	91.42457511264364	96.24190669902073	98.94627050300082	98.36230474651336	106.2587986121501	97.90748048181717	95.6459454826185	97.93390534441033	99.62625252013039	94.76448069976162	93.44355729037622	102.3579601101486	93.42229367234999	94.78850536366076	101.404839279638	92.64377115931423	99.73915065327182	105.6486780229074
105.4635548892845	95.94109303259943	95.58786556123277	104.5845253186284	97.43718648834802	95.53726794778731	95.10216753286255	94.13322463186462	105.8304202528306	97.01807158088572	99.32353386297217	98.37592332522223	103.9091910468449	97.36146384526192	96.59788891139682	94.86070653316222	99.93312530810803	104.7513177152778	105.5215174812976	99.9751043180367	106.4034339361158	100.9760483037315	101.037986729416	97.8244705843876	93.20781476749444
100.4748945934325	97.31657833772422	102.0180756149503	101.9678409390815	93.05937229104434	105.5891861591098	97.43766606881582	94.7091015559273	97.45205524191223	103.2452145534351	95.64816455246064	99.70575324114768	104.6204874857937	94.71831552984168	99.44418854970002	99.46686080341956	91.13869770105059	94.73998875452604	96.60030661778104	96.68015314668506	102.5369479115635	107.444284477271	99.52303634793857	102.2237488939284	106.5275164701016
95.00856060119023	105.1570212801613	95.69920571559302	106.4555054508176	92.60370264279021	99.0434100992494	102.9718252042148	95.18968217088243	97.67089068107693	103.3086385705173	97.92890338876467	99.90871741308854	101.7233764937431	105.9419853388711	106.5205769102969	105.9255646835742	98.11137409186982	93.8114314599835	102.0160189965273	102.4348839990829	98.71727384098546	92.87147446839121	101.4247785681478	92.52104935860825	107.0996001224221
95.3199987206993	106.4948269244522	91.83586454426062	96.97184450125638	104.7180131183109	105.3682642039115	98.62568887690264	92.68891967723894	94.08314822698433	107.2721197272724	101.7216880394521	105.8669134002084	102.498412187063	92.22070575779394	103.7009046151686	98.50748343087388	101.94888857932	92.85556832584281	98.20864779270586	95.65620008643991	101.0769072333382	96.83457875224296	93.17605995332281	105.8663105195971	100.3971723164288
98.55861840273582	93.15990331916012	95.23652701868041	101.9015115515161	96.58399680341431	106.8589723707784	101.0230220153616	95.36691853114212	95.46069698025596	103.6926470642959	95.1084939310352	92.74231828583008	102.3973775558941	105.873314311074	103.7295611463665	97.76486271118142	100.7567792359745	97.58035388057202	98.41914946727167	103.9355669187641	103.5308875895032	106.9539976514592	96.22268767904747	97.53936626893409	102.1234009542706
92.7931542027184	98.0712660017828	102.1057213241284	98.43244759038581	104.8014034992468	105.3091650685854	92.85674148367673	104.3257346469969	96.2365507701508	104.7000789381041	101.050090645812	103.6739121201116	106.7397591935867	105.6416172730151	101.2048782776555	98.44091899640286	100.4752369665648	99.97921282699079	92.94619677778923	102.5048108182245	103.95492265366	100.186869846845	99.98230192624899	93.66986409940851	96.02478663646998
103.5568214857592	99.75466255054421	102.3470780237664	94.51754562881861	101.5011846637579	96.09141230777718	98.40759430751189	96.84169385477944	103.9159044461049	105.0261965227365	102.8862629265932	107.4139364126823	106.0219387138308	102.4026931719204	103.908335323385	101.7865670935433	93.057617583115	96.57014184386081	102.5966652854656	105.7447649160517	96.70688286150532	94.62871182127466	101.1749141164768	100.4308007933829	107.1845314667423
104.1057646434936	94.91541648274554	103.5870191734517	93.0259492856369	105.7736611265564	96.00115334213905	97.64225320585918	104.3849218532153	103.9793138812887	94.26929132131193	95.84897475860984	95.09873031064842	94.38939487371945	101.7844838508563	92.852802368688	106.5316349584787	101.0619366176465	96.88057095815081	101.3023605096259	101.1226244831322	101.8931299742478	107.1482544854205	93.12792493160246	94.27892534638688	101.7952287984205
105.1006903096166	100.175903581932	106.2103231072094	103.5745251056301	92.8451276699254	95.48863142731341	95.30534877428158	99.31504175871777	94.17722082849481	105.3166978466195	106.2873733361352	98.39249598559188	95.68801170048955	92.95536773333853	107.4239816527906	105.5961841551863	100.7973456215128	96.48551070742251	101.2783320910316	92.8368414037265	94.29784938259105	98.4649982971907	105.550785716513	102.5408550157977	102.4002026895964
95.25415585454783	101.6645580116154	95.23176913237334	106.0193586991166	97.25610696320457	94.10250205378024	103.4618833897484	102.4764770770874	107.4355509208418	93.40623914152404	105.0257914558857	106.7748010642813	99.38978131768452	98.25367911283853	93.40313626557365	100.8285213913422	99.06290987589534	93.28536325470186	102.0922825409306	98.04747220975372	101.8008533870637	100.8924327620689	104.3855314966232	100.5091016462685	103.7606796404101
99.92312241846717	95.9399130302895	96.20052203025421	104.5312693227029	102.208171743865	100.4484931559021	103.3829911526253	102.0871412833369	94.23178274003354	100.9352265333735	102.2572705824485	102.9559849054353	98.98145087055266	94.29213407325562	96.8299804790508	96.23514387986006	102.540783023144	96.43157466408715	99.94318077856894	94.72341871506673	94.37795228100983	106.1699926535365	102.2842867990155	107.374371884361	105.2369605129782
96.21875613894204	95.42610992480783	96.35679142643551	104.1348836701879	104.7945640175754	103.0105034078999	105.6688752587271	101.6443911227474	104.3003237155573	106.8751883565336	106.6002791395092	99.69155165557176	94.42909271098947	106.2311067258241	93.6938313278918	97.97408655794361	106.0494895744643	96.99465633851872	98.89596301931367	99.14938625877818	102.6506570618154	103.5951490630676	92.48943027130132	97.25463503343079	103.2915778111767
104.6976203276574	97.2621635454319	97.43154198482088	101.598340542804	93.80216074337854	95.87444596190677	93.89718171063259	101.8273710256717	102.5660422999929	93.891444742408	96.30476178368146	105.666841812675	103.5850386885025	102.4082763966251	96.53709550837667	97.62306631250914	99.97749391854515	96.7426313744742	99.22809361515013	105.4812723080003	99.21812656742451	105.0369841152503	104.4259529935819	95.66076772607546	95.44428896797604
104.8241809025387	97.97512408481875	93.23007159561509	104.6948005083857	95.5804158322222	93.54767279228066	107.3500729174986	99.86879860422013	100.2841029553745	106.7016830676851	105.9708062008208	104.6947159429191	94.38212176104371	102.9893272030945	102.9532308905604	99.02191949632055	92.59541633198413	98.67657648644042	98.69094670831882	92.20429948992818	102.7218955017255	105.5451299858806	100.9322379410023	95.80699270572687	102.7470254083238
95.66173841131217	105.2189900904787	98.87328010642229	98.9257001372177	105.8165300775287	107.1416565620474	92.95253569737679	97.33578394385285	93.0633067604915	102.1984420803655	107.3870745060746	92.78881696113012	94.79585374547854	105.4683481866171	105.8230134332427	105.32630302144	100.5135903152421	105.3347631817941	91.48736107519275	99.40433710339614	94.41028112819929	104.9393613128626	101.5291204416022	94.06479168181636	106.2709190923008
97.41568121184469	104.4756300850873	99.7588627393999	102.0270679800705	99.65274646654944	104.6680764596121	96.99256799009095	104.8347387452298	98.34792501747286	104.3821885425601	96.86384282909	106.1819619627833	105.785319049811	104.0659133521925	96.8808657713854	93.26785066431836	94.15696711417851	96.80546992065325	92.63231227723524	95.20484294572168	98.65245676095094	102.2166676927606	102.6902318243532	101.0373277026083	96.93818807833654
100.2663780677971	98.77754544427704	92.3742263789175	100.9422300696511	101.9678179006482	100.6043497081631	99.48869244235689	99.52887344480919	94.97942016441712	97.95166732156986	99.20802510822908	104.6229382494546	104.016504610226	97.1777093842707	95.85371986761557	97.22882428568461	102.9358872841391	105.6660576826748	101.8681305584316	99.22005927565134	97.97982164406342	96.10495916907699	102.8840890348085	100.0989870689361	102.5528580190298
94.60913315150493	102.8317699516674	99.79599380175563	93.62265425582895	105.1255979185483	97.39662149209438	100.2847341160894	94.51264975234224	93.67166771691096	106.4253683121725	98.81520800359966	103.5173563132139	95.70284757129002	98.87999149324686	105.6013846115512	99.98043422543908	96.46670779264113	97.47433740196986	97.08089634253525	100.8907739267941	101.0759116223072	105.6648277361224	96.57745210525675	95.17878008522204	103.7105131659722
