"","pairs","resistance","living","litter","big.rocks","small.rocks","shrubs","grass","branches","light.N","light.S","light.avg","Acacon","Acasup","Acaobp","Sterile.sp","Brown.cr","Lobalp","Canros","Calare","Phydub","Rhichr","Xanlin","Xanpli","Xanele","GrBr.cr","Gray.cr","Synrur","Cerpur.Bryarg","a","r","h"
"1",1,1,1,87.41,10.74,0,1.85,0,0,27.2,12.8,20,0,0.17,0,0.06,0,0,0.35,0.06,0,0.56,0.41,0.15,0,0,0,0,0,1.76,7,1.69093953444497
"2",1,0,1,86.85,13.15,0,0,0,0,8,5,6.5,0,0.19,0,0,0,0,0.33,0.02,0,2.85,0.96,0.26,0,0,0.04,1.7,0,6.35,8,1.43757200836870
"3",2,1,1,75.22,13.11,11.67,0,0,0,34.4,38,36.2,0.02,0.22,0.06,0,0,0.02,0.31,0.06,0.19,0.07,0.78,0,0,0,0,0.24,0,1.97,10,1.80912996364364
"4",2,0,1,95.26,4.74,0,0,0,0,19,21.8,20.4,0,0,0,0,0,0,0.15,0,0,0,0,1.63,0,0,0,0,0,1.78,2,0.289075484291886
"5",3,1,1,89.74,10.26,0,0,0,0,31.5,44.6,38.05,0.15,0.11,0,0,0,0,0.39,0.07,0.04,0,0.02,0.52,0,0,0,0,0,1.3,7,1.51450351636641
"6",3,0,1,91.04,8.96,0,0,0,0,10.8,12,11.4,0,0,0.02,0,0,0,0.07,0.02,0,0.19,0.48,0.56,0,0,0,0,0,1.34,6,1.28906634043945
"7",4,1,1,99.07,0,0,0.93,0,0,23.1,27.2,25.15,0,0,0,0,0,0,0,0,0,0,0,0,0,0,0,0,0,0,0,0
"8",4,0,1,98.22,1.78,0,0,0,0,20.8,16.8,18.8,0,0,0,0,0,0,0.15,0.07,0,0.22,0.19,0,0,0,0,0,0,0.63,4,1.31473157340795
"9",5,1,1,96.26,1.89,0,1.85,0,0,26.1,27.5,26.8,0.02,0.02,0,0,0,0,0.17,0,0,0.07,0,0.89,0,0,0,0,0,1.17,5,0.795958349150379
"10",5,0,1,80.41,15.33,0,0,0,4.26,10.8,6,8.4,0,0.09,0,0,0,0,0.26,0,0.09,0.07,5.57,0.07,0.11,0.04,0.04,0,0,6.34,9,0.599305522265896
"11",6,1,1,100,0,0,0,0,0,16.1,43,29.55,0,0,0,0,0,0,0,0,0,0,0,0,0,0,0,0,0,0,0,0
"12",6,0,1,80.07,19.93,0,0,0,0,10.6,19.9,15.25,0,0.07,0,0,0,0,0.87,0,0.07,0,5.3,0.3,0,0,0,0,0,6.61,5,0.680686542833446
"13",7,1,1,87.78,12.22,0,0,0,0,25.4,34,29.7,0,0.31,0.04,0,0,0.04,1.09,0.04,0.85,0.41,2.56,0,0.24,0,0.07,0,0.11,5.76,11,1.66832154414850
"14",7,0,1,82.59,17.41,0,0,0,0,6.1,15.7,10.9,0,0.06,0,0,0,0,0.26,0,0.06,0.48,0.19,0,0,0,0,0,0,1.05,5,1.33992594304289
"15",8,1,1,30.96,43.93,25.11,0,0,0,32.6,25.8,29.2,0.04,1,0.15,0,0,0,1.43,0,0.41,1.07,5.93,0,0.81,0,0,0.11,0.41,11.36,10,1.58665694956361
"16",8,0,1,78.26,21.74,0,0,0,0,12.1,9.9,11,0.02,0.48,0.04,0,0,0,0.02,0,0,0.04,0,0.74,0,0,0,0,0,1.34,6,1.03081435941445
"17",9,1,1,75.85,16.56,0,7.59,0,0,7,7.8,7.4,0,0.09,8,0,0,0,0.56,0,0.11,0.59,1.19,0.26,0.15,0,0,0.19,0,11.14,9,1.08229504661624
"18",9,0,1,94.19,5.63,0,0.19,0,0,10,2.6,6.3,0,0.04,0,0,0,0,0.06,0,0.04,0.57,1.13,0,0.15,0,0,0,0,1.99,6,1.13697110360929
"19",10,1,1,84.07,15.93,0,0,0,0,34.9,30.8,32.85,0.11,0.35,0,0,0,0,1.37,0,0.2,0.56,3.76,0,0.02,0,0,0.04,0,6.41,8,1.24205793295216
"20",10,0,1,56.3,41.85,0,1.85,0,0,11.1,9.8,10.45,0.04,0.15,0,0,0,0,0.46,0,0.17,0.56,0.48,0.33,0,0,0,0,0,2.19,7,1.74948198423838
"21",11,1,1,83.37,15.89,0,0.74,0,0,17.1,16.5,16.8,0.04,0.17,0,0,0,0,0.61,0.04,1.19,2.02,0.11,0.93,0,0,0,0.04,0,5.15,9,1.57531673305924
"22",11,0,1,85.93,14.07,0,0,0,0,7.6,4.9,6.25,0.02,0.04,0,0,0,0,0.15,0,0,0.09,0.04,0.24,0,0,0,0,0,0.58,6,1.48896515897765
"23",12,1,1,97.78,1.48,0,0.74,0,0,34.3,19,26.65,0,0.02,0.02,0,0,0,0.19,0,0.07,0.19,0.74,0,0.19,0,0,0,0,1.42,7,1.41549044862082
"24",12,0,1,88.89,11.11,0,0,0,0,17.6,8.2,12.9,0,0.04,0,0,0,0,0.06,0,0.22,0,0,0.65,0,0,0,0,0,0.97,4,0.908382723070937
"25",13,1,1,100,0,0,0,0,0,27.6,6.6,17.1,0,0,0,0,0,0,0,0,0,0,0,0,0,0,0,0,0,0,0,0
"26",13,0,1,99.37,0.63,0,0,0,0,1.8,3,2.4,0,0,0,0,0,0,0,0,0,0,0,0,0,0,0,0,0,0,0,0
"27",14,1,1,43.19,49.52,3.41,3.89,0,0,34.1,31,32.55,0.09,0.57,0.06,0,0,0,1.17,0,0.19,0.44,0.74,1.56,0.09,0,0,0.44,0,5.35,10,1.92121954266735
"28",14,0,1,96.3,0.74,2.96,0,0,0,5.6,25,15.3,0,0,0,0,0,0,0.04,0,0,0,0,0,0,0,0,0,0,0.04,1,0
"29",15,1,1,66.11,18.15,15.74,0,0,0,21.7,17.9,19.8,0,0,0,0,0,0,0,0,0,0,0,0,0,0,0,0,0,0,0,0
"30",15,0,1,72.26,5.33,22.41,0,0,0,5.8,18,11.9,0,0,0,0,0,0,0,0,0,0,0,0,0,0,0,0,0,0,0,0
"31",16,1,1,99.81,0,0,0.19,0,0,11,27.8,19.4,0,0,0,0,0,0,0,0,0,0,0,0,0,0,0,0,0,0,0,0
"32",16,0,1,70.93,28.15,0.93,0,0,0,6.3,9.8,8.05,0,0.11,0.07,0,0,0,0.69,0.02,0.56,0.04,0.89,0.17,0.17,0,0,0.11,0,2.83,10,1.80552649851602
"33",17,1,1,52.59,12.04,35.37,0,0,0,9,29.2,19.1,0.26,0.13,0,0,0,0.04,0.39,0,0,0.19,0.26,0,0,0,0,0,0,1.27,6,1.63840926069627
"34",17,0,1,95.3,1.19,3.52,0,0,0,3.1,2.2,2.65,0,0,0,0,0,0,0,0,0,0,0,0,0,0,0,0,0,0,0,0
"35",18,1,1,79.81,20.19,0,0,0,0,28,9.4,18.7,0.02,0.15,0.06,0,0,0.04,0.41,0.56,0,0.17,0.59,0,0.04,0,0,0,0,2.04,9,1.73839722650393
"36",18,0,1,98.89,1.11,0,0,0,0,13.9,11.6,12.75,0,0,0,0,0,0,0,0,0,0,0,0.07,0,0,0,0,0,0.07,1,0
"37",19,1,1,75.19,24.81,0,0,0,0,10.8,18,14.4,0,0.09,0,0,0,0,0.31,0,0.02,0.61,0.02,0.04,0,0,0,0,0,1.09,6,1.15639653895981
"38",19,0,1,96.52,3.48,0,0,0,0,11.1,16,13.55,0,0.02,0.06,0,0,0,0.02,0,0,0.06,0,0,0,0,0,0,0,0.16,4,1.25548232517875
"39",20,1,1,47.48,45.3,7.22,0,0,0,29.8,40.7,35.25,0.17,0.3,0.09,0,0,0,0.54,0.02,0.31,0.09,0.13,0.02,0,0,0,0,0,1.67,9,1.83819583089806
"40",20,0,1,97,3,0,0,0,0,4.5,10,7.25,0,0,0,0,0,0,0,0,0,0,0,0,0.02,0,0,0,0,0.02,1,0
"41",21,1,1,48.93,21.93,27.67,0,1.48,0,11.1,16,13.55,0,0.04,0,0,0,0,0.09,0,0,0,0.69,0,0,0,0,0,0,0.82,3,0.535090619731126
"42",21,0,1,97.78,2.22,0,0,0,0,16.6,25,20.8,0,0.24,0,0,0,0,0,0,0,0,0,0,0,0,0,0,0,0.24,1,0
"43",22,1,1,94.15,2.33,3.52,0,0,0,23,17.7,20.35,0,0,0,0,0,0,0,0,0,0,0.02,0,0,0,0,0,0,0.02,1,0
"44",22,0,1,94.85,5.15,0,0,0,0,6.8,4.9,5.85,0,0,0,0,0,0,0,0,0,0,0,0,0,0,0,0,0,0,0,0
"45",23,1,1,95.67,2.3,0,2.04,0,0,18.9,22.9,20.9,0,0.06,0.02,0,0,0,0.24,0,0,0,0.17,0,0,0,0,0,0,0.49,4,1.10458009497196
"46",23,0,1,74.44,7.11,16.04,2.41,0,0,5.8,7.1,6.45,0,0,0,0,0,0,0,0,0,0,0,0.39,0,0,0,0,0,0.39,1,0
"47",24,1,1,56,44,0,0,0,0,25.9,30,27.95,0.17,0.54,0.09,0,0,0,1.31,0.09,0.35,0.57,0.93,1.26,0,0,0,0,0,5.31,9,1.89140037406177
"48",24,0,1,100,0,0,0,0,0,18.4,10.4,14.4,0,0,0,0,0,0,0,0,0,0,0,0,0,0,0,0,0,0,0,0
"49",25,1,1,82.85,16.04,1.11,0,0,0,20.7,13.8,17.25,0.04,0.04,0,0,0,0,0.06,0,0,0,0,0.89,0,0,0,0,0,1.03,4,0.544150846380239
"50",25,0,1,63.52,17.11,19.37,0,0,0,6.2,10.1,8.15,0.04,0.19,0,0,0,0,0.13,0,0.06,0.07,0,0.13,0,0,0,0,0,0.62,6,1.66664843018384
"51",26,1,1,48.44,18.04,33.52,0,0,0,26.1,31.4,28.75,0.02,0.06,0,0,0,0,0.06,0,0,0,0.02,0,0,0,0,0,0,0.16,4,1.25548232517875
"52",26,0,1,91.48,8.52,0,0,0,0,8,10.8,9.4,0.02,0,0,0,0,0,0.07,0,0.04,0.04,0,0.2,0,0,0,0,0,0.37,5,1.28625127035920
"53",27,1,1,33.37,42.59,23.96,0.07,0,0,42.7,39.8,41.25,0.07,0.33,0.07,0,0,0,1.7,0.04,0.15,2.56,0.28,0,0.11,0,0,0,0,5.31,9,1.37622500345064
"54",27,0,1,74.7,25.3,0,0,0,0,8.1,9.2,8.65,0.04,0.07,0,0,0,0,0.02,0,0,0,0,0,0,0,0,0,0,0.13,3,0.983961446001026
"55",28,1,1,19.04,51.04,30.26,0,0,0,45.1,37.5,41.3,0.19,0.67,0.09,0,0,0,1.11,0.07,0.2,1.56,0.94,0,0.22,0,0,0.09,0,5.14,10,1.85243175184867
"56",28,0,1,96.3,1.3,2.41,0,0,0,13.6,10.6,12.1,0,0,0,0,0,0,0.02,0,0,0,0.04,0,0,0,0,0,0,0.06,2,0.636514168294813
"57",29,1,1,40.33,59.67,0,0,0,0,29.7,11.4,20.55,0.11,1.04,0.02,0,0,0,1.02,0,0.06,0.13,1.59,0.07,0,0,0,0,0,4.04,8,1.43161522329191
"58",29,0,1,92.59,7.41,0,0,0,0,5.8,1.8,3.8,0,0,0,0,0,0,0,0,0,0,0,0,0,0,0,0,0,0,0,0
"59",30,1,1,77.67,22.33,0,0,0,0,45.1,20.5,32.8,0,0.13,0,0,0,0,0.48,0,0.13,0.35,0.19,0.17,0,0,0,0,0,1.45,6,1.65913042226315
"60",30,0,1,90,8.33,1.67,0,0,0,4.8,1.8,3.3,0,0,0,0,0,0,0.02,0,0,0,0,0.19,0,0,0,0,0,0.21,2,0.314492201281411
