91.61422656287112	101.8718069006318	94.28950251290387	100.4630413941017	91.22868667767041	90.92218608262459	97.09977431050616	100.1336580427716	98.46232944763035	100.5304466581811	101.6115512954407	95.92199530592578	103.2653982342548	99.99324108301258	91.46807241020106	91.78952961509141	92.23381041935436	93.77136613847276	95.49429005973707	101.8044654102515	98.00099815017194	98.46714175252914	101.1127406614504	105.0860491981202	98.85693848016665
100.1702989396877	100.3508491888421	95.69833733170584	105.722549096559	97.91193685367689	92.72315382936858	103.2711199807111	97.63304119267727	96.92237363811445	104.5335767642019	106.9918172366454	105.0691227426733	102.9506948786579	103.8380140949369	96.64749076814853	97.97659294400347	93.69263326751761	99.39649911128897	102.6176061065374	96.76614571185368	95.03912989719238	101.332401405996	93.46698255419415	105.574803380786	100.0714816944848
96.96955801085886	102.707992367629	94.60388945204289	94.00490683370529	102.3765749359989	106.0025285954375	97.41336151408365	100.7082163735031	96.58411882718171	95.45164005191607	99.9977436106041	106.5478675780685	104.8284081741991	101.1828183751645	102.2185255578986	99.51090833415806	99.99264840222762	107.3411687710379	99.57900222899633	95.49690256179602	104.631076962085	99.34786804300533	93.41720669902995	100.0968903520411	89.77387257536222
93.60573440799521	91.88027805928135	103.1041961169965	98.01726930615153	93.0157235598973	95.02340911783998	94.89566942673537	93.48815224875159	96.29478987044081	100.0417311150735	104.1214628704422	105.7415223588568	106.4137001337024	104.0595233353979	101.7348296534813	104.3290577798835	102.7237406220678	99.1457834294031	94.54858339171503	98.41979729315446	95.64762556014011	98.7790243574302	100.149838121012	107.3982290461861	102.0540747068069
97.78069823561715	98.37247204752339	103.5225970404038	99.81087919820727	103.0172854661272	96.3283277832974	102.5684836152498	91.1801952090614	101.6019270772374	104.9784586324885	92.56939687220061	103.0489704096175	95.86116208676617	105.0654528443836	94.82963971686671	93.360467431608	100.8997648594526	94.19600617100097	97.14023013858566	91.66954512695658	95.04674165401967	100.0365148408588	102.0575566163766	100.4833575789164	94.08345341191534
105.1508094589704	97.5478696061104	93.9624976998855	100.46597234207	106.8433508888819	100.1577859307335	97.10081802549297	101.1830229033049	97.63765062660441	93.78749711641706	106.8892313123094	91.81786300231411	94.85903647803438	100.0556355588769	104.1541755528696	93.1404009999453	87.1185756438842	98.32704949746113	93.35129180951041	102.6071940896935	103.6433075713827	97.97620204524986	94.94231681631686	103.6391644955263	101.7391678341686
100.1975783049869	97.41596201189657	94.15996972720798	105.4857193083741	95.33244343497879	97.80489717631657	92.19017923039125	101.2514004806687	95.13780535528119	97.56280662798889	95.87049556433774	96.2581386015267	104.6094514348883	94.31417830729032	98.25642436440626	105.0345634414645	104.6076643956425	106.9095465445142	96.47865436594398	97.60041270826899	93.27748928969443	102.5830801024863	102.7154393464877	100.1572439450908	99.77198941451502
100.9659352612731	97.18918399737959	102.8297161496693	101.914957104796	96.35205861514855	103.99792762522	102.457402932106	90.18777110745242	101.076664154017	107.1150840689024	107.0028858778365	97.75948517351216	93.99251782322379	97.32054123892411	102.3883248066453	105.2371583013048	89.89185275868229	94.63073167812962	97.51273993586872	91.31955025313077	103.0707417367674	97.73546333193357	96.98883968290389	107.3417821838518	105.3228104440994
87.2831961737696	87.13047102095165	99.7522622612439	96.22591331216022	100.7519469655025	95.06322994188884	90.13178696915126	98.75083106091314	90.31997597035954	99.16346113318218	99.51516612521425	93.96991732934202	92.55686818538874	92.67146132250393	95.86309153131161	91.89467517728657	94.42689227213465	98.19607086598906	96.51416236133231	105.579970139336	102.2435591757544	101.0645431641263	96.34681591147478	98.38398164086779	91.10023822128259
91.94894995527564	91.68168958073183	99.54993970157685	95.22433283617342	98.38572313296829	100.2224749078147	95.49458056635926	90.84796906976416	106.0519440972285	94.5003422416595	105.66154017736	94.54918344015432	104.8067694776147	104.6634556389928	96.89069697378841	102.5756193070768	95.4841234082172	100.2298405871412	95.73389894333307	102.123224517246	100.1874360717605	105.3913207721334	98.92841404276861	94.37320229702078	95.48896450204145
101.5531994063598	101.3031145983296	102.3570208707908	103.171255835125	101.6755715186177	96.98618006297895	92.05003106058095	98.26406704894315	97.43424335374911	93.02429294518268	104.2226269084955	93.19231741867135	105.5996108744717	91.87654056882283	101.6559733959025	100.0013833463408	86.52259106254374	99.71474053970336	88.67800680269639	91.41377301097945	99.14012109660885	95.25193797431061	95.52633750079292	105.0649680885142	101.3569578544347
96.36612301124339	100.9559810131367	103.2467725309649	100.4777579713472	98.44690717265232	95.33278702997551	97.93189944525986	91.37844091062719	95.70452861585552	93.79543878734151	99.33847851403489	101.3196664039043	96.44817465495302	96.21969912189775	92.60629880072919	103.8370909625103	96.34668997878775	105.4768806170728	93.16880613468095	98.86242554564888	95.30168335573863	96.27988155355551	91.42384809766153	96.41677241352198	98.68538524353235
98.02170430118842	92.81017293455263	92.88829580610471	101.7416146854829	92.80296162028907	96.06305584980932	95.95211495306691	97.80547611385735	98.58304892480642	107.1159792719194	96.04888312698031	106.002514844074	102.7710812425098	105.438137931008	100.4050116638287	105.4390741190036	90.4302302829721	100.9179154597166	89.88267629060752	93.98800629904663	104.8621375257316	106.1206744948829	100.7780383990621	105.1109867768154	106.2666312802078
97.07686578646531	95.44827184990234	92.42478805578205	98.34577871013973	105.681430832528	97.75623085631908	104.2396088210996	99.06166862176516	105.6406063144821	95.32103727079627	103.6559836066747	102.6049244700264	101.0118089421141	101.5151771457006	93.18362004733441	101.304900312563	87.11282760550195	92.24167792636949	96.86721575721781	91.3167123312294	96.05196984332947	100.7222096032101	95.9432677208687	93.07379139867504	104.9006374495579
102.1581829371974	94.93976087729602	103.22905166434	90.54000327907708	106.596771753607	95.65449640694129	93.8470910856005	88.82520095474231	96.24947309044667	93.46864615800474	93.03420161937036	101.7394330836123	102.501471165159	101.6958492969317	95.13473315256354	102.7990753529595	86.86965374920381	101.1976102641961	94.89781525570696	89.78618248699459	99.08290521715951	106.2215696396319	95.80239366156135	105.1616110808289	96.45007831150541
101.1305441323707	100.5410633891371	91.63954376857029	93.56661293908374	96.8542321645224	96.76118555452845	93.61105279497649	90.81427869191879	92.99131863945502	91.83180425405132	102.231024907526	100.7300744799682	105.8450664035587	94.00382696647108	95.69471438128016	95.64260702970891	92.08351700899361	96.44447624934215	96.46248152914978	100.9296944498843	99.6467628224346	93.87916085094091	92.75234117967359	98.85068598956407	103.1960212867703
96.10409551782004	98.47445219709367	89.24592155679493	98.35167011553528	103.5170147019983	98.29778371702676	99.44090092954296	89.6688881992703	97.05232424544911	101.6891016715769	97.52577448840316	90.14866467749215	94.73340387476858	104.2016641415664	99.54852849969924	94.06517589935189	88.43105521911954	96.58033479025204	97.68619313786239	86.53119025958873	102.2529110295185	104.2028827788684	94.14289925791505	100.0432778656418	100.5187774729638
101.1667746131041	102.0836821385543	95.92728104304635	102.3189565262202	97.60448746085652	93.41478318213912	96.98819519675246	105.1234837081936	93.90589034073817	103.0392380958854	97.98425645189198	94.48052371236454	105.5535814437151	95.00679884386192	101.6310492000367	94.40610733904865	97.44934061158111	97.64215915921271	91.61237424496755	102.0283389383633	96.76147143899885	95.83298276838026	93.33869355289704	93.31214466462512	100.5572801697548
101.2762857191562	94.29213889331938	103.5524774968969	92.19894712197828	92.33220839429163	93.15347122492359	94.698218345923	100.0842682148277	99.04569605979232	104.3920496396767	93.70587877194775	104.1179091041681	102.4432376412868	106.5352767325588	99.37311891362189	91.19266876661506	102.9617116674466	103.3952390540645	95.66044705453915	96.91414059406758	96.34413079400016	102.9617097225373	97.74824263348521	97.7078504286238	96.23653057385505
99.6571269733995	100.493529351942	93.01648751355587	91.36308831393139	94.21781793779463	100.1552149829627	95.48955044518615	96.34714862475727	93.76123253405608	97.75765903116212	99.56933144498407	99.24963820944836	99.2044798374227	94.77582184401389	100.7679951392822	97.46209839315847	89.99517618577359	104.378708762872	94.96796352395911	102.8413837060174	99.87447426481656	99.94823860523829	99.51973041597674	107.3045786717994	103.7345515103946
103.1914195014513	97.57262583876535	100.8174424857834	97.9931093006094	99.92599484829262	105.3329680360916	90.61902278014261	93.76968463469797	97.9641010069158	96.88177397113806	98.36699982302738	96.47843559452841	103.881859542472	95.73722562087923	103.2938166642463	93.48878877339619	91.46408643380543	96.30609816412527	94.74263090277664	89.98256741802753	102.73356208825	92.8349692289497	103.5934490091572	103.9067976274964	94.1238641922647
92.6705817576907	101.619026711848	90.86456843257332	102.4276701542096	96.74645489618824	104.0111452214078	105.4202917738914	95.44915750243641	103.3172050477583	104.1830795713265	102.5940291501932	102.9623317216327	96.29129840395531	97.16649769545748	94.3653101894312	102.3806452189465	90.54666437202317	98.29313078325848	98.74564411555809	91.01009526072352	104.9090945248316	93.80674934220528	93.14421809708108	97.61299654596066	103.3333677193139
90.65277633310257	98.93169931177428	95.17877415703555	98.77857844248467	96.0793710184978	99.31054501651255	97.03410546607384	91.47096129757445	99.63523403074421	97.69696175081276	105.4651694412505	94.88542175002557	97.12373023620432	102.3522495181664	91.13030788785434	94.43947109000092	100.8514865598779	99.65052498624426	94.94192094840236	96.7489664932735	95.837796320045	100.7707493075679	96.03257807628498	95.91929181494146	90.19690033128724
97.70207664024865	102.3406126259592	92.48146491488443	97.00979417378093	100.9576525333054	98.50422744592206	98.40887518704362	91.42477737490147	104.2761725432252	97.4676545552705	94.07303937522948	94.44757594736515	94.72133624300385	101.406324411893	97.29826462047369	97.38890621286559	101.2623545148809	102.6441141115877	103.0721698669957	89.95026082467307	102.9494518417969	95.22850327500549	94.16137351829964	99.67800353998281	94.9631070059805
93.73081610493151	98.22360243602455	101.7942175351782	104.2122946447236	106.4601460036098	105.6568216019235	92.37598202980665	97.60289173178073	106.0984371647906	97.45215961127651	94.45207548302177	98.15057008750298	92.70784854262722	103.1950706825199	104.1547091238437	93.49376126728505	97.86116008868697	95.48640982683128	87.91842902250544	100.1524713168078	105.5087953700331	97.65689273543848	98.98109466664269	94.87413061009818	97.10767126173411
101.451425330653	96.79121595385777	105.7647678751622	94.32094487165052	94.10176148071126	94.31397568097186	89.22709830378157	94.60523757311617	96.12150803865531	91.74268434511286	99.32881545500003	103.8478105446234	106.571864522217	96.82225499019266	92.89499715317078	100.264402349956	105.3532044267702	102.0596989086586	100.5224435545081	98.79954983608945	101.3179040474832	94.62606378998082	98.01388439026759	96.02811894526901	96.44841397465204
98.50322744084379	94.92312002079301	101.2200813914978	99.72827270829686	106.691836972212	101.7601603259502	91.85049229539383	104.0337704813292	92.68137035104807	102.5574443949715	98.52965632596904	102.4891626146271	94.96383865369724	99.99848105648626	94.23345159673113	99.15775777000115	94.3476150624742	95.31016170449846	93.73203066511729	90.72822205673523	92.63256605289992	94.05712636291616	97.01663110080607	96.43683202878742	93.32980642606209
102.3889414666526	98.81008553186545	105.2250095433908	98.57415946619194	104.0757759589773	94.635897375778	94.37234261664862	93.09822816633876	94.90502192108087	91.89403023990745	95.85171219822313	106.3225017238874	95.62759060053675	93.44425395009573	102.1272309767785	99.84303383781968	97.38103824852625	97.27296325408469	94.90211033950688	100.1668477390505	99.40044470847452	97.48214033231653	97.21161980694021	106.6667639707175	102.9495000906655
101.2467753262288	103.6750183119512	98.24132523553575	99.15254335357017	92.71477877488566	103.83914763483	103.3504362002399	103.0956765815886	104.1295172684702	104.7671591614593	101.0606479487993	101.1041905620422	104.2901544647123	99.81499108156075	90.09000582288888	91.67690748915126	91.95158737756385	92.46348109894464	98.27204606872674	102.4225324028528	104.7737209774352	96.14611240459018	103.2229673017602	101.3120461933817	98.15026159693545
98.15894114269705	96.31229886668272	100.2317587373193	98.11338722691025	107.4298304487202	93.79932297954984	98.19074120443288	95.06205048268035	106.1620299204991	101.3693881113807	92.91410443173463	93.35748323380437	101.3077884369857	105.9791008861799	97.17525280414007	104.0823687748284	97.80140045869315	93.07694871209766	94.07365621433595	96.4631933668938	96.03913416319465	98.55664007115517	87.25431380882711	96.70236824341981	92.62229655302487
103.687942659697	92.73886395827795	98.49673551713654	98.04922275550091	105.2719224822626	100.7008417239812	92.50199758899799	98.00811803681719	106.3822582228279	105.1190811759886	95.57458899801	103.8878179904775	101.5144075195948	95.4776216449681	102.1203389276735	107.2049096945976	97.96415914857234	91.86880216067289	93.54345037836877	96.7142839878735	102.0720482339292	106.6051663436223	89.50491938493083	105.003186618806	95.42551960844777
104.2029929275277	104.9483627144549	94.05922458627161	88.60748458401233	92.81821015019888	98.21858682322917	104.3237952916495	85.28181661163306	96.56276705955584	105.6974439323115	100.8866815998692	88.59645771424695	96.47493125514843	99.59576236283124	106.1554691445527	95.53721744148991	90.10056306215571	89.21127501105339	82.87190523327261	87.33484075302275	102.2611654758872	102.6163746493862	86.94562138394402	94.87939169323468	97.01766523464366
92.65193048532869	106.4558412773396	98.20027070717768	88.83781647187689	93.81070215024121	98.256518344634	103.83172703784	86.08985029162145	106.3736257904077	105.2171726051082	96.10379959345089	90.51643925977554	89.98825685926361	96.96756587605771	98.12139616931846	103.127128900194	80.98361478659332	97.26510684557242	86.0094403295311	87.15813799439636	93.17841411392379	106.2536419751848	93.75733398162639	102.9558569326999	107.2358806820438
101.5094978564265	93.74734823621039	97.44269519063702	102.7462203388894	99.73526198190399	95.8796326148922	94.3467179423246	87.11610735597102	106.5307783075082	94.2822490987741	94.40769795204086	92.73672317724562	100.9248329958371	94.0523878048874	94.5512319242864	95.83073484325112	89.13116279496064	96.05117227505987	89.73571002274721	90.27980300020893	93.61658657936353	100.4922240616881	93.25047615285695	106.8453747658603	106.1429603504581
104.401298921398	92.32107445447276	99.19352525225338	102.0469245535385	95.08745284804652	102.1760599158519	102.2161298449141	96.9400887155435	92.45472278129894	101.0460217672827	100.119844853202	105.2807259688843	102.569612851768	106.7522498227261	95.14913633604698	93.77555755862005	97.5936951341624	98.03621080930363	93.06971614695431	89.96949626138958	101.6538126095634	100.3027770562619	100.3567733957784	96.02220242280077	103.3310655724058
95.73811792249181	95.54312169601533	93.23208162841033	102.1785419168337	93.38655429918509	93.90967863991455	100.1293297182615	90.09942063373586	93.29219964172013	93.28507286010128	102.0221174821706	100.3964261984115	101.4879813107914	98.76869153624305	97.48918692551496	101.1450711766781	95.42194207684261	95.53802313613316	105.1034679790292	90.45745850422934	97.49962829708114	100.3686588005198	104.6252495120882	97.2363590402051	99.33943204917001
93.76427404502154	106.7634513263047	87.91756181463317	98.27323300282097	102.7464196071534	102.7137564169882	92.82115766212905	85.06772468389524	94.91884983897667	98.2990423889237	102.109239331664	102.4907462521766	91.64213411871823	91.57827748437937	106.3921399500004	95.19370383870927	93.42764500244643	94.63094076370174	83.44079705169148	87.75834745298799	94.96548472589052	98.79247635112672	95.37664899736154	103.6213260538633	103.2001674613459
96.21852472050182	105.3367628674022	91.86517976620583	95.46753509098468	104.2499310973465	107.223262144165	102.6844994185117	100.6486910826078	93.66890563733419	94.15542590838994	102.2478033678596	101.3450642005914	91.82366574286887	104.0553401516209	105.3267076825389	100.7373092724784	87.01807104621531	104.5923512168618	99.59706746149352	92.17979742017307	96.74205455744131	97.14621828536158	97.94869211319872	93.09301838653148	98.62061904933564
102.9244516012924	105.2893865008853	97.32189573422951	91.29863581226344	106.5951904860378	93.93745736928082	92.18675989941373	101.5158539706903	99.70342136034135	94.5499759773035	97.54117175067654	105.6078713394691	99.04338175713441	105.8312587506192	96.00545169379924	105.8492718490047	101.1052687903039	97.63951268731066	90.26629358324863	96.63174334950436	100.376877010225	101.4172182411713	88.97815469459513	104.4028629680066	95.47260335768799
107.1694666016637	95.76993023610927	92.47226740192262	87.0426229118237	95.62903737080609	96.80488731459415	102.2405460472379	81.71322955318645	103.7649857614443	102.9293070773212	98.11224241152352	97.41568172127987	89.09727510955004	95.46356990767848	100.4751608972894	98.06428295771325	85.90438515523124	96.156296604047	91.68586504970435	95.38062945271763	101.1972542720084	105.2681431385758	83.23446096675083	103.5801277372214	100.5577915772321
104.0757858807063	100.7333046228893	101.479913917981	96.74526214244597	103.509074462348	98.21662142012602	106.605510359801	90.88468282350192	99.11653128554137	94.9564784018161	95.39145672763624	95.25787772703184	94.26871141643812	95.15776381609047	104.0234374591749	97.18377009750733	89.53395308520624	93.90536129284716	99.91685735836927	95.78318136897576	100.1124834504557	103.8458867107446	88.30096907298689	93.46636177639917	96.7028405822425
100.881155478213	95.24158237676357	104.3110530638948	100.509284734496	101.3909504871447	95.68536740196581	94.76750865857846	97.16244194454526	95.1694703924714	94.79574975777302	99.05481034423239	93.16218511138725	93.88272076606135	99.06289305519223	100.6572238718524	98.93464739438569	93.36460846288448	103.3628025822973	97.3052252032068	89.49550961960622	101.1478219130567	97.78091187802931	92.43607050894758	95.86786345653667	95.30804411502838
92.8270508763954	96.23668362354309	103.4959801321464	103.6684356971097	107.4328787819659	93.55940867322722	93.07631407122147	86.93255608408545	100.9732463694057	95.92309142821399	101.1961106041255	92.0765186012343	104.5800428033549	92.81934720835341	92.85745216917589	95.70007383794146	98.79768598361441	103.2472590746304	94.82590732856924	86.62420470778603	99.0561247556882	106.8031110790837	100.3052359092064	97.80475177120098	100.8338815362543
98.6217213540548	100.5315451163649	100.9593849802092	94.4113903382181	98.60547249263919	102.4974995264676	103.851054946241	87.14449708949098	100.9588287394979	97.35270426098495	106.7308135081122	100.6307590489175	92.25211069671768	98.32980584337119	104.2419551348721	104.1293422625766	94.95768580538333	103.571383702845	87.80900983702787	91.98088191031542	94.04726116424226	93.04163825034875	86.45755876188682	94.22455001163495	102.0146124032923
95.40550063880022	101.4160217855841	94.22392063639492	100.5989075112615	92.80403350366949	99.38658466716609	95.0072494287961	98.2464502650373	94.69171786432375	106.5510342313998	98.15301652572353	92.43831207802829	99.62294560135436	97.9517203211887	97.25942335242392	102.8566182241028	98.83468600250967	106.3194437603578	97.90587238869544	89.1563539722614	102.5399970800504	98.65163983003121	99.81175905445825	106.7039069315029	102.2860916507876
102.7451624005508	102.342621814085	79.63804010485906	82.52710960842397	102.330778292895	104.2375941118893	104.7839026293956	75.86753745023414	96.46966466730035	98.51021168443945	102.0608477330291	95.60739598000178	95.35896143136297	91.51102736990147	106.2385204197566	98.74342593415439	80.64154513848851	94.19760926771168	86.43606765506539	75.29297045031342	95.49224904563896	94.10831106631709	88.57553722334131	92.1387755520774	99.24835715030227
100.6444417947928	98.25357950697871	96.55989307400525	99.88876279030967	95.63979837574435	102.4793274006903	103.3652780294528	87.2229221600311	100.0707742416868	97.21749232185751	101.666117486707	98.14433282930726	98.39725754999338	96.43594398221667	94.75171576743728	100.0589208817507	85.54485874592378	96.08424141513065	90.31365702841907	91.76340875771545	105.778240631966	98.88737223223427	88.39097826063001	98.60290565697736	102.1875855525283
95.92945471063589	92.42175200889923	89.95721638075239	93.13086881656932	101.2382889486285	102.9644704223502	102.0952272877236	88.09634266324787	90.16113420033389	95.24081546981959	90.7365576471837	86.9019776113924	93.66539215518483	93.72228118064697	102.1000061359115	102.7160095785355	79.68931982639036	93.64644337594355	76.68843677132439	80.10388403940729	91.3024023704464	90.81117355188218	86.62859631364439	99.08501013958674	98.97693876532047
95.03256407982082	101.6962755478408	87.858391331067	86.3059574968312	102.0490503003528	104.0332962558696	95.51275930880797	89.34025221179954	90.7956313471088	95.39680912480006	102.4281342341704	86.27909722768754	98.08055006130537	85.8057629279396	95.47795327788511	96.45255046018109	84.19720229101983	92.85984768217872	80.4803020116847	87.6525744956454	91.31464523148182	102.8350828552027	78.89337403168454	88.29056715024544	106.0991799154091
92.90538181201551	101.1392902709078	89.64800092976415	96.65180053829663	100.0657100948303	93.18032668699171	104.6537765783509	86.63240475601381	100.8493898092767	107.4326838072057	99.91063707929004	101.0619884752273	92.72478521483296	96.90542837861921	96.85205343146917	95.35409702740422	94.27787841414847	91.25800372770635	97.649347141612	99.33033729210855	107.3688145105072	97.29911487246315	89.58776122164454	92.12337786021448	106.8821416146166
