76.35284131412374	79.19277766043879	92.5287946306718	104.2698278724258	95.83289900443287	98.08401646251075	71.75235808985065	81.71444962631456	90.62389696161189	91.42930909971739	105.3623526689819	92.41561027604988	106.4420866128405	95.46282616714633	78.67926869839275	82.3828251512538	88.5868114443077	100.1533163426502	87.35461643143896	91.23985766570928	88.66756537359595	89.05598651125004	89.67225307786759	96.73762298876984	78.64490757310259
76.96463658961665	71.27451548814686	97.73460099859854	104.0837637514838	95.25348308720143	85.71350790806537	65.4976898237027	98.36380067583886	88.13533577418642	94.32079548085596	101.3825754256975	101.3876912848171	100.0080841161505	101.5224479760555	76.4042617484651	72.33735172890228	83.65949780546374	105.3005517525496	89.53129135688593	98.76032796196037	86.38577511453404	95.57972739238338	94.39472345522137	91.42968776402462	78.66765901077646
45.95298987089584	48.95174360344839	95.24364023343288	97.37169805158238	77.03059590187762	69.53935670273133	49.43250331020614	104.0405113729195	80.03032703199329	78.04234854852717	82.97292106986187	96.5064619308764	95.03673264614595	87.02130097676226	42.62321802327107	46.99486146516072	97.87858797178689	93.27732863103529	95.35423608674702	100.3111763104364	60.83139052306005	76.76482839585188	96.53539942974682	80.84078382709139	62.55732290739535
42.09263783949685	46.05976089649933	94.30522662814671	101.712431570184	73.25606279193909	78.69019289934715	36.73696290557635	96.9715237577706	78.90701669862717	76.17683502372907	79.68023332636817	92.75388798885365	98.62870069102622	88.50754910979998	49.68580499945885	43.27604264724038	95.5205359561235	94.76567774615205	104.2848771417324	100.0858353743492	61.6120391155321	76.26783600748904	98.5253330966038	87.99440597876597	58.65224695855437
68.22680784472743	80.98752547144309	100.857580534567	100.4582291498793	90.78792539303052	90.01049255087977	71.25449320222221	95.74431045266358	86.90024561187705	92.70575816811932	95.09108231213888	92.54670833155025	105.1895451064769	101.1421201771947	79.64617148504198	84.75777812462979	92.24737611148956	97.54806439910639	98.04589061204464	85.84628165088718	81.83143216169708	101.3449268829233	83.51964208115822	104.5451599633129	78.2392620942779
65.52565795421555	74.71871025253586	93.20637867156864	103.0301053645728	92.00146564632988	96.60351005836907	75.65253189291691	94.50490302150507	96.33318076155665	92.85950739211988	89.50983132492641	93.73837268613845	102.9337832031829	97.48910038167688	72.09712016443027	77.84087988533801	89.95986332922975	104.0454787631171	90.33841226508548	86.3914052092926	77.83055303348853	92.99715634267952	98.12548705385892	96.79744373604943	73.94979817693462
76.31920378075179	82.3666405506921	100.4367392576472	93.30710138935125	101.89886410568	93.10638986069925	88.31640129125223	84.12876835223202	102.4065611012513	94.00275059769301	99.92636017402903	96.33593128878691	100.6070875835533	96.86366510734013	83.70088225304184	90.09251180196061	76.18442766295004	98.23483578915209	93.08063913405009	87.86720367454433	87.47506536302059	94.88727135034041	77.10806796783504	104.5549029379025	94.27638265386017
90.90904093973377	91.79159803586066	86.70252117775277	87.06149418159326	104.3374617041246	100.9406320555994	89.18206724803606	75.08081782189943	99.38542411377692	102.5661111623511	100.3109877701009	97.35260105389008	91.68561717952286	99.5442712035474	84.86773072585314	93.91611015712253	75.62307625543463	98.34905323702134	84.22030269516809	73.60812195298566	94.54271369480153	100.8673747472394	70.46487906722946	104.7591385068004	97.11638032307008
84.04951612814394	85.44460586764177	84.74066884379198	92.53148385585884	97.75996445922907	92.13129261539073	83.1230185683372	87.84075315279397	101.9256625610078	101.1757820222876	102.9053808658066	94.82473519700328	100.4905907102457	103.3093646565999	81.15856369154814	81.06668742312993	75.16967967932935	101.6634540637229	92.64410793590235	76.06395635942816	91.57250972879669	92.23232182115845	75.15158131849921	93.06899674410985	93.05673261530853
69.05760851930705	77.20767758504408	92.18979504650652	102.5440005365725	92.36434528080915	92.39911888974675	74.03522535833498	90.25750743701543	82.62435488562892	94.6760020769923	89.17970153162315	102.9543640634204	96.62564337353885	93.70416127291703	76.21736896499509	72.65361777236481	93.60134175089991	105.6297829447912	102.3330458241288	97.87778741446667	81.91844354038336	94.13385189760625	97.28414064980026	90.51206859686252	77.63960081917843
88.27137849225001	84.27961520963319	92.16353052189194	96.9241844976119	94.51977278317054	97.31895141483228	93.23295201671156	78.68797918691121	96.43501485406186	98.84573386253172	95.17703176083998	92.57683538332358	97.86073212762453	102.7801281090138	81.32787840735456	95.41900251131214	70.8741918036479	105.0952449000581	87.21972791837547	88.10819196722872	88.41833781622623	97.24972871507883	79.04704300187197	95.01636702012567	90.56766363813853
90.65916396724982	89.42298676745935	86.56735821811571	89.00096209258477	102.0668738924041	103.1925946677903	87.81334512914363	81.64353128256872	96.45296677627401	101.595014737988	94.32694356918584	101.4932112604951	96.64643454479571	91.93147768328571	88.51192185764037	90.77117397959351	63.10346891432907	96.61484457750011	86.40809907203614	72.07890433857843	97.5161786795688	101.5662835291405	80.80443404588739	92.68777518645885	91.90359034931461
68.53898812945278	86.42291121292349	98.78076927710634	98.30343957464464	97.7313050214709	98.88811603091919	72.43313309910393	87.30449506082067	91.74236984294599	89.27032960376148	104.7343495371875	97.73253234064133	107.3679088652863	101.7495299574665	76.08315900628297	83.61387014147367	92.16977733918199	93.71780334723663	99.50310952915189	95.68894398763149	84.83450034159935	89.21360816560792	90.13100446341959	93.11375545704061	78.31333773260417
85.25284314505696	92.8336524788317	92.27216321517163	94.50349842682077	94.8657105349003	91.07655202427964	93.19027098777575	73.53284452445983	99.80158625548434	96.71146463481111	102.0292732502103	94.48740756770817	94.22737064656987	94.05956466747563	83.14568991573498	89.05781822857874	76.45562076654393	92.9002507387623	82.08426268507552	74.59932862965282	97.52958489038633	91.76385959946505	85.29267979781575	102.0221726864786	92.66053381611661
95.61908130838356	89.77778077960605	79.83183683166457	80.98773913931508	93.46970679716054	93.70145878660027	92.69176227192379	65.68653593207603	99.91311056649381	99.93351917974934	102.4405007381841	85.78588064057278	95.68511348564067	100.2343878993933	89.61498847006945	102.8965002923074	57.2521582074244	104.202803683241	75.33137287163457	76.90375402183744	105.2615356902737	94.89924958641745	74.56632032670203	103.3795179990452	93.00422750107924
83.14801511573918	95.26349923349379	85.5861165384427	94.3277781125844	102.1023467430106	105.7244124515552	88.57369397415216	71.7624502587441	105.641406138075	92.02791493338445	105.7733454238413	100.3321720688399	93.97528257141495	94.50912959419894	87.92931560798559	92.64804287839318	71.97165298101227	91.74859217245125	79.58355060776127	74.55671241095199	92.07622400551669	95.40390321319089	74.45699136006883	98.58393158566354	93.30403258208415
86.65725167692551	93.26348149280523	86.29537075274717	90.82450559872456	92.43827570988324	102.7517208862613	91.91038772475812	69.94252550329584	106.0758680136197	106.4093642319738	94.32588621976863	89.26928319882538	90.38705656812218	93.31043776448161	86.41591681109823	90.76875518059364	62.80516444225506	90.9258148786934	81.89146308301821	76.63594717299124	97.29072777927371	101.6550285726308	70.17860552652523	95.52784601043697	89.70591543637619
87.80508793728428	96.86230650032159	82.57310522116398	77.03121817978766	95.75097758882649	97.81868826034199	100.4702016868588	61.56875285286266	105.4146539568879	93.0783262222082	105.8634815870818	84.73282796383701	94.56542079268978	103.5742381802266	97.14626476133577	95.90976444116421	51.76143115358801	89.13554879550198	68.87087289421592	66.71575836620769	102.7384637199028	99.13423562470844	61.76209412943696	97.74749308255782	100.7830633028252
90.40623639785746	100.3096711686542	86.79512230599016	93.45424603584718	100.2278740374143	98.52073883244414	99.47077774365471	76.81143188347049	103.7582097954885	96.47053610056361	99.18437644696994	100.4935874973675	101.8900925845537	98.41910153539253	86.47039263759029	96.85074454135948	62.62006251342073	90.5339679919129	71.92945218987221	66.47440172038812	92.61922116277302	93.76735435732313	62.52084050900493	101.7666076793589	90.63660000087587
97.91615225871158	88.27786647072342	85.45893046247475	86.29223548812381	101.3736843844292	99.70994177771604	95.21283708990545	67.37990854671922	94.21138071288466	93.64771306942708	93.65522309190746	98.57262109195932	91.3550215709819	102.133234266314	96.49682894652642	92.597152327576	64.60170579008798	94.979466655457	83.20668159601307	65.54772808052788	104.6133966525091	98.39047989366341	70.39545749037985	98.45179329048796	96.47247355406996
81.15166713211357	86.20261195566789	94.76849944163391	101.6841675418968	87.93496501766558	98.99883312597399	83.58962355347535	86.75112226975011	87.64093239341192	92.4540500059087	93.2291199162955	95.00212238496952	107.1409550589076	99.39667547227809	75.90374625745756	77.78999942304812	89.60437686841564	95.10518571240748	90.18087991537811	95.17563139080552	95.37293107797498	101.480927409373	92.4595816116432	104.0344550905745	83.71007752234958
87.8353600743967	98.21131695428943	83.62328646293643	91.79964689451836	94.07795655194234	104.3503056488669	95.6543165116866	81.23969213648417	96.97851027431419	104.139708408521	106.5619522257998	100.2102623003216	92.80797071855845	96.05718064186397	89.4232759530428	89.67912467988032	75.12359327879923	99.14912207630061	75.23347355305123	74.25555383592469	92.79857829906133	98.18000921328093	70.36444970356021	105.950999136139	94.54319208004239
72.11079684939172	76.21732977395128	100.4732534599861	99.68986591615045	93.76653392761858	89.66479457459302	63.80266608988146	92.63857625144335	84.8070475774295	82.13108276057511	91.53777406964745	93.89542155020585	100.5749422824386	93.27449304339403	67.19152785439016	74.96541012090722	84.83487573985258	106.9120760827207	102.6092129548982	99.33499135798806	79.18801906758632	89.56754598717674	86.04214161327872	101.2921738047597	74.77832350521757
82.4030423394066	84.79399182184713	100.2273025980835	100.4269087817357	89.82194241941839	97.56582131977247	79.65455612439744	78.32104361853635	90.33334195616527	96.67321464242725	97.06985240063335	102.3393161207039	98.4819731283451	104.4662460550047	89.60215703292	93.47442463372317	74.5910974868317	94.17559244987518	80.81136068989242	79.96579064143717	87.51453733944402	99.53851781591452	74.99557680327513	98.77491426553824	85.30726699580072
87.66399745124166	88.63100576933037	92.90361094178998	98.5180615598583	90.36038511455399	94.58797900764689	89.92827871366806	84.8099530683634	90.31981778359886	101.9812814922074	106.8515522351746	95.20335033227416	92.75136076964003	96.61407636664623	85.06689198285963	84.43041032658716	70.78024918443735	93.59009988425859	80.8398299016623	83.73124982542762	98.87133125465054	105.2296287075428	74.19440826396375	105.7277458288135	90.98117437115963
78.18442454267137	92.63787421684715	89.50344518561191	93.1172094641116	88.84773403779158	98.98050108633821	81.55893409320463	89.0122350910103	89.67277237120024	94.31488745401855	98.07982497600604	92.23038121827005	100.8178940081389	93.44241193244716	84.2775956507177	87.91824170490301	78.33016147432217	100.4321406981392	84.30931357691716	90.65535569911204	92.27958880517801	101.6356026417414	82.62252633834325	100.6362217399534	84.77331798295197
82.97367292904812	81.21561907194105	97.69145448070086	92.05015407113834	101.8865334706783	97.30156637217439	86.47376972265269	92.0554573371129	90.1007944844801	99.33555660354433	92.79962982832426	94.7140188458001	93.62811691921473	104.5900891036363	88.84628097978764	83.61345326254065	77.00932218055111	98.53703895507876	88.82196423794264	86.95932068355923	90.59621396122034	97.79964402888456	85.20223878781286	97.04407379078962	94.68015421434777
75.03425577166072	84.30574269326853	96.67689025358051	92.20461141984299	96.34229372358065	89.4955403568075	77.43066935464888	89.12792991978917	95.7305006886794	93.43443107280274	97.94691514134843	98.31960097402514	105.0683860932392	95.92506105875071	84.10008450930404	79.1121150628434	89.27737538761266	98.01521892272233	87.73436116171905	87.04691302808907	79.60764829660219	94.33725016554718	83.64032605046357	92.16673595822461	80.42742993337313
95.13763059880695	98.22362426116418	69.98550530366788	78.6537692280684	103.542262936242	93.67388715722461	97.59157076191602	57.62338313854444	102.7289823077499	93.02148167085718	99.62917349025963	84.81071732838505	97.83020832805732	93.92125687344162	103.7863584312218	98.32480216419906	55.38888409038143	87.84444065592166	64.30854425018384	63.81159784178313	102.8106932260725	106.3803783027786	51.88762162369844	92.02243914279867	94.68208010396367
97.85745424728069	97.13105740780213	60.23730167220592	57.7639932426557	96.62483090170248	99.70431991545195	102.248303453517	35.57390776962919	96.25116606049961	98.03798597859297	88.71203617972593	71.22190378669829	81.56114167959987	78.51181742385765	106.5394331232463	99.58270091655893	23.3744299086787	89.37161160710794	36.71207040394944	39.37142689218285	105.2756929952252	98.6923879435746	38.39814580012701	89.95062559860546	104.3012401049471
104.6144827565878	100.3218602582869	37.14474540897922	46.62197792678597	88.35197414915478	88.82323964318978	103.3925835135074	17.69301448932741	89.39675880441359	101.5633011016473	94.75427461317574	59.53530537480265	66.70816349687416	78.54822486828044	94.21418002583734	99.21711207840769	13.83577877112625	80.14097160007391	28.83351261075943	20.46936824447839	97.63100828843461	102.6541468402883	12.48792000559588	80.44303041285121	92.88229421588167
90.53360285920826	92.08923222944152	80.39757808711232	81.46520514649779	103.3908173894227	94.94100813976864	88.56756635850849	69.85957328081373	106.4695143879533	96.78621048537553	103.1444982853555	88.49389398959835	87.38785570964859	92.39976791538297	93.75871956572622	96.50002315854604	57.13041676905586	98.22722782817607	76.78247367008542	63.09711360939255	97.99542234507904	92.86889433070301	61.3046952003243	100.2314123077498	98.87504799570276
93.17230843523193	92.73634923940214	83.31907899843085	94.08303182624778	100.4012623858506	104.7659586392815	95.51566426762946	74.20400442370321	102.1613090242887	94.10645211656866	97.59725528600983	103.3378769095703	92.08740166436144	105.7203605122667	92.17069299697657	85.27215916737484	77.27841646417758	104.3145168178508	82.64751428734691	71.49289549950791	100.0518482287208	101.2590657933983	81.03880099230315	93.69978954202261	98.18753627207218
92.62614786201563	97.10119122799532	56.05897544954765	62.94015626271305	89.81747090115542	102.4882203029021	99.91236452619731	43.23581291424685	100.0945819802035	93.37394034339428	92.64732681496311	78.6414551478011	72.29062957713523	85.54945665583432	97.84353761928314	94.64877698702027	29.74729172004797	86.89751330390627	50.22398509467567	32.91360742935392	94.43665346698886	106.2691644576037	31.37341053001128	82.92384345426473	103.1803771083806
91.10886292061778	97.28069092568481	82.74767250799583	94.87405209520057	97.29775960979237	104.0795740879624	93.78505852935847	70.48542481609651	103.3198293133034	100.7139483073719	101.8599594705797	101.5226060508522	91.41279615290854	99.09086901678567	86.67255122404525	89.27218044970451	78.89267914816675	95.59257518023459	84.61972949269385	80.0377798074542	101.4685649558609	104.0897379095813	81.07606326157416	94.50136714746502	95.94582731543736
100.7792749135991	97.89836042436852	85.32276907395234	91.71409382821091	106.0873197917816	104.8645777656628	100.2999541069115	63.75441606280023	103.278515079117	103.5093985559523	96.82583829663896	85.78534168512164	86.78653172595898	91.69290932580611	97.71989116473787	97.12061194032022	59.60094540648797	91.68905586697187	70.26203018467181	62.79194414025288	98.48217005688147	99.86461204521301	57.86277100202375	97.25398368330097	97.28547938526104
86.98290888003369	91.27781991339108	80.7097455062916	86.08326626430699	98.73541320266568	96.79367786402337	86.61859889585783	67.4600951944964	103.8295312292876	92.92145310998683	98.31871205267312	95.14215448404815	93.81540440304435	95.52478945486624	97.58485807021073	95.81799888794367	65.27265687945844	93.67239373326845	67.95669662975541	77.22371950030394	96.3200830705771	104.8378651454827	71.037324373777	99.08715802737098	104.6067776764149
98.80218687930633	101.0610606479692	60.94484273864475	68.11018129503148	105.5817429616633	103.5246977884087	99.03273277335761	43.75046733194975	91.77135864225538	95.03326674320284	92.70680378489081	80.66052084556624	79.4129335811205	86.46220103260816	94.36928090823498	93.21072076134111	45.47750221638344	82.13132182142132	50.85312204826906	51.040226088769	101.2869605901817	103.7466277667327	36.05806234971445	84.8964223803913	96.25533655690531
102.5724433147383	92.28643097078991	66.92987366263073	83.02112888179582	95.51373788451464	93.0203202982849	104.4127393345231	62.68066042295813	104.6511443984489	92.72133748199889	100.2687551493693	78.9076007085762	87.11469014330163	90.73769964067554	102.8398574375696	98.85237088240288	52.71146228500699	93.21503794589307	66.03554817072485	58.79414502747059	94.63466321915178	102.0141988211628	61.31418534338842	91.42747742824127	96.87381775146457
106.9246674655268	98.31541046280822	59.38365159959891	64.44651227882295	93.29260427638246	93.30379036446683	102.2753392766807	34.2253768215751	95.86593511583244	103.4082788461411	89.36440325810332	71.51029315549498	80.94825774761388	87.15572469647444	99.25085288850012	100.1847707857185	27.58718655965826	75.43676884590134	46.16896074393691	35.7918267258989	92.90803521148271	93.1674000389031	26.14345484153311	80.12190104573205	100.8683259840498
94.04355151495892	95.53188890023047	72.32900935411952	81.9562203200075	96.6300938156309	99.37000773378118	99.98830743780097	50.97122521343485	95.60198508375198	98.65350969318429	105.8630719960423	80.78181929161282	83.42978664193031	88.90713462905735	104.9812741870544	102.5046107449495	49.94586258604465	94.96638062192912	62.9905497762329	50.61672763884955	94.30386113271082	106.3896889481707	49.75227804935788	87.8355490117696	93.90693025444436
96.58719686021327	92.10524586856066	15.48981482113884	35.09832851370095	77.12085960957315	90.85469966969259	91.39335281090732	1.938315489727668	84.99338678253396	94.49786145816124	85.32412933099732	45.84588851082055	51.85322152335867	59.86645707669253	98.10741124315042	102.3524332967454	1.688747631598902	60.28562181471433	1.148894458038839	0.990968258160239	96.6352665364652	85.71703395171677	1.781714563336114	69.35278973517757	101.2143844122166
98.35423256930619	106.2557400552243	64.58254069731967	72.52800726014287	93.81132704499773	101.8887033002618	98.24014985429946	44.1329539342785	91.96497498271712	96.17262016661849	102.5237459286691	83.18908103661917	83.52244129132339	93.86057214193767	96.56094089493652	96.86012834939238	35.41711307136907	88.62249011602731	55.12175358088199	56.62737831268925	95.17041740428014	99.92796563831162	52.63287959723482	92.54427435586689	95.05856401569638
100.80128523395	106.6935345797784	70.95521213461168	68.86149338718786	102.5918723144096	98.20171484580345	97.47430142634144	51.37709190027418	103.4859796093755	103.4388733908044	100.0963249602754	85.92560789689009	81.52912595675336	84.97900772730742	97.14527771817768	100.679389282992	35.96265396145542	90.63192831554885	57.00058022652317	54.78247668510937	96.39346102451839	105.5324896074415	48.39325168733285	91.05301939486756	97.53702591631759
102.2283196907051	99.59598765205104	40.91106031024745	50.15803573078121	89.28419584416501	99.04580269690673	92.78687328757177	28.56777007955252	89.19241517527696	104.7118077380966	86.94059937220349	59.36180469337863	69.99180787341874	74.79166745329056	96.48687347653079	95.34991826543302	15.52728746532943	75.70031384103045	27.80752867892036	28.51563872879384	104.1958067059601	98.02772877098491	21.69592089362299	82.15207617708798	99.42386666989512
95.19426329590733	90.94061128750185	17.69027096334294	28.05111997274282	83.7723181898956	82.15563910298242	100.7324032694242	2.779555882178216	75.53312238432869	93.81011320685292	76.07039121109896	40.58611470283539	46.11080962479561	59.30397121564343	92.08366096140466	92.88139730031018	2.14645157707093	52.59624355307475	1.712788980579901	0.1240526555340031	84.52058743721832	89.98659080356396	1.556093165813951	56.39910302765514	98.91857389913218
97.02817433209553	102.5289499590004	72.09519830557738	79.02297248399789	106.9019026594358	94.66053358374624	103.9742262282517	50.24104452946176	100.7714666155343	95.35067390269431	95.39417819297438	85.78018380310954	82.55081454595009	96.27627266440392	101.1856060077193	104.9175097736865	52.14601111908945	86.06098322651536	55.94189094771409	53.4056683321492	97.91107833931051	96.891804600924	52.2105555917403	96.31693823096479	103.0362775682187
97.32990283011237	101.5362238442467	75.06772717962821	77.51390088525923	106.1546548372731	106.3381206721458	106.0056222883912	48.88765506328534	94.9132373003916	103.95708070063	95.04664549713154	78.18874796173627	82.37444970233817	87.55374559096509	105.7115703953727	92.48180946963447	49.60302978306986	93.39600044975406	50.64942033040212	45.41580541998009	106.5420393570907	105.5671543000522	46.52210102052258	92.38357387227559	100.0548779170961
101.9411894673243	92.18430460803476	37.96031614575874	40.20639979360175	92.18250636720806	92.205318679215	101.4106397552761	15.13663053195989	92.82522409456237	87.69589193408198	87.51145809123061	58.12883188742337	61.38461185602051	71.54843225260052	99.17596702385538	94.1799718044862	4.561554319355796	61.64628944545915	14.2632455665902	6.83535724959852	95.88676180117581	98.2325511444607	9.609023993586284	72.219321203736	93.08626232529544
90.59197054489627	89.7358898859104	14.62378199109713	16.34930789873435	84.22904411118004	89.7739428568167	95.97585517057188	0.7113709992954	82.95370848661396	86.86157607826208	80.7093338092773	37.5542937040455	41.95997763672462	53.08576926319475	96.67880684322968	91.80294225960199	1.216111807412065	55.31730682730056	0.4373878111836847	2.014019155050817	85.83659708262081	89.15747618382254	0.4601070702041339	57.21800580393652	94.97363763445317
