94.31377352624189	93.01090789324486	108.0945639164639	99.09936458629124	107.7398621481648	86.15570746685422	107.7643684544745	109.2734189570182	88.39090636174626	95.3324265745328	97.57797259438465	87.96771613920222	106.3355506721306	96.81529399645754	89.25154347742487	91.64836374041107	98.13041376589344	108.7466796899403	90.80507404628018	100.9027276730252	108.7102621904543	107.3518172720215	100.2287486070714	104.380738682581	105.1506846617703
90.75429286760333	90.86567274409256	111.0248236458901	112.1258655289513	89.85042241042458	112.5150720353483	99.79437224826066	110.925597361991	111.7674417756183	114.8562758328085	92.94206684237847	91.4622764912118	108.2077930113174	98.15058073464375	95.11970318836197	110.6782558511215	97.10986754578742	104.0830750852378	93.41123421822608	84.76653778437155	94.29708539583461	91.29394433675837	113.090242060537	95.61943174358019	113.8335671156895
85.25575385833466	98.12713323880708	97.28201615073404	91.81611447259057	97.54296315204104	98.99753069243943	85.32076781811816	94.61007886218842	111.4849722465823	111.084530538907	98.67898698019205	112.610447042443	110.4609814301231	97.27768572029204	86.78755215922227	111.0489079011344	97.38948534817919	96.03041773857218	88.23370164368116	112.9240856657021	103.0418388314358	91.14017204983026	88.14111594204022	85.5747588599376	109.8696713526482
106.4935003356038	110.2531852869197	108.6481535998809	90.02848013660261	107.2170026416138	109.8072832551809	106.9343801924667	109.6088965979919	99.56164471858045	102.0430475344617	114.1370779339838	101.516535292158	97.94396606597653	101.6947509637033	99.95297402088372	96.63993482336488	101.4660852358619	95.97563366032409	94.55251811925399	103.9897965533359	106.650526867234	109.5797435429648	97.19078201335459	114.8848135631613	92.21160518167801
86.4084986343846	99.45372078894961	99.81840524027247	108.0394543583211	94.67388177567034	109.7270254150858	91.24627606237857	111.5665005969989	93.12934589240673	88.9596611860533	95.37718208244326	95.86266061056905	90.88767894897801	96.88957000764782	86.4483783157802	104.431742930001	99.56323509204947	86.88602240118728	101.6841012299662	114.7318087434293	100.1343170671413	110.1006617712656	91.25918597762352	107.1150531481704	96.18737120344791
86.48916372921057	110.1560191745953	98.52455670211896	90.07292572135431	113.1723779796554	108.2621054615944	111.1050265475312	97.61786149182454	91.28551727600812	86.22809093802879	112.7258075139222	112.8839262316997	92.51582159041469	98.81962421599047	90.37015649040319	104.8092504461019	103.7128882755585	98.0581294309841	88.98678850809824	93.00429271083793	108.0784838001548	108.1855474623534	93.28470502134093	96.99746179941607	107.1281718902671
114.1570870577906	113.2116927657571	89.46713388258122	103.2785997651559	88.79623873312033	89.58661067948186	102.3148302815917	90.37201653488427	100.6649882432622	97.56291101353725	99.46578219427801	93.43086317053397	88.65021519513094	95.23648098477568	88.24931594032068	93.9579842872585	100.1605650046746	101.2059739401535	113.0486084826834	95.559181817245	94.73241652834471	112.5501199760585	113.5910051091453	111.8020324706418	104.0313518484072
105.3930471474723	114.4159615486545	113.0302350806337	103.2931431814702	95.98240464407101	114.4047342524846	101.4596490498733	98.00972759121949	101.0247792809636	100.1275120084079	110.1466201401021	92.80706974398875	102.1151247123538	90.20217209427769	85.46681593760714	91.79400280311363	87.46191828124185	96.13496208603323	103.0760376007312	109.9983347614431	94.53907750437298	103.5911154446868	90.25631945539864	103.0174278319614	98.14662500267224
113.6519401696233	110.5698703198342	89.83674786272746	85.70029884895476	88.67598676472528	85.83300278563836	99.51227362266448	109.1478389929891	112.9970458017383	93.20164547129414	114.6886972528108	93.79486166311571	109.8689328663876	107.8820843655899	89.63892724073784	114.0628256836772	90.40289977595066	88.62748492025561	94.82659473564888	90.84520400279504	85.27177378235493	104.9999712405514	113.6699999123505	106.0510630544031	112.1102544714448
94.56127455443956	102.9413838839973	107.0883586982271	104.1177643978149	91.15559135435817	114.6440903423162	110.8533851308244	98.21812775177523	109.3421066785847	98.49671074031723	88.44596723068545	107.3123660437942	90.24860068948712	114.5471944670633	104.8240943995359	100.0051766301586	84.94120410797382	106.0332119001116	113.6761156902387	106.6243721525606	99.32575158689691	87.60040377404694	85.41224866187774	87.25407210606843	86.11333895729764
88.30076315511523	89.59529455685174	97.63856413675641	100.5966458239613	94.90491532598087	98.32990482398962	99.70162636188061	109.8971739143337	90.26996129038835	94.05631977938705	107.0622814601572	97.56860254790658	91.06898461722459	113.9630301464761	112.9836299799369	97.15704761065979	107.1212267020502	92.87052816856058	98.81855003267165	96.42780149785908	114.8251650342433	91.96045824016547	108.8289063480578	99.79219320637735	94.81875367003295
87.12046639459518	85.87743110326389	106.015222930711	107.2871497827057	100.3471137508266	100.3080083547751	98.87538572047863	102.2551433204316	113.1252800593836	106.590956391032	99.85688400978937	95.14000105364873	88.01218891126544	112.2763024048703	110.3001660842617	104.6866719239043	100.7231692292387	107.8034078819935	90.95266987482749	100.8354605813031	95.28791159840381	99.04899685672615	110.1646136567437	103.016034091068	114.1910823670798
95.02814804431421	108.7609178270468	96.59368050135021	89.95185822671989	99.00729153566697	104.4565543428975	98.24731903244435	95.62878640155611	89.84495558347923	109.9989288857778	111.7736784948373	109.6179558880009	89.07625734475101	97.51508620649666	113.923456740954	114.3900584996947	87.49549314156023	102.4330290513076	101.0227433300851	101.6751764135465	96.22809718955793	114.4935177458887	99.07289739351675	90.26588214186674	94.94939858672514
96.84573391276851	88.1944148262842	92.46801701700029	97.67862103629723	112.8503839636958	106.8582547935385	114.5787656366551	96.70783680419487	90.43936975140666	111.2630240156168	88.84550398638349	87.46542656493916	98.15028015116621	113.3677476852681	110.1475415825859	113.2993497350413	101.6014257483798	95.1532580139482	86.77925028469961	89.79172344818575	106.581801106098	98.58572409088951	90.30199631832757	92.59804634375365	91.75997902583308
107.1277694707427	91.52663536856268	101.9100302182641	86.91813257240624	110.3716486590245	106.7029806920801	90.11551494779896	99.4165121307318	96.42991210277253	94.28684597768122	102.2300630595107	110.8523239477496	107.5004009275078	85.76428049924654	101.2534209896024	96.22172845728316	105.379280313354	93.75753892722979	110.0911644225022	102.3717030495074	93.95394798695	104.1974786488452	94.24130038419216	92.79952932811165	111.5357373031205
113.2544932675989	110.8063217948139	86.95045319067611	113.6329429210429	110.2416102899444	108.5418499183148	108.984992555851	104.916699262964	103.4209942776723	95.75473868193359	106.8566276293511	105.928327117662	111.0690020252225	91.42681640874282	97.96488345327381	88.11940797472545	100.4814771420976	88.31100323605118	114.4046931094995	113.6808715373996	114.8164747799224	94.09363212981341	87.55298898005583	101.5157787958708	112.2255899174524
88.31466281029701	98.36683392293807	105.6601652259678	112.802655430827	108.8730338851919	93.6813834944025	109.9835105333438	99.98553570823928	86.93594068780833	88.88633301667974	97.49999066355171	106.66363548224	92.44204656243551	87.02837861514297	106.361517933114	105.5793668321845	89.31986473159452	114.5207125756747	112.1913862398761	109.2523121177286	91.8693928142757	94.92848803215119	91.37959242285606	92.69319336456222	106.5159611839004
113.163778067313	110.7636736409788	107.0177897839307	86.3681014357813	96.58410584315362	108.0737305158721	90.45926511457326	91.07543628613102	101.1301106494445	108.6435379427733	111.9925762086154	109.8664313206775	94.45032489463054	88.84420442580573	103.6394033694849	112.3511655596883	96.66741082875012	87.36032591416166	102.7892977220425	106.5380792442006	95.9943281301742	114.8822648761287	97.23481857074495	112.7776187860762	97.59397797126047
106.8917956166567	94.10320404937619	86.81915370648134	102.1541193066987	95.40176541594796	89.14247442546237	102.345655454549	107.9185172695203	101.2341964342514	85.88896211014875	95.40239773532791	108.9522183224311	102.1933986356169	91.67118683588996	96.8253174794342	97.19846471547295	111.0920308479748	107.9605681347936	112.3386893550059	87.99521766288572	89.92853397241348	106.9960515419442	95.91638274090515	109.6172868519286	100.4398227928277
112.4845625162163	90.45344442934388	114.4872464379425	111.2388722794958	94.30806260626984	95.93550101401726	100.4000135365307	109.4865460995953	96.2158212101873	93.19403082300998	95.91374441716586	95.09895750281721	102.4009411646714	113.1301039438392	104.0688873698555	110.0796885533944	99.12967816712705	87.57020633718913	96.93451979785718	95.76183812527428	91.93665975464486	85.11149300256413	85.65678501304019	90.05968990980621	113.3339208302617
96.43582935229385	90.10943004162721	104.2992290482471	93.9862088510867	86.68801254773226	86.26735573732348	110.60765923642	105.3452816623796	89.68810730797522	88.99040848402524	105.0735223670598	90.66975363897897	92.33763094385756	113.4550228339641	102.0080821406605	106.8759806205227	95.08014005538995	107.6436287829142	106.0492041465921	109.9235116624612	114.3256518045265	85.54626190557916	86.97437938875532	111.7044043479263	96.29693809181204
97.4062637065276	93.70447166384143	87.79430892188047	107.8361673378671	89.19491533306325	93.70295172772927	85.9137663871449	114.7364622680283	108.133976906247	92.5827467045231	86.71857074934634	96.95828064616553	100.2846424768243	92.56958045593692	107.061102041517	113.4249211392521	105.9100539482937	95.21342764556609	100.3876135478699	93.23627104358458	100.4249488548927	88.96355238112848	100.8538279658584	111.7664680393756	102.1967722130836
100.5276058928036	93.79444792650996	104.2717571485316	86.35467700538342	98.36074508535229	88.72880099501066	107.716352590164	114.6590291508055	110.509648347099	113.2028547950919	87.77957036098127	96.72904114447245	91.3089267724073	99.45703276151872	98.95931388451224	102.5460936359815	105.109156188079	95.46014941655378	85.12497057143787	85.71631600336968	85.14020781217532	91.26247040483439	108.8019774211207	108.4838281781551	108.3728109333484
96.86546905410052	89.0315166381062	101.9248736082808	104.3243161423726	100.5937950857021	99.74726018477931	102.8548916259668	106.5977005152616	101.5130361285137	112.2889151459031	92.75891373063915	91.79901684994664	96.27506858444617	103.3672164346728	112.5273853328145	108.6734091537444	96.35574572028963	97.13749582965585	105.9165182488628	85.970588841984	97.03266583160284	101.7553289301318	106.0047489544057	105.6366627778778	103.293853627355
99.90822726596636	89.79833573418807	103.7118380964497	108.0880389700212	100.3535616237997	91.81174616910532	91.40998588462655	109.8482302640599	111.7029487083129	98.85171052507674	103.9326801747039	86.9645533263712	100.6898515755126	105.2480740149416	94.61062140251966	88.99645640460068	98.76226919036424	104.2407141588908	89.21585137374433	97.99756598334825	90.63331994590104	89.84832411520692	105.0848477565538	94.40996413377124	104.3996326279726
97.87221483934945	113.4729649788376	92.82214329774949	92.97219227099212	105.6971331811421	86.90856999149037	92.28423731034432	102.0414886756783	102.0397202136405	95.69482764673108	92.04011043220402	99.47796296926941	91.4816817350073	114.020645509642	100.8532919883217	101.1098941994693	85.78338181832913	103.489983237144	104.7822673719442	86.74192924145186	113.6982830640526	110.5770814004515	93.82423913546295	109.963206519256	104.6798011492073
108.7064319839779	108.0669370025097	109.842720457555	87.48590093490049	90.70781879395223	99.51559640844633	107.8651634709807	97.14331987983491	89.84996346827327	86.92920450396132	95.2666529652785	103.1729108658425	90.36591210989334	107.012018033076	111.6475874754128	94.98124447315827	93.50601981508257	112.1463585233762	91.73127242973588	85.30539014641886	113.9550424294904	114.1387790523169	97.07054748047564	92.35819218884474	92.02960124090959
89.76593376099665	92.09413286992597	87.70412745735013	102.4030779276838	97.86057107545554	113.1920253747955	110.2745954960104	89.12628656823797	99.54409285173458	114.3121115755155	94.3296582400388	101.373120180933	105.9051586190307	91.24969218765321	97.77896346542495	111.1924573591504	96.032734928853	112.3778062966422	94.15383446999866	88.85174402659953	91.75010802754402	109.239587469374	99.09809213017819	100.8274410024579	114.1613517754161
101.1463787752562	105.2888722463463	103.6764466713749	114.7780394340479	102.126950018682	99.29175960940285	94.94726887894204	109.8698859102021	96.60292507532174	95.53958570294357	113.7824279688579	102.7976339260167	96.08086391590477	110.7248970244356	113.9784093873839	95.11379200105473	102.1678312576078	95.97746253386872	104.0024986687115	89.19537337246297	104.8170415040866	114.5678208939493	92.94438030433155	85.18476201171319	103.518564407495
92.25903378501707	100.2295883214868	98.41923913814716	84.9841969344038	106.8935439181482	89.89644356755676	92.20345911946451	91.50950018605671	98.08538419740445	89.01871619627198	111.7864290132324	89.72190517750246	102.3229582052734	93.12595253640325	114.6590011511421	94.84739255245204	108.0854570608822	107.4933581171431	85.92351462138737	98.39548048556983	95.92001469556469	102.8255659801635	101.6045882259772	107.7952197126269	93.82022270967001
112.0516258076347	89.99772976572427	108.4452508232658	87.75945644991492	96.7896469436434	103.8963376399669	103.4193281709308	94.67910070355137	104.7672178903599	105.2508858939457	103.9397626253507	97.80484376849505	97.8677975483956	101.0848901275617	94.487771050435	97.36164916462478	111.1229692839561	89.22891198920333	93.02342382084258	96.32667093079857	100.6043845422764	111.1548013359849	103.1490532915282	99.18127721209328	88.04284148532608
110.5346050254996	104.6845133232598	101.0296421532684	104.6919185647531	112.9995192527543	86.89613099956784	100.1736737437088	99.08628727563274	105.081052440623	97.98508847688893	114.8517132040003	113.1728796928984	110.2702254261845	100.9476561969393	114.6373303815454	99.41278917443817	102.5918817108322	91.21502854449719	85.22104172915463	104.2480966967996	89.37662209692851	100.2106927120448	102.0029711170648	114.0286558102386	111.5944227921609
107.2579910389947	99.56829424253606	87.88966625852611	94.29139972585276	105.7184018274249	93.82428040303219	100.1343756075456	100.4187971208177	98.38749632553635	109.4594591422683	88.80456721797437	114.0840233464671	103.2916594342604	85.50170321213824	112.5731134551303	105.44945311891	93.56851439935457	98.64637649327948	105.4139094778894	94.5959468998502	109.9100219361513	88.94518673806252	106.1953748424713	91.70671120263054	99.55494091859187
89.48587127742886	102.1604765896707	91.45340767556641	106.493600203059	102.8691456519116	103.1845439994187	94.5411223863458	100.9760670823271	95.34725950836273	91.43087524080462	103.2375347307897	97.93922706902012	100.0585805727244	112.0044142899729	114.144963793572	87.51912162996105	109.0208302538194	109.7295799758761	93.0818082923267	88.77920846114922	98.1962907508271	108.8414546557034	93.61783729580765	101.0269384599604	95.86803277299505
106.2682655213347	106.9830197020822	102.7757459759131	113.1472221381835	92.39966111509652	101.5222764067588	85.20487789944528	85.47417800171269	86.30893627486539	112.3771608163853	110.8466222526166	108.2867823748051	85.96213322358599	113.5762771120585	90.25820908800381	101.1812730505933	98.05182430637706	88.56405442642452	108.472692399006	93.44695070260329	86.38699976370988	112.3191205547497	109.0794414391426	113.8763234791496	98.90056168011601
113.4111946927965	109.8169156503282	102.2775572287661	106.1462956987057	114.2545759418431	102.3082330965633	113.9501072848922	98.12684371162676	94.58759607369772	113.2292481519571	110.6821267649075	104.1195370576543	107.5271583802862	107.1265682964417	102.5759751682727	86.47096778780529	88.40317550213082	86.85724405068487	93.60256724098268	103.7909882340173	100.7534631694557	101.6469424707141	102.2490402187983	110.6296340793894	85.88196340309062
85.47433202580686	86.81659792530793	101.0314309921536	110.6694518708224	89.44913300699345	109.0038718143101	101.5922879988451	112.8399985034138	93.98131470099881	88.13435023081331	102.0762570548999	86.32546009387121	101.4874910389776	104.8323857933553	98.43653301724621	92.60355096397407	92.90025430638565	110.2407585205468	100.134249378242	110.0827545533713	93.77303246893982	100.5227524071798	111.5905192038758	91.00126443207921	85.64726534212866
97.62978737121736	91.16345860554446	99.61529583350585	87.75121319398897	104.7859687687375	103.9552399263332	101.9531355103292	107.8200406449638	95.98767964480646	103.3372882638968	114.7311609663157	90.81485511525663	107.2219407831642	95.8365680041684	91.04096417468585	108.9730381242238	99.92577192595286	105.4208873831199	103.7143094318238	85.58900691017566	114.7357476822206	109.5293608759087	110.4455838756718	110.7333230985729	114.9226224567669
109.4966192401421	111.0720437482274	92.64232245626251	105.7411824506853	113.589635420175	89.62473149059825	107.6571073116506	99.17550292469119	110.0784503006529	107.8274703024681	92.30763704563969	111.3299458063853	111.5906221413732	99.7332215541053	89.29651523474845	109.634705511127	99.62068158538727	112.304922880221	99.91469994743031	86.35678496832499	91.30863123222396	108.0947679202946	106.4866358010892	86.99990241549168	111.7495640942371
106.3362374770263	100.2817346664502	86.95213011201687	88.31824220774035	100.8801713584045	102.8526472024576	97.08342598168802	105.3576591253669	104.4705355313074	96.2415646105474	107.0205873828819	90.18659927660239	87.99288010743811	94.58846310300947	106.0119769619211	100.5162641317984	103.2234847429455	114.4001643965035	94.30167773119587	94.82639062621182	85.81025269354414	85.00277487485668	101.5655829963471	109.0487204831009	113.9250528886969
92.04908957357699	101.221488599222	92.61956254805767	94.39168428333018	100.8857925541544	112.7285174535455	92.87588867911596	87.09902839881885	92.39845621515147	85.18063379464678	88.66921621725763	103.4384030611512	96.34813415245362	89.96729247721375	105.8389644777391	105.4667781936169	89.39622759748492	93.51282779958382	104.4857707061475	90.30339349001079	108.7176728056508	98.14185932734968	90.80733643256048	88.04379100555968	110.7708920364705
105.4019907742171	93.69294432675355	113.1826358577701	99.19109811009824	84.87425417726695	89.14779867371432	91.69843753490431	91.87447758065294	101.0459513706226	97.47354610958745	88.7847589046274	97.53410471532284	100.8396171384157	91.9075328816504	105.3143516138579	87.84286787538369	84.12029009492319	85.57148067882353	98.68252076324639	100.2890170638087	94.26852507630912	105.7698311610915	113.1882087331126	97.51875444464169	88.37522128588446
89.74575686921742	111.4458083644811	110.0332204275411	104.6040847387728	112.6773869477504	104.4483405358747	107.0821983088517	106.7440709983136	104.7555960203434	89.42854167439738	110.2204772008018	98.34715800933766	96.34072275843141	89.57068890697082	113.7593099658436	88.90383022472081	104.6865730505124	99.02848173930893	84.16111815014108	101.4858707242181	86.49194244487673	109.1059952322915	88.14363907222659	92.55953966571555	104.5305253970504
109.1650595489347	113.4416460985246	86.11481623576914	114.2881792559643	111.6045118946351	110.7267097976319	110.2534734395612	97.44770748972834	111.0093203745081	105.8923587596091	111.0683262707707	94.68320550742017	114.343447999259	94.75873473201008	114.3674878260028	88.60354285644135	100.5499397986267	92.9200476039197	95.21205351452082	108.3181151001565	101.4106604342064	85.79095998082485	108.7592540738097	92.90431730928117	105.2443530070297
97.26652519437545	104.2014171395838	85.46047519467876	92.67456555826287	96.23028123098405	96.16479616677954	90.68950653323932	93.41109143544774	95.0152730434647	99.73071643192954	107.9057820495566	108.9895380325755	94.6268443281911	113.1271746175762	93.60782249555746	87.06949942764828	94.59922294420674	92.98490077158054	99.19639060061816	88.15001588362838	111.4398934428943	105.5171371139342	104.4064254294232	111.0508196942646	103.4882812034287
112.8440089737137	95.45215430963346	90.56849714906403	87.04615932161892	86.22305875386439	102.3070031322104	95.41592574511152	106.2157837473251	101.783426511557	93.37850672810634	89.9207830899053	95.87589590601603	104.8936014315423	102.4364916988245	112.1663958816599	92.31019174907043	108.7721373477559	94.38974870033255	85.61815176325399	87.70054590493218	112.4038584142842	87.88328613124352	105.8796161332475	86.5220205666304	113.8144342902671
102.3161373321409	88.15911872685598	110.5178176922513	109.2391315084118	96.88401455264737	105.123490514713	90.32440974207998	105.7811662539421	93.28472704247257	114.344574431432	95.29408340985597	93.5230679374057	88.60160155805109	90.24082053130542	113.0538790791385	110.0481637460594	104.3139519872251	97.08570753685538	88.63339125630614	98.89807400817865	114.9377955070184	105.0260654057584	103.7083101915005	85.77480082448493	109.5046325858973
96.3208895997351	101.6010836854173	110.5441890172761	106.3396527976133	114.7519008160064	95.31579423840654	114.3535508417702	110.8208475550556	114.6909099183165	108.7467181528322	112.9485580247477	108.2151908314999	86.88466073928853	113.9924078794151	91.27937187901101	102.8746303391354	90.92324337460894	88.34109231581871	99.53469011015969	90.46246235387704	106.2896248201298	98.35477055375483	91.67325177536735	105.6528032204809	102.8641257236469
86.92791054839627	103.4709090934268	112.2712779507787	94.56726144912371	114.5496434562474	87.76239972055325	110.8723489128643	93.54023246531261	103.1381468801668	92.15008082336317	107.7515469546283	98.78197516525361	96.09168896884036	107.6549910301169	100.0651664036466	100.4696753887498	95.14178427202155	109.0496338147631	109.061960107565	89.64822159744291	102.3024819454953	99.83172587061703	88.84333428325147	92.16518464171003	91.27498996943761
86.82686038670292	108.6487477766518	88.95655126900553	88.66823395960719	94.24294103414536	87.2486379917251	85.46624905117442	100.0004743713489	98.14337134988028	94.46651289502591	98.41926761049226	101.4551479741415	103.3483430629544	92.22317467699503	87.30906813482909	86.4158623003878	103.7871163981942	112.4426801447084	101.6388485135926	113.1299855892476	100.5906791712368	100.1835031045706	93.68488664435506	93.1889891375873	98.52411052902295
