99.5201001632486	99.67828550664902	99.83918630819707	99.90532165806414	99.90041853877725	99.91188734812258	99.56581454335837	99.61902306705356	99.89748732485	99.87455647471489	99.98526247937399	99.97061043081027	99.98339208856318	99.99883955535024	99.58916798050103	99.64791883518767	99.52089343227037	99.99896830841439	99.71400843452597	99.62974239667184	99.77733383799783	99.94499610980463	99.58180821985798	99.99449462958755	99.7243861113396
98.53221861570505	98.80010109328748	99.99708338354633	99.98937192918665	99.28810682628352	99.3276827759374	98.59686513384825	99.99024103111367	99.28580514926095	99.22809794587725	99.57877552022879	99.96448135996741	99.95207784464087	99.70632060919614	98.62868540619765	98.76104317784026	99.97088033935628	99.92054592860438	99.9988787115611	99.99273021144268	99.00959247273343	99.42112782319131	99.98405278071412	99.6481047436769	98.89882414279903
99.49359216977244	99.65871306156281	99.85490037545091	99.91513322809618	99.88925629411445	99.90422601411154	99.52922111750306	99.64050780064446	99.8816667881936	99.86402479398276	99.9796418102092	99.97755606088501	99.98803000096694	99.99761870331253	99.54967551984815	99.62081545782769	99.55281938053943	99.99717790672253	99.73481734667379	99.65442328886851	99.75823565609976	99.93386137268797	99.60707001754821	99.99215865394795	99.70664034956488
99.25701368201537	99.45699611206923	99.9443112594421	99.98027254580745	99.76353725386717	99.78945046307102	99.31301682776329	99.79489443613004	99.75589412550482	99.72767898513808	99.91452426064087	99.99850612146068	99.99575260808139	99.96441165806853	99.3393971737609	99.41998757753102	99.73137188123074	99.99240893394145	99.86827622671228	99.81025118516015	99.59307721991841	99.84037458024116	99.77316628534138	99.94289200718559	99.51495349548141
99.67324710481219	99.80058817976892	99.72371608775352	99.81477316552723	99.96162747442089	99.96949256902889	99.71154435335599	99.45329584203709	99.95988074995024	99.94754575185351	99.99871146020709	99.91548321007751	99.93683794006797	99.99096400791983	99.72762257697423	99.78040424341916	99.343792101685	99.98201282607454	99.57413450822729	99.46926724540195	99.87812104071845	99.98768699241654	99.40564974485856	99.99866533481601	99.84206005176664
98.9003669833218	99.13466842374231	99.99805643969682	99.99716238057796	99.54654620875074	99.56882951076652	98.95154560811331	99.93243319814061	99.52362639245628	99.49137075968862	99.76711409822734	99.99875518314741	99.99620031059297	99.85530027452234	98.9812801130515	99.09192886930984	99.89041389624822	99.98620564827145	99.9689588685316	99.94047723563274	99.31742078773507	99.64071907263562	99.9202957566843	99.81288971796688	99.2136099052296
99.31494503281134	99.50063358840248	99.93163414406489	99.97071497140465	99.79047612680816	99.81348794623123	99.34801303851198	99.77585895448033	99.78077533388888	99.75727976125792	99.93266366120383	99.99857253920908	99.99736544950404	99.97358978238199	99.38632651242646	99.4659549198916	99.70323699076377	99.9916395915583	99.84514495034672	99.77922792465866	99.62484447653408	99.85894690115386	99.74656512241478	99.95469660289542	99.55332326018265
99.36698407544824	99.5513981953314	99.90997855221092	99.95795195351748	99.82456401756109	99.84616324608862	99.41598298454166	99.7382331267968	99.81863753848815	99.78969075167316	99.94767273688588	99.99580272762617	99.99882312621311	99.98464417515315	99.43770745175368	99.51219832077632	99.65722246488056	99.99176993778326	99.81531231446954	99.74556670670572	99.6706847344723	99.88788569970141	99.71128592509085	99.9689278739034	99.60993859869549
99.71613855353087	99.8309433168799	99.69764973601858	99.78728024586609	99.97278037159219	99.97953223886653	99.73731375690656	99.41009265291073	99.96981589067562	99.96184400369465	99.99638866266824	99.89669040414026	99.92104775686805	99.98423021173846	99.7555750260375	99.80798533707367	99.29599173095559	99.97511277201272	99.53111310035661	99.42813800909782	99.89923141130456	99.99322110018421	99.36954496788434	99.99636189661626	99.86234673691884
99.84729438940599	99.92739810092742	99.50805682601674	99.62366009815516	99.99880757231428	99.99821621991464	99.86411478768109	99.15542476370349	99.9984601399667	99.99708483356366	99.99832535352859	99.78313804381061	99.81533977492288	99.92623065192467	99.8836277363595	99.916523777959	99.01125273095151	99.90694999413593	99.29605728944236	99.18020776191298	99.97266435408491	99.99144476093628	99.11448083791063	99.95945348338546	99.95092936276828
99.96201418714151	99.99436026536017	99.19746544917312	99.35022666851833	99.97822110289574	99.99734701565822	99.97326984165367	98.75333200937085	99.98333040268153	99.99838260346424	99.9630479292849	99.56351254880026	99.61168790271837	99.78178457418984	99.97824032524592	99.99069260437517	98.58860795094002	99.73995883594236	98.93914481562015	98.76168711012721	99.99697436882445	99.99699369153882	98.69653493208342	99.83832003821695	99.99856555291639
99.53880811550542	99.69604088714512	99.82874342771262	99.89745427512385	99.90703360756454	99.92184806396541	99.57650646809287	99.60631041191927	99.90270637578817	99.88516062188579	99.98849777460059	99.96589341122821	99.97952496259589	99.99900468528584	99.60290590935533	99.66878722715701	99.49898309865439	99.99876601292054	99.69691726285674	99.61588586232799	99.79367490741484	99.95079772433398	99.5651169715898	99.99623079595635	99.73724646252585
99.8811957682468	99.95144784910288	99.45072466332915	99.57138630848897	99.99880095338901	99.99595217218514	99.90024506755593	99.07960222661329	99.9986407068544	99.99900374898102	99.9975215545598	99.74032950216841	99.78252630111115	99.90085535073862	99.90774575842882	99.9365481764309	98.93211050656907	99.87810585165749	99.23246991863459	99.09571168220545	99.98380867486493	99.98924799146853	99.01414066264516	99.93954810629238	99.96904940662695
99.32863232384402	99.52076970243321	99.92581121978988	99.96627614722145	99.80213789329278	99.82545441314572	99.37920809115363	99.75614822996531	99.79640820276178	99.76825083675814	99.93689163638787	99.99801830106058	99.99851258296474	99.9787546661511	99.39661251063261	99.48605249117422	99.68145844773211	99.99151657500681	99.83450054102333	99.77183269567333	99.64390939515287	99.86996498846227	99.7314290375956	99.9630713487026	99.57948379526252
99.6284632957764	99.76257199765644	99.77735876619477	99.84766847259252	99.94536322053088	99.95104511668497	99.65895185270843	99.51466714260918	99.93631887026173	99.92419755441871	99.9973237551167	99.9406129705293	99.95813007271711	99.9973875790359	99.67406602149187	99.73799973597052	99.40659391855486	99.99276904939674	99.62406361584588	99.52858806216685	99.84973929048375	99.97462347952346	99.47883255565704	99.99884424649723	99.79752194973776
99.99889209772492	99.99269618999135	98.75020869247135	98.94683163714959	99.87161549470092	99.93317313434521	99.99894032970056	98.21876668224996	99.88431439582698	99.95566423185254	99.83059902654628	99.22857617492291	99.28960411979564	99.53337352435429	99.9979676353383	99.99712307962059	98.02399891599181	99.47133105695897	98.43918578061341	98.2417684478113	99.98928538385775	99.95775914239293	98.14112742057742	99.62345359146542	99.99514759634903
99.66519562804368	99.78937085382223	99.73516078439563	99.82304958920727	99.96010397247493	99.96805308066105	99.70112652271465	99.46756050032465	99.95463633748098	99.94151197343251	99.99900156351151	99.92349128364492	99.94155961110697	99.99218367579489	99.72108646777512	99.77150174494004	99.35490740953645	99.98462093868255	99.58002394969829	99.48257564265943	99.87708907656148	99.98601721560865	99.42011753244367	99.99883476682933	99.83147715366637
99.77033629538042	99.87382528313414	99.6206300765958	99.72817525220236	99.98993932956655	99.99292881766894	99.80033635764185	99.30049359849789	99.98743097141902	99.98049512784715	99.99453983737813	99.85979543239355	99.88694352471551	99.96797219813458	99.81074670160297	99.86008933527295	99.17728138020759	99.95285015636645	99.44142801746236	99.31865498622	99.93542766885605	99.9986124617124	99.26514320048497	99.98628539771126	99.90410640280223
99.53700599257741	99.68835479750712	99.83067310722473	99.89724589365942	99.91055436040668	99.92253560240448	99.58272370909613	99.59759211511334	99.90252785094663	99.88859238343326	99.98873090857511	99.96747755474286	99.97965057321825	99.99899272140051	99.60149044526477	99.66033676773816	99.50615794621378	99.99865935517768	99.69909881887675	99.61697997826575	99.79335646765641	99.95385699574372	99.56085289897565	99.99637152566144	99.73743851524777
99.98383982921423	99.99899726658529	99.06677277774551	99.23934234376169	99.95853989892349	99.98824107304458	99.98813294865683	98.61776017080473	99.96414490614049	99.99653153729732	99.93222908756495	99.47205433550613	99.53373458884015	99.72173308364505	99.99126653694076	99.99807226973219	98.42943228788545	99.67264939123355	98.80376325966111	98.63274063173743	99.99619036476003	99.9972280124998	98.55172607340057	99.7856732405814	99.99510347985408
99.89538252246523	99.96222967641719	99.4025473010051	99.5314580001485	99.99891452890216	99.99553801045397	99.91137126429564	99.01883751877484	99.99883018021004	99.99745238834657	99.99501879364779	99.71415310494102	99.75431623742149	99.88613418478154	99.92119932486192	99.95057674042282	98.86563643352376	99.86097493655114	99.1782405881075	99.04631463134383	99.99059954803381	99.98887077003063	98.96080182929458	99.92416181113542	99.9769083090204
99.86658075204713	99.94397685799325	99.47589619817249	99.59267658742287	99.99878427385974	99.99657220818149	99.88436307177687	99.11150408920119	99.99886709917268	99.99843320013875	99.99853219837109	99.75307969352318	99.79132415738941	99.91447545578576	99.90115288749914	99.92997675853589	98.97121928615051	99.89075747725184	99.24780713398003	99.12533257191855	99.98125923171398	99.98985190060033	99.05783727293681	99.94542927005212	99.96262997719194
99.48856272392527	99.64748414865687	99.86644876407752	99.91983356652571	99.88202160698198	99.89673337233812	99.52224726630031	99.64830804757132	99.87377960571938	99.85211330509853	99.97590279136395	99.98095583160395	99.9901156487475	99.9966104081896	99.54308588825981	99.61275719562532	99.56969883549017	99.99623780132467	99.74601396804694	99.66018770275326	99.74834009425454	99.93253696262839	99.62166991444272	99.98983968068522	99.68972486926558
99.63161544635939	99.76476924110324	99.76968501696166	99.84509934490859	99.94802009081495	99.95522711881671	99.66275491609774	99.50987917793499	99.94243133320442	99.92776085715421	99.99768725083784	99.9390191803447	99.95647592734507	99.99600283702793	99.68657771061432	99.74677611651921	99.39423206164506	99.99134669493274	99.61551537066022	99.52714052267876	99.85024537573972	99.97880531949779	99.46133810398727	99.99884784784111	99.80533701729698
99.84758721662153	99.92407844273852	99.5185649731084	99.63111455500669	99.99857052823037	99.99863273647594	99.86076109869114	99.16169601768745	99.9981018151508	99.99562415665764	99.99784026936052	99.79045600918865	99.82511039694634	99.93148072617886	99.87437740565873	99.90935654122933	99.03938725353387	99.90888315355178	99.30738004278263	99.19107536210274	99.97052641708994	99.9918891458759	99.12183153910904	99.9605498494078	99.94839313787965
99.86059117163369	99.93826246550688	99.47977699086357	99.60379910505533	99.99886669598645	99.9969789660225	99.88130978448014	99.12169977655378	99.99897247183097	99.99842248475098	99.99894159917855	99.76462679643826	99.80587394875508	99.91554842799441	99.89189710941918	99.92336682786286	98.98142145618671	99.89127036935544	99.26078977099158	99.14377606893265	99.97868472854925	99.99022769637951	99.0688654367142	99.94987234302292	99.95970843697822
99.40509160825086	99.57701922609739	99.90071054050149	99.94542615994683	99.8460188887519	99.86163763345117	99.44447133462366	99.71181931627726	99.83923768958074	99.81620310096369	99.95790866842962	99.99185116111941	99.99704119433135	99.99033515153972	99.46519239609634	99.54840351670148	99.62903430182463	99.99259352641445	99.79097638123476	99.71914035711869	99.70086659295809	99.89922774694598	99.68032187766109	99.9788040089564	99.63983333157499
99.45145036503571	99.61096858020872	99.87987338144663	99.93511417661544	99.86404853757846	99.88302889826718	99.48151237606285	99.67913433520312	99.85406605957407	99.83990881902366	99.96819274810677	99.98561336740653	99.99345091979735	99.99494589795228	99.51508597757278	99.57894046834336	99.59094806087158	99.99431226399757	99.76314369468396	99.69587742381761	99.73224201779749	99.91960133313945	99.6469016761491	99.98450486568919	99.66986460985208
99.99206935842764	99.9984349732642	98.99551455433475	99.17434139197873	99.94057694944361	99.97850475233902	99.99552659486585	98.50469562505737	99.94810773751053	99.99072850168025	99.91363493820367	99.41667035216788	99.46952323042169	99.68178328519123	99.99689764865856	99.99825079283707	98.33614033449743	99.62890758619008	98.71032841018672	98.54889582939424	99.99764221157963	99.99235294785595	98.44425204969495	99.75200148789266	99.99286023623272
99.45555552662704	99.61799309172274	99.87179496108125	99.92842833443657	99.86661473167437	99.88808512458893	99.48832916414996	99.67364459943018	99.86333511047584	99.84655589273757	99.97119214718441	99.98582368315643	99.99332045204255	99.99462907954576	99.52369966147894	99.59229674482187	99.58710971086566	99.99474715341628	99.76248449012552	99.68081687265092	99.73287256237991	99.92409180227408	99.64531034122892	99.9853366904162	99.67096649107106
99.86328559616729	99.94029812131969	99.47282920773462	99.60359184516427	99.99883660504042	99.99685114386045	99.88021209169948	99.1157842128486	99.99899882511998	99.9981679592124	99.99884112686469	99.76101286386255	99.79772610949843	99.91743433586406	99.89319947378769	99.92800538375178	98.97854220645681	99.89330589566842	99.26409312438678	99.13572657406348	99.97848000692792	99.99012461445392	99.07009270106501	99.95081921633711	99.95900502608671
99.9910481987349	99.99842696261987	99.0122023102912	99.17172249029532	99.94004941631334	99.97893457781296	99.99538889830384	98.5191969632383	99.94770369677229	99.99072383106511	99.91345001518638	99.41758937247181	99.47135927356983	99.67516994929548	99.99665498552089	99.99835552260176	98.34407048174108	99.63496848358547	98.70994364269895	98.53095179403689	99.99756049951219	99.99267564705066	98.4400596612163	99.75399143446333	99.99293277446968
99.8734245146252	99.94218318719919	99.47318378296308	99.58718024972517	99.99877332499149	99.99654041427361	99.89035751148224	99.10750825806038	99.99884349785788	99.99879966180846	99.99870470078862	99.75249204205487	99.79093171395638	99.91322371049462	99.90028986485254	99.93256512948257	98.95739436047135	99.88623165848146	99.25937900692048	99.12077026826347	99.97872739091045	99.98980894220107	99.05703584826246	99.94881895667409	99.96364850553906
99.99208322188727	99.99843508219239	98.99461705741726	99.16324938839948	99.94047599858249	99.97828059649088	99.99518460484398	98.51612645040355	99.94777688813321	99.99101928133047	99.9098192491814	99.41756755946429	99.47151669410296	99.67470645763645	99.99729551045894	99.99815568972453	98.33930832622684	99.63438782657062	98.70842723329136	98.52949712295627	99.99772017637699	99.99169120209986	98.43921641170725	99.7473931669284	99.99282552354462
99.99862429771376	99.98760890053903	98.6959907450573	98.90257721210354	99.8501915360535	99.91855012479215	99.99858690331968	98.16165028875552	99.8699013252714	99.94377990091458	99.81148973851494	99.17561513604343	99.260880450252	99.4965880014324	99.99590052400322	99.99840995116051	97.97135854806929	99.44939221553484	98.38782513047052	98.18802378405697	99.98608527616625	99.95027530970752	98.0911645093564	99.5962527894666	99.99707694208814
99.98432318287752	99.99893892551998	99.05616122428449	99.23787812399542	99.95544716780432	99.98658999327475	99.98897089521155	98.59336138505988	99.96129322118493	99.9959015166496	99.93303648867727	99.46641696384083	99.51613683134191	99.70858986224393	99.99340911453818	99.99840196971499	98.41143300131135	99.67017633268689	98.79550452491635	98.62088250165017	99.99630969482641	99.99626754802208	98.52884307215672	99.7815130374575	99.9946902874611
99.85755412067697	99.93176588164484	99.5021958758158	99.61746483770227	99.99898827754862	99.99755706635874	99.87590810255364	99.14496929642189	99.99894227526116	99.99788115196002	99.99897260442903	99.77443305202665	99.80888403317661	99.92229470754648	99.88372692957384	99.92029020384703	99.00649964688792	99.8984865619271	99.29281605569179	99.15486698123661	99.97406113607555	99.990820573593	99.09517742936778	99.95431710226555	99.95446208344289
99.81146509411329	99.90171902388956	99.58027882941035	99.68588974255302	99.99526376353245	99.99757959358871	99.82793886677264	99.24200326779419	99.99406619146951	99.98985226471828	99.99523726880921	99.82324195143326	99.8615250317542	99.95368575438214	99.84453086783236	99.88578134176507	99.11502442942466	99.93135162535383	99.38002067662406	99.25841343549952	99.9513688058635	99.99627057254115	99.20548255474461	99.97733073406533	99.92733858373629
99.98497994093177	99.99879543351555	99.05771464404648	99.21571510849833	99.95359046508483	99.98526399928245	99.99029213490994	98.57517553595534	99.96007606337038	99.9952980353566	99.93053445904094	99.45338004703316	99.51134981785474	99.7032109842137	99.99341170461912	99.99882557561392	98.40198551854729	99.66986790187356	98.77105671676314	98.60619529067237	99.99644485306314	99.99588316567035	98.52319487484044	99.77768546913349	99.99433251739933
99.70175356162582	99.81724615064358	99.70715545472181	99.79564948911465	99.96834992576905	99.97559226760102	99.72704210924313	99.42152289381697	99.96657407642101	99.95686699839847	99.99710103970855	99.9040104479012	99.93007050121284	99.98743737069381	99.74786560298445	99.79378461707972	99.30569981358866	99.97620151169288	99.54058808489881	99.44323504876498	99.89545548386569	99.99085242104505	99.3750337344851	99.9969716613714	99.85451130650428
99.94933318699505	99.90234268419597	98.19191216412571	98.4199328984409	99.64593543979279	99.76046764642513	99.94687716266012	97.53390920786525	99.67542345227154	99.80076163242254	99.58483793191313	98.75676852299954	98.85857790067826	99.16912188580446	99.9287338728715	99.95951413324241	97.30174619256087	99.09234048712484	97.81109075780276	97.57539058674843	99.88833649903461	99.81313591639672	97.4634452331133	99.27440667374539	99.96344424827112
99.83810695083645	99.92469921152809	99.52161770674721	99.64404404093808	99.99841928906805	99.99899133476785	99.85764399207847	99.17951532733613	99.99768280837648	99.99577358856244	99.9974543089898	99.79213395488286	99.82513309148523	99.93190686619727	99.87316824288935	99.90788794945934	99.04565714891328	99.91447852204047	99.3159865347407	99.19426272750435	99.968625091936	99.9922816026149	99.12960064809687	99.96243539216475	99.94555903501171
99.81443840896021	99.90594127818734	99.55640953759942	99.66785412233463	99.99685878313012	99.99834017180531	99.83670444849726	99.22384067143241	99.99474098849512	99.99080922712717	99.99571099902487	99.81986315706965	99.84926229974064	99.9479654732455	99.85434884910617	99.89070367220197	99.09426159533041	99.92564167744548	99.36267817682898	99.24083240612116	99.95599575765762	99.99494489632099	99.17277467031866	99.97363149975314	99.92931208125005
99.99881906207712	99.9880395163799	98.72511253799705	98.90288263754351	99.85953749435447	99.92353083238041	99.99887186411878	98.16565177405148	99.86842343063546	99.94573238441139	99.8174952667176	99.19912793236082	99.26084141906486	99.50487163907528	99.99707644320229	99.9981436256343	97.95769010781736	99.45468966550798	98.38504841478726	98.2024394826187	99.98616894749934	99.9503189907074	98.10242607988292	99.59318836792275	99.9967026716357
99.81248914952593	99.90468363467116	99.57345444629159	99.67757326586735	99.99617067902655	99.99760295988619	99.83375982460052	99.24352037823058	99.99446514809154	99.9906424052942	99.99539197747407	99.82565988752721	99.85987984053223	99.95129370818061	99.84820620795051	99.88433175136609	99.10528732125411	99.92915523178877	99.37989455338356	99.26065849402939	99.95245571199106	99.99580524915078	99.1974507601556	99.97624010235855	99.92605967393932
99.88705001219232	99.81462874215691	97.86548731893944	98.13111399257706	99.50684347945588	99.63639455028624	99.88410538402826	97.17750465147414	99.53315333330794	99.69443225720488	99.43833640023509	98.49204766654076	98.60737803721746	98.94164748534101	99.85804702120801	99.90188202773915	96.95805077168738	98.87571045508615	97.46475336083044	97.2363152604306	99.8044768828984	99.69973238459905	97.10009669398903	99.08536028141512	99.90737316144444
99.99627313850587	99.97899346460005	98.62410111478958	98.83245585907635	99.82742683842822	99.8975968192658	99.9957432834639	98.06706996446712	99.84472540383847	99.92953721346845	99.7879193076994	99.12035102569565	99.20318940175422	99.45950033448703	99.99248690671406	99.99824660657933	97.86507949541502	99.40066815386285	98.30564356992899	98.10208292043825	99.97658162002273	99.93100520568943	97.99584379084477	99.55536386396295	99.99885729828198
99.98972831273234	99.99844616099307	99.00730350283958	99.18768322241969	99.94248965566774	99.97899773632631	99.99436982322884	98.5314081813457	99.95082782994641	99.99227487580048	99.91662120266665	99.42547472356195	99.47962748058214	99.68495459430484	99.99664271353626	99.9986864435792	98.36038456139477	99.63714666553707	98.72164998499157	98.5610735090755	99.99731434770085	99.99249467240935	98.46184698341295	99.75645025364204	99.99311679338513
99.91816542376601	99.85767649805301	98.02407472289289	98.26460073997586	99.57994316747477	99.69175948068691	99.91706998332091	97.36380611220021	99.6076088692589	99.75337423746549	99.5059494163046	98.61573767947731	98.71496769321378	99.05379561158867	99.89833154880387	99.93132960792957	97.11002948741836	98.97313362404184	97.6349039361519	97.38660039998952	99.84704507712235	99.75883649018033	97.26743213533892	99.17694318794832	99.9357524700828
99.7947227506438	99.70579262062849	97.52997428915197	97.79236397897171	99.33267305012545	99.48602242974457	99.78683939213524	96.78546842771544	99.36258664539285	99.55817629308302	99.25540637736242	98.19445132249311	98.32010066917583	98.70284476870728	99.75791009742846	99.8189350012747	96.52174261092128	98.59612752317834	97.08859263870796	96.82718952714775	99.69576833595045	99.56712235825827	96.6695468331085	98.84502104571628	99.82446384009235
