0.7818118941173364	2.793288149975018	83.66584608732603	83.3548354992782	49.93052945886795	64.33093709754286	2.507783461451771	35.85098663277677	58.79139825353542	47.18800695918249	80.59048548892298	93.6350693046101	92.33465124626304	99.5608376650207	1.843908338499118	0.5141647742018047	9.546925011296491	97.55277900095038	45.67259224852626	32.62490232877271	23.865446696007	79.32381046553624	17.93842788555994	95.46450850798558	2.563629687055156
2.662825011191203	1.540824582022252	96.39753303569054	89.45998755130606	33.84881080067719	40.01860836300087	2.790408367407337	47.91429968609	29.32088740695122	29.11167437133522	72.92741187571711	93.16192014529649	102.1156249105005	96.02448984208071	2.256090031718164	2.156311429264445	42.13810826612635	99.90486611824585	65.00894920836951	52.65520273174688	0.3566774852846081	60.08369381379811	50.7591652453886	83.33677119288647	0.5037444167607215
0.5101205472973729	0.1583849000750329	92.67815989406191	93.27201361327498	2.805099334330023	2.951063641482385	2.549398263209549	94.27843885967602	2.329198665186573	0.05799847778559356	13.34160767117357	94.19653818519244	92.46919988341384	43.00286189081191	1.061555662704883	0.8608409173175398	87.49446238932279	94.02233385947817	103.1734414950877	100.7554152270634	0.2715654419714074	2.715248968753462	97.99034363332059	23.88235887264997	1.326951707437988
2.118205996622952	2.477424320458365	93.1216703541258	101.1041525458664	2.961904390254144	1.892481856739978	2.960621146141997	96.36732066635986	0.03696631183165747	1.529603093727448	1.051651556014381	88.02078652651818	90.6316976272884	23.10720523605164	1.325475287261445	1.988511078264501	94.58489923674152	78.57728840161222	99.42278473616622	94.1879924638813	0.6679675569679884	0.8815108952856181	95.54727045805767	12.97857499935284	2.339801156933864
0.2225999301683754	1.027128037266657	87.32221317718479	88.46806818841289	51.49542610785136	63.25431881866332	1.519678303335862	42.28830412095175	49.00557741143222	40.6200465777057	86.21901013348077	102.5310619066371	102.9366398520246	93.8063368876869	1.706519130727709	2.691587120799207	21.10160846901808	102.9487039682326	55.97141455707392	33.86019610340107	13.4484215934907	63.6463076462552	36.57974029933931	85.40260130131675	0.4934121533508352
2.211538989538365	0.3209470013119192	83.71814125261028	90.46754982212072	37.51408646967859	41.46373341648658	2.579793305883558	56.94236256417319	25.2004191193592	18.35987208696644	66.4193287047688	92.08423041532787	96.2331069632023	89.42748592187377	0.3107843394178348	1.841140244548746	41.08532702293732	95.43861489254274	71.98368705507303	62.60961267796638	1.400358311009882	58.59526818257032	43.42844283538311	82.54916026854687	0.9953849019629868
2.325427049519955	17.01298986499543	51.10287089205774	81.00698811954454	79.37705789259688	78.26511414047488	2.168554880384722	3.741587045218411	69.06384857337866	74.80571872238373	95.94926638563281	87.00244206946887	100.7201760189004	92.70580000423443	1.434666687981784	13.048933881232	0.583344411246856	102.1619525383903	19.62019237637999	5.205981177388622	50.62286052929596	83.24094135750751	1.55561557627991	95.9881641903619	33.11421861230803
24.57782620171071	61.75132417782231	29.72910197154545	47.04822077997947	94.88658775497238	95.16166555639714	28.23767791427284	1.784553441591098	89.58293355655195	83.53869274336419	92.40255459119557	73.13754256633179	81.64285514472495	102.4422839489787	38.26882195803671	51.81839147638637	2.958286134883855	90.31656826902227	2.17607309361044	0.3590102075734314	73.64251546569996	100.7763705236564	1.404986339797096	95.74038976431734	68.25231265371598
0.02184508249495522	29.3544180912599	45.69719266824202	64.57831226136281	81.62861416357374	86.2136074327837	0.8135909126867347	2.302988114976654	79.42329796758648	73.23197556484203	99.30215659125891	86.52674848515397	88.25378941365987	99.78706108164423	11.46090145921355	33.72834842453192	2.976357361353041	104.9130980550798	10.4610639796874	2.749460654965087	63.76675392499627	94.87559973367507	0.6032516968023274	98.88948362630892	39.38677811416538
0.493142904006579	0.3228151084549666	85.60500542487594	94.3855542063267	38.65278971796033	48.37258630159324	1.990840323037226	51.56983021144703	30.7377270740382	19.53997067985643	82.65413707898391	93.34260515723977	97.0085245426133	86.05636596829044	2.980551088911659	2.642560839057831	37.65362857183493	102.748446715203	66.8000905878457	60.82781214832085	1.375518159181136	58.56940043244211	45.2256107863383	85.77344708559176	1.469115487401051
1.361877719053685	29.61303988654554	44.83970832630534	62.60929656789983	76.73712050187025	83.69667496670174	9.134008008044255	1.497920135289598	79.51558381833797	76.70085587695793	97.03328248644793	87.4899062016104	85.76456343518112	106.3734485114834	7.906384079284249	23.81757468119322	1.6946954472891	95.13976563614749	16.95976938184243	2.702981057128306	65.30184217567707	93.96686597199744	0.04394404818022959	105.402051765019	45.58623458044166
33.94431291236035	65.59073000673482	14.12940969583716	48.52189768208062	89.86100778059338	101.9547310551748	38.20854819583788	0.1281726212977047	91.5142143718293	91.36320016035489	96.4649477815539	77.59550677644458	76.83991406136222	94.89724581070797	49.86875544555312	59.51382026917878	0.0973870931080655	92.51264447745736	0.6421978796696535	0.7922375925886604	85.42895657995219	93.00671792739152	0.5632280406624941	103.2206215038395	66.35655544314344
2.077201381812711	2.137276613999591	80.73936480567896	84.50013053077244	50.65106458337237	63.48006416235539	2.985963064750517	39.83631611215264	56.73974359459631	41.46776215819371	80.34778596084098	101.0500586702797	101.3832717509657	102.975838605112	1.280484454787467	2.533679842690815	13.02734499560531	92.14260325752015	46.99606153728472	43.3504563887426	22.34377176596702	64.7444971035948	28.67852661835217	95.38957093922082	8.925228403910914
14.12122257627487	46.9784415054732	35.15032302884767	62.28111617669316	84.3840564313395	82.34083614931784	10.74835046495606	0.783328254704013	89.81056215530934	75.10639245334978	95.60301537566998	82.56263185150296	88.43679628333074	101.436340792359	26.86785166658819	33.82825239297564	1.807410681444941	97.59643769124104	1.828782821395848	2.936691775002614	57.37146542837048	99.85435430197252	0.02356171810202659	99.60670428561689	52.98529561265148
43.46692756940386	70.74634474128712	1.012453072337994	16.04344258841048	97.17512224591796	106.6208963772549	51.35125812576766	2.487436529361295	97.55385702613385	104.5194203486058	104.6362450586704	58.75642090225628	69.20448973020366	83.55928541730133	59.74525844901062	66.24699772631425	1.969204358490103	80.46457645148864	2.719286270381526	1.729875643268545	80.99921469667923	105.5449242871724	0.5444198391435755	87.1288314214265	79.17092978604009
27.33015319318003	60.79537672118636	19.82055752262871	32.95628293100931	95.33614315519618	103.1454763838786	45.26134081193919	1.802641982873328	97.0084171148919	96.13962478191137	96.18944306328568	71.82570992886716	75.63138346900119	98.05652859842084	43.69171511925551	58.36676861061851	0.6888501435506706	88.33750383580168	0.3940094608761436	0.5578697666989487	85.33329044048939	96.80719794409357	1.071905729360687	91.69599559722977	70.30698840730739
53.09339752537946	78.92498606085914	4.023677231716713	26.0528809163361	96.86929738977054	105.4480305929179	52.07067772160917	1.287600815365085	93.72293350495573	94.41919200592	96.58911604830323	62.43221980503363	65.05635718946223	86.10837123567605	50.51274578202091	64.27717680214212	0.7713046330758888	84.9890726037186	2.084449299186849	0.5272519527375736	83.71278871986152	101.2323654714	1.254463118690868	100.9208974553367	77.70936395103477
68.42522539538797	89.13771794611208	0.3322298675859576	2.395894452258041	100.9558815922325	102.7716836541777	67.47307853762939	0.8551480320624509	94.57012754963245	106.5446846816127	93.5774705870367	41.93362699408485	52.97560881965222	74.89427193911285	72.73695292911275	81.3416559855131	1.985929064369049	62.87793106934893	2.295911914880763	1.151385460211513	96.29469555589203	99.36051299582422	2.188049375866893	90.6433812790785	96.73156948539059
53.99293543234749	67.74873686896805	2.361348799809837	28.78673262490059	99.36725547787691	102.0685517116345	58.02659492921165	2.541981573659969	98.19790015492548	98.3181648817453	95.30715542590075	58.18883505322464	68.30023537472727	89.14888390996384	55.32779735900504	66.29931690488725	1.268271201545501	83.09367994238623	0.9247834302208762	2.243097919326048	85.39589821467071	98.73887744125825	2.585514060787905	87.83286680537806	81.59273044230574
36.32170497245595	65.4356219754013	11.7305272015484	24.93319927441563	96.93151673748574	93.00050971631129	50.45343543939234	0.7629991626543633	95.45401792222961	92.11047229343062	94.05559168063861	59.02551362838311	76.15221675528984	95.48747988688889	52.92265854203714	69.431987881328	2.851522930137009	83.99516404473638	2.736600944062098	1.704386383483785	78.9881032831203	105.3852568456804	2.267202487081887	97.66441524190903	72.17611504754173
1.723350386924163	0.8378086428191505	76.93286999770254	91.37081163325833	59.70914247291734	66.64780703022697	0.2392799272184505	18.92610135072799	57.5538292721838	50.23724047055664	83.92053134327827	94.21041550246318	100.6140125961378	105.0872028200567	0.08075289708779024	2.653181432272752	1.196710882070742	96.50141627012587	46.45289360391192	24.36051974868315	26.75295666478116	71.06599680380127	13.24273336705068	96.07903203381932	7.02987680119592
37.42251198067211	69.95187683513592	17.18422197725883	43.67893187192088	99.01539685121277	95.41761757388478	43.24184905597716	0.4621427214736613	100.1125275050441	95.13180628171889	102.1499220598495	73.68440438601749	74.64257192548286	98.13069809659777	47.36657393449953	55.4656196514474	1.563552409124128	87.72372042475614	0.1802219287408401	0.6443582785110029	72.57261942884871	104.1224034331208	1.827695467053329	93.34328095113629	71.48384653920992
2.019290976947492	1.563010619144951	93.12169608526314	91.83894357205436	23.45096003648997	31.02460424311241	0.9396628552348949	66.84365720820581	23.20627906013693	22.85208651064669	70.71411203991929	104.1619946946186	92.41059429590503	86.94412347261559	0.4862865649612317	2.500604279149732	51.57888371162568	97.97758416997488	71.27614839261869	62.64339085280858	2.245288852862464	49.92602787359263	59.81216654516845	72.92185794239461	0.06242666585181758
1.213302955884792	28.28830744534383	54.69231715864119	74.98531564735667	71.87473878712781	76.74560961186724	2.182625250095597	2.314231745568551	70.55777747654038	67.8276128420607	93.28192618962012	87.52797394673806	100.5499552430939	92.26820535384397	7.585274352938477	20.75257170996032	1.893713926065944	95.75728126560973	20.97585338788043	0.9440533149530186	43.29360910463315	86.87048019638277	0.08584079897008404	100.5312469217784	35.61231224152138
0.8804962647954275	40.29835244383548	41.00559789358839	64.9281182026605	89.03633764319738	81.89827344629016	8.748970511310251	1.094981305742948	83.60874934374176	77.34863458077749	101.7947437986619	92.28469759218289	87.16896665044769	102.5152852028786	6.259967220679265	22.86330707901302	2.559319522517764	93.61770332814135	14.23340422476051	1.968110954467733	65.03943883061029	95.40967445325612	2.945454802854859	102.8718043329573	47.87955870660709
2.477400040567099	10.60808929439175	55.56822544958472	72.76982681558439	77.93217520537608	84.20101290897627	2.710939078357944	6.538992045001415	76.0256620543686	72.93483090307681	92.00340570185685	87.45350805022396	98.16077044954235	98.42985940714574	2.852119635023242	9.236879167917863	1.842496996321149	97.60554520718863	30.74746635469042	1.532094869374145	45.55492632960535	88.51390009805154	0.6723577900217013	92.69003974811304	27.1582720017684
1.82794837845624	8.095221118192072	63.78646156691492	77.93016249385316	62.69955511471763	79.24543497701241	0.5512132214538614	11.70722587988574	70.64135091069882	66.12161579211707	98.1825667485269	94.96588097521742	100.1986246323	102.6458460907636	0.2573905446035779	4.747136402298331	1.68258630559192	93.41431655998723	41.83227628477658	17.51896669361808	40.88108419631016	82.97462040979602	3.516164385456539	91.03810740623378	22.33892178486542
1.727071939172102	2.96909355938834	80.99524411484659	88.08619920207705	49.66235226672021	65.16985922608947	1.778460902053866	31.04439442235459	57.28514475083544	46.92929340022199	80.91713307581273	96.57030828214019	102.1729688873933	99.43892148967592	1.853029996698407	2.734214563107229	18.21911681447988	103.4096800079091	47.11307031508215	38.38742690792944	9.420936139247434	69.20197851191773	30.15536459522794	99.10895777516807	2.846924288283084
68.83428226117319	96.36953023713113	1.798224115024655	1.014528909566143	95.2370102349325	100.8306149583689	76.46772668880008	2.623765705377412	100.4556531594094	99.39803054659977	103.3131158507312	20.23145300251447	33.71691518666356	71.5729537946429	76.68078331784855	80.71698787375084	1.389050945971375	65.10044882793149	2.740505737330816	2.725578956258327	93.19591800644581	96.77861464703099	0.6809639298829606	87.17156227508318	94.40373240842132
96.76755987820522	99.13523904470811	2.618986470687513	2.182884958578105	83.21547428732246	83.31627853159299	102.8059120127534	2.386283426620365	75.44174688283006	101.4725363285635	62.86519899715479	1.699157929888221	0.4619809664526287	2.11263700728559	97.97230388304098	100.9692169384517	1.446466750991654	1.292267122268034	2.291609430296064	2.224008367433617	95.51758254602866	98.01980180981531	0.8377647562719845	20.63616364000926	96.41409088081615
94.92067554550714	89.98735911391498	1.361253612005889	0.6385160745431517	41.27041524409236	65.25337170082878	91.2384762703627	2.498953668852818	53.30765289333935	77.49367600810558	29.27480802302033	1.289986926916683	2.066494977797882	0.3943126260495899	100.3317590561298	105.7298579642261	0.3994904934645203	1.273334529834539	0.8801745944979658	0.6524130890144355	88.982757255584	70.88123442165475	1.677485875625525	1.464284153014919	92.17488007777428
58.21691777761831	81.98809363559154	1.937991794932812	11.14035898811521	94.93064038092936	105.212548500793	66.55789794991139	2.042818079334695	100.3722621447255	96.5729914119558	96.0668922905749	47.68431403642924	60.56516206374751	76.62598944127834	73.84464275625038	79.85952458721182	0.4585012945297753	83.04408192515476	2.364245553445766	0.5490674010833445	89.44697728214845	95.82341179514378	2.184238477414596	90.23120898103073	82.6028666997656
25.77975465879237	48.61853375028426	25.39922976950098	56.55563328999393	89.15371305173676	90.36005105894642	28.8971582942243	1.620868353491013	85.34420351582934	81.83355513320367	99.57552841606743	76.12521067444206	82.97674634997799	91.20588807723652	29.87454023636316	53.43804532928468	2.050488885330092	100.5769324113998	2.543995999831912	2.233542323219353	72.50713696899844	97.19022326379307	2.152795544161308	92.96886422453022	54.94342422647097
101.8803971660806	100.8082120345237	1.306905107262826	2.090758851571991	82.3292238087618	83.76887288651989	106.6856659669626	0.8388151046385037	77.65451881794472	88.89662856926911	72.22353987155749	1.53573465678507	2.450893743272164	1.325761681140852	102.9720872880588	103.4209275635947	0.7623321466369741	2.415401907645231	0.5682101844644427	1.224047767161773	104.3701924266323	95.82193733900645	0.5033422316695684	26.25999067950558	101.3124558812743
18.90178820107374	56.93434084298815	20.10669833913137	48.27378303223399	95.46947857718261	96.50981887061522	33.92579822783321	1.527568071510933	95.87407459337282	88.82582957857461	105.2234749383908	72.96416903410669	78.42342890369008	101.9709963612718	38.74458354898935	54.71974456696839	2.092209590406043	97.03930668517056	2.4371138597635	0.381884650621685	75.90796352363668	99.78103612039834	0.1409013160068517	99.24297012727995	67.45002694791205
65.36738630151125	87.22133622787436	1.732544485105287	7.222917095974751	106.8144515318208	97.77091869696032	67.52091708043314	1.765877663972197	102.521098375124	96.58298245880253	99.6492717779022	46.86682049638517	55.06848494656376	76.19143136092769	77.68579976965052	81.09702612536871	2.431793869361414	79.44932725064237	1.97557010846475	1.845725656078964	94.00690105882647	101.5163050843169	1.30361980488807	81.48792422560332	88.56014687791918
51.36290427939819	82.77822944006347	0.8248210313282165	10.65429999318448	94.58105992725471	102.2099246911137	65.39575981424882	1.832854012954896	98.17392339775738	97.94969373367174	93.91062599131551	58.12123088388847	63.08227003877569	82.25983191609265	59.53875528445036	66.37925948659779	1.949147252677371	79.65224596979336	2.577483361444399	0.3949900799416955	89.20621649800998	94.43055774097716	2.56251526766769	99.12258506885848	80.86129768719792
87.47020701876266	101.9779458515577	1.642156635428663	0.5099305112646102	87.82031560667079	94.46656504492498	90.76567079224732	1.619439515608919	98.0771865234627	92.75272648817835	90.06330149102939	2.461456781607779	1.418719028542027	39.62024925608135	102.5277117908516	96.00578723850424	1.562864075900453	21.45734984265508	0.6521938282367292	2.01912148811971	101.2647013195346	92.46889023796686	1.796186407001148	42.31005017256788	95.41565412496676
81.77530249827245	92.10179040617308	2.810949338564461	1.917201793027856	103.2774845110715	93.38943094998534	86.60543917148669	1.29203692459084	97.31263801287812	98.92803965073939	89.27783563775019	13.30514149186435	16.62546469855781	64.40998218788081	81.26187175557737	96.15655169982792	2.129645202787369	58.77504620378762	2.2873425184191	2.282448649244158	98.82166973058025	95.71491947648011	2.191927389873139	71.53444244002385	102.755632579777
94.97055081841897	98.87934062459945	1.618980335060433	2.375059462547537	77.81522725604802	91.11539638341795	95.25555313727799	0.4261829837534351	81.24632987415821	89.48789591108523	65.38842137628733	1.617027712294846	1.769470450488126	0.05250480455796283	101.3348193520734	97.9965945139691	0.7433030003873982	2.949519675873947	0.0140964164395029	1.517718400139688	93.26053273962616	92.09299064472664	0.9569133655281139	12.20774421837003	94.15632526988504
90.37560226389334	102.9821078107764	1.182769920377341	2.967309909708717	99.25658102966599	100.3401440669665	89.5303069996275	0.2024648346199323	92.97226386917872	95.63052591269921	88.47730311403606	9.032790022544912	18.27703379774975	63.34563643988622	96.61144036039451	97.15653775725626	0.2171880879529311	52.79605188941979	1.324892487434741	0.7012302861295172	93.66292007824485	99.90109834145933	1.748434990075669	68.63244175659604	104.9407377626026
85.66443373724186	59.7640391546696	0.4809626250753903	2.038443525867281	2.356560571066059	20.01872614964743	81.16565740747586	1.35310457358988	6.99016673309972	42.09815188360652	2.704514068486547	1.774187024088929	2.017871420219858	0.5469309853462569	70.31055791561013	80.19675688205251	0.8115259053006214	0.189347876896002	2.632703129532448	2.139011065664083	63.37519645992714	33.176461835082	1.467464801812919	2.96020193339941	78.83142513879197
88.68945466864325	100.6829173070095	1.050718321045675	2.06584517458869	90.33019375522154	103.3862837981513	88.06901653799376	0.3057441820224457	88.2146156478414	106.8874025007909	90.90974621969548	2.019395241483761	1.901205124142375	39.1032966636658	96.91067561361879	102.48728911469	2.996727932562704	37.31852841209682	1.684143054276518	0.01888188589608288	100.120572512185	107.0368036162091	2.666995289078368	47.40960937075794	102.1208637862734
91.78759818054317	104.410214725174	1.641152255225365	2.61527042038651	90.71605056986215	99.63380011886204	97.42548117425474	2.078994417463231	93.90478374925112	101.5093830474394	84.84507172563066	1.763343171105603	1.818273032705039	33.32230587359528	99.66026507568203	92.48834737639766	2.738192571864869	32.6593950474094	2.543871160054173	1.943677086557965	101.318465388563	97.06081891422511	2.850601760917078	48.51174572595043	101.673785254762
97.92182188472495	97.66109723667832	1.77493902066576	0.2497014633950511	66.4522037427748	76.06233945250536	96.11679511100353	0.3850767532617557	63.43355678775512	87.3572466616117	48.84124141657004	1.761287776752898	0.9936116593589892	2.148970725415207	92.30807725533339	94.42798266368004	2.475455651124577	0.4071185456532487	0.2260474775112263	0.4438206668657513	93.92534755750779	88.80168277808276	2.688584106877093	2.027339817411712	103.2907208120191
62.0269042929024	49.4208913350065	0.7355724628962979	1.693829283774674	1.564480363736999	9.560105818851859	64.88293714523847	2.473775795811721	1.710561400180621	17.61109908677912	1.917022017101162	1.386761158696866	1.418754440860747	2.870193577108279	61.72221850434047	76.63057518960663	1.015854315182088	0.542510223613569	0.1584623904771333	1.877219167406742	47.38152979751683	19.1795562165664	0.3720465354743551	2.67946702077619	71.59384688727023
90.88212766875813	98.36408484683541	0.8718776873722689	0.9038921698704785	92.23353298404777	92.38120465882064	93.39168630760561	2.032361509169652	99.05242890006893	92.01483739329429	94.77534964954147	2.15608442939868	11.43357301002942	62.80237200072013	88.75652997108475	101.9325183633405	2.739799146415408	42.35096860931525	1.281631116826309	2.946639938822761	95.03170301200902	90.68384888275467	1.107873382010809	66.79210210427973	102.2606183918958
90.82151121942113	97.39524139123675	0.5741304814449866	2.313204424379834	93.51157515564772	97.03959948500494	95.76370689384963	2.467176014666523	96.04532708081049	97.7763720930401	85.82699148704235	1.403806203684892	0.8599650204942442	50.29222860826953	90.44616849041995	102.7704454460936	1.028984053486746	30.36394262244536	1.064980233834976	2.960412281404233	102.4014501241317	93.09173518147074	2.133551010198306	58.99566301049981	102.5792103801561
97.09026633455554	80.23825589999649	1.912162316370462	0.4153925531657185	35.74822694251875	57.39225187236381	87.19441515492238	0.6915811817837993	35.22557888038313	67.30128332998741	15.6281005758135	1.477627302471018	2.102062787441666	0.02858328219518416	88.49203208653708	99.99532607721231	1.828888062127249	1.363867549115822	2.893171159131045	1.20274610235151	81.32443428058815	72.96834829013459	1.624502912871442	1.325515731399987	92.78610461353854
68.14604894300352	36.7795153187312	1.006175728184591	1.152724844944748	2.024815562176048	2.624792300740705	57.29343809758018	0.8657747733572223	1.59522338102638	3.468910202602498	0.9941353858634037	0.1618497119123709	1.395015190410294	2.44475229698549	50.3228050456654	66.24750394257379	0.9464212603615092	0.1905552209724578	1.617598228940667	2.529406534674266	32.51498007392075	17.60583877947975	1.904832862045121	0.1151077986424702	69.2506246728274
