96.02537676722919	105.8141069220537	93.52718233554215	103.8027757186127	105.1983627565471	106.0057390864568	96.8075436166737	97.88914499814879	93.53851292100779	106.57734503265	97.88649692114542	105.1670174673054	95.41714245305253	95.9754777203141	103.9294236490817	100.9551072619242	97.28726450784289	106.3896827835231	105.2041970214757	95.34578067465065	102.1673084513868	105.9409302113339	104.0002527546924	101.0879669561151	97.56272372869306
94.27955809925919	104.2869592774527	100.8434059024009	102.980468718365	99.03389335348479	97.41037265540891	91.79640428273061	99.22991484564155	100.3408733442567	91.81951231384831	100.8861907489584	92.82551179739266	98.57159881695779	92.45500113762711	104.6403916606457	97.77901257211288	93.20461184387634	95.0201752203852	92.72099276988838	97.21681218185563	94.40130447782009	92.88442845630536	95.83128939579601	93.46006236851218	100.0148681486981
94.45234399228983	93.27210339762853	103.4577669053719	102.076316429933	96.04332700708385	103.2225788806681	93.50353301610575	93.26022687572663	94.51130402676985	94.36759021369073	94.14146617707132	96.12671635611891	99.88831987767513	96.07399978423312	96.73640939134354	95.70710815306684	99.10663890003525	105.6003312889917	102.0392237185065	101.1155936682691	96.19895103364873	93.87847106622108	102.0155717281355	96.04144463984372	91.97270269367672
102.9629839267641	91.5640797153666	103.3960898089718	102.4745503315986	99.27801573237954	99.6042335301014	103.3529430780849	107.0007363014923	98.43913234764615	101.3122920856263	102.8112270122405	93.990950941934	94.29876924537082	95.7130412910526	93.40625485930724	99.10736396262425	106.9671025296369	105.7151306847043	97.6892113125157	96.44535288227533	104.5885432088033	94.26365494907446	106.6871442965068	104.3104357597757	100.1068255242827
105.1267522514036	104.4622165596168	103.0147362706122	95.19959513860042	103.809220165306	98.98760207843557	95.16141328770253	97.49364671775251	100.6823771839832	103.8962795287107	95.05958077729876	93.30208246239258	99.18647075986038	96.23874652078231	93.29550874078784	95.03713637596314	97.21351968711005	105.3265911472369	101.6304368425518	100.6847205604023	96.0495786698978	103.6201354769425	93.74087302058466	102.9634108907582	98.02496600272804
96.68172370009933	92.38529665716149	105.6421040973827	97.21435476435109	97.30080108271875	102.950476044219	101.5948666735564	100.3161035952006	98.47542759745927	100.7063947644488	95.55258017376089	95.92614953436437	96.7074962510025	102.4089246681401	104.7860269688638	101.4043827976531	98.82138459750496	94.7811304128349	95.96520161021466	106.1225510365643	102.9707238728464	93.30336633202451	101.9286723792362	103.4075283289389	102.8595314939037
100.3689721010114	94.00207971077859	102.670492141812	96.29507973427353	93.08069809065918	106.4182786851873	93.61078597703047	100.4658763779906	98.62577029996075	94.00617846750181	94.13904768207607	101.0925123458558	99.37385610899598	101.6825821551629	103.1583648834339	92.11177476007303	100.9524606224653	93.09344643648262	95.68024545608074	92.52479468253289	94.24554851864758	98.50374863563961	92.9414810354977	103.011093202646	103.2413933688919
95.68501456411141	93.84716394327403	101.4995903826224	92.9256993309176	103.6720959978773	106.6023567124319	95.88782185266611	97.31417199400559	101.5722509060064	94.04906056635815	103.7029588836847	92.86650205003004	102.9862931991695	94.55246471626134	97.80042546403774	102.9903041393018	103.6394691021906	96.06131294045613	105.9498479425343	92.92980906447409	105.8113380866358	98.64867343627623	103.9795954836045	101.2071071113714	99.69702922715481
97.65225726470851	94.33263288207053	98.67547357121551	98.46064121433427	98.72552252176193	102.3331562393143	101.7094679294262	96.96544921665605	98.88981730403181	99.515767060177	100.3948590323862	100.9034423232088	96.58852770443339	95.72268492248662	100.8623345764712	101.6049681235256	92.55349529950968	99.73607869836084	100.5075705672085	104.0809015278806	93.15551951404996	100.6144048557592	99.82568623216943	104.4691422835132	105.1366835979523
99.40465588658431	95.95939531371758	100.8556852228231	99.34374863540916	102.1622526781905	105.15523354717	95.62953779821829	106.9750564345655	99.79987880357282	106.1853222328335	96.0984939077875	98.56320770686698	100.0070098375609	97.68135752431549	103.9907464695792	94.4066025075338	103.0407858402529	92.6168061358794	106.5209402727054	101.6609903984382	93.83185426781999	105.0656617301799	95.02467586597717	97.45958409804973	105.6923816513067
106.0189946623757	106.0615514146372	104.8299171219439	92.5666371196898	94.67295050047645	94.07546667619393	104.2468528638184	97.47318921526542	104.4113968698672	94.37995472234495	104.8789407402112	103.1075792497801	106.4137558595007	106.9811480685353	93.10582450532281	101.2561699495896	99.62541210199085	104.9185529318545	96.61665070446625	98.50021906711255	104.1272308306377	93.92464037023348	93.27076086396907	103.4166543901951	106.6064739928191
92.71852761813469	106.6518592054125	102.8953145587562	104.6199884366486	100.853048907149	94.86090483727314	95.7447381151147	93.20910691576158	105.4282052843581	102.2620142938919	96.07172255345806	97.79999764452062	94.64174713636906	103.2349669935563	99.87861572911723	106.7808412498765	93.81901979482947	103.3956473255259	103.3399403202074	92.24120844204894	94.21873600025171	102.9554697150122	104.2489559985964	99.76160314954774	101.172940775756
101.1021353552824	100.9421281293447	106.3031499883948	102.0779403696932	107.0228477464916	103.7753730785717	98.36744363144658	101.8112797828713	92.65186244575665	106.9083538628084	99.23503164099183	100.278034118737	107.1147725068345	100.8554987205602	99.11679683146455	95.05319874040771	103.0179975100225	100.2908941281881	94.87818339621626	94.23898829324555	100.3012074219394	101.3773949592251	96.85979115715809	93.68810884902572	102.9523481884863
103.2076895303345	99.6091910552277	102.0145031085604	94.22098059056927	100.1602252012412	92.5517368811494	101.0849989567663	104.3333206121022	95.3868872836488	100.5593698164381	99.05126650548006	99.28109887139777	93.99776128891743	94.86834707756842	98.66509588159894	100.2600940669363	101.5177911292622	94.27137573690227	100.8975494794748	104.8337270167425	98.92027976085704	100.6665880811597	101.0111235383567	105.9276970124692	105.3824554194029
102.5234796020535	94.01287037769832	98.51346677946161	96.89425768250882	99.86020184306894	94.65570034210108	92.10764493351948	102.6835269686183	93.30549862001432	96.65785191096072	97.24381737887434	100.3853110175161	97.46786264356129	104.3556252311551	103.1099837176302	92.33822108717871	97.40788808725024	106.7742866561661	91.81138360296494	96.17081417225239	104.9230646489846	105.9493546326796	101.1960728846059	94.892513826147	99.7242287760433
100.6664800687215	98.9783730841626	94.22923963511572	99.68709338972162	106.0037886325201	95.86941034813624	96.53919893986766	93.13298300579085	95.15379832265174	106.6605565624377	103.8637481640985	94.084387509107	100.5460406846238	97.59777490456989	94.92740355232372	99.00136998811588	90.89659853648001	99.31144763238058	104.6408239290049	102.8199886767349	93.81742291864344	106.9107384449297	90.96122718706299	104.9015159633064	97.81258679606383
98.70312700156563	103.7844038382183	97.18349489836946	99.51350867946518	97.47099670113741	93.48976812667593	100.1979018538239	92.30916576842512	94.73950011528656	97.80473688527542	102.646884053173	102.7860319357752	102.8542199280222	99.34168573072274	106.5644481688063	97.13549394328498	104.3666021919411	99.63357452039894	103.5914927080786	94.03825492429898	98.69066535559743	106.1332998460695	98.98307478483105	102.8683749889337	103.0918541957312
100.3777835380744	92.84262176247898	98.68863773216574	92.92551704982419	100.9923401970896	106.9130162873439	100.9910446442225	94.75452135158609	95.01949017760283	99.6067567363488	104.2352544406936	95.0334460532891	93.02706281847483	99.24563950640969	92.90618536758669	102.7500093174421	101.3236726648426	102.1271310423482	102.7418007499964	93.34356991698387	93.41654091330389	92.48054308970637	90.70329674710314	92.88599586878503	104.95713937404
99.95483169348964	97.42015907094911	98.07073097051988	92.97713264102366	93.46509632993612	101.1436247927845	97.24267724498229	105.4348719863773	106.5000008067925	100.7997539724206	97.2261437192191	103.4661413087429	93.48958015237007	106.1538345941867	105.1704151733913	106.3243407970433	98.62111564933993	100.5989802519705	92.63399832720455	103.2786759324587	95.0597303514639	97.80043696076106	94.94638492753597	93.71901683581774	94.04422716179533
97.58376969430893	104.2362417314149	96.08882921531892	101.797023805225	98.00167530301084	102.6124151054673	104.7385921940536	91.8229343310994	106.2288905167432	98.27221100960276	99.42448723342432	100.5754663513841	95.07824491830755	104.157622932486	106.5788148570521	97.02953155927034	102.1590515667066	105.5541968420311	92.6110271165365	104.5402864110084	104.7618312544824	103.2950987173297	101.0182657803538	100.0035697351409	104.483730403518
94.27650841930074	99.59280518544676	100.7575637346574	101.3932542799799	101.1261241349111	103.7426722332496	96.26246926927459	97.11665823513124	96.60837729251421	92.89330828098053	96.65370972046452	98.23066736820819	106.6291493726739	102.8024867898653	101.0042965615425	100.9517950117248	98.27332332298548	97.75947743490396	94.73886777632123	92.74134781400163	92.21188362292422	101.1545318313811	97.12463979219034	97.80194980479344	91.71776360464467
100.7010241569942	93.83757440118957	92.48988703645202	105.9191995129475	97.16646035842228	105.2317710560322	98.4269472004646	95.88986895186073	99.12947511697152	106.9613721358639	102.4140982429449	100.3852994206777	101.0880462282904	94.7875512158674	95.60432333464192	98.90329160430582	98.17696452292083	103.9460600942844	94.75140378938492	98.72250675128113	105.0508639424425	95.13398232494755	105.1340816921939	105.8974028497156	96.96533315908898
92.50294941004081	91.23882561301104	94.85021743468531	94.42784037227142	98.27950255107672	102.0849811329872	96.99754555118031	103.4309925470206	94.85081405883412	99.75504822006914	104.0054087001133	104.0981094195554	96.49179352966804	103.1396268946907	98.07187077953944	105.5510158362734	94.41725544029092	94.86097798784819	99.91086484205181	94.37893967393009	98.98596286549494	93.51857254882545	93.91284399361082	107.035226447706	92.49718588838279
102.9650724483818	106.6585722061997	105.8907176231644	101.8754458450015	102.6583999231527	96.00563414860407	97.62598925077783	93.59110377818851	106.8241064795588	104.6939775313758	93.89399806868059	105.4600642077014	105.7067530934368	106.4864931246418	101.7611021798983	96.99869951585434	100.1843329887692	98.8228047754357	97.66221792634974	95.1154835996105	95.77516169583772	104.0808072067901	104.2899167257519	103.6375837339151	104.7749293842896
104.4988820143275	93.90813487386987	95.08402412018448	94.94995816373682	106.4606094065546	99.73008150976631	98.20039239171408	91.39942587670063	106.5675665117701	97.50428554679631	94.7073063945612	95.47478950604469	104.5517620005462	105.247051003693	99.82368266515039	105.1577992016475	100.6484421183425	95.57585026080488	99.8941377724708	95.39086276367348	104.0733350324059	104.9087092382799	101.8306656719681	101.9140663910391	105.5201793381024
91.57194454808025	103.9980724455874	92.56292540740141	98.08238304866856	93.26127117540298	97.46418514546291	93.87033818691546	101.5691170497841	95.10069247562387	103.1768002228771	105.7216685897527	97.10145328357447	106.4524389987257	101.5251636165553	93.44177221132421	100.5638653016755	92.39906708536297	97.64877196079601	92.89167046802584	101.7688350568545	93.51410473318808	102.7755257345263	96.24077997348064	101.8320675194673	93.83004725245924
105.0587752799588	94.43568651921966	97.64689856082929	95.11903392207839	98.9738860237551	92.40913843109345	94.36690986489663	96.04299758236672	100.0197972685545	106.3760204356725	93.42004117558089	105.0106786370718	94.39468267389202	106.5777226310774	102.62794135329	101.4686353619715	99.7325406709426	107.3865722645521	101.4719398706853	94.06071521805646	106.7509808221267	103.2860303759133	95.23786596492002	102.4023213195744	105.715121648504
92.08436656283455	95.73069055403985	100.301126806424	101.4815705606461	95.47388838679697	101.7516750123837	97.94155258409442	96.32379575588611	93.38459963137328	99.71853713317748	105.2383000849171	107.3273645213282	98.00663563689638	100.9706425740707	99.62691866469392	94.12331057923976	105.9545563990482	99.98264259023756	103.3174759568772	98.4541312818848	103.8348257651826	93.44756813502305	105.0624225797098	97.44192265922445	102.7448982119602
104.2562375592723	98.94186443763164	100.0509376524356	94.65541158833929	101.8515085903498	95.64705094753089	98.5001636571964	95.12191823338242	104.7948566630528	93.72688755504689	93.24606437651202	94.62869768888123	92.517734939802	94.17172532560045	98.18580065630323	98.82794447043939	103.7491323245877	105.1340083672302	101.1561316782315	99.99258481155687	100.4199793422251	98.78001486609544	103.3340123312786	106.9822746987362	103.9320341126735
101.384842842399	104.6541227078108	100.3046414783263	99.34245666646845	100.9719195055682	103.4674291498471	94.96058829704242	98.72235466953767	97.66600838792304	99.60871157662288	99.38306113809993	97.22516243091367	91.76949287845805	97.53789734575935	93.85058249755185	97.33879379840549	99.76025374974284	96.26412892094609	96.85385193871329	96.56924223354338	106.8244818559037	95.53329265783644	93.34276629765878	101.8760647132797	101.4004272725712
99.88096730182302	97.32264102541797	91.08338781332841	102.0252242799232	94.68696922427871	93.34134832061766	94.56457855786132	91.08684360358411	97.05734430197384	94.08031694914746	98.18391713307625	99.16763466017133	94.25743577958589	101.595896332829	98.92222432916785	106.5754846480721	93.8330783940292	105.3916136601482	90.49233741852626	99.29973078280499	101.5168806925377	104.909878736102	96.66203157080761	105.7423700443587	95.70277221775015
103.3188351425815	94.10809963887662	94.82084817149443	103.059401622851	97.95988571442398	93.96692948088283	93.86541951577514	103.3111198287338	94.04389673852931	103.6001704288404	105.5250349249791	93.10643439380787	102.4152753603318	99.29172226805122	101.3914255854014	102.064929272875	91.06625608516909	102.4368225665378	96.28310622611849	103.6964757286415	99.08009547778188	104.1074609929039	99.13539174920395	97.18136475274545	107.1140718449869
94.24660552833953	104.5240885831996	95.85527491423709	98.08194392026888	96.28799692648248	103.6313823903461	100.4962675343335	99.37857032574736	104.3649111274393	99.91901724390355	100.8447864583482	104.8335653297936	106.9287584499621	106.941433786284	106.7376249261598	95.57169187630554	94.84073639834325	106.00578807438	103.2309497548924	92.93020050708543	103.2011463588039	105.1649252349122	93.57056501520159	103.5460801931345	102.7009912190953
100.0114967140613	98.75171998377557	93.75575114486058	96.55079843758928	93.41767607336952	94.44670089312673	103.420556282735	97.03528936556089	99.29756060282907	102.9181491184854	104.4158345104616	97.89075769471665	94.81625670766668	102.8816457292277	99.55289333555751	99.8003756345434	94.69384704168299	100.8624757133214	93.13209646349289	92.40686200916198	98.19151578831513	107.0164685787519	90.95416624891698	99.13545462793884	97.76232946515205
103.0735776948807	106.0992008567201	93.93132787725025	99.21465394477495	97.69536329716935	107.292193418336	99.52272287959298	103.617648243868	95.57412384860393	93.21713141160252	100.5800063181061	93.50262985144923	103.5531064425108	97.81173004544621	95.0050319016617	94.45944863524961	98.58604541682395	102.4665989838439	101.7317940918896	93.67110952678402	95.89395176591979	96.01129191711578	97.38753906056664	103.5764840192617	100.853031755378
96.83030468344457	105.467051079753	104.6971721252996	95.00708184069435	97.26377927312811	106.5798250298705	102.3369422419592	92.01479329007066	94.07946151260298	94.7655130682581	93.65763268937444	101.5442615713776	97.55776627230439	102.5932111243793	104.78789733952	106.2843605826942	93.98456133785143	98.27228286299264	103.0465994171375	95.06526937533425	97.99769676843171	92.65411703320851	101.2251047811107	98.16780520723901	100.1146439025271
98.54658591927961	92.94410235813362	91.8419685703046	99.19140276511524	105.880576930578	102.355865698471	104.1690613003092	95.00886687329768	92.62145133118592	98.38777367352407	102.7212052250963	92.89106682212902	95.721064253834	95.6799576758939	100.7481103316894	99.50806539231901	91.11386616729985	102.5695237449552	97.80447809087308	105.4086032056859	103.7236450456595	93.74706063251182	94.92047560733968	96.74267696915072	96.41325084413522
101.8116831362676	98.26088498542947	93.15762990949136	92.86493327401037	97.83372244645955	94.00930112732975	93.24498089195858	89.88285221084669	106.7794860123518	107.0875681127071	100.9064464839548	94.14007612163167	94.35850972666326	105.6381336451334	102.4832532330069	103.2960709896927	90.30872859594049	97.90351945816505	92.95046165197576	95.51575655211207	101.0199970547462	104.1510682050065	103.358294151086	99.87169339838211	98.57004934278206
101.135316947085	102.1525516414187	101.1895268434888	100.1338683862679	105.1134062795081	92.87929260184332	102.0005578694952	97.82681083294288	98.32130840047789	103.9285517999934	107.4063664991433	93.97934485189585	94.70050979819179	101.0685523800192	93.37601831309533	105.4716357269037	96.7500081412249	96.56832929590972	96.23021628210061	101.5113010795254	106.9988304274513	104.8970682882558	93.23865216157128	106.9469730034358	96.84275462962928
106.0339585606335	93.9105622907167	102.5125828112456	93.6788870114801	97.00353795587267	99.11964209756721	94.92443834815754	89.11546617194588	94.5620804752389	105.0789001279751	102.3164514038925	96.15233727648017	97.87404079493764	96.92067652354592	106.3923009191512	99.17324996735702	92.98376239324881	99.69529021314277	92.29927335890032	98.62427311974808	104.6646513593336	92.66614466506003	99.34587730978846	92.75445813092927	104.6090192836658
94.61753138249118	104.7314554984603	103.8195686417686	96.63531944087376	99.68271788669108	101.1178148918816	99.77603815292402	97.88030254407136	94.5137630851092	93.82658794916848	102.4335928656563	97.20504797573479	105.7456426233441	93.24927724361552	105.1142726682295	95.85642879028964	97.62060254311032	98.62992949992977	92.20383117068293	100.3255707063785	105.7041789513514	92.50062885913989	97.69357816418393	104.2354379206124	102.3429812173079
99.29305586958959	94.15357772121267	90.94536070443773	98.71770548013495	103.8685657751742	103.461159151146	104.7264353539921	95.31181946437032	97.88361304339301	96.64447315932445	95.48474613513952	98.94199102637101	101.6409284681988	90.96790728080407	94.29649433143109	100.4265688888421	100.3108750402223	94.00760544711709	91.14295169782173	96.87930249079011	93.66266750577991	105.0590958547746	95.5591749960176	97.90789539876218	96.22446205810158
92.60861164339791	97.00857603405804	97.36423966741076	97.83033360191816	102.3013409241021	104.2951508400334	93.93189838899551	103.7707830805006	98.82402053083786	102.3852625504897	105.1784672058048	105.5340868288789	92.67766481750874	100.4785262387196	99.08913386570875	107.2948533251751	101.2027642854441	104.5262194675095	102.3340555285949	101.5481541932698	100.2847481672265	107.2499161520444	92.30918375314232	97.20708885938279	93.23988323176444
103.0362047576434	105.1725007347213	99.0462314167296	97.89360944002483	103.5979136215751	105.3247850470024	98.48544876251235	102.5654739134668	102.7563746637289	92.81738441644094	100.9181752454418	100.7495343506032	96.27851658182252	106.1642113802835	105.8506272539418	96.32350488113525	93.68602819490302	106.212692521032	103.9451683910306	91.90423906663133	107.2670600975253	95.35643425386286	99.49173684015861	93.82812043105959	102.5366279680377
102.9162756900087	98.79494219898	97.64101003653496	102.3873227939913	96.57675528289778	101.554724954288	106.6018410633669	96.88037897195069	93.83878383916222	101.9834543355648	93.2323737755632	100.3946706122457	92.15220554867896	91.96834820411574	96.01625944828176	106.488025052041	89.7661539742674	101.0322784955986	98.2369685930899	88.06069093837991	99.16574445372788	97.12087936273737	99.76562779081233	91.95360526773911	101.5611584807418
105.7977045966592	97.34139857682935	97.02873446761268	89.08776045716291	105.0442383703284	94.30300198312433	103.2505828504641	88.47372925888087	97.90288481383089	94.69741509140141	100.8165116293232	101.9350700652064	94.04653802821963	103.5442657329868	103.1791216760991	99.36735644158179	98.72077298388382	99.79120323868942	92.53638282724246	96.4893499575436	93.85452417282161	93.35088529443929	94.23019281513619	99.72983128907231	101.6373646431709
107.0897995957094	97.39971879174031	91.01964385893514	97.22238991339326	98.84362017051608	104.807243858956	103.5016411226474	97.91065070378318	96.8146306241658	99.83412389973392	103.0468720452505	100.5927237563818	92.79509512825096	100.1835246393691	104.5696369554579	101.4013099794847	101.781696522203	103.9519226083528	97.05646202414506	102.2060758035258	95.99283331331453	99.80888121084446	103.3466737396123	98.00723658491512	107.2656420369024
102.5660025486387	106.9877708099576	90.53631113803993	95.42381061157208	97.52038510480871	102.1288975788502	94.09098002013774	91.67383555142122	101.4996110668677	94.27439688190569	101.6046913969709	96.43285948872335	101.9161839717231	93.72554324356665	95.13009011072863	100.4694681706951	96.99562589842679	105.2967687314333	93.78290461254966	95.14699330824219	94.12951748665731	94.6294275818924	100.0590829203353	102.9155685634185	93.49811798481019
102.3725619212112	97.08258555816256	96.86899943927338	95.55074935579705	93.8849769146365	102.5991963347455	101.6793780017513	92.67169181432334	96.47779601166896	96.68044991374799	93.57955807666104	99.61949173186633	104.7233612584779	98.62899751813687	101.6326769553367	104.646789367825	92.78045735046783	94.20894654658109	92.44622398785445	97.20303771946615	95.02858036461379	94.17504579978228	92.30989448414606	93.55275689463008	95.85283423700471
96.10335334766818	98.0299785263783	88.89528879830318	100.3564368019788	98.77046817498213	104.5942206984101	100.6155585579659	93.77631582629186	95.61192548853307	97.90709197352673	98.78731364761907	98.3289239931658	98.18076361531308	91.86878645789001	100.0189672410238	102.5340377364504	90.50527426709499	92.7505934383276	88.18749843405767	90.89447043318482	93.39332189417074	99.11304775214373	98.53994605440784	95.58624858733928	99.87404780720324
