48.70814054714002	46.24048696914777	97.73152049488991	106.5702375384797	72.87257210789942	78.83281867013096	50.57317736643819	98.18370096310899	76.18872149652222	76.47232266267137	87.26629574461457	98.77179115317384	96.07194271665594	90.85829511611786	53.08624539777894	44.32452735555957	103.7020352598747	98.30970850209195	95.61793884337884	92.41457823982947	63.11131706238278	85.59061770644796	104.6838426536885	83.72148868743793	63.56949284783266
56.85892741732576	61.44499309322464	106.3849074407655	93.61812576709853	79.02018943165308	80.68321474981587	51.16781911638717	102.1527856887041	78.28849607029805	70.29366535214878	87.55612103276368	105.4369646865058	104.2840076178943	89.90640266831848	58.47340855234157	66.28056001476733	91.57877607314465	101.7744743300352	95.14912693146586	93.50585669815159	68.28759241949507	77.72998693088844	99.01869243193801	95.7000105859653	66.57699682116483
91.96888988033702	85.38664773373158	85.47453898048256	96.64823743353681	96.2850064412839	92.4500046835028	80.77876139030877	73.17052358602714	103.5873900815325	100.9239554063923	103.6473830836391	91.66765292164227	91.55921854212205	96.75798894902192	84.76187978353711	95.89968588329972	81.46067266182003	94.30707478218049	89.91700713766922	75.50748614516301	92.41348580740244	95.82674416626936	85.55638766731724	96.51835281483324	97.51396148546468
65.49564974270834	84.9588728718205	98.17264395277064	91.95573474246342	92.03159501883691	94.86135286910367	75.08046316807953	87.90493253269763	89.39617097137389	87.5492235225221	97.82234468484522	95.80234291596207	92.36802617932592	102.350448357605	69.39939503580443	71.50161587131605	89.89502137259419	93.51733965873319	87.91208205530285	88.26685208882544	77.82190205138625	87.11446449494738	83.40957375180463	105.3132376327677	79.92107421574249
83.07716074851103	90.26330223521003	94.00105835277253	98.58000219939369	103.1367045175616	100.5604024280599	89.17113806332938	77.52070317094298	102.2211578490724	94.54815929399079	104.7973012032737	97.40248549989431	96.86936493484902	96.50994649862231	90.0417141335525	93.20365630300304	79.63567017944082	93.79805075017512	87.77266606929895	77.45820533861261	90.95404188616583	101.970295917573	85.98838390639973	94.93069430869893	93.40226190454389
100.3887016813744	96.10443801599915	76.10427583374835	87.86204193665152	95.86961413232049	96.36448436845575	101.06593697304	61.00167194162704	100.1204130273017	93.17060370151057	98.39641745635033	89.73124449107422	86.70570374330778	102.3027054552529	101.9326909045293	104.1963674282779	58.09964756686753	93.41744022529325	71.81660460494645	63.20543284150276	99.5377773973823	95.03082825211068	54.75693304745018	95.22997715068642	102.4277689487026
78.42033255573506	74.92083674130096	90.59483414644215	98.38428418801412	86.59269221711807	90.29996154120202	79.62624145293695	97.21668508865193	90.81031613150553	93.92314482455234	101.3858710626842	105.7888627611642	105.7115847083985	92.22598708628252	77.57972398054903	77.09912338194859	80.19503646411893	99.51361211737039	92.61377244580156	83.2923592093486	81.10683551275082	96.3280339377489	85.52344230626747	99.65220943007162	89.45373058466622
75.18877113001817	81.6828111556478	94.03680143961971	98.61321564121677	84.38161987905285	91.52613222415366	72.05391583544775	90.03362627442755	85.32664414909192	84.27755736656721	92.89639030410164	98.24231481542743	96.19001421623567	105.3878063292029	67.56927196672861	73.95647435211146	88.84631928251308	93.32281048426697	93.36275183875213	97.64754796928833	76.16102568198887	86.50502770483698	85.92367515152313	92.10358475107168	85.16780643847521
71.06208275646601	68.30788536664051	104.441575980758	101.7099635320898	85.97888523874867	87.62509444290005	74.66666003710431	96.19156141903272	82.48732435817256	83.12906369814405	96.74426055695623	105.6461237039632	99.864628385766	102.564574110057	76.11557870382906	79.53513105130266	98.56914617518704	100.1541307116098	90.02679463287006	89.07661214763988	81.17555649238588	90.70859787072976	97.41441373344094	100.237196702997	72.63867119994703
86.98774786835293	95.62395612041665	86.02772676227868	99.35541783745708	97.65032779037189	101.3237842564013	94.9987751506542	73.46625622851516	98.68940998514776	94.57369567548596	99.72086448463241	95.13212879103308	100.8454272707203	106.4874728198536	81.99506750910032	86.56051376529757	74.93000044606272	104.9100489372192	89.53998026170126	86.13839947598923	96.13891014321992	106.1028134734675	74.22678337900605	101.4042913083559	95.87689315746985
82.02743644806705	94.78199911713158	79.68131060324163	83.5721711125025	100.4634121053739	103.2506796162729	83.17647519946944	68.62018799871488	95.14207934631112	91.59303290997218	106.7270671949794	91.06488924094151	98.68230876934034	94.7599565370257	84.58293868502008	95.14444318823443	67.17052433428739	102.393717076234	78.43433770380361	79.77885989750639	103.0910055926065	100.9873500897696	67.37553364247316	97.51122210701412	95.71305352945079
86.12748910768489	94.77602525300658	81.58607832490426	85.38778603118139	95.49266822033098	101.9742596127829	93.60541382748366	72.27617337969227	97.43806842732535	95.80376796195331	95.65456581920485	98.2978583233012	86.65388151210661	92.70695696417545	98.77292742351908	103.4291033288396	66.35754461301974	100.0607202348269	68.93656647788815	68.46892369338228	99.92004821083189	104.1417588349487	66.84241353607486	96.08695011235447	102.6817799262726
86.88333543860574	85.17968043237003	94.58282472653529	94.53052520178042	94.6457573227723	101.5459223648004	94.22087479093082	78.52355538715271	102.9039328074938	95.21418162410066	104.2213535843859	102.1789072052296	94.53135554945445	95.18531450912418	91.93703157130885	92.10246252983154	69.10590160410538	93.35046764471593	81.20659599603063	80.03397037675552	95.80040226828122	92.38190946102101	80.44792391822833	92.56790902227466	100.1565759922535
101.7302869105597	91.04331763479547	69.23604230829014	85.55828026629167	106.7318442211959	106.9758422495358	100.0383847114595	61.0282492515	94.05368927705453	102.7558773602854	100.2761631140316	83.79153546657628	91.48454165556777	93.89790646789022	95.03345560326262	91.97254940476316	49.78262879630496	101.4297688265628	63.19730079024555	58.85106806899498	96.39326924014486	104.6754349613106	57.30497957337874	101.1050253074579	98.42788890003213
69.03827386931113	65.85212870327386	93.83013428280834	98.18145919924514	87.567042703311	87.54880323951205	63.24647998501608	96.05142976650318	79.583695427061	83.98451759665606	91.51200937840984	92.40067714648936	93.94153142191081	99.05078164458642	63.36014717103795	73.38445669569266	97.51615998449452	94.06944289154086	97.25805548621494	101.8506972338797	70.59077975654436	83.31086108211082	99.26701312020282	101.6590147306667	70.30489970552046
84.27401236431717	88.39854221766581	90.97273871129298	89.81907213540318	104.4799844179109	96.42747725194779	93.04612907454889	77.32299155144898	98.7115228020088	96.3880601723494	101.1871816328094	96.60828334867709	96.17487357365835	105.4517501330722	96.08103548403898	96.54302540483273	75.44626238826281	96.53080155382278	84.69242825501729	80.5124515055185	103.1153327491982	102.6006158623221	68.23066097040707	107.201170333679	91.49383125596999
82.6211626560961	90.15962272885935	92.2023712833288	93.43094336064703	94.74384025691907	100.2128174193879	86.0232912351869	83.65523622464423	105.1847955896718	91.66117314774444	102.1170459021753	101.7752052708128	95.48924003755207	98.21024897319616	91.1570490262045	95.4099305641526	78.87300215244768	106.7915531760446	76.81969011537153	81.35426703477228	93.53549315784711	97.36037705659217	71.96815012548277	107.2161870744033	95.7920370802313
97.76677827098599	92.28567445434871	79.26071791632145	85.03842862573727	100.7074118082378	92.71462152813149	95.1017353314836	64.22686478916437	95.94002388857237	97.14941721944656	96.59278259668125	90.20722319384151	95.2797414689789	90.37420885389591	90.55386099794046	95.96349909835352	60.3501765258013	98.42557898155643	71.13854609895141	56.48064431465973	94.8708659342177	96.56685192570906	54.13597603431205	90.72732152196754	106.4475348905135
99.41062131101556	96.51174310614628	60.91033883395909	72.0412006561296	101.3864168543676	100.1923565425504	96.79565121955362	42.8427505478937	100.9918949717686	100.3433888647445	104.5622104206624	85.63499022316539	77.74488418747994	91.48431599596006	102.5928385328278	94.70292507357443	35.1899526995494	91.20185791723408	57.68432989293541	48.97703095581086	97.01910611651064	104.1743554849905	43.57289750225914	91.06797639935631	96.38711199344442
87.48644727922863	81.04610456203983	92.10760214981667	99.85349638106314	102.5088312926687	88.97325680769347	77.93754150286581	84.53930572796568	95.53326196818756	88.50884769561696	100.2797744386281	105.5574243306951	102.2631761137398	106.0528583790247	86.5729152083355	78.11869411353678	80.39935560495361	92.91505712522523	85.59823849486592	87.90116502587077	94.52912986929205	93.04474946527283	83.19257851043689	95.76489131040857	84.3313757061681
80.16355657471871	89.81400451734049	89.47434764753105	99.35569702420126	97.34666288659832	105.0680049442106	92.34798318738311	72.56346526247158	91.19959722808717	100.054857307114	96.88382279719016	103.1360590638401	103.8895359595141	101.5927333330683	93.16770649793679	96.61648237082608	77.80840895550553	100.842644069819	86.15163630127191	86.16563529209395	101.1969923594952	96.27883644523102	76.35390266205063	93.06827936367146	87.77782799539398
86.77143251551166	89.75142480878999	86.01573162393302	98.47397390993321	102.0155293022357	104.7284411117086	89.48209045207287	73.16203708146942	96.98170410424356	92.79126848890934	102.3995365133406	93.60814647268779	104.3048088597909	100.0709424200174	86.63210927985916	87.17372210969616	72.16366644560189	106.1316652277062	80.09769147371762	77.82484632454744	95.46478908064132	106.7178912604584	73.172288927374	98.96965807861514	93.10659170325943
89.01078918996112	92.50318640018142	84.01177568176651	82.73845996714849	103.991183430396	102.6683363201968	88.30493814276559	75.39763049573183	93.11882513616912	98.57975632902313	92.30912122640602	87.33760956979515	93.42915219724873	97.7874960836285	90.77459481827248	95.25613305624003	66.4160113303102	102.0089004247625	78.37244479351874	74.30951309921686	101.4895894870235	99.57106920749773	65.23443098445672	94.15114382432239	89.02066323421205
86.43993071234175	88.91562074874827	87.23857552704054	87.81976517107694	104.3163576311679	102.9930608129817	78.15174046371096	86.68328218966606	96.31910880126711	91.11689717681135	99.29768488780169	104.7715852198754	98.81351394648932	102.5499800821461	89.45022997408373	95.13048495900003	81.255262120485	94.35792232219075	80.35817127425835	78.11105583813568	86.05914688429019	95.03619431809601	80.86158881907322	97.56679727434083	93.16060991054643
85.03408386231683	88.71007378806256	80.03066477984996	94.28957611611835	95.61359623913397	95.39506645698491	96.78243800183103	77.19158098727723	93.77785018897828	99.31817630375218	92.6189811147096	90.98305234519748	94.79190734972957	105.174276418764	90.72242682034259	94.65338242402817	73.82910486132367	98.6893568082603	78.49869759789149	67.47681967470103	98.67206720453599	98.66455291048467	76.21548833911032	103.8981242764004	99.6040998505548
84.07270650075434	87.40598374657819	89.75614696500433	92.38986867268163	88.45740889642133	97.01120751710978	80.62503258670614	93.62965482301227	95.90952756528269	95.16712715656861	105.1181169028509	93.49164568062761	95.39727149155145	96.91489366209613	74.81026108287253	78.79032581434913	84.06991196982422	105.9112889089652	89.95672137386555	93.22377304097097	92.22432814122112	90.61662632844708	90.91939294880748	105.9987682189824	89.07454508109744
98.46644457426679	97.78617835692327	62.24923708596613	61.41000059862176	101.6903070608816	102.9405974522069	102.5526416249584	33.25694024729895	93.06587280597887	96.66414300715176	94.49458673692597	74.51485930571458	80.62569374874407	90.3179881898054	98.82030107260887	98.48248091001548	32.47075226000064	81.32837871322189	40.21040791735098	32.52610709160545	107.433934222392	98.67542471920601	34.87346741026477	91.83678204233283	101.34090905369
78.30117647441757	83.83972707522159	90.03566928274599	94.02222398881058	91.7423837713261	101.0779465322234	80.33603375349574	96.02225298020269	94.84363207012777	93.93290216970374	93.42253150313066	106.6753260260054	94.84850517062415	96.76098475138072	72.06162521546322	83.15086237083078	92.46548969968609	106.3210194697688	96.13800865593447	94.80185062678072	88.5677024293327	97.05700039764425	81.73514584043772	106.0124695828871	84.59227679210477
92.14966637359348	103.4808077337081	64.19846832049724	70.97291296576653	97.89083744351035	96.78870267387823	99.9801068682514	61.56650082359634	107.198390617412	100.8099297491757	100.6521179361926	79.56530570909339	83.18793726418879	93.99522241539481	105.4640013272393	96.68247972413569	40.65695578651916	91.70588690418019	67.02526146801623	52.98002357210237	106.5527746618178	102.3460345158751	54.32728813874503	99.73513719448684	95.81579607799486
91.26721872392929	93.29998444115654	77.23844232721582	88.532595526596	97.13242338502931	106.9180278013109	98.3467221581289	58.06728377426383	95.69105739149217	103.4865281235261	99.56800250936379	95.45811977632748	98.3647630432406	90.50330167605063	96.87653745598307	98.51985423519676	64.77558041409638	88.82336910775365	64.16472342631313	62.3657595628618	97.19921748354305	96.4319494955585	54.91883425207335	97.47668655831569	101.1796238541536
99.27716489332964	99.75660115425767	70.2493254269535	78.28386394369707	99.77211055317173	105.6333980071198	99.46912402502235	66.90281855835207	95.73903748522028	99.39317579162696	105.6358997057969	83.12297466547385	85.99073957386825	94.63553048833802	96.95276978653122	96.30091281476162	61.67546011103055	100.6257169933829	66.9124063412079	59.28890409746072	98.63958914526177	96.8567790146691	65.87464927450213	100.1192892259959	105.8896313250848
99.1637455957303	100.7373313013561	60.58647159162052	71.8909083747957	93.57479900456072	107.0047241387575	101.6225644197272	43.6933913667193	99.65028698023794	101.991981551829	100.9301254021842	76.02115275950175	83.01108856392261	96.20604789876003	98.89452882444191	105.3693901678449	50.52889610229679	87.07539159052753	56.1376525141886	54.98184926206127	104.3350932923885	106.1965907636745	46.35810018933978	90.7285358029465	95.89445194341212
95.92311064600618	90.82770706554648	43.72392304774477	41.36498567112067	96.47008241419287	89.81895518030014	102.3083718640081	14.10462806641086	94.1782302576091	99.98766365311265	88.60667825065308	54.77139334318177	61.74495911271951	73.40877131623313	94.00641355435114	100.2726636779849	13.04620107609261	77.13682152919951	24.06684560867539	12.45180716262073	103.6012630563774	88.19198142960124	15.8298162592815	81.10978260578747	92.6169232807063
93.66410676533395	101.5550621676372	53.71867930446752	64.88567904548903	98.06273236202733	91.76383709523499	101.383951567927	31.15426764192034	92.40703624480754	99.75706843963214	90.72226651956043	69.70264759254144	69.71198147928449	88.49057472570075	94.54321822824731	98.96133325422429	26.50584718614456	75.18362056166647	31.23031504332835	34.37376735427209	105.8835703888313	95.26978849619408	20.51104656248542	81.70579785365859	97.73864253684549
93.06987900033285	93.00026121358637	69.34224114163734	78.77365546649364	98.91125787508446	96.41302463457089	96.75397225305342	63.75762520027489	93.92865182116699	97.81876359332377	92.56872096117928	84.6467868027014	91.25276178807124	96.9289081882217	95.05490367726233	104.5849740260486	49.72812376121751	92.54013634065592	65.20052794234543	55.32561974633872	100.1814080606359	102.7871661351943	55.7397514842465	97.62267895313684	97.62731342727022
78.32851232636068	85.99597650744303	97.65206693657049	101.0453008800932	92.64114404261932	95.67062659137143	83.3636896952448	80.58487591423128	99.43413555645446	90.80613211209591	92.62966238751807	92.97489215398784	92.45873934910821	102.4326889483909	83.98309149300512	89.99679557254979	83.9337178049839	92.98269990928455	91.1808737049418	79.15678702795162	100.4132473184044	92.0842868836118	80.39340465739764	97.16336911676596	85.78287515942741
85.91117200812012	92.56322126185984	82.94513165264956	83.11930436544813	106.2582497086979	96.08163214149656	98.10610739875739	77.33348374521904	93.7267417233312	99.09614035245794	103.4194742742548	95.78566999777091	95.66268121232288	94.6480833816245	85.94460495287228	89.43483536400524	68.47553242538454	100.9062028718074	77.21356157481415	68.72738670575555	96.71424669688831	95.13545472366386	68.26088590278347	95.86069477737873	101.9691499901641
92.50882083950813	99.20588405911194	89.30818194028858	86.03562306012381	98.25802352453539	105.1456910913306	89.53484946831169	67.64266549375736	104.2263561987667	97.67945556679373	93.5893644214658	87.00438518787634	89.944274049095	101.4247035716508	98.41735826543257	101.1017253277371	67.70347082418624	101.5876756178934	81.57577175143258	72.74923205660039	103.4921652911805	102.7607600585567	62.51404561615202	103.0738825150971	101.9205726861288
99.77147555443953	98.19721252484018	65.40518346750926	65.74804457991206	97.04623071887259	94.90465558131454	102.7282588677369	42.47601472961519	95.33366422021867	106.53165966383	101.9158602676608	79.88900639567591	84.98243286511108	82.28876495458221	106.8277115291207	95.86778645916903	26.59820091511687	81.94494448467016	44.56651545105681	32.33735251557719	93.0730906298011	96.71973880390313	39.72200504562359	89.31218642207412	92.6452572660281
93.11807709384577	92.05531513966959	73.28567904269546	76.10953801266237	107.1364905099953	101.3060217594596	99.84007439401913	65.76530985895128	101.8472741440013	100.4650419350762	97.43594905947717	83.62730412893202	87.48067365028987	98.81748202577607	98.35579850238825	96.79461697618378	50.02645637133865	96.58574082456572	71.7896408470948	58.45607321254523	97.58999803094478	104.5557462687572	50.46594667726359	90.80600696552139	101.9598697985662
91.89309540989645	95.01041039383406	36.12039223920253	41.92751139471822	96.60462512713335	89.92288866518177	102.3024230994365	15.9176234328982	97.71978679046951	90.34026083304501	86.11534600661507	52.95936630154256	58.73640714639328	71.19299541081321	92.25624262717447	95.33589313187805	2.960551118903039	74.12088907495351	17.82713140860267	19.47636742014176	92.767106837442	97.9013729729507	12.10459559118868	76.05955014428524	101.0101929949572
87.11621169106628	101.4434697123708	84.46616291502011	85.18386649715679	95.95269995484703	101.1679209466428	87.70362833838638	75.14758246152694	100.7408836570435	98.02666994231728	100.6653662407567	93.15367278771964	99.27609129375605	91.45191014726258	100.4366923151433	102.3266209119131	60.27980632732792	103.9048327230202	71.65133786641138	74.91057767008665	102.861319262795	94.31841505129957	68.86889009669146	102.8303965939348	97.68710702694558
95.5222527797297	99.6311807526735	47.78838985029333	52.99216060504342	89.1269105686537	101.7210922368538	95.44817863731421	24.008567795875	88.30576889286671	100.6709647078368	87.0448886269164	65.84123806788568	70.6505514196535	75.99406822079088	100.5323742965393	102.5928209924634	9.868759512083813	69.50462969031948	23.62003717858211	19.0372473553543	94.9749847314275	102.4783726819582	20.23532811655782	83.63662466576622	104.5697365818919
104.2731433241738	97.27909283452749	35.3559276349204	50.70133962040917	98.06575472512735	99.12656117428143	100.0222428229771	15.8224527094795	98.64162736184129	102.4610240209073	88.76664717677444	60.20186991917616	72.12611365759804	72.40089443306233	99.80569214264342	96.12559174081534	9.083673778563821	77.21335379912581	26.47017348033245	18.99747665847365	94.81664813411676	98.3548209475844	18.21293973777343	78.32773809230022	105.763620716453
90.4489246302834	102.8266661365265	78.58129130186502	73.99447809329048	94.63461006314698	104.5207201207353	93.47784542191168	53.24604191198402	92.64597415730259	103.1188818921374	102.4165990498555	82.12173294247162	82.02967912456397	88.94450086894827	103.3911461796982	91.63899386830546	44.35415037884189	88.40170547320625	70.14869622763746	54.8763885069087	103.3963251475254	105.7316385733533	57.01361251243736	101.4240253525565	103.6066646286643
83.26715670592424	84.5165477598722	0.3184458813044757	5.769416603822052	72.86009332896117	83.86232462006139	83.83184632349653	1.938171136512173	66.57643339978203	86.91119777807981	67.30601309896272	27.9482192608412	25.38547774293694	48.50174311948722	84.31951114094483	93.23197289199474	0.3058867235282434	44.29542914955922	2.506378263038661	1.405284807032801	86.15366840117281	77.89677906980369	2.40972835401738	45.90875615080009	93.02507644104287
105.3627626019621	96.95287160779712	58.57751171168124	65.34663489246334	99.19615844461255	104.3792231208218	94.41692703940539	43.44717404363406	101.5248491677763	101.4249277895147	103.1627597958103	68.90930472473507	75.10605667970673	91.46845459105319	101.1560028742492	100.1049749830246	28.09642351049329	77.04979751139881	45.22252235524385	40.04939425166326	101.6678865203356	105.6548308982519	35.65330931892581	88.31952774810438	105.2962835536673
97.17348145004649	85.95274573146722	0.7536758674960051	22.80504581189588	75.57658638860261	78.28278319529676	88.93990119280802	1.214767933238688	72.16090105910396	81.59029625516865	68.77929651068074	31.09004374542671	34.38726422095468	48.91288831181197	99.13748452208812	100.9236089535847	1.009280916536278	51.88167980576167	0.5173732662917774	1.294494733351582	96.63144172707644	83.08869563813225	2.299132084124758	61.49553705116038	86.96282406038708
97.18581997867382	96.91054896659504	59.85049332001546	74.0181628776502	95.8110615799976	103.0535393360611	99.41484648481791	47.11876607543066	105.4689238597145	104.3576532202104	96.68338941113514	87.24477694701653	88.94159082327207	89.07895032110778	92.03972249658025	100.3479137212791	46.44878087116778	95.45752372952975	48.2797862704174	50.33109425463261	99.63577354608952	94.02137715218893	47.83585414408006	93.14562552189993	99.97403942788745
103.1118351895283	105.8691564168965	40.87078878691833	58.91033690664028	87.13104134752562	100.3343956551659	101.8122939382008	18.2171713591	99.68501359845844	94.53830616433254	91.2935554399172	69.78418878619119	65.83150892041604	84.15631787829989	95.4517287289323	97.38307580699301	18.01195549774201	71.53584642428376	40.56740863326614	28.47248211143867	106.1190759626517	100.7618835617896	28.61975018262039	76.82216573594532	95.28434209952678
