1.979931602783609	0.9683564896956101	104.2343559191068	93.87522702103945	25.40129558067837	30.45288340393199	0.05834582152755233	102.7896217347005	30.07041674035555	23.63916225358357	55.8115519583387	90.35797752813805	89.69122119434132	77.63012428593885	2.177818920030979	2.8959772824609	96.76070764309983	94.01997530885752	104.7464664214384	101.6204852388544	1.171382711960126	51.01443936855375	103.4158104029446	72.55359649778039	1.224686082137993
0.2645901798917201	0.06188701027640775	103.8789088294667	104.0741174680758	39.5697917634329	52.20967287527566	1.142375114083245	99.79705927794839	46.36525227037009	46.44221210896755	68.74755794882671	99.58801491118082	104.9307464457405	87.00664426232299	2.82472488731958	0.1107568521151785	89.64561923242171	93.68510117783536	97.59047399923425	94.0148933646859	29.48622577606174	63.1427657629588	96.60679597865757	76.03898270485962	10.29142753966909
63.3850064041456	70.88390472014299	78.91255821014936	84.21933899859216	87.16264517248231	93.61064538221247	70.62466674287289	55.30791772570202	100.1192719844663	91.89037501588946	105.891964984919	95.42166464381451	96.30991581029235	101.3493593377793	61.79500838204768	75.26439868872939	39.63166585565933	100.1885794803193	62.61632740866938	47.68114539462207	91.55373812728175	92.99946661072296	51.5278518726751	105.9270124140016	81.84927675022176
32.95839382573973	46.21273492434104	96.82984255579657	95.55368973439001	73.76270201928	75.57048906859322	35.34053414466914	84.59135421569076	76.67433701603737	81.09843974062665	98.69936179789413	103.9561953332973	96.83263821433538	100.86316231126	37.81155264562925	49.88536891090575	70.69315243911186	95.53686112438936	84.65182748299958	83.96768585240589	66.15444280924687	79.24515523945681	79.72822931289879	102.112390006719	47.2072216791459
58.68769844371937	71.74959895859341	84.70369705210041	91.05409567174571	97.32306847023276	87.39381892184407	61.87396521510993	55.97952149936906	94.01001869863373	95.01392184218707	95.63677402437784	99.59374080786741	97.75078979020239	106.0664579834969	65.35214932554271	72.52861841443656	44.18931770219684	101.3264502931891	73.73303920138238	53.3575901513969	84.47067018340054	89.99628853051573	59.87315518245143	102.5491461447043	69.51178369736027
82.93459872131565	101.8135706888509	48.75080973537766	52.45568525208188	96.07508550492419	93.66692402227532	85.70764737438749	4.366476476453446	107.0791868567755	104.6066167356746	106.7286842190542	76.35515690956385	77.57175299092911	87.22674214038716	84.39454223044328	101.1329941620416	1.169146739368378	84.64864756376274	28.77650314557926	9.247783138283495	93.21759278463811	102.2188423920618	1.265916009572469	94.93421391241385	98.02679959258573
33.09111565887779	54.45081605863274	91.63405168566418	95.01199025595045	85.6642232132717	85.68102366767144	33.23155942924109	80.93848378216184	85.82060446096374	74.51110047744112	96.12854546612472	99.33626848889858	104.2096947672168	92.55733703571418	42.4459721795743	53.55799701437107	66.93692156856864	97.36266603765289	74.81048985130275	69.5320870916424	61.9305086021827	91.38504474470108	64.98746645354245	97.71197850262612	63.50657963094116
29.04170936305069	39.41165868544236	98.15712559880583	103.6683176240387	75.18692907776244	81.13007391718438	21.98827148089226	76.65490535020014	80.61742539009528	75.85280143219006	86.71898667497189	98.44857923778672	102.9188555431916	97.03089566362129	28.86174146358059	38.45723300824686	78.45623227268469	105.108030722849	88.85752570895336	83.57590778265518	61.3500725870704	76.95402241199018	79.21403272073348	98.11730539626828	50.21417529024939
8.285510853774865	41.16340284185152	103.7145053148313	96.1560622761513	74.92621395857111	76.91020153488719	20.88951021456975	82.6052221365884	64.76725203221814	63.03166795579027	89.82773881460982	99.14691745525589	99.02730667387809	95.632592939913	25.11680808867658	31.28202793810802	77.51270400573594	101.8404591032065	90.08743043452074	79.90281220346586	49.15734419131299	84.69997416249694	80.77690498649343	84.69211612398972	42.67650420261087
68.51073546474714	76.80143242979196	66.59903245311803	87.7356738655357	90.9052624655175	94.18644630217213	70.94090274372718	38.98980161813336	88.98839422038958	100.8295587535258	106.0505265695064	87.13658596875281	93.43570638279991	93.77580638525036	74.14351024528227	70.83680315098404	38.94409294640356	97.52746795951303	53.89879862381661	43.55298500392372	88.17283426293137	95.32586786733779	49.57201060987921	98.70273331716338	76.50514536248208
72.76078551831664	83.43366338455081	60.50941963695998	77.76580870168364	97.82939261253441	91.26474592705763	83.12655219920337	32.8305353271916	96.86434987494674	92.06028908379382	101.2069651853399	82.84406081590274	90.73487068269768	92.78791213122769	82.83778940123955	77.22764817281464	20.72899784226543	99.59278679431564	50.96301358111889	44.86876979646354	92.78854869314577	102.1816061227635	38.70900064090407	106.5201726691515	82.03046788391444
80.57973901988976	92.14441844023619	55.00522044504167	67.08663602095909	99.34953075263047	102.5953233736375	81.38730671408419	22.71378329246456	104.5270924689689	99.41777499441328	100.9216945580564	85.9666413894295	80.51331544658952	89.24353362183273	80.43857666521251	82.43866118444076	0.3048033980733962	86.73648062530827	32.67752468133783	26.06707518309778	96.4961143075917	95.00149304290498	20.47215568007913	103.0064192403327	87.58468638219519
59.94011043840081	80.90320858944828	74.31803481971166	87.59777977240122	89.66483686552266	100.5414860050837	62.37373458901328	39.78531335378978	102.2702609760898	100.6034744361347	106.6009044598161	94.27885595964975	97.47622529454131	106.1855355310867	72.8713521848377	79.0433612898415	40.32761966360734	98.73529858040156	64.82970806513408	46.57284941082471	88.45326535138966	105.2077750373417	46.53604710787366	93.88728868655426	87.60506703670156
82.9051371416068	98.66719350766721	37.86079427869932	51.20024115252869	98.77147450987235	93.84043895625101	84.54877630512024	9.913555558472087	100.2653667126971	94.45702832035104	101.840048481139	78.22029038964064	83.13252876697459	89.07448660007836	87.0094163135275	95.61274477934096	1.57758571219859	82.37015423006864	14.59934926834369	6.161203300537155	99.54876564640092	99.64010975856888	1.503320563958673	99.68352063215217	97.30620515429482
5.383608500479586	21.62725095272807	101.7723089774622	96.04067610306132	58.0417415427423	65.9132552852938	7.875594235120712	81.53309659928287	61.22162817430043	55.70231293095767	86.11040427106619	100.696077810644	96.60075449813148	85.96322920297541	8.796294906449191	23.40781275528943	84.9833955790664	104.6852992910233	100.8898693463585	94.47276465375421	50.91632171053278	76.29290278954153	92.26455892434805	82.47391063858568	40.56956304741352
75.39696338797714	85.0622496018517	61.6523505530495	74.95689766453769	101.3161765919139	98.85126580750936	77.40779403347945	40.8916449254952	95.07837316863701	91.99226904007499	100.9187944523338	93.78640093979048	86.34560150543653	96.76521457686869	84.47629366898963	90.43919726454865	31.2236375511367	90.82646871857973	48.55806067754088	37.00398024222982	92.52281714291287	97.15385957358818	29.6224293558408	96.41952887365905	88.33335039824331
73.82008757583864	73.08618762350467	70.67926814771405	83.57637537149174	96.73200204161928	103.5683274613089	65.59195290187772	49.71298755616272	93.17815625575079	100.9448927149114	105.7228209334969	96.73555126727925	100.0983118158396	99.61325026364432	67.78563021024486	71.73641451554278	30.39028602045429	102.8094378371507	56.7256806043623	52.7511462815883	93.19987945145968	105.5484580580049	47.70503302145384	94.33859174021741	83.13644180284811
85.71996405956662	98.42643609362062	42.42481369224521	58.09482775336549	94.63157459891715	92.20086118903168	96.15847418217815	0.909079564277377	96.72862295738285	98.56743870016169	94.7632531835777	64.51780870388222	80.87729905705257	84.65365268404717	94.72295045651735	91.06265411876012	2.331185266965374	78.79651892262218	12.01479268560667	3.419630150333886	102.8567959367046	93.17024780793716	2.129849508377011	88.37117071330314	96.91535391677186
99.42047827215903	102.0753717604619	14.83207457778354	25.99619155827251	100.2730772157395	99.25410595913425	102.4794663566805	0.8208532046164159	98.4592518494409	95.07053180060896	88.13836177655112	42.97571238007054	49.89082952257856	79.89447759325462	99.25342873434508	101.8478219764954	2.184346313164376	63.54473625560911	1.576371144722216	1.326665030702219	105.8532117995454	100.4936545916862	1.163606326057621	87.21155148817714	92.52043779664342
48.24318631321008	66.13185776518736	85.6228996737356	93.73673464302766	91.2795470215564	86.91416667736199	52.91256761224471	69.91023204329521	96.44523656828753	89.30779753492122	100.3874547559944	101.2090650675318	103.2122111571514	98.27418340836859	54.88759690103995	58.6635058200016	47.70041936551569	102.3174409523122	74.85816468024866	62.49220198032768	79.8822941786664	99.17503447541337	66.69635093239008	100.1015135838085	74.27411006357752
69.43745157329113	79.35499925150773	74.58324460700537	85.01614212548647	101.519502609756	96.72446271147649	75.02012347252722	55.25109259059682	92.56713729928819	91.14607042648584	104.5044831163665	94.17093725954403	89.96559133366711	96.24972770382857	69.92099888744551	69.95521643069726	38.09438792151548	101.0158252055743	57.96581087771263	50.37124963239791	91.33802491294453	98.5103031409203	44.10465687599089	103.7382702765949	83.62975060434798
66.63950700548591	75.96412767916195	77.25736484736194	75.77812343505434	103.5325530362334	102.4970866517564	73.64401561651776	45.28972257445589	98.68226591388665	98.96233305257438	93.72289044776308	94.97028928632369	96.43789014659403	101.3129453284347	74.91704605129455	75.22533972537352	38.80213609528468	93.61644553242159	59.06345395609669	46.05223375482763	91.84258286523797	92.3006517390955	34.98407813373772	94.54535093106583	81.2792859478469
77.47256185745377	93.41221064634753	65.68200798057099	76.29740752884791	93.08126648204014	100.0232079050245	85.63404631143047	30.50518616032514	102.0374411408477	93.18760423919342	93.06475691232991	90.42369707827319	87.1361345599318	89.63387218839515	85.57991829025653	85.38437849125444	22.47384153062586	98.71673185477719	39.49034140277243	37.14208561851461	96.73748702315453	105.7307181543725	29.5062217985533	92.66753799321995	93.13106133580392
62.86458169089613	65.91752277527006	87.52051304767041	93.52116507053252	97.96020734983132	90.59642299438568	58.91078557409469	53.8741267021027	93.43818456910654	83.42928324070905	104.2008791912591	98.64714352256891	101.2137660532114	93.8129646145893	59.06143907447584	66.31666534178156	41.73843950560999	99.06055800856913	72.1956249333427	57.76533073201519	84.2857583830681	100.3112333959954	49.74655917116068	93.72184187722374	82.21480143229303
84.47061775072652	87.46085705743897	57.50817900269783	76.32507211097654	91.54460421671584	95.09480245865844	75.08936713753971	29.36929055243535	100.9021708858403	102.3966417079078	104.1653290730237	84.56302133446201	94.80544701277293	95.63167685892512	82.99772438097831	88.04092062959356	12.38276541401035	87.22534390087584	40.44061734309219	34.14878075708887	93.30145725641547	99.51136343432287	22.1346228893002	92.29332420807859	94.89916374792787
48.34174238039144	61.01935856155211	85.55187436908813	92.00050295028366	79.66625667662944	92.55897451816264	41.42135550859642	67.58229546965397	84.42373527780929	75.36511872415886	90.70448951766188	95.55881100114463	102.7298278313116	95.28022429187892	52.08016332178703	61.88104115516948	58.52914930495203	103.0739602715618	77.8054907130098	63.7439494323025	68.70479827565489	83.91965059309207	68.56317105861791	104.1509892309797	57.48007072355041
102.3997504357148	102.9323773621438	0.1994875193371169	18.83904323677009	86.33214793864249	91.48420294898692	103.6227325173056	1.547733232623089	87.05504392194435	92.10048839001549	94.71499284250005	33.43953035617138	48.20585668486644	68.18125498085242	102.5724534083251	93.1724047657282	2.970494870477495	55.40318829401826	1.48140859176033	1.857152191018512	95.74663213641971	99.1234882766985	0.5950362800529958	70.48703052771296	92.19815985830397
44.7750974323129	54.46210713336556	94.59741628686007	101.427163686059	76.92801399730217	78.48867728053955	45.12587016920705	72.5914205023265	75.86705340849875	85.31616807794401	100.0616882927061	99.65958899763841	95.53415553716489	91.04185864584406	35.77686032733072	49.59808260497554	61.48993614492696	103.1295484135284	82.24533325918777	73.90052781599968	71.20020891596896	82.6689858126792	71.92526387827354	96.12991080244979	66.02505500663348
100.2385338204551	100.587308604063	33.51895225362057	34.21275630425077	98.46040355758218	102.0304616090111	88.97008462155719	2.400655061035072	103.6963962218983	99.31401075044963	100.2289741843619	54.57960510622305	64.31560989532541	75.83872937612024	95.14342967104331	97.9679322024643	0.6824738658506937	82.02197620594411	1.22741488150784	0.8404180399367442	99.85410308096445	103.9125844671154	1.320154450832849	84.80302166411855	97.41912127430942
94.07295696785627	90.41027319829062	44.61539908332719	53.61989657448803	92.39674740480898	99.86633151968249	94.07295341266345	2.016309856176949	96.74589547717173	96.45129967847892	100.9536272309631	68.12775257945798	76.50347263968737	96.02094078511749	92.15093306124278	97.92290767091805	0.8503663889330701	84.68901260545624	22.40990560502004	14.50549012580241	93.2620792693161	106.3410353569575	7.997586043513493	96.56508940536311	100.7372409060716
91.68602494914317	101.72280931577	42.62675350230639	56.00769638377351	106.4686128540805	100.0292708066337	90.4902275559086	8.049015657276096	93.8495291552377	100.3706721337836	104.511996302466	63.65614486962667	82.76290650509885	91.65897922049807	89.6973355816541	98.69968056006651	0.4663879356895261	88.76209900233573	23.81707080421284	1.611580733893849	96.7728642518211	98.48471283616431	0.9820602057378827	97.25723680043582	90.79340601338977
101.7714333272961	97.44786477322593	17.99951035345256	35.57872940020481	104.1739720174819	107.1426702883532	103.146446739885	1.352783085209765	93.99821922193621	101.6242119087393	91.63104890782371	59.77791865781539	59.46171691345231	72.22585593193139	100.3931235215887	95.07183204577434	1.013738145325008	69.29727845367938	2.803494922700078	1.65611098125802	92.219485647887	98.23296836117417	0.3120030728040393	85.13693239157256	96.1309894976834
105.2101565833974	100.2307352210657	2.378901541010942	2.028417599572996	71.13367867312563	90.42180821146485	103.4800706413165	0.4650291131819788	83.58569749572469	92.99817081701318	70.79655951851291	1.110519122549842	4.781980684001109	27.66539168470601	104.04299111937	101.4933214073371	2.987987093837352	21.84029197716938	2.573928038524246	2.521310444337774	95.70780401881524	81.49005264075748	1.132062123720377	36.39899693027723	93.86643538747674
93.23216693320855	104.3520048933082	1.33582213451122	2.391576071968082	82.12738324531585	87.71191582501397	95.93428224929409	0.4254744443074435	83.42553337841498	99.07850862160535	79.90792705488255	23.22860489290017	28.57685848660991	59.90394837285689	104.166478153567	95.480538057449	1.896684968080766	51.73183256960907	2.556967316272889	2.971823207524149	104.5195697233471	100.284447981407	2.715042240015786	55.86985132938115	100.3447690069871
83.87434590151696	97.57701714716535	36.54259824427199	58.02159207180539	104.6492816181408	104.8360148563115	95.26939633012785	6.792110250560382	97.7065842089732	97.83073722826866	99.95548102756602	68.28653451570376	73.97518123803351	91.72998699051843	88.78173791512467	100.9133753921309	2.659650458597352	85.37741450258743	19.50870102857963	2.209446762413745	105.0643750059453	98.57102354298033	0.9216202291739874	86.05234060582463	90.74754893031094
57.33314041595088	81.8334987521655	75.3298666474268	84.73886007092406	94.39647419881683	90.31793865253688	66.06853313120256	57.70222115938626	91.42611724802106	92.09346664696677	102.427256861756	90.96649295706362	92.96017879151495	99.56410975173827	61.68216347797816	74.07069552805476	42.82812011354964	97.35686033331351	67.50562047955688	56.71240358548626	88.20823171733021	97.01546369465153	47.32455403368439	96.67847434261128	77.26457550071454
81.84146555416946	86.88061493257177	55.94017932008146	65.64434674059646	94.19447502652029	104.7783818085535	77.86307275788894	18.61690432197943	97.0389077139844	98.89002580940458	102.4257467386551	84.60961887753402	92.28087548741152	99.49172088285921	84.1221536617132	82.05027897212048	19.3263220490776	91.0494871698495	44.90554114854994	33.65928195506201	94.18998287111596	96.72724743372714	21.89934951384547	99.93580815897161	85.04816288895633
75.75684744367119	93.27706345855304	51.82699734221522	74.9494044658817	94.22604060272619	94.57656072553046	76.19147645715208	28.19548066484279	92.52325949485817	92.21302397390484	98.52293460311731	83.5165327471326	80.34628324574321	98.56408929024259	82.99906231745862	87.57724105317584	8.569615270105402	98.52792385484871	33.66243738555885	28.27307734950167	98.7504853264339	107.0428223563573	11.64504729840488	94.96187019154215	98.95800372813255
102.187581067302	94.0743230565961	2.793243462069035	11.73881486250016	97.23177775157889	98.16588798519976	99.24628898643091	0.4860863830452498	92.03640027898957	105.1820643696878	93.53073264372388	35.43387963180022	40.55913943823924	66.83157941331882	106.0520958833974	103.9688139938027	2.865033831641414	58.19465050328709	1.457076813798749	1.144832962682591	95.34660104646194	105.6780317345391	2.266037469210759	78.97628346914198	99.48403493049781
93.26368880560204	89.62517932250991	45.20213426099243	53.03390930963131	102.4178317624579	95.37826658202475	85.87300520549385	1.862264562538444	101.1611894336202	93.88242876005462	100.6326376912799	69.96273979428572	70.27424071784323	91.20541924228176	87.80049059953379	88.7161822395167	1.075479167753896	90.12673061787551	20.76717966712824	6.902210423257756	104.4036778782639	99.63488082141416	2.480834707628651	89.59864929651216	96.70589607996446
104.2252451003164	94.1115031887654	2.458366181863797	1.754820960929195	76.09867386801217	85.14120354928966	101.4154136720215	1.195152506630437	81.96498672444386	94.3465851411701	74.00130033592488	2.028088540995131	4.353540599502015	22.63124496314102	102.3839035703502	102.9659987724993	0.3222216738483243	25.47450346772353	0.1034656514686109	1.217192366836502	87.97099028352564	86.48410844798728	2.418050456042495	40.95174104731984	105.5515061525179
77.29604941621075	91.09389570228696	62.01943182594039	67.02183405974496	93.65878468971226	92.62103027490141	86.0646421816694	22.21007755852809	105.0485828018077	93.77229854772271	97.89174866678525	88.58038070950838	79.68006590747805	93.0568282513467	83.42689294490027	91.84183513487244	20.47751807144241	92.62513328921783	47.60829865368827	34.76601991264116	94.00464504572328	103.8492827699011	17.92560068984618	93.8511420061005	93.2403242912535
93.47908926556238	90.81108471075977	0.1110607710048159	1.566262926934605	83.40352762821277	82.61701007981264	95.50640136321935	0.7875922659189674	79.85415432375815	90.69923120444696	78.87252885392569	14.06377708074604	9.382325230530039	48.98411462584108	99.39175818886741	95.03573829762828	1.080919336073529	36.71244838359168	1.827095642023908	2.896408606586358	97.22556013662248	87.74733354573232	1.116511961659358	57.80570489568697	96.93513273695132
105.1563767618884	92.64079436083965	2.5788395144367	1.246636181598196	77.71141383036867	87.91394954142027	99.8744848995142	1.340263999122425	87.52666430010163	93.81312590200918	72.20512371732607	8.349996449865541	5.55145783855774	35.09688921638941	102.4442546766143	92.26611933076327	1.91190987531194	25.70582295512587	0.5839542350926057	2.997483639735575	88.7652564167476	90.29612981655698	2.501749546168274	45.75242000039481	93.89844618565859
87.02326769746813	97.09199491781503	26.30413268568783	47.572948598924	96.47437860575072	103.1376568885801	94.65817595043868	1.759569613028534	106.8661091866239	104.9702443843021	104.7819315045903	62.44495568278261	68.34557110203968	84.59803030003711	88.12467693177206	102.3786504351406	1.636811922950393	83.33232774855158	2.149951534803344	2.171236408705585	95.88421982063325	93.8422025322247	0.7254854672190512	89.97649461231266	102.4540937851764
70.52261608873825	70.85815182069577	1.917919474123	2.14525798960863	26.36519157001259	37.5969209003871	70.85528786596345	0.2389183320702849	23.27704715152655	45.94064464839516	20.96061929550786	1.895763505413183	2.937543309806874	2.046065142269935	76.46082007922466	85.72793740451179	0.2287630153103484	0.2763726861540606	2.588856134124895	0.4923220400079329	69.22181584845916	49.58146899318149	0.5422058173841504	2.61679357373599	82.82441231405508
95.8241943466101	102.7083482486551	1.753326356752672	15.65940914566026	87.43425555581553	94.94788181086645	103.5064749527439	1.275008693378648	90.7768941791397	98.2838675972225	94.3933705030537	39.31442382556159	39.44793726604701	64.12479469186209	106.3840416235163	92.4239684361263	2.73431719980429	66.39211552316281	1.820958323179536	0.5332378096389914	105.8177708148772	92.49115395012646	0.7284210645618054	74.71408113481738	95.3177781251662
86.89736963683347	76.19220292149524	2.012793212633772	0.8185142127084444	36.98702924520104	56.4179355801858	85.89635603209227	1.160231428045505	42.36108505474186	58.94077397381557	32.78166119673009	1.442766025210336	0.1850034659973728	1.287809537021914	87.55738692238997	88.04558149068944	1.25162827694642	2.341643289597813	0.9079097716571909	2.564017641929111	80.29149801429237	68.52824193328279	1.241442722442515	0.623468361107878	90.81353267463277
96.91612432725789	98.56093023425362	14.32919286035988	23.56251023347032	93.90370819890671	96.13514358950863	100.7832522251538	0.6306855187373723	91.25452140623489	93.6999323176902	99.22459686053786	47.91547735099594	52.81799392862574	77.81851076588833	95.53561610335191	103.0788031891559	2.878949453645778	69.94360574380708	0.06924810093071901	2.609278783764221	100.7543050570679	100.8860557391872	2.606344244595093	77.35637324940853	98.13881278895747
105.9510851478649	102.727877236978	2.600907610541153	0.8794299759769546	76.78516968888107	92.57152390235214	100.2490341507167	0.2245836272567678	77.98383613601199	99.40380759680551	78.87012141447906	15.28950507322613	16.13661141839059	40.69699203715931	97.78228927210301	99.94838181190174	1.016354793476111	34.03846059621436	1.739900209320156	1.798168697775264	97.39694362520555	92.179156465592	1.73238062075981	51.69212623279628	98.24925772019049
