0.1387076822934306	27.5197756716428	55.13239247011291	64.49262254645203	73.47129480278824	80.37739962703905	4.339043969095165	0.8170699918045237	71.68070468508304	69.95798376119667	97.95389919086432	89.27699662796913	97.52951246860293	95.8932568405266	0.6503987980019801	27.69553993222285	0.7614993127938956	96.6397712150136	16.51076581564128	5.625924347106654	55.88357583023229	91.19146510902894	0.2692164979372468	105.4360232615893	37.81736421082039
45.8485609018492	66.16115768571733	4.182152213839268	18.54243704583116	97.8364084815763	103.8260871867415	53.57460938891854	1.659141102638079	103.7726040357652	89.19381149498786	99.73462562301198	64.89797115966172	60.20413337910708	91.09641877008119	61.01919015025524	71.48958635436458	0.01080178386025445	85.04595973066186	0.7392481122633754	1.368624740106689	83.07464323636145	104.2356807176788	1.261199658264751	97.74843429260902	74.06205099614384
2.09206352539438	2.795018275809317	101.4752083203441	92.5831335671142	18.81182054518144	15.7821912959559	2.432633913749261	68.92405331640846	8.898944723219344	1.231449903245248	65.31250467082734	103.7927519947084	101.8002028865881	75.28416669781157	2.771939765984614	1.023075503251682	51.73920461536719	95.14015428730623	88.02859708873085	65.81172998477193	1.865827715280496	36.02079802865094	62.88162928703932	66.49698475671266	1.652724659736192
2.097160838731757	2.140285755702231	101.6573124198385	102.0787500808631	2.643734726979863	1.890777720078497	1.371582966817098	81.69956246326855	1.578649029191147	1.227292622338761	30.76909045106924	92.08538889524934	99.57573755660712	58.56212382146961	2.789280352446719	1.132876066647633	83.91529297414334	98.67026712089246	91.02300425590202	95.19568109005607	1.159461915265227	5.738724460449973	90.52157067646661	48.69164221551377	0.4913217953574019
1.617481076768239	0.2149431899144143	103.7719520389729	92.09025606133333	1.144205606065092	1.723743078054147	2.446786481999981	88.1549499150497	1.757747551019845	2.371686984388831	39.03021017016167	93.88173459444047	95.19588446979576	65.54857583549811	0.05868919731233294	1.23043920862474	63.75915386730115	99.13489360406219	94.93577395758589	79.80968186017112	1.30040459944005	16.76175912077834	78.55596864594909	59.29856299347546	1.509143466518292
24.29987641722636	42.36561468943094	31.44563279186364	54.31645458381789	86.61915766746453	95.75331064059355	30.72579581809505	2.205856525139176	83.97921334947181	78.89050696906774	106.1053330288059	81.15534503347345	88.7892164337284	101.2754273496067	32.04663320010285	39.79667515539406	1.531220293127582	98.77624134077814	0.9220354864956868	2.769407261352381	62.20859560775213	102.4714840492969	2.937062667810937	103.9015710786131	57.9929441151059
1.646132372975856	0.05841180327260401	88.30941499979976	102.9191939131401	33.05042717339467	37.78574600403059	2.770944921229288	51.97512003829215	33.39810080890214	35.11801731292004	71.58014920854112	96.21111877670936	102.4417790111563	90.80569210256509	2.207441400662167	2.504655069332523	40.75748354591024	102.5377650967308	62.86586475015058	54.07755990253498	0.9375224067801178	51.59955908661777	49.26085182282629	82.82110852147338	1.301426614124726
1.145896729520149	1.593465580002491	92.9013153517048	106.4402311077323	0.550295709462657	1.552880012997759	1.970074302168435	81.76498063292296	2.740275572335218	2.290251835360413	45.56380015193339	98.06955135920656	106.6936688487113	63.32306271379585	2.440086042535689	1.601433978432357	71.43647553039513	97.29445033810823	91.96617573168695	77.81155936242888	1.637874443757352	20.55415883632156	74.4076315464963	57.00825227893665	2.774928560793957
9.591575539937214	43.9632936769961	46.8823819097346	57.21935101413627	89.10403662414652	85.24730650853367	7.794902763295063	1.662732137450136	80.24008220040677	80.92484009167566	94.26783022881625	92.16615368542624	91.0732953774303	94.04827321921542	20.67295258046158	29.29015547370906	2.444981429300168	102.6403049615798	0.5907100153129132	1.493935187550078	67.58152725455614	100.4977070732775	1.418089350094817	104.7508092884049	52.30064383318716
0.296433029335248	2.128293781644942	81.26896836851471	90.98185129228025	57.55078725130319	67.27152776906671	1.247115887465446	29.12594808864959	56.13066081019451	52.81586304858705	92.29822962726693	92.85642781827727	95.16065931441403	101.8039444090455	1.124314685336884	2.989905079238865	14.67533825878186	98.39793303308568	46.8940239805217	34.96374825000797	26.84797964746762	73.75319437240908	25.16838044782625	88.97926820522306	8.149413207271332
50.67779386632105	71.70083857831956	1.928749161283616	18.9281949684766	99.72503683054444	92.01892797612999	57.47100635210458	0.955670372973918	103.9603434809665	96.97635372566276	91.5404077789119	52.21058904667463	66.33814323831417	90.60823440577144	59.88820348302109	66.94721668218166	2.408168336523272	83.40607433733753	0.6934392822016926	2.799200158057026	86.5275797629282	99.62980514675576	2.581353998741775	93.34638682059922	83.59244516690148
26.32776252007343	50.37096950637663	30.0054604948327	53.9221118562585	92.0997388023404	87.12665628612761	25.14955479225095	1.467840357286613	87.94017577820875	86.96450993380736	100.0728869784961	77.6542511900514	89.29893770329952	90.99168158570156	25.02973747308852	50.1642398862827	0.6261845801110248	91.73691864168904	1.130078773480972	2.419163706614677	72.07454780638052	103.0146011882946	1.398975361181714	95.2051508038777	61.02141593617802
2.175642866415922	1.849631971256483	85.29450974269773	94.19989462945067	37.65757049627595	48.31497147967299	2.235785348843837	52.89389289670738	33.73395775131556	28.18798099769548	78.11023752030931	105.983597283738	101.0298758286874	97.31053057687289	2.136351172176602	0.4167473879366859	40.05566539612882	103.9224268168317	58.93077641841094	56.44240321123031	1.456991978933679	64.46589435239498	37.92856368559323	82.17638330984488	2.743298182380843
86.29863435299465	101.5535906939595	2.517093007233637	0.01280673949235325	92.7179745108014	99.66681294572201	94.65946275880755	0.7486514346440019	95.35104511254477	97.30620171538823	96.68597482446062	1.207429796758383	8.38647181648942	53.11884529328249	95.66287311384701	99.66014978413286	0.2945151854561955	41.95726534381068	0.8572117085943514	2.269710260533395	101.943416853411	94.81321136996166	1.658352926054105	61.78406922179694	94.22326578317963
64.46027427667617	85.34000585444014	1.670011314622822	1.730788474116861	100.8822820021416	95.16113543409335	68.40624752150964	2.828190376327456	100.1615579332238	102.8179815623885	97.9890904321081	38.14045675970399	46.89812689271243	74.87831987658362	67.99273272671452	75.49603442749448	2.774414798299486	74.63327772099103	1.549405675841486	1.61609048177107	88.59587318702168	92.74342716172137	1.759029480013869	82.12794819235623	92.55127618257751
1.128725704758131	19.16409511309434	56.32561828614327	75.73798100311866	79.22084253978043	80.25262135909715	0.2647429781787691	1.035102726324743	71.23921709592685	74.79717747706763	96.29789938530442	89.70981719113438	98.21744696516421	99.39292839652354	2.424454299493442	10.62973942497382	1.620486961527064	105.674117498125	31.38413304382875	3.619618995358252	41.68476858254048	90.68586011631633	4.941920623446345	91.17417767041661	32.44581104061393
94.29269125108868	105.8644606605138	1.886863701959826	0.4890255013521875	70.23049318639657	94.19859519382035	103.4644054316132	2.848322830064142	84.77661813137021	90.79295436129327	63.95357755002938	2.920251005108097	2.41072219667718	1.986509553481897	105.7120259507143	102.406339409278	2.090249719701625	2.290152275119912	0.8387938260433638	2.739527536892162	95.91110994628663	89.94088268193639	0.8358311936285383	23.91309772251373	91.7619981808633
89.88733993017985	105.2745820071982	0.194244269439763	2.210640280877456	86.89084996336965	97.01669594308274	103.7259176643709	1.822348898468348	93.54940345812257	100.8026163587465	79.46897816884957	1.254508747687317	2.050672685652287	20.08915238572931	91.06291874763291	93.94381319263191	1.362589177405497	18.08120062037127	0.0837204720909224	2.306396169396787	97.62550558322866	102.1171797451804	0.3260583444331786	50.38243110991962	92.30164722178718
94.80973611452889	105.1144807052583	0.1229072983421302	0.6317263907845918	91.46169824591695	99.32056956593404	98.2995343391916	0.291591741905126	89.44431414814355	96.31575708537	80.55443963225302	0.6109975183832668	2.6379517267472	21.66273758291442	91.62712818962837	98.99985945872849	0.02261763162694676	10.56191206796429	2.390211928065326	1.052201344651569	103.5766614882659	102.780318679564	0.5419468624050732	38.34864410847878	93.00478078779813
103.2718694769492	106.8024544545455	1.296598397143212	1.810799312797825	83.4510022711835	90.73864577856253	96.818579524735	1.412839103250501	89.91007470198103	93.93886486685594	79.98254969470213	0.0136422584620596	2.339645094060624	28.87811275230908	93.25819311735759	105.2810700889195	1.565913433841406	13.3109027068884	0.42302324265444	0.0677054075704048	95.89998487214145	103.9003382007427	1.946882062246047	42.55042560903576	96.89848554388065
0.918112864439151	5.308442799217719	67.98434029867703	80.43741718023838	67.80132227224013	74.31834584013217	0.1913589602773248	13.15907726732668	72.68715150701189	61.62561181519845	97.24446933307414	98.16117017763023	101.6751431264437	104.6594392917717	0.7967754780578731	4.505646020421842	2.761786903261895	98.23566428799469	31.5241222444384	17.78011576589156	42.0989713458587	74.65877885779146	5.154025832718315	90.05980636075637	22.00481473293297
1.512165535648512	0.5234915987730271	86.02681130290671	101.2196764671878	35.93351832071163	34.00481774272321	0.1963435527701461	49.46211968027118	30.79167282689613	23.78881718099423	81.63388613998043	93.50450209722015	95.87856344556887	86.87331837374461	2.125737812180078	0.3762961172251351	40.34408018041746	97.11328340874661	76.67838494829481	61.37413309302237	2.711139677156731	50.01406568346857	49.78102313257315	80.26048125476706	0.3922507231629551
1.735341896655143	0.9730008279869136	75.41656559446183	90.41811431870188	43.13988607922002	49.94734066130967	0.7731418972048278	45.68450258766588	41.43094235009623	47.65295370002413	85.16858586046602	106.3740929931619	92.22596212476421	87.39590062933902	0.4267091692186258	0.09139944940703618	25.73166687366836	91.44961670216721	59.97745116824321	43.10588164065385	11.85722233040486	70.39823758039782	32.48306315849783	93.55604501555786	0.5772157871731947
26.77897326080313	58.79425378241098	36.15334878796477	54.66668320713892	97.29044041748547	99.52965749111118	26.88481773289735	0.9018757387231455	90.79868784557672	94.88557862126984	96.05615746525221	77.53874529106167	87.12099798412358	94.73254642115813	40.72554752840701	51.46330194530911	1.080327789019779	91.88300861897429	1.826772212014497	1.095427595294412	72.9796695432057	94.92124212947871	1.898383423731114	92.25142682796752	60.31287039769883
2.983929846391048	13.17407719412215	62.7954719733339	78.33644621220839	76.23221131942368	80.21322547210721	0.1592951050411833	13.26992597343899	75.84876680492104	58.32065461033001	101.4518771488552	92.93032102258313	96.61962563074091	94.36623602573869	2.066002555937309	9.899819144444379	0.3532581603518754	96.63688321059051	33.4138149563991	10.21862386014223	41.26399384554314	85.67003465754387	1.598960731297923	96.51170189952559	28.01090280031972
17.22921747487824	52.6588312175651	31.21774823146443	58.72139306589244	98.85659939905402	90.23759652044807	35.12612332205345	1.62226391838368	92.7501774872301	80.62913452189683	100.1826073959485	73.79272889592244	85.07467031564552	98.71756799979647	38.98998452632839	41.60260567679604	2.571866010218432	98.56796617487026	0.6454897834436875	2.516351596023218	77.08710937778397	103.5256615501342	1.43272878032884	103.2730681189566	61.00305300951919
60.47363248927189	86.51364748501973	2.162942988954364	0.6248749157775393	98.89326846851903	103.7666414011774	71.45461506502315	0.02473378448997867	99.07437714352719	93.13857479835757	94.00267570156041	47.56656558255858	59.28722784101532	85.02569312190717	66.36215671251522	73.1262580179467	1.202904161777472	70.63394217465077	1.279621257624758	0.6151650378866689	97.74094634379354	97.96487386602573	0.2732164419292245	96.46085168120803	89.42021176675271
105.1597538217209	98.04775986472143	2.529058837767026	0.3449097325168022	87.48096022887944	94.64501156996545	100.3254985726273	1.469127210631909	92.74814652943105	94.83377515137815	70.32371700991965	1.633841217813952	1.867373249962449	13.65393822017874	101.0281760748763	102.5412982015759	2.633720288711302	4.456849757218539	1.365938009426438	1.730464595614859	92.14327837427217	91.83086747135724	2.771993562658414	35.84398258130479	99.86799099231403
1.351107247360014	1.734013839623202	81.04777061331177	92.15569249784495	59.27461300106808	65.14008235775609	2.631972560319147	24.28104974985351	66.82390694943791	62.12367154920936	90.93348020182576	92.48505643790848	92.55189731318254	93.45824260402709	2.144432510752481	1.042458648109889	7.522758170696887	104.5494023593145	47.67539301863754	34.67435687383113	30.67211518033588	71.35414768872505	14.69101391502517	93.98645278386786	15.89029411620979
51.68312525038166	69.72724145052111	2.550535544581111	26.30304741197857	90.80082265806605	94.2090443898516	52.15421033770362	0.9070889191584379	100.3187536878722	100.5113928369025	95.5177763207551	59.52586442846074	72.45317944818811	84.51421114821459	60.88359017410049	75.86566884168607	0.5782039095838305	79.09390112248842	2.259687695685443	0.2191476182013516	85.29872604111559	97.23033587842386	0.8193951793464431	92.65491146698331	83.39212875550747
63.20282617630276	74.90915456718875	0.06234345465159399	16.64802100012734	93.12039570816725	99.63277137011386	66.40292547170019	0.9267209783809691	105.2814338975395	101.1019048828341	105.8168366822085	45.47764149914817	56.92312205857142	80.6263611284614	71.6888440218642	75.34560805447958	1.938892453692762	72.90035953177035	2.809078703448087	1.300746916764447	95.52882969817797	102.0875460686175	2.438762113157392	97.68179295042734	79.8823322611357
58.52615114917826	78.51413610589051	2.712978611077084	16.40823803655815	101.2657049472207	94.61095773614188	70.9390158920089	0.09621953805785811	94.37809351682066	104.6865428260196	94.08902493045505	52.338384190917	63.46306692475942	79.47928253344394	64.20133125772887	77.18143971678653	1.113733998910723	80.56910015628853	2.983980056113363	0.8882917766341083	96.72883337430717	96.66174095049008	1.438939330333142	92.63417930904964	85.71010906051049
65.32669941123871	85.4623776605046	2.950329142922683	1.022848476933884	96.9894515272119	93.39541234207843	70.93638299946528	0.5944009577747731	105.0366739283048	98.80292839080369	103.4150053685409	42.06702205655921	50.80995158192698	73.54131161307251	73.44715414016018	82.5232191385964	0.0218564743275045	67.50193458664758	1.645885683503904	1.612461785090461	99.02557276341552	92.81444485257103	2.998355166287297	91.61056512944494	95.64219524051673
86.21423088806657	98.95312119670429	0.5911001115763734	2.952812023638969	96.1753876068998	97.07255253175285	86.36959036054586	2.964868262167251	106.3438563367367	92.73528984362095	98.83675936988833	22.24074265059291	27.993206380361	66.56700097901197	84.97307425783758	94.17811502288681	0.884461263838771	52.72423707367818	1.641325521836249	2.320103855358712	105.7974784778439	102.8061661439639	2.79041197868109	74.61161860131912	94.87724498836556
102.8551850608328	101.1818120738221	0.1391563369622747	0.549330530206831	64.83199065716505	81.73062772414123	105.6700199942376	0.3125987628758898	66.83677668542155	95.20422356357204	61.40563813363343	2.652839900497716	1.865369159995932	1.233472207738076	101.3082913845754	102.2251626546334	1.385887989649394	1.44390470854011	2.281319234236993	0.3752864270309914	90.99312242750732	85.22153801610365	0.2832534111075646	3.004711475877663	96.33726935153038
101.940402034747	95.65535493427484	1.669371435259008	2.304779151933318	91.20415285928618	101.6920884214578	91.42955064230785	2.583386682875334	92.48650894787028	102.0880535836709	80.85228258157721	1.108532530030059	2.625423212455116	19.546749625703	94.99694232140828	100.5660509813182	2.027226907278499	11.44588010966262	0.2830676695282608	1.120883139341047	99.58594276773168	92.70216715244071	1.208160715002849	30.38498958502606	93.91363477830437
88.40779306241225	103.186720627552	2.302710891916691	2.770273384066317	96.12997564193806	104.3192401922183	84.79039149491219	1.72704374805746	97.18870763243704	106.1570688913411	94.27494924174634	0.2415877813794598	16.47018639759485	53.87050871442294	98.15904520246032	93.14924005266141	1.099474098023764	48.64988401046575	1.652114820659573	0.4765868925803463	96.49619904118605	98.78009654718095	0.06640169100447094	60.97369656842226	94.50590587353996
44.24374681491865	68.72647647504145	12.57282362270384	41.04996520334726	100.9028683320618	91.24766696528644	42.28687629991191	1.058849165041772	97.85587122835717	89.40462365250593	97.53373871261887	63.51654284055155	70.028977799892	92.5426547900642	53.03650816814014	64.71672202242634	2.178894539317942	83.54016375545673	2.310954969938274	2.454675407083395	78.25132300387698	92.88564883274692	1.540292082255652	99.97381514475612	66.56924041110146
94.13915009887855	101.7061972715857	0.09945877912856528	2.141953579033517	99.76950233795404	92.28969970196323	86.18622493939253	1.391057796702188	100.8278419061516	102.7326154130681	88.30011867325403	0.468963438535704	4.930378650002718	51.90264479971715	100.9193802571338	92.98215811410745	1.868840508861157	42.22559331077575	1.897766895097909	1.955413842721883	93.84451000967907	96.36586971920582	2.047150125308675	56.81265282812656	94.69039427479049
80.2081266594475	95.39997027083463	0.7456917742962552	0.1952281430427981	90.98031510499376	92.00750488138127	82.46436126707181	0.06701897783765012	92.80285079124968	105.9416119928326	100.7434728016164	3.469743450081831	18.24680401111051	64.08463047831512	82.74541703609493	87.4894822700975	2.813443665373557	44.07050486420108	0.6959060418541487	1.846776149333195	101.5869295960236	96.16264733103196	2.862711332647658	71.87900533942694	100.7910586655273
104.4571589187459	106.9275876295543	2.548486758712695	0.7391654069825895	76.69775537826659	91.93494421275554	104.7192790651872	0.01845850540755769	78.31118428642732	101.9043442433726	80.87385876407495	2.174969462340901	2.124938187031768	11.20191992233868	98.39684778902429	93.89348432450828	2.283405582337828	0.7766623336216991	0.9771478129242952	0.7186513917965649	104.6603238435349	103.2223140225089	2.828651049146744	26.79291845891568	94.52146911099646
77.21176096496643	58.68409890548503	0.5533653106862924	1.395212220432254	1.287757939825026	23.30434552731538	87.08471752936438	0.4793136926486036	0.8239008862606383	35.37839881541968	1.623326710670926	1.763837121082467	0.6967442405654294	0.3406751503921005	68.66021192626653	84.72242178664412	1.5886740149435	0.4881786793111433	1.643985005790083	1.941263602593058	58.76405951092404	37.50746437083315	2.060049746018024	2.842833196567551	89.95126691536119
80.63880417663736	68.06090396135217	1.946026382523461	2.71100934102241	2.357863289187585	32.59513012400834	82.90737566082407	2.651630922896828	14.95787831469571	37.75777750052927	2.005016704080831	0.6236199154876845	2.917837019633175	2.961380781810311	85.42632258035378	88.96701533818793	1.740416249821118	2.526093604887121	0.5986394696720605	1.130404503017961	65.0038251728179	43.62248243714374	0.2151422099060428	1.073030208202591	85.34724404065642
94.42505499248523	98.59999911902797	2.918148964627425	2.861807404999291	59.76756658675288	75.42178344921959	94.08072140036994	0.7362109505370975	64.80952745528603	82.84107688154087	52.45747519504141	1.905230851402962	1.296595875383784	0.6751890658840918	97.1540424307466	94.65827376436627	2.758834209177628	0.502737750069618	1.712153685349336	2.031430966446353	99.47261497831123	86.25849292534929	2.628768565327027	0.9609046314408083	100.0903443685127
102.3289385634883	105.0339924217165	0.1578050768483438	1.273263813259461	79.32288023558878	98.00432428532278	96.92838958697527	0.3838945858510893	87.61059531436457	88.33321193480933	71.88153267792158	2.6011979518	0.09429162058554309	0.7104006228349924	94.40407771712947	106.4649319764283	2.514240772806311	2.00026604838359	0.4860678556482972	0.9715690067122136	105.7180758047533	97.35311544547866	2.606252761384963	23.54295277918668	93.40972470630911
93.56185998558755	77.42005240227326	2.889321591736549	1.512649641093447	12.90184316667629	47.80914535961829	81.29180311073881	0.8432657517842299	19.18269101347679	49.6726550432882	2.600594562264259	1.537601912144661	2.2047605916693	0.2656530634956856	78.47112483644655	92.86583651964307	0.0930428996854166	2.659837552712911	2.499111344682223	0.4750956489647134	81.60160847486328	58.13082533972975	0.6586534492547105	1.333374300368418	100.0019693951082
91.61141151361652	80.93515884612866	0.773328724818561	1.684009784729857	27.94935229248905	46.63134919889501	97.13652391832466	0.5567232876948134	23.77938650543394	53.06666358646503	12.42291745311786	0.8440178353205492	0.8868924126432469	1.083708971463135	91.67166314420299	86.08113971536771	2.136505098936339	1.532427653228772	1.270448356136053	2.049631136701345	78.99171622062413	68.67268809368372	0.8171910392722099	2.627997998830615	99.39983303522125
98.23053926983138	104.9583528745153	1.850905453045265	1.663339574642372	85.48612767044438	101.4369721181983	103.2112215692288	0.5272822064843192	94.55419509426395	101.5579419291975	79.9970881867502	0.7203170708770295	0.1511615348301565	25.55235039538169	95.56711572473186	104.34893097766	0.09969769140894048	18.72183781848162	2.360193867393049	0.08201544860356783	102.9909008843324	99.40842043884051	2.944239087564752	45.21059294267941	93.66981100739733
102.0229146721663	97.0025213914723	1.917857886644599	2.771049097919238	54.83599686855585	81.62160514048634	99.58796563800701	2.030821856856821	60.42346943234995	78.67590495169593	43.81753370857245	1.272110016968415	1.713580785126034	0.7461451086264936	100.0969957952622	99.08268336117725	2.429145189832148	2.724456197203676	0.01551645523186553	0.3872535416022606	94.08002421111941	78.67551976148101	2.497834478008327	0.2139932637424881	102.5210917159629
89.68499846088412	99.15020871388037	0.1421703034151872	2.924608490040589	101.3263136491792	94.56608252764539	93.90819655027808	2.484285422109632	104.7169233359417	97.89776128060313	88.49885734444202	3.938215130445336	15.43468886015928	52.45992981634127	92.76982254334273	90.64670292605244	2.82180246570508	47.53347624687422	0.1418076127750588	1.780692910341213	95.72207817988632	93.39704504746327	2.587944892428608	70.71004863609573	100.1132720301126
