91.68798939829078	112.200530418031	102.3815495696191	103.0572129591586	107.9999386879379	103.8627388699736	93.9608540550643	111.8493286962104	113.2684115914405	97.45352138959024	109.2935604085328	105.8336774414058	109.2391799013899	110.5689928117123	103.5986822646716	100.0143716580572	95.63903301761668	94.37416783797613	105.8334770707734	99.7988334588068	104.0784090117342	99.818419966051	97.12739386897137	113.636056183681	106.0439288748824
105.0522548591235	93.65826840235414	111.0391019412078	112.3655806073157	91.70256261838375	98.25873059139823	87.76922546363052	93.01059237360363	98.49798720393099	95.76650769331638	92.89099635587954	112.5977938814471	97.38161471495675	112.3871457185499	91.20595136571903	91.8432809240804	110.0267322073368	97.86635419812794	111.3587940924356	90.16470272403268	95.87838315262222	104.9707466970912	89.19090580520039	113.6020741421699	104.3999751488329
91.51275049644074	112.8366431455584	100.3267612888936	102.5526704006802	107.8203249724283	102.486581396923	108.7677680542314	97.92521324262802	95.16291049246644	98.6447452409016	91.31858447435292	114.5880603652768	102.6796782254634	110.7601469026125	89.37843304329503	101.2773535086729	91.35126573606289	113.6987005992902	97.33314414214672	98.47201297228371	91.01461564023072	107.0285395887681	105.5775042906028	97.06132693342579	102.5598306994232
111.5739571537522	85.64138076987909	92.53967666791191	113.4821005474666	110.5507419874736	104.5086549792613	108.371185303733	93.3460856165411	86.47339772461531	98.76344686256431	94.98934053870701	95.49197349752691	103.4352795634296	99.82149332527763	107.4175642003675	100.6007690488575	113.4043475286355	109.7365543566039	108.3173811337753	94.53654302098668	97.78908514669941	91.23916596729467	102.6537902567773	113.7125303761728	89.80085767695066
104.885994865815	96.48557634802818	85.1146862137354	100.0539051060165	106.1815996369946	102.0601828994962	100.0127441201486	97.04368797237839	96.66873847458069	94.95463135008917	85.38665202113604	99.79972138285456	97.13127519662218	105.2176053255994	95.56538867729029	86.13369869013587	95.96738945139775	114.3183452065469	98.14796056479422	100.4652151231271	102.6447144795766	104.5261910112894	110.1536380316152	104.1497167973397	87.0177700695987
99.87130856918603	100.5964486139209	93.61988387113041	101.3759332717533	113.1228420153086	109.0311205045283	95.14082406339016	108.6054450028557	111.4564359865517	88.17997206404557	108.6569531742589	107.1525368224854	90.68566147682702	100.2884477026005	99.42199870790412	87.62272033067165	98.35448072928145	93.68791404621037	109.9297841101468	113.9498501370935	90.25629921539198	94.27263474535964	111.381737923598	93.71710075740673	112.2973122997619
88.05550735573492	110.0569931419049	110.9630694705855	106.3958566863272	105.1342704592052	88.98814215355799	109.9350735526114	94.92458514551261	96.67601576169305	105.1189851843908	97.14598437438795	113.4188160480016	105.4883880182947	110.9480977485061	100.465550229883	84.39073443566339	107.054561274785	101.0828764814472	108.7286067467619	99.3101007228087	100.7267580093716	96.34902628526217	93.28080487070861	111.103440166644	97.6308435472135
97.90799141669788	93.18139129142286	88.39910973295267	103.5962683232005	95.47387016346421	95.5745764252364	105.9073280475109	101.1283299219319	97.12453852896682	113.3053951526374	106.457910533689	106.8191543776621	97.79362917306932	104.4808160588062	96.41570130286613	101.3744769655604	102.9293530416598	95.89906766418083	102.5109353883744	85.28597906040454	98.57196580309648	95.33885190237109	85.59731866905106	110.4404367489511	93.41499831590428
106.8623282512872	103.2336590707864	109.3631670482192	106.527612997195	87.6733078354552	101.8255238082411	96.81726301390695	85.21135635048651	93.03454317990318	106.0547418324417	111.5078798673837	93.58777513487817	102.8730824868772	95.50629413576303	90.10460986572332	94.86708635267654	87.98746671175438	96.38914992914823	107.6197654908617	91.23135321175258	87.04327115640785	88.80839277311685	90.61820895449897	96.88537489481274	94.0809484544716
112.323435826584	89.10559894458032	106.2968243996153	90.67376658051727	85.30436470846999	110.3971530703702	95.82492579575204	90.58078216252052	114.939028160629	113.6645593127309	97.34166470638442	104.6035522444272	100.7620189786662	108.4729641224586	99.39257493544352	113.3302407679277	99.26618812132406	109.4646812159823	112.7969550580532	94.12749792794413	110.0484660753296	94.33638677630053	98.07744302107763	98.42507988986077	104.8425873927187
107.4829461154612	87.50844516569668	93.67834739005019	85.83953092122522	112.2417449061058	101.502718472858	87.37907010990023	84.42908079952794	87.18461877964302	105.0460043497159	93.00817970217361	113.6270459780033	89.37329748292855	97.50563278650586	92.93539135729584	105.5160930767697	102.3428421352331	106.5201736537698	98.92130805772527	89.93776215283387	97.39121715787056	88.97583125359603	95.97163130666982	91.58400943582447	93.16673564800848
100.5002076080218	112.2847420729818	93.88885324206151	109.5270361088773	113.2872448173815	110.6971599073443	85.09312406957424	87.19266445771967	95.68546831375434	102.0522750442048	85.1846121472564	100.0707839626006	104.7310551187291	91.66198536134526	87.1252327480057	84.79814478527348	109.711785671928	105.9678876066236	102.8813264265913	92.97949827595039	104.0506495307627	89.65563421455411	110.6254517890342	89.06568468845296	90.05898577034422
95.71755073735288	107.2656871205282	88.17648697488792	93.10078712765036	85.05019392052134	99.62203426510825	89.5779139673257	98.93853086980471	88.22822132900086	99.43461648194177	97.2254245610427	97.0136068679062	84.70715592514	85.78168634300616	109.179553447243	92.21199050993138	107.5008085453755	110.6217098836993	85.12442782530064	112.6360944361496	89.17608121533254	109.1726426780708	97.84922902737856	112.2651561035057	95.87783692256195
112.0433681791632	91.81364580131829	89.8052240297941	105.0270706060349	95.9276632109169	95.25486246000665	86.00650683673021	101.0872507838253	84.97952936409523	92.94275115390889	96.60459694476438	112.6808369864782	102.3176023107561	111.1710895236689	87.85516839927548	102.3803745597459	102.9689933873852	104.2519789478265	100.2422507799185	106.5797204810913	84.59842213894161	101.5647356808351	111.8623377800455	103.7628060261404	85.02183084411763
109.1172529467568	94.65775739853265	100.2712086213666	90.54964008249833	105.9273235877069	103.247956457553	103.6198473976996	88.30542456184511	94.46115517993545	92.47174744380214	107.0910890051338	95.39662634056296	91.45349150056349	102.584457334418	86.74263771725865	114.1608276909265	95.40383572105691	113.6267249264812	94.20587527218356	86.51346234926869	100.9613278531014	94.33685331491408	97.05266594862802	95.52664080857247	99.46333317581339
105.1865148455039	85.65865223347298	105.5298501153127	105.4944223612177	90.90005223548835	101.5274027462189	100.1763142658257	82.3449435234821	94.10325040714011	108.7680771346466	103.7485141983651	99.60948557675223	92.5095467453949	86.77652372878488	109.4016883771567	85.38608342914833	100.5010918448477	86.60415985321244	99.89712996343263	101.6988452627206	95.45234259960137	96.80347738383414	109.4936948278235	107.2590133867539	105.0757734357801
113.9086100161634	111.5762584025029	108.7190364501236	91.74617515238322	102.7065242878761	109.7414059230134	102.4231831714235	92.35103041293445	103.8064213768769	94.92344618391836	114.1153710115607	113.6121960294478	113.132868996094	105.9839031933937	87.15448711510582	106.1215308127401	113.2027545165951	105.7349754810463	105.4568871269847	112.0634848825368	100.8785995174675	102.6338893721611	92.52545934707892	112.5586449670189	113.1995517846051
93.39279142696081	93.89848744536167	91.55833108643318	106.9970135495481	98.21836898159683	97.43942906427822	107.114321555502	105.0923227621262	104.9321320766132	85.38323203194186	113.1597624526558	95.36907752989994	96.89435749530956	101.4641675209904	93.78565235931185	93.26262690900317	87.11773580674276	102.0582488061539	98.2604371427953	103.2001723899778	89.96733007057978	104.3107184815882	91.12243789936127	107.6616280840611	100.4095238411489
84.16531829883823	89.85588289538553	94.9314656956152	107.8377224348404	112.671567609505	103.0669918243012	96.74140627747209	93.47586906874419	90.25244860153082	110.5042747642909	92.56792467616077	86.15733458460571	97.02764916682065	88.54955096829804	104.6403608130638	86.03134724369799	101.675726460968	99.62090745767489	105.0640840527468	88.94121470179671	108.7924630566955	99.55861814103801	89.37983825137653	99.3334243394205	108.1274252682948
102.5211868740313	99.05742474738595	98.83851728783395	83.285844344255	114.5870544186831	107.9348845273457	107.1537476643012	98.54870860669172	101.5094934187709	98.39500128154543	105.8598200890658	102.6550806100146	110.8795067915241	85.18842879313945	100.185113161675	111.0379099566327	92.95141772875283	89.38927508836547	96.28137504454762	84.80702658128055	114.5283807600981	103.3868105588858	85.06232285298552	103.9855460042294	95.92727602876838
97.4369797656955	109.9491880916104	110.3755461732988	111.9410648844747	110.5314093665811	114.7727398230176	101.125926842979	99.34424391697901	92.50898242116106	89.35960529248557	104.4596507405397	103.7165406759408	88.34352606627023	91.51905721619026	112.2080660530735	102.11070326515	94.28939237090759	105.4591621480554	106.3410854033988	92.88214377868279	101.9212908352757	110.7313437315014	108.72528257201	97.83660841867479	102.9971244019153
107.9322411520677	99.37551937346791	101.6666856419014	100.4063592246514	107.2939928524807	105.6018201853426	110.0076882790528	85.89531819240212	103.8453916784185	99.80462760408129	86.77697328982033	104.5934732249273	104.8864519328044	86.30541904702685	105.7816110874248	101.0306446236987	109.2135391741279	111.9068568904643	100.8424267669615	106.1759426030519	104.9701617871113	99.87309285299459	88.62550884300607	92.87708487846864	97.0970704750752
90.96781720287655	114.0671707366581	92.43156776631584	98.19567975180796	103.3153557313822	111.4437823785077	98.41708425031247	96.17746769594146	91.68188841255309	104.1625800848921	101.1475918125257	109.1482904330967	107.7522041079264	104.602036855306	106.5764818454487	109.5032305806644	108.1507522505964	114.1573536741526	110.0537415952614	89.57083637268623	103.4667511703308	92.21912713573546	87.23097149242707	94.99543860877904	99.74619705170983
99.53636121846914	101.9344201185305	108.1129131319737	112.6529541465613	106.9890166663245	100.5562373699508	94.80772752884452	103.4948102786058	104.4028233955251	98.78668259836346	104.1101729508363	96.2581861559477	96.31116096841609	94.85234129975576	96.22538492893977	101.7846441524152	85.71564567632007	104.1918610081353	109.5759686191291	92.34808388739899	101.1076251568328	105.9140849148032	113.2752458284591	88.31859187710673	98.02816449502573
104.9830501249054	102.9372269543229	100.642987422215	110.8334982061744	114.6549474492175	104.102691507911	89.10074807211711	101.0219449555184	89.11069988381649	98.34994759832179	105.0490416680351	105.6628870476923	100.2231111310337	105.6870579284716	114.1235986832332	86.34222821738716	88.90520563629693	104.0826330626334	103.0211722749042	107.1585509228147	114.1558202127194	108.3235202499086	108.9633469963406	113.0284161325133	100.1890398020519
100.2956272412876	101.3083444085072	92.03073046280618	101.53155288577	114.1785196928604	99.77189801030384	107.7975145603709	105.7224260573558	113.6995515269111	88.33213777950928	90.76898068114524	107.7218665645794	112.8500428445839	90.21881926788423	113.4064784533103	114.4572813901745	88.02079654878848	112.5429961908474	97.44676320103804	109.5500295611379	103.9802278817031	111.8717332969995	100.5719841937034	89.74140188719889	94.07685824418363
102.8951461587396	109.3032345565787	85.44823658574205	96.03623962528935	105.8555748804643	95.45150740139366	102.8170103031062	112.5323712258445	91.20700484010314	104.084630409399	90.6806838051174	98.26759845862132	111.1195310139589	99.05621493322886	110.7832761584082	93.02575534817329	112.8223306177761	91.79810738712641	90.43197915982401	94.88488832707519	111.1396317430856	103.4733123507174	106.8258017470713	94.41517882757209	99.58983314308978
94.91239252951891	99.79039643334447	90.53017889379495	91.2310374892304	103.1726588020167	112.0842032392973	95.42950019974042	98.52440953499975	89.07864329391279	100.5575374173685	110.4494127739731	109.4944509131529	96.47183371761754	95.24334616469994	108.2474787065875	111.9616025944094	110.2824778959356	95.47693934484481	101.2074375086105	100.6016214621691	90.5742238887417	108.0723667856558	92.77702008911882	102.8038152474609	108.7594667822257
102.2248266286474	87.87904507064297	109.3887303283824	102.0941190657954	90.80589425592311	85.77582005577509	101.414595878617	92.17430017796224	111.0657353463797	109.6881080878716	91.83068235808767	108.3860737411341	96.40486220089446	92.77962612702123	95.14274052269262	97.46394332854274	103.5390885340117	84.11262116254385	94.21523063822352	87.52517431699701	103.560844036542	112.5432228407355	89.5423203646847	110.7235395512991	106.652097727543
103.5524416465418	90.73029430128727	99.95782191702116	102.2520226513443	98.69445781812652	92.6172012475684	92.6252409108607	110.9843100715908	108.203694867731	89.06409330602135	99.99188852526768	114.9488129288449	90.57866367432348	89.53804122067571	101.9519731817244	110.3641316172143	88.10196946944554	94.09754194640168	90.10804367099138	102.1256825056801	103.9165627357843	96.79431946909068	109.1204602770377	92.06992318738556	107.7066396025665
85.25176230859	101.7278404804077	113.2428670091438	93.98581937861957	97.09517268078321	105.01113235761	94.47887102188638	86.69705401950689	100.9328902867796	88.42749898503862	103.4279455238708	105.6208799508114	92.82924078867261	104.425953476353	111.746566644945	88.19710599443741	84.90792432352946	91.39673749113865	98.45946344193594	106.3243160028202	85.10112704016591	87.77406129403423	94.55555903528459	110.6417782671255	110.8851343826047
99.33792379564142	102.2364932528974	88.82384530661197	93.872752637871	88.13712850966074	87.577167235902	88.83950027387519	94.37362939854984	98.11462996779751	93.40165138254179	104.2273726932537	98.12025641286056	98.57646444486554	96.27824234134488	100.416942244386	90.06418974282596	106.4149937080752	113.5026186297328	107.1468573990453	89.95089072196203	97.89100811597403	90.31993232564393	85.7655204124718	113.6287111494244	113.2786415027493
89.46740069234619	105.1262995477832	101.5770166947312	106.9229517718821	102.8537443482823	103.3956036129441	103.5838199730135	93.88833708727329	107.1446587091013	109.0362807750902	88.12164976900426	91.6764787041038	88.91044640622918	86.89756430929786	110.5939930602455	100.8684021470288	98.42674260150916	105.7484006922127	104.5002231679333	106.0240609552351	102.3621490284345	87.29498957734852	83.14239518182528	103.182155592101	107.2425549905236
98.03575204570004	92.63144866224718	83.19952004113281	87.11145032529987	98.77803523369089	103.189785656909	94.79532014507737	98.6985105225351	113.5334440882239	105.1376327821555	111.2478540310904	83.89198604239181	107.829598556821	100.0847305613596	86.94606283921514	111.9690090102177	89.67728992831081	97.43708047455993	96.52685015011912	88.64857244100193	86.98146589294886	97.2682507459121	110.4295966520653	97.88699498747378	114.1473573708792
97.24146162029945	104.5717869856889	107.5860819067614	88.83459142970528	96.2700738686697	95.07962795784199	99.76114843867839	108.0605747853932	102.809527685432	96.9625776895236	107.4524145155496	94.10847518062278	109.4434787721774	88.95094458732373	87.26644022715136	96.60218958069748	107.7599760780786	103.4532460554269	102.692403690076	85.92533261041171	87.94929163231153	110.3005372815093	91.35743166106046	95.573068757972	112.2496599070719
97.49526428252859	96.37717363428852	102.9822906185819	95.41743400993712	98.5907731063338	109.7159448676459	110.9607178791584	102.7073276217147	101.7554810613151	109.1809459299066	85.7048622595386	87.89807176802539	86.50567851633781	89.75658700927922	90.50660813716375	93.64338696370659	87.54169185763702	85.89771583184387	90.51078089043641	90.16740512751176	87.09392675391641	110.732993651743	87.1449337829673	91.30218025576269	98.78025586586453
92.52108856681508	105.5176965162271	95.56988623285477	94.06175286066326	98.59368049637965	93.98773839111696	103.9401243642503	83.60580475840608	98.15388963216866	85.37568278452125	99.6859242254225	93.87684685174246	105.1486051102166	104.6015969457692	111.4978642271457	88.04829609959661	109.1625579612725	96.97798242413364	106.7615293378157	108.7420211005153	90.7200648065328	102.696491816388	100.4687524722772	86.63021930650294	101.7901651964576
93.66665651098543	97.77906477848619	101.7176913771187	103.9504060907485	97.62947274571424	88.29623708016641	108.2477126902741	106.3010081185293	114.0136379983621	91.26112027772288	85.33157432252209	102.151802917484	86.90114118567341	86.09850163426586	97.43120777028493	93.92398320582038	95.251117949413	101.0145796338275	99.54358483151017	99.4008617459868	113.5250143078368	108.6862096305813	95.10959890803237	104.8018422663144	93.49666796393825
110.3147424757768	90.89040212463968	93.44748730262238	92.12563153460221	106.0193182645886	91.57453159606685	107.7744588830851	104.5259973784032	85.44636847547497	105.3614673367412	103.1928446713218	107.9424097577519	112.3136697396335	86.97534645939383	100.7941455194391	96.65597775680619	88.46876717476778	97.32238826410997	92.43477979678781	84.90741622115897	101.4045310448767	112.2203853109185	108.8868859280978	92.22826550174898	88.21114502887539
86.29100508474905	101.5087145330922	103.5367351516435	109.0811074975614	110.6684111132689	87.52117457861175	106.3759808032243	93.30472334544197	101.5631556782346	99.47484455326779	89.57644657770692	109.2251814917331	107.951520245312	95.96976362679283	92.26943561005881	113.860794852014	93.43602551739059	103.9635769268168	112.0659336245207	90.17599466988436	98.81724736123594	112.6190980005403	96.1990879188012	97.33565359787875	101.4604910041078
98.91280653671821	97.71508031680938	107.7143946167626	94.66195863829378	89.02774894774123	108.4893045626813	92.53991694358903	92.02450172425908	84.36962118556042	107.3509972885376	108.7462888621946	110.1377474131861	90.32080742840236	105.7258656260243	86.97691618078218	113.4389237372252	90.95465475027359	111.1665882770119	103.5412767413938	81.28420124840446	102.0243184311012	90.33292381771011	106.0063888052761	95.81512461125421	90.1392817713712
107.704166109237	94.67231561417118	109.1552491411497	103.9057563547872	86.26733380723164	93.79055528820417	105.069790857699	108.9397845152888	93.9734512879695	112.1575326498878	99.78174803519389	88.80664208153512	108.1529732183373	87.24322719826901	98.22869296741551	111.2315635983881	87.36485009942558	111.5206005599582	92.38231512292479	101.3805021478919	111.3345000261779	100.1292211285779	101.1598631717476	104.2431316673209	110.8918593480768
92.95923596283747	94.93790937574728	100.6967464112936	109.8978674212916	95.86611043687851	86.82858959864359	102.4364203176737	88.09646173240166	101.2811117056726	97.02840160133267	104.9448396826922	109.9056637631151	95.03525207385597	92.48300549807614	105.0661657129876	84.96089331432619	100.9788300706459	96.31648794633385	105.6932456701562	94.63403589643742	107.9939313790676	88.10526724574274	105.8486757624058	103.5252933952316	114.5044708392296
92.60150763815061	94.99936308767195	89.93140138647077	104.9346316387317	87.67279461518389	85.05557614041314	108.3815880123067	93.50513479508263	111.1238546872248	113.2506041044718	112.6832674846383	111.660064153177	95.03343240368297	93.93500645418146	113.7226927323025	90.92932546015551	108.5162708808369	112.4759873139821	91.29000805726703	103.8996637780606	87.63307156081024	101.7796492882956	102.921448921639	92.58362338700742	87.12541017220491
109.238114616875	110.5489749334334	102.3798312505009	97.40142010948439	98.74600198584163	113.1040505928663	114.1138305046763	110.4640998489415	99.9327436400405	87.48790104520289	92.48638485290091	97.19015822633325	85.1177238734236	97.03995418701787	88.67568094665174	93.19463074569765	92.45303732638793	94.59488969366119	85.16213412150027	92.81254189269853	100.0786672559978	106.7437894251615	112.2250285334795	89.05449849834974	88.54244402195198
97.4992024557348	92.38559483149989	84.66785011769417	98.66819427427538	105.8925720225178	107.099185124985	85.44849410221438	98.21720356261261	90.54031471881235	107.148301864001	93.75605365691456	102.8364359531458	81.51938012122446	101.7172307168557	99.12985072834694	100.4656650156143	86.76008005389716	87.97167067473173	93.40392601406519	78.32980722076319	108.5076115437755	96.10621104227553	87.94413431320079	83.11318430226737	87.22278441691547
94.78721747508156	110.6705395494716	106.2323646950107	98.53980778238579	98.38933741119317	113.1438871601002	105.3678484910083	82.55995835174184	97.92746064238155	107.3428793659182	87.47641244637958	85.83497694261365	109.4762748926291	95.31664776551037	107.0390071835126	103.3256419117925	85.78198338515877	94.67715939535094	93.4913146674066	96.48517613271028	103.52844758484	88.22474904568948	91.56061647330475	99.0108564673257	109.4016573569545
100.2710913203458	103.4339447106694	108.4223766246768	83.72264298931518	112.7525798068178	87.45858213945094	92.22552877940581	86.99882684017417	99.47647983002702	110.6361963504409	86.43219019782867	87.05374618861994	90.75132982353772	104.4791025221511	87.37348881962807	102.2785675668983	91.94500369234085	113.3186273643771	104.4563418809975	85.85722671264784	96.56868355419577	95.84502826105503	92.45972874446998	96.81620863770527	111.3175594825196
91.55468282263928	107.2305633768103	106.8569741787112	82.24788663320722	93.89992418886651	104.516631584168	98.79490491876106	81.33239469218397	112.3438033440171	96.77306530098744	93.77926328950788	88.5094735320728	106.7828714551667	96.11789497647187	101.5409483766708	91.93353216908386	80.15177068654239	95.14887056998647	79.35464490713197	105.0644726773907	108.7466893903822	100.7240513112777	82.24350518739415	106.3204258518279	111.508228122502
93.42777418412264	100.9836605821789	96.31261985253633	79.59559017648347	108.4891706679123	102.8671745626519	86.79931347742017	89.26156179939619	98.11169045423438	108.0920910822419	95.43195176656857	109.8319692286885	95.37137481421499	90.41186269167657	113.9222279899453	85.61637991875163	79.08152787545843	105.0332024196742	105.1561867617589	83.37905192106118	95.18088178098331	92.83386745165467	99.70815863013394	109.7294228112652	109.5906453409068
