57.80745502858201	69.40171808535382	102.0545872924082	101.4240890528827	78.66082097367071	89.5588168500696	64.07895828107642	96.67035898749012	85.04155517092664	81.04855764224544	87.17949600021696	92.5139791471522	98.84025496355142	103.2277420559568	60.84813413540883	68.10615040144224	91.24047778905734	95.3712660209697	94.87740580619555	102.8221390699325	73.36878429897006	82.50361721894464	99.54478792597189	90.34267415736807	68.67195271794225
55.85702635637768	55.92826993761452	92.64629494338155	98.25207045190555	76.72376781909914	73.09974180711113	57.20902294400796	101.6722837074205	84.10989874971543	70.37791491779635	90.26318025056953	106.8065983991522	101.7568777187813	96.56197100966959	51.89352777895711	60.80641644139506	90.05074129396992	101.3569955797333	100.3073608751641	101.734049354979	62.35330046482363	82.62321487253273	101.8544235060866	84.83664033406951	58.65287051026655
82.40074989128794	87.48034262802511	89.23058541532897	91.32834551397413	97.53688727874594	103.1219862921585	80.04100239205212	86.55708997858207	96.12347229767322	88.8852345013112	98.20446693089575	99.49653827891602	98.58168068221097	106.8716263856208	82.41707723742714	83.18376014512785	71.65374687450554	106.7026996209498	89.76594493704827	80.32182645192195	88.26137625697915	100.7705587772433	80.30707065382441	94.43798811116892	98.21278257546564
76.85264996568068	82.00594753347843	102.4998239117586	97.66894257127447	86.44614003518154	88.31303708256503	77.81498077835636	88.91719331455889	99.60062373545475	92.408923259868	96.89752685377341	104.8081597686649	106.2519763502179	95.33069007225969	80.74706353888581	80.25608715761939	84.98301860589069	93.65804266363747	90.40052861262801	88.52352665820365	85.35715537067054	95.72491959345388	82.83339428543276	94.74010050928979	84.63266595215168
52.594229076555	58.44321208454956	106.0907023448906	92.64323460724924	70.5080333554357	72.58985473353708	54.61917960257362	103.3539315759104	81.53772838619446	79.61853483322656	89.96783293641347	94.57128556849075	102.3270019449427	92.77997276806514	56.71724899415831	64.32092571299981	104.3047248001458	104.3205854863983	101.192011461767	99.66523120093748	67.46109291224244	75.57353844614775	93.04171123053516	92.55870255827168	69.90526138198238
66.32903624452126	68.63637695165197	96.90906134701036	100.5415760388352	84.14669959051345	88.86497134884003	63.26924397189855	88.96196241474762	91.08751631617764	76.72712463116881	92.63468657401755	98.72969084590201	98.4994376272592	102.4054639127728	68.50445521259918	67.22105619258734	98.1370581941005	104.8187329274938	91.26244884739576	98.31138374597376	81.26723373352547	90.66899148294908	97.17919208404739	91.0805814030503	73.31111661939346
86.47256454977506	90.87465776515238	86.92255099773382	99.56475422225695	98.65673855931333	102.5914514421623	81.16153629383423	74.36968802807584	93.62689050495989	93.63424964010788	97.09437410897478	94.87338147620549	94.20050055410526	93.11705516498236	95.00165623519837	94.75851052442347	77.28640742068042	105.820672980665	82.16192052548676	87.29020626577768	93.74116570805978	96.40488161562661	73.21823404015119	105.1578005272316	92.4204625480309
57.20687119135529	68.84990515121667	102.8116734783415	105.3143001230876	78.27218069633261	88.58331429719046	56.61426446367381	103.1464446419329	73.80698354148075	73.11509637055222	91.51410660493789	95.2759536483568	102.5486408026105	94.95719423548398	64.15822931740603	59.44797811984009	100.1621322119233	96.82164687083295	102.6516755044559	95.09568788897963	75.78807511758869	87.18569646047573	102.9106261640375	84.25966260169237	73.60253300480719
71.55442434290917	81.99723159287542	91.93314524056484	104.5215031585042	97.43619337841164	94.49970775443987	70.82910108399037	88.92408900010126	86.69609720053845	96.54892228562662	96.83553318133032	102.4404757340511	104.8826255833632	94.09783394093057	74.93776848492608	79.87841675419705	82.58392539673665	98.10451910964518	90.07018214444074	91.68415409585241	88.95603656281091	96.14303371176065	92.54191108740122	101.8729762903335	81.22692033084432
76.24054924757075	86.37472311976629	91.99692822595367	96.58860172180455	100.5140872393122	99.89836284965845	83.95065927626194	88.86722737521339	102.5555227937028	97.34630761148082	101.721507285231	98.94609602875195	98.0781051744644	98.32056288682347	87.49854451768556	91.05786555635888	85.02522079152504	103.8133645975134	93.31056056482808	79.72469037239746	92.10194996060717	94.0804437831968	85.8110767803762	94.66886011144344	88.41335521610533
97.56126788683505	104.4476735590979	74.84930830805612	73.48996437194047	105.2536802556429	103.1844345695864	92.71348068214593	61.30761020910107	97.2815103806673	96.44224856756701	102.45413276556	83.18206571395531	85.47078610230901	92.04206869150238	95.12445462373685	93.69807815280829	43.31639949611606	93.413552409136	59.99893065135718	55.15879356951161	93.87860622517566	98.72742069763414	57.14643118510298	101.6813922733057	101.887240690686
78.7452487104197	76.13835112242668	94.60397845128944	104.4665785102703	95.38700620926953	94.09130057672351	74.81688933994371	82.34665331038472	87.98592548394957	84.70458582976323	98.07889153827362	106.1238769921455	99.28153751546775	92.05683400798461	74.91019518409253	79.26073133106838	92.38905119424207	100.0144965001088	95.34141744919609	90.66262385358753	94.50923344471681	92.60099163979652	85.10236505749288	105.9292392618293	79.08559414999446
91.87643675529075	98.61230375314015	73.59500177220065	75.42468499113522	98.18978487353358	102.5448688695789	100.4983394584503	45.55197703045589	95.72145518705067	98.45263735623155	104.2068806166599	81.0248051165745	88.01631505634406	98.00060967748932	98.59338952811289	97.93214335217338	46.8791869008224	86.10397475461534	63.74806616234818	59.32312590922338	92.54743958398615	92.32171781694578	54.91186300446932	96.62461028970378	99.24194907183013
89.31402263669321	86.45539327188494	91.6817685160152	87.1367324530794	103.1185732188416	98.59449752362933	94.07467348848988	83.51733095718957	104.5882574895434	101.7032992584802	101.2028795946921	102.6838457637306	96.23592002341702	94.94515515384916	94.57857954832441	98.81832093992674	69.58125184561726	92.64881451302544	81.40137796729854	73.14333215594574	90.54207160169437	106.135354436565	74.41411589173796	99.61584442306724	96.15117566084619
91.89537274782771	94.96813352118809	78.38672677222365	74.83144866683371	92.1947272435704	93.4259629758684	91.85882039895463	60.49276196035933	94.54299825862525	105.2168980187316	105.7741046546627	91.36775623209422	84.88013188745842	97.83437926073994	95.05061423080087	103.8139979728415	54.40383591784052	85.77752222023807	53.4308567935096	47.87464655017744	101.1816857036636	97.35818686705808	55.35495431366155	100.5501219351336	93.37379659077834
89.24315657145925	91.10769155666685	80.27366880974098	93.11105241376248	106.316520452028	92.79078963490257	90.45739552837117	78.1484421738206	105.4084965007944	96.49329805629037	96.7094575578902	93.85133768692543	92.83422294144162	101.0534370854517	85.20533259484789	97.25583940946035	66.22227636723048	100.3891250272924	74.75628534303355	82.22189342682861	94.02975351306235	100.4000336479884	77.04916325509133	100.4454585509158	97.74802583927395
91.32770604112778	103.7152440354555	71.91884854900459	83.65031303318605	100.5223940973668	106.4247450379425	104.635102924111	50.25490358052298	92.66018979820848	106.4807047993444	103.5462681646821	84.91824333355009	86.52079926318504	87.53174551243561	96.01109642939051	92.18307184623623	46.33254669928651	94.78238629324764	59.90478941472412	51.21102312279422	94.00170188607915	103.6868598291166	48.78312944636404	94.08110341815645	95.67747034840946
97.10277659923791	103.2690636944764	81.31696851139652	79.05811004084818	99.74587384989393	97.93722428399212	90.77102455892044	68.54752702963675	103.6506743834757	105.9701494096325	100.9786870188258	92.17992369466552	94.31069150351478	100.4553413016106	93.81808866463277	103.9774007394344	56.12861335422209	87.59894383412214	62.58824277618369	67.44008206863647	100.9793470043833	93.99338656514638	62.23801784379582	94.9081701704424	102.8363348948528
96.26182533479464	94.17811883542021	80.44320792474355	86.77079842935684	94.8680097033085	92.93579856737813	93.79082807097556	67.15173173955503	106.2659843940463	99.0092089943011	98.62834555593682	82.22143675229901	84.59021644524555	93.08185749030787	95.05439868189407	95.63432993920594	51.57921938438296	90.39723285469069	68.85711457220012	64.90607513161642	105.821296145515	92.70535402641357	54.15409882893199	104.3210789960977	105.7067980171668
99.77887624014552	104.7082286634237	70.32082199545926	89.11291667672846	106.4853730927263	99.04122142726112	97.34868140304069	68.04886334464408	100.4265317742225	104.7392035723106	103.7806464256179	83.09943663475495	91.78960150782162	94.4971493110946	92.89491663848736	93.07486880939766	56.99779928859387	91.52213160489507	70.9909527425756	62.66102742262835	99.47026858501931	92.92531199009863	59.83860072471248	92.02952166478738	92.06194695262548
74.61662341494156	80.62850466068343	97.95874601895643	95.36309427717003	98.43675281307502	98.50188570570855	70.38327344578019	89.81013607388709	86.8062360538356	84.40372921604953	103.3345793136574	96.04829507299578	100.9055800454015	94.4680381057332	70.33750023053037	75.33224408542065	94.18776208943558	105.6184715631426	90.09411360616986	89.45834221967259	84.15739600289967	92.32247715250809	83.52733294970552	95.39706723145181	86.02511176442322
78.9726434374672	89.3517599061089	90.04689860528492	105.0352334419396	96.50878422308227	88.5417963262107	81.36560147395342	84.77110260859547	100.2861297246826	89.97776157728002	99.67334212422924	95.63263263849065	94.6862223847188	106.9024368204482	85.35444470440321	76.05117927404727	87.73061166932671	104.8364197728855	96.43357323678786	88.07556318222726	82.30377056310085	91.72275693241522	91.0098769928865	94.28620481178399	80.56701791896508
102.6289773475011	104.3756728235232	69.2282987431235	73.26562748614975	98.62584954461607	99.00073607172251	102.617202611623	54.4343820760073	92.053527519692	100.0712678164666	105.0583238251589	87.40511554224497	78.13050424275893	96.69412194311228	105.6936247336871	101.5835006277648	34.38443908253259	82.91904626852514	50.37438974779253	44.58702125030304	92.34806859893608	99.58470158103091	39.94038737433905	96.46261957497815	99.68229419943862
64.26808573672322	81.14619880510607	97.56245743624518	100.4756454470704	91.4958018778932	94.49414377709961	69.46715210392288	99.88467293870137	90.24170183340821	86.63212222061782	93.47465721775616	101.483168223501	94.65439379672068	104.9450670768471	74.84360456126468	81.20887246864316	90.68892057610417	92.63535944018803	99.23104409961047	91.69734657095597	80.36043157178075	97.75600231827636	84.56355927007479	95.71791375800311	86.30338915113444
89.3843749254756	99.22565221938139	82.40011709157089	87.30302840631217	96.89991513520287	97.27468773189663	98.60047881783639	59.10085164158284	100.6810992998315	98.1737401127054	106.4467566301738	88.50878992460395	84.40042442306266	92.50401395393578	94.86879933042189	97.82650316479662	52.61335205707546	100.8531643841011	70.22127901204701	64.18818533022221	100.0161073529462	98.86312516227579	60.60019972784687	99.68661513695616	102.9179226113534
97.14783386583673	96.5071996846718	62.98105204057119	61.45186365749049	99.99712122806011	104.4256807483814	105.8837564001641	40.53728388200497	91.98366140991476	104.7027897118673	93.9974731941917	72.50388454827812	71.56313006685957	80.53912282251677	105.2746339221091	105.0648654170992	35.34022333114655	79.40228169880355	47.29223958026068	40.9273932912309	100.5372187432627	97.82699626071454	28.73737425718951	92.47296724721868	99.43796830116023
68.96376039070439	78.6133809421825	96.66289593786522	103.6590932054228	95.28557251763266	90.20785409062823	74.41578276462833	87.26410291778535	98.47939614261718	98.70564440887357	97.78357473676994	98.93558226715088	95.93351290040926	100.6207196083345	75.88568309561823	84.62859581597766	91.91964873991239	103.3621785507971	99.18704790524376	90.15691134248664	81.9993472371083	101.5895795647437	92.51596394100517	97.73293107110382	86.47631671590652
79.0333223248431	89.03895720949782	97.21040857802876	100.3866728843538	103.1400879972405	100.4151413412698	87.18227362682862	85.38350296497454	97.44582212755077	88.67340817531461	105.9248082655105	99.41114474118034	98.6714178998358	105.4433074230762	75.78356660846258	92.67616879017109	75.51863633550889	101.7026392772945	88.38115254448135	82.78694261948701	86.47550923564445	103.8929986835302	90.51086918914889	100.938393376863	85.61195863578965
100.1597497933562	102.4361999166892	86.43052400502269	77.34777836008689	100.1974506709031	94.85501031215729	92.72708340311621	69.15089808104362	97.3402715047023	103.8359573149041	97.01843767560845	84.4165617625552	91.1011586625047	94.08271659334427	99.99767507365188	100.5661087445423	65.85982540029515	89.01661294729999	69.32966504664981	70.8987902944876	104.238439927067	95.58199720754148	64.99661797701927	96.1972661479189	99.4967420116422
95.18708722678997	88.25505175036871	90.63610900793248	92.01311979637684	101.6754987286431	94.58397903105478	91.11984387022947	72.45208362729403	96.27789875984777	103.4140683842965	107.2302269815269	97.91308549405669	91.76707365031521	93.33430786559643	89.62271841436008	87.75164294321897	77.68250264884199	98.7616216270517	83.79575796631428	70.87076296452138	94.09897492287328	103.4069049830342	68.75041143333402	106.046836233545	91.42341602400174
81.44193190736907	100.4256543343231	87.10233548739174	90.57168060488453	106.181082755137	91.77186378026506	95.29161802006662	81.61535679507335	102.4076106166546	100.5135265746794	106.6344211612752	93.11835110201066	104.4575813951849	103.1458635627539	95.24992571415191	92.37809813623444	77.01130484077184	95.00791457197734	82.2220249803313	70.37250533722195	103.0977556301788	94.25320772768602	69.16391871339158	97.04972353744252	88.70374021434735
87.38661775182845	98.02994379606318	87.19705319480813	84.39284183897453	98.78170471182392	107.2880693054428	99.95208766517047	76.29731982157197	107.1532348366533	99.86486017877313	94.36013511740673	97.70082241253888	88.6114323012749	95.37737974606152	86.33721427208516	101.2588548283944	68.35594112143471	101.8780683202752	81.44616941808735	64.74359062119021	101.3040541830485	100.7741611767992	67.25967444997475	95.65868296721172	98.81331972274562
99.36536849890854	93.81352557071143	75.46309741962055	81.39203032496749	101.5904621978917	94.10659803805781	97.95073639436852	55.74837764517797	100.9098953729544	106.0174512700546	99.23898066947736	89.57698227504	86.32550006383978	95.26958846305605	101.9937052804281	93.44797657659954	54.71773559747201	95.57305908600927	66.59211778133502	68.60470821393879	98.05101966900401	98.73742592897504	50.85826279462471	93.72875428950361	95.32949986886196
104.9057933213094	98.30560810802534	68.89466348435199	80.3324658514466	94.39348049208049	105.6995628458055	93.801416468244	56.97835607608268	94.53132238219249	94.93892883725869	92.04819753256778	92.98736475067454	80.39646241156406	89.73496789289356	95.43242156042459	105.0841203271738	50.3977590143534	91.13273336890759	63.28127556454496	57.20241561762994	98.25241594825729	105.2278495854445	54.55841854087122	97.76813108786752	101.764676834249
96.71743524205112	98.43719241458139	84.96099546304885	89.53768216849608	105.142546248496	98.18729950192619	91.07127987338575	78.39705714150055	91.70336277385488	95.52097525518826	95.23042225403277	101.7090499681559	100.2453484003754	99.72495436748119	85.40289971170864	89.11757691106953	64.87922654895786	96.08099839611432	79.20562896367288	73.88499209370146	101.6062483987635	104.2651185124301	74.75249613707614	101.9384472096508	95.67578382402677
95.32744266084414	91.4196714698774	87.29390817845362	78.90034362801241	93.63793091535889	92.84060402146996	94.80195856318332	67.75239652777091	106.9800060791565	101.5967209125784	97.09692682157831	98.94521973362589	94.58333958784516	97.95952610294742	91.02609807265048	93.71629104569914	60.8964927161752	100.8069605405395	69.36119806329805	60.96246608677792	94.17575810118528	104.7765414179964	66.52501309880685	92.75296445751245	96.60761338563827
86.48539185604643	89.79379522318149	85.89397879036494	83.69818049029361	106.9795398018091	105.3834622494646	90.34089781128446	63.6221366763934	98.16062202612807	99.75241138408647	93.17761094817864	85.71316223226466	94.19834519529225	91.06400552920763	95.51202837433082	88.67379555003777	64.04101981843191	99.28599395977125	75.33121247661505	71.79768031373678	92.82830537354251	102.4622846926024	60.47701966695388	91.71467833495163	99.66043561459793
100.1154105611004	97.37310534014084	64.58396373419608	62.01410836317832	98.94082512659628	101.8258926502592	97.93736972075725	38.60564228007468	104.900606684411	104.9768744653345	90.43665994986809	72.12563574977663	82.46253002692113	87.68221623151095	102.2379303136602	101.6338548826467	38.90362840339318	88.49133165461788	55.64338866939546	47.11609782455739	102.8364679618609	94.4173894467736	33.85775808240172	90.30844154613378	104.446229633886
83.01301792353911	96.98490135102219	96.26249567064436	88.64995290721448	101.1857446565722	92.68418331148847	91.48908898401112	80.70853399584499	100.8545166156796	100.1940537958603	97.57644789236909	96.15919515145723	103.7113871911371	104.0602664602366	84.24446108119568	85.71503647685665	68.57090989365517	93.83442940102776	81.44729663907832	72.6360395562763	98.64029029215673	96.38743389893624	75.3271968322272	98.17440684021663	95.28085892001567
81.90206608968849	86.72323127737337	92.82416222056918	87.91864643378445	94.38062264700491	92.94067200560775	83.80256396157887	81.80243934903413	93.46248589289399	101.0497594435505	96.53765065582897	94.67927141537976	99.3589309591095	106.7408901262343	86.62133505680912	99.08050824162095	73.68862866150857	100.5842388521943	76.81089612820621	79.41914015781425	91.82629367550206	104.7440437907493	66.54253008952558	99.22165078306041	99.42442789277793
103.2816612101396	94.8666975267401	69.58887931565206	80.37823585929203	93.93267882242648	97.191444120028	91.67387160936059	53.37246773685059	99.54997055328899	100.9645217615833	93.74076473449595	78.64440322470458	78.3144190714343	95.93747968758666	93.5510573663301	100.7086557058492	47.13926539943463	95.85312387794757	58.99851105320998	53.67001658689765	92.74885196625176	103.6517388655661	43.90761349045583	94.47587062516666	97.90506277443362
101.583736185547	98.17462387764455	28.73001416439088	36.73992301347047	88.70345795521889	90.6436004948733	92.39721670554397	3.352074677434675	93.25584003459605	91.26844596265869	86.09352511209894	51.77340020252495	64.77621376063888	69.99867520431826	97.02556152905275	104.891188955609	3.931889384340082	65.57039946242817	14.1822804685599	9.127044348926983	102.7893954608404	95.78668961497314	3.233676721962066	70.15892386871646	105.1732883614736
98.21190770508606	96.40064437759685	79.16403189883339	85.63748437499748	107.0505817870036	101.5226466843689	101.4853903919798	58.26762021618617	105.5106804690715	100.9995810287339	103.617559996423	94.38428002640012	96.70878099045079	93.7831578875805	93.56094739232518	94.83962014144211	50.06307748884364	92.15793856887979	61.19766758784387	66.83272079579434	98.41294559470343	96.14553483291391	57.42620360175566	100.8569037631605	104.5188321607023
99.44318311667729	97.63545270454982	47.09800717402211	64.77112317541587	95.0023241648977	101.8222600768534	94.76177954409394	34.80321701792138	90.879324500644	105.3820491902954	90.94668291385528	70.31950368538158	77.30673690835319	78.10957072278974	98.51809287106458	98.3343296776499	22.60249260140895	80.74662322180131	43.71991931315457	39.37484725819428	106.1059837107812	103.4184327698229	34.15578711875839	94.49928232013711	106.1560157868964
97.37943442643888	98.52090113882383	52.49376427327216	67.68910929662557	96.11685674974179	96.77070534627451	98.42994371163066	40.48188571652264	97.28871189715764	95.06457852939752	97.56550291673966	76.56032890740158	83.85409752178607	89.75496376276172	102.6865508563912	94.76679053482874	32.30876953993511	84.9643211954227	46.00130828237721	44.43007073074018	96.35112337379238	101.6426322995976	33.35287826277268	86.19415967282993	97.7142523481053
99.7451431082509	103.1039903162207	68.19729281694998	77.81002877411238	104.0855594675733	97.42814394709774	99.52840054294012	45.27279496385637	99.94800071211944	101.1023093251249	94.52004560090323	82.4911658041493	79.11681516299699	96.27264048471341	99.76115699992192	98.98550178753069	52.07849083291539	84.15595840186789	58.76622718767059	59.15791813490462	106.9127052898347	93.63576404305675	57.26188865053562	89.20885167232399	103.1823296044706
99.1529206482592	93.94832500152015	24.29631859699046	29.11888419028872	80.88710232888529	85.21380181816582	100.0589473159927	2.695032522849812	78.23103976592448	95.23676282761912	77.43679796764452	38.2579771578981	43.56343624446335	53.49955289283623	88.18327044225532	100.624560576686	2.993490522212346	55.35978557801145	0.5058316422287652	0.417602434995173	96.19794121423989	86.79362336579391	2.979316199204876	65.81367038827884	94.6071052746447
93.40890420475701	94.69882241521299	31.28231673859969	39.40909618513668	81.04229834745941	91.63306193798421	101.555882881392	12.81495444296563	87.65600603725076	98.50962715045974	82.88441236741578	58.7189807966553	60.17658795814698	61.6519534547494	104.8880775560532	105.8973292612789	0.2871327384736405	64.1727073523323	22.5588840246456	9.99819975401325	94.68349158205456	98.61453713636919	7.380621083412665	77.22932388096478	105.7523537896263
96.69919438936572	86.53268251116513	14.23144289984914	28.29403695682817	85.85112332996756	85.6185466238102	90.16266913699334	0.8519824956759481	89.37446044355978	91.23564958888821	76.4683428032528	45.82261993940715	45.91810439336795	57.98067055981031	101.8628953788404	93.84613084388592	1.339830806827917	51.62391630386568	2.284068676589873	0.9086519851372117	93.19474104366401	84.96449475235104	2.173596755770606	57.86946021320558	93.53731101591896
103.9188398098243	94.59772805080051	51.77600719765702	53.4720513936895	89.00203963850925	91.27272995522797	94.13341291542314	24.87999120736293	102.1130506184773	104.7443071457605	93.23448591811716	67.05116953045467	68.21848796251172	79.02628551027888	101.2638223223207	93.36578805415122	15.54754954890837	85.57957542070571	39.12449787842442	32.04034783278449	105.7135596016734	97.87277742177029	27.11777263995636	80.21281771612183	100.3668572903374
