87.05540862208312	95.00988564322627	102.0792399443104	105.9033782769274	92.30598786892989	88.53748042522938	91.97076042162841	91.29239577584299	98.58733341522183	89.84056799690242	94.60635828594867	98.34733395114776	92.46789316916545	92.1152108251886	89.18133481230973	93.32331755788614	95.62273374228511	98.23913892845957	93.0020317487928	102.9479656027789	90.28746309525201	95.87516716991293	97.92341565058499	98.15603764504986	90.18505382820578
92.23604680390538	90.04154319435595	104.3737845153225	102.9800076135178	102.3437056654141	104.0962649300649	87.88753059673112	101.9724184644234	91.76184115249386	90.67595673723162	105.8654178597144	98.30479056024889	107.1318339445926	104.6511295498357	90.44057813186595	97.20473076185102	101.2081042409132	107.253468512988	91.114051663815	99.74748506040041	98.018764260225	91.75357178861513	97.33375945391342	105.1631776545603	90.13335325802787
83.07012533967485	93.3096652052356	101.952999803737	106.7977276147886	98.50875574683468	98.53148323447505	91.84206651535987	93.97283997495906	91.47464762308866	90.11512251133476	103.9117175328232	100.2344346851615	95.51154845661475	98.13538906615935	87.56929504724475	90.15049398977587	93.65363181396447	102.4421423490252	105.2107731375465	96.27494725076031	101.0329889048658	97.11834656091517	103.6277413115234	104.7664711290857	91.26274436282321
97.35035885997569	102.2940458234254	103.055116981986	101.5654217890653	103.4499091981349	105.1916632511606	94.20736874903591	97.14381756029843	104.9642762601895	103.0031229863805	96.50691266283296	102.6828506558269	99.66942929650514	100.9288427585461	100.8414977105078	92.58285106160238	95.71546631546768	105.5506634654535	94.37464615845056	90.86344093132307	90.54687683760179	97.86652552919084	86.73376716231323	101.6476601514977	92.5182147183823
97.98478881374373	100.1128067890809	97.65502968144155	104.018125680727	92.79436084917459	104.4996865887274	96.34442191233292	89.052306049772	105.9504634973482	95.57954363133716	92.98879889564914	98.27483017264068	99.10130946316016	101.9101813774178	97.83462965635545	101.8719744010571	94.51700612429228	92.87886301566658	91.27719412949902	99.29042008510045	90.96807527400952	105.7146438036524	94.42092410935558	94.24795668669211	96.09404521966513
94.17009757309192	92.86314184421155	89.37853756238563	95.20098733569949	96.35500954172875	97.04493744889938	102.8396859441916	92.07003090410512	99.10616225293332	99.69912504218884	100.1035869181039	100.0884445562484	100.6844884467907	102.2330901418988	100.1817709116744	96.31426277746569	83.83616996610446	91.79063839969757	89.20831816547701	93.39797932584976	105.3654798801554	97.91419978795663	87.42514722014509	100.6330713800738	105.5542384499422
91.03787941933375	93.2900820768067	93.30849087243614	100.4563103332514	105.6036112936285	105.9823813187932	96.50608225401712	88.05717293000636	104.4207192230223	102.8308080919276	99.08876152793556	100.1535796100886	105.8390482688864	102.6956752166676	96.16536705812543	101.0574882349914	86.08931163137973	104.6882631508176	89.56600038602045	91.59803289130006	98.87400224872934	105.7493639356795	94.8462103187502	100.3682734625798	99.10142985423798
90.86632241969305	94.73048348924338	96.22420552701689	92.68713281372531	96.11893640115709	96.1113031687206	95.53036290949485	84.97398968655267	93.95732514570412	99.8246159705389	95.71744577964658	96.27901025668439	91.39288562950397	102.7348522697758	100.6204158177034	102.9253127966896	86.02338449801053	103.1860115259681	92.47453099925188	88.42124842215868	103.565444946122	99.57289119251003	94.36110456702458	106.8335994994944	100.3726216783186
80.89079796187414	83.29578903681885	104.0426138698983	94.60368967156687	98.82603822537682	97.54675505701532	87.0583619991168	93.16980969205552	86.04250348354358	87.91273799754103	99.28410038927055	96.34522320647262	100.1137324021744	101.3015475287303	86.98963579409148	90.62355123937191	96.64062981938457	105.8620661763799	103.8444156886794	96.24933962489827	86.66724571331721	97.1575472826519	98.33853480955301	94.39598358550214	85.34342497464466
87.08553868125398	101.4412478790105	102.6297188562942	95.41879978046033	95.70900582880735	98.37520568092758	97.95139662519368	92.47294297561679	95.18482412953155	102.5316230753588	92.53836570277312	102.395684076961	100.5178505814027	104.3448757538861	95.06176597625921	89.20082347462035	93.71691637825295	94.98391512316691	93.92331472592602	92.53519716695251	99.52784740075435	99.39373936259705	93.19515178116075	105.8970360182783	103.311327469546
100.1064451908467	106.1578646581924	95.73785610125398	88.46779470195025	99.65051139772601	101.572737105668	105.9946990377174	90.15366144328115	102.3610733762336	106.535558792578	101.7200522526664	97.93104489223109	93.71020153603588	105.332902583037	105.5159995802243	93.89655438859251	89.45587812062047	90.47225105426217	90.42538202216619	83.54140484911251	94.8486792418559	105.5287265035056	90.77650133685391	91.75079260756877	101.3397812319694
102.1146880509218	95.46679765283785	97.91048659005615	100.0472789002413	106.8013246787767	99.6682852188676	97.95336750615026	94.99125032529464	101.5367888282543	105.9204887286042	100.0250391261839	95.07899291576773	92.64768527270637	96.77774010555092	91.33796688703656	94.81491818824078	85.77238246751193	95.24561046120026	93.8397614326027	93.29670476215534	102.1460651609794	104.5625229960892	94.96549904394482	102.2020928569554	91.14185412801321
90.81727666628149	97.1350228711734	88.1694325145764	89.62425988631664	100.8791668203124	105.0389644808251	101.1387449481051	89.19872059754431	97.93694625667372	104.0304344409202	105.4707106862968	100.4653981521479	98.07632615908064	103.0435668190087	96.44716564160706	102.2540167534723	81.58881361698877	104.5107406712031	86.91421464733486	84.71171926608677	104.8977439252616	93.06749657382163	85.65701022126284	96.12035679581628	93.87299729514241
101.3871941889626	94.29310837789515	98.36279411815389	92.15519865568925	98.38583548632283	107.1126535506789	93.86065657273795	93.21195196183852	103.9391199612147	106.8432658092594	100.9276725522765	98.00415392158831	101.7947607148715	93.86065916145773	104.795247728488	96.083648002733	85.2698966071731	101.9935812472668	83.55224411414915	82.33587943783198	96.8434753748881	101.3220766208058	80.78602594525357	96.94361646332031	92.35754811705603
102.9091861079267	96.58149952740493	91.04039281358286	91.89196950390507	104.5767823833063	95.2691057302989	93.37920045816156	87.48294608475497	107.3488629673751	103.7556923156533	102.658356502773	98.44034695901522	93.12180362503058	103.0366914883643	97.79143618261895	100.7302958264254	79.06611701964115	92.84409880291695	87.80754914995903	80.23275809918428	100.1156261882499	94.01496290789704	85.89676781673363	94.50298890691224	105.9941815890128
96.42290633861263	89.01881088904695	103.7301600117126	91.82235748821988	95.08649171031391	100.4472254600563	96.48150056502236	94.91534063289305	96.31132770088364	97.20733547156851	96.76782718527947	105.4795094227126	101.1181674247514	103.3919505575341	100.0903358786483	88.12307499271934	87.59573959355477	100.6826630977096	88.00456239515623	93.82506373754056	97.51919444154393	101.4499573213562	89.37618056169401	97.12876635955546	97.16870658057449
100.0610467302515	106.2988073403958	89.87745337713525	82.26006778911828	92.06778858794381	104.6438862077476	106.2267776119073	78.71934480467856	102.3514346152743	97.52010740956305	105.5376022820992	91.83134219189699	92.99224700389499	98.13231208757668	102.8114912652233	105.4293404963682	82.02093672252965	89.37303894659102	73.83726835919028	82.32695141536749	95.21320763553649	101.6356933389464	74.00056477085998	89.91667208135976	92.73973184441775
93.61907000191363	93.16117938067667	99.77588129325333	102.8137916152233	96.41951667130687	99.53448741290195	98.08061034619824	100.4325946938511	101.7499046262402	95.25391086267256	96.90963720504173	98.70418013249143	104.1354576391874	103.2087546200367	90.3451046859477	97.17907310128028	89.93468310367832	97.72281327702798	91.54088624848009	88.90621353729684	96.17638321677963	94.84147428665285	89.6667043774366	93.61913279667249	88.93974921921183
97.26945543738121	103.8363146516538	98.25996113983308	102.0560461963148	101.127567174286	94.10439951692328	93.67607222819196	93.11502681804998	103.4455637292013	97.71751479329045	96.58752384267001	95.99785281157065	93.60175650157302	98.85660891459865	94.21247349601254	90.29779115517108	95.31624442603471	98.47758211126745	96.82822859194188	90.85414164176385	101.0489474967004	100.7061643080564	88.61356803673738	94.25136414665077	90.47157895970072
97.22238456406696	101.7067343608452	95.47177900891782	96.24102351876545	99.81325455504347	97.83225505174026	92.30916513242303	89.20051458360524	99.11418190842566	104.5009183652215	105.7547392950384	96.56642746046846	95.35867681278734	101.1307042778415	101.9874403510009	97.86330921133326	86.83568433948102	98.42552120092759	98.2101780162963	96.00265151240086	96.92288610535959	100.2193726954201	91.84812501638818	99.23347954683149	99.45734444987767
99.05872319259439	101.2642297413605	100.2055631272566	100.4976978045583	103.2021207322398	104.5435343318617	93.34504399254214	99.76430110893477	93.13052211608523	95.03781475966096	92.81172459453131	99.73311417292055	94.08545791347377	107.363180171361	98.94269490040848	91.54692097697375	91.77477572553158	104.3738553784932	91.63665066930176	94.34815656479887	100.3092347343565	104.1677899779051	94.40258072175148	105.7606155027896	92.1154993132815
100.2954493545347	89.66392702959133	92.16324937067739	100.8417516767274	93.99247274576186	97.48965082131377	90.95591760221684	92.16354852722264	95.01602579879551	93.61989704650767	92.8057345939133	93.47776223996416	93.79962685417237	106.7762427367188	90.32066631399633	104.0168574824995	91.9036521615966	94.97536019927716	93.31709905786023	87.18939754735641	92.08073735349197	101.3592484931541	93.86358522307061	94.86807555945265	93.2764773593719
91.42274545862956	93.30887365090445	94.46481887068914	94.90510191898602	92.81877344684339	102.146679415765	88.46492474444801	92.04034464060962	92.7556120713472	93.61955107849094	102.0225571729032	104.1310338938005	94.86533871269707	104.7880097543238	95.84634054413254	87.29886343128148	96.84741456016224	95.50803903421478	94.40177210397628	94.87935201999763	93.90449649033314	94.61581065798224	94.58435424532566	100.4711160281389	94.16334671552123
101.2123969733897	91.01114485842484	99.49331096911224	101.4656358687379	105.233581970389	96.76670442528344	92.98224712701177	97.74931748715645	98.2284505207452	103.3268432041283	92.43901318272734	96.39047267067983	91.39258037915351	98.69560206449999	93.169989880437	92.77274864548066	89.43638526945733	94.92692705777331	86.1734217170023	89.68210829095155	102.7102853302731	98.07857324628549	92.00254055194557	105.3297586346477	95.12046283475632
102.3010006808998	102.1975828680232	86.6128047359187	90.51184040993279	95.61061998203441	101.0604598918701	102.600050223518	79.35395947982873	96.18656972557896	106.1763358332263	93.70149286222025	90.43206720574923	94.79697654790201	101.1566625438697	96.57881817449359	99.31149216671406	88.17774675064555	100.2395779109594	88.34837992422989	79.70990522214956	102.3319738335074	105.1479510005418	88.47687677754207	105.6315696308885	98.12237334426889
95.10191203981051	88.04968610068242	93.38951169421115	94.20636992613714	100.5098925975075	99.75605303120432	91.0148868914229	103.1499069270603	95.40718578231423	95.03673408340849	92.96036455632263	100.9304699255416	96.8088670856602	104.2947211938673	98.10827092940464	91.46226177011798	98.7686457285217	93.03629649799279	91.97440535368365	97.38481140814079	88.58844721564776	105.1649578817036	92.55968110098999	106.3956891034492	100.3728924709711
95.21085300696022	101.8213576503956	99.46026777105843	96.95299795944391	91.13676270818546	105.2528247108704	94.50792316431284	97.60941528668806	101.3749284912243	95.98956307871825	99.32233386923043	93.55142213969391	99.74716014197206	101.7389641566365	96.91944509158355	97.47931817427347	88.89357435141986	105.5772859652247	94.54038159189885	89.01077121674383	103.7202803073811	93.97037863745727	88.35676011120088	100.9405014040541	95.32467324960206
89.52710584013006	97.0012367990096	94.58689449204269	103.9759312638619	94.76361193165812	94.55617344307154	97.57081896651752	97.07602287585532	96.5555733483874	91.94849866538448	96.84058619235395	95.1759036754333	97.40827540388553	96.22458507684877	83.5900610974811	96.64639671009222	94.63780531926275	105.0521875292021	100.1785866034632	93.84005623569406	100.6968670490713	103.7463456763716	99.79603957523652	93.49894347003372	88.38521168152921
92.29763782428859	99.85377859710812	105.516053227248	105.9473466129596	100.161878204804	92.94479364361024	85.19763360792857	89.21744149743451	96.73721545794467	97.38321254232986	101.6622861494899	99.43547892309731	101.5096401858553	101.2039668920577	90.71390615635347	86.27437713101685	99.23613581348192	103.1054540905878	95.19506133336844	98.75338519930359	88.85433206010785	105.274195960067	95.63024076974051	95.51328631022182	88.87924413363729
99.97881647589928	93.53011685174107	86.08814294182024	94.26502780095103	105.8580654417665	94.27873653032702	105.656723523565	87.19457659900286	97.26808142678286	95.47353444902092	102.0565010289395	97.51340271472944	93.07903772980288	102.437868017234	102.9129757022691	96.7932215635671	75.87261336253476	104.4785475228808	86.31624202014835	81.8203701858109	96.88870377060491	102.9845372876611	80.93571690962851	100.1337781399652	101.0609384996158
97.70507900946227	96.85685639740085	83.54071017731629	83.93055190333457	94.62017716179733	97.4044593284053	92.91395984945677	82.71595062655729	103.9808078345372	93.45006185824683	102.0408023838166	87.28977175717822	88.58960699579457	97.49562434617947	102.5258503248394	104.8805981755202	72.77243581300266	97.68693056444073	82.96399986798644	77.61097081905204	92.9026494934793	103.1402996196262	80.25937444210976	96.43674797613789	99.45362060686311
93.54211813206278	104.134205408195	75.27300959174612	79.65353419106719	99.57675214497084	96.99816037790576	92.73888592308057	74.05730645232256	96.22464235443303	103.0744986692175	101.2027250995018	90.91070602241132	88.09243590717342	94.79257043317075	96.27269940885702	92.60538539880996	70.53185853407425	85.72556697242176	73.08412968157556	70.6477588567283	94.54507699129081	106.2435792874446	75.58837471360545	100.6232563066498	104.2718159927584
92.73336761687112	103.4747577772628	80.08381414437743	85.15632952516164	90.70859581893673	102.5143309618163	104.5637520855073	62.18713511532675	99.98483493164433	100.2162336322272	103.2975302194618	87.27871964478928	84.60491209880489	94.37098634924385	103.324248726897	103.7593884838777	66.73243795983313	88.95627317377867	69.18609361741898	72.6826535060523	92.41862793384966	105.2456563607506	65.19873663178711	86.56029006413824	96.18183958343198
99.16920978371428	104.2706254272077	96.90998174534558	87.09192212516618	100.407495722574	95.93537042020547	95.40275174698635	84.63534306044444	99.90622060877932	104.9305017382136	98.15637659841855	89.03501428504283	98.77581127809633	93.91257029285943	104.712667422745	93.04041305447556	89.87407601127889	99.26025286695727	83.7426954856569	91.5613983056121	101.3514674818408	107.1292305965032	82.74069443300209	97.37275580781296	103.4974157751481
99.88058570807316	100.5989185223085	95.6887995084834	103.0199434095954	99.60660403778715	96.50587500140274	95.95670747613521	87.14704404909075	103.2204595615156	97.99579941251508	104.2412617289086	94.75102084644895	104.6286532958479	104.9721404388689	93.83408201227968	103.5082232161156	80.81935181059902	102.1308843659055	89.94698912098195	92.39877527356984	101.6101429201635	94.60734826103314	94.74858353502248	93.52157918640161	95.07877741028088
85.91254250460705	102.109701168161	90.17233146237423	105.5881276127564	95.62449709701708	93.66209409187653	86.27123496857679	97.83633459303356	100.594821676941	100.971579615271	101.9940362928106	101.6338259042958	100.6926124656431	106.0616825604809	94.37532428245689	93.92482303669895	95.58963262329024	98.48714238823638	100.9999739633193	99.16224411254748	100.2520564616919	103.3284914487581	99.63977567711264	106.5303128068146	94.48483548733097
103.302783887486	105.0052242004758	85.41369343036148	82.35545662624662	102.9407300220565	102.4868566274992	96.57188131297369	72.93826611923576	91.23889515315375	101.723871008947	104.7336520514079	84.87923547153397	88.4390086225151	88.27265153823059	97.05134039724085	95.35344821758247	67.74257612266531	85.92109117028463	78.94287452660232	75.24797447963425	105.067779104537	104.2782970944976	69.15264737634121	86.43976951604836	97.02970204505891
103.1790837151653	99.77155910385908	88.62641656363502	95.32140525423192	100.7816052893425	106.7743952574854	92.36104611883225	91.65833800176512	98.493445928982	94.11699298795341	104.0248124336715	90.26644594744862	104.3646990736597	103.611111460353	105.531742333549	98.82411171483928	85.62020287636237	95.39581837982699	92.93708873092459	90.47707585600361	101.8496445319	94.60505695414766	88.30238743585399	93.15059129747789	95.87690987214475
95.24947801295762	95.54929591740765	89.78974841828756	91.63357794914599	106.4377997435962	94.33144488726288	98.62157917035825	95.03660833136436	96.12562466787408	103.8562145976352	102.880096547606	92.25451327707303	94.64259694377215	94.17227006316837	93.16295472961721	98.02236410201404	83.25606946007463	94.68473530902202	90.69222322815334	82.67564513514591	101.0534501339619	106.010725133518	93.86121508422782	103.0585699128428	95.49064864408396
105.0997826543766	102.3538190514069	83.96438013455402	79.84321608495793	97.30530879235003	100.4864196043884	98.17246294878429	78.45438896748163	102.0818210372908	91.9710498594806	91.44014482535999	84.25628350412896	85.10386742856605	97.89116031483553	107.0677886459636	96.12029410267837	67.77569150867177	86.94976377918331	77.98115633695468	76.03392403812416	99.48175024709514	105.6079029104189	68.24098169749124	87.60017611564574	93.40814625995171
98.68113536273925	99.74702289060914	87.10448478023349	86.76594939709034	96.70559038807147	94.06996387618703	103.4612179022402	82.98039788088344	97.07080458772199	97.3540726094883	103.7281999375403	99.46899138667006	87.9427907448819	94.43376626726177	104.2195230519415	93.79536201257818	82.80345663348741	97.0295261699157	88.78791480071253	77.48851109747581	95.94774024280508	96.68630241036385	72.39948525808217	101.6599511139168	107.3789899308078
96.67768820583127	103.4857220477737	98.82868966733315	98.90716551952241	104.1373721618948	95.62269893631327	96.72989350885256	84.41515462763969	102.9413477528851	97.5940259700707	102.9925992826013	97.93441612871783	96.23895603098121	99.48427863273025	99.53679358484894	104.7019335030165	81.08197120416722	94.22654183148802	85.15261299357351	80.65352236859512	100.8855348983152	102.523547428005	83.07825406992382	98.76023071519818	105.995808445292
92.13084217176898	106.1803714947097	88.77853257771815	95.33142061624936	96.68629465080892	99.26529537800589	98.6403119467207	88.12907472022756	93.19973841965336	92.78945682434275	100.9824904922558	99.25289233235253	100.0297698076507	100.3797047774067	100.4739511613506	97.49363657278172	86.5075130432339	100.0852618729918	88.63768218630648	80.87869187604085	102.6750018095671	92.42198619379948	88.56699892720292	100.4384197725762	98.1938473136743
106.5009136532859	103.935529641092	78.34451416198364	88.20931730726484	104.1941877145554	93.36471706721558	94.18893357257299	74.98438847425204	97.46802294647129	99.40982967696122	93.87573987785197	94.50849562912617	92.31588411998146	89.30560681414865	99.54390327892203	101.4299692590276	78.62525487471228	89.46752949867994	85.92655565323511	80.58419342696514	97.58337774802737	99.83743359686959	83.86787209132933	102.8797751512532	103.7164416082566
102.0555345508667	94.96055911139855	88.7713731363467	99.80989132422431	98.95533382969963	102.0357018172608	95.07528633635155	92.99035260791128	105.674961970461	92.44890163555908	106.1443363801738	90.87360743835383	100.2366315615858	105.6016368700578	90.67447220478174	98.29314905778706	93.68720452965265	93.94713070062167	95.47691722397778	89.56663546189834	92.46008439504591	103.1877295015932	81.45788702472551	103.0757286598644	104.4265951392793
94.66118097298138	95.55145861751353	73.93275529190491	70.21825715839513	86.10185206071687	100.9133694140977	100.4841292841023	62.27304083029539	93.04765105851612	100.2704258235066	94.41504966167089	83.95163897649647	70.67822855861883	82.28587858088201	104.311767051264	92.88430364057875	47.09934012838107	76.60866363948385	67.45436290660919	49.81947007198751	102.130646847712	89.34359228095721	52.01613464271063	79.41766018583023	95.50717492605719
101.5824254046114	101.7403420391296	84.60889667624006	82.98582423126599	94.33298221033489	106.3273065623657	99.46654877692035	84.53986876583377	104.5433917229565	103.8655296692625	104.1561871966474	98.38045900354639	90.33742428633232	98.76278187523609	102.0316847213244	102.3203375382945	80.97609894969983	88.66060760366477	88.9610209739336	86.9306879504332	97.5159476655363	103.0589717122375	73.91468683938389	91.32530156817901	102.7782687187129
91.37008693590015	104.0103419615922	65.08677356268313	74.52275164511161	94.52244763992286	87.84220407887641	97.69847414096321	48.75218758988134	92.56232798627948	97.5996333932332	97.19000575809615	79.93031369243494	77.20750643807892	79.65677252530531	96.29202467910544	95.77363937148101	44.03424200611352	82.24384523491281	54.80302302510506	57.65039952444316	90.32348286127949	90.16451976708916	58.13126279003353	91.18282955528252	96.68511906986836
102.8684878848928	99.20971937374962	65.16111307812349	72.904444864108	93.27941536741797	101.3902640543598	90.98549817895201	48.63018050544064	92.46874614869697	94.25221134673369	84.84379271064279	82.36100882435409	82.51366557799179	82.8021324771415	93.44205652903401	97.9190641897241	46.28809074393232	88.54135024395703	58.83713896473796	62.38335747931296	92.85182294642165	93.59377032614253	47.96239167453409	79.02549058862017	93.5001599038588
106.3168443387047	105.383577101648	90.6255676056755	91.27426811702013	98.80382166060909	99.95865143914396	97.87597792009974	80.41674282920836	104.1199721810958	104.4201192800494	101.5482664712129	96.48007173601275	91.68236157473405	101.3876774144763	105.1479745821333	93.25822052327891	72.64365339513559	102.5642895001483	82.34090933038695	87.22081429448014	104.741157201934	99.64033009689426	76.67050262804558	98.63332406279383	99.46678471962043
