36.19301792354545	49.12360281876233	96.50907495255099	104.2495443112923	68.81353156469942	68.6471338509583	37.87517189159331	93.05390174663953	64.87382914506654	69.27950499746082	90.71551492410606	91.77131447962719	95.67766342782591	82.51420165612606	39.3744846079265	54.70367702010667	93.61269937657765	95.46432479480768	107.3936961251885	101.5084655866668	53.05174248410725	80.51728515603149	97.29123397995986	88.86903507642224	53.9728788162212
84.37639870879326	81.95970780140726	90.9982179303616	91.47010145429721	99.17268178450311	89.85667268301603	87.91514961289442	88.74851632060086	93.94246802502703	97.79427796624682	93.89995572586108	93.31667481341164	95.86660365621785	99.56227743432717	83.69874776223335	90.2341141068687	85.0273860033839	102.1061105021713	85.13633913242585	80.31313342099264	88.84462861218343	101.5027771552447	84.87323162469718	97.61461044623961	96.94751113904286
70.71198820444852	69.90337976759335	100.9387070778505	92.88572066740227	85.00625781479944	87.54378211410243	71.10934731970389	97.31580314259136	84.76801689702201	85.28891513437156	98.71757487844103	102.492070329942	95.24770631092404	94.31835827760548	68.26597850936497	75.45522509186948	89.99217753000174	99.39771614260071	97.66303827811592	96.3153897936575	73.8993459576902	86.46125080186627	93.14714645962931	93.33524673118599	69.8831737079649
51.6644099004259	66.92898558137877	96.0087731877916	101.4365269808221	83.6403536675391	82.34965835841032	58.08071034318121	92.07867171000848	79.88112043483514	80.34003458915484	84.38534228079118	99.9515129719294	103.0268700039249	99.69539787346851	53.55771455246013	56.48081707793023	102.9727886704283	92.81951681515197	93.26798864024479	91.77128866369053	73.72892808754719	88.93798639769906	102.9338153363198	97.80243132618817	72.14358766275978
53.90440758891353	60.37118931308713	100.1012103803131	102.0069625547455	73.364689599374	80.48974680441989	45.74625978666273	105.1313223309399	74.38037963900997	77.76923232892216	91.31641351999103	92.8755906609078	93.44385271038161	92.65572404417266	55.77202958794948	56.50730660731801	104.1468836174533	103.115275809523	99.48103520402535	102.4126852694492	61.20312906618337	81.61651393010024	95.15070204951245	82.06507425224177	61.75046469677883
76.98986972643857	81.71196847888847	94.29618312826717	93.08409177638408	93.8395159520838	93.53855499351501	67.96221043065806	97.28842378955207	86.63181281518442	92.73030640424093	96.90051915921197	106.7909687792207	100.5308649034431	100.2741444041464	72.90524332536896	78.80346045250549	84.30310924770332	94.57020397754054	95.479827552768	90.21968617854877	81.21303987984318	87.59573780760439	94.6740943148605	97.18944139005387	80.28149535329055
87.65144601469552	90.6084955480472	83.65272421292939	87.1463330946756	92.3895525873465	94.87989113367632	87.81151972162345	78.20131056739363	93.33228517927668	97.98088198499711	98.62609224361675	88.11257989675806	92.16582092868728	92.65295193522221	93.82687868665187	98.00635416155269	71.37464466890087	93.06857294273405	81.6314179062293	79.63536151682658	94.79030288450481	102.6794265603255	72.67844973767663	95.23297303704477	103.5556655387143
65.49046282193682	72.62655633629514	103.221163761817	95.47789201605244	79.73824221241132	91.41993534828339	56.6904062072813	102.2231101187286	82.68194523356885	82.69770780332207	97.97971910718249	94.00802082561958	101.258512555692	101.9276426434762	64.71653158060349	64.11324991871979	87.33305486202447	106.7409060504664	104.1758421524169	92.18122781541618	78.15900707220476	92.12676318783195	92.45651136078104	92.94416909906455	69.1300481153701
55.29184162560789	62.88780810698674	104.7870015600618	96.65243981866043	82.83639067062697	82.7957316972682	64.36145349818162	99.44482260211511	75.62202665250281	82.26630951350081	91.91081181647897	106.6964776797364	99.61021688165356	87.85086786300101	62.43335052640498	68.96007283921602	90.32196607999374	96.86737248024984	94.215923123415	102.1033992660111	73.78531121381374	85.2134769365873	95.57093184515261	91.25539441021522	75.57243190838086
85.99517381697297	98.08015603463657	78.26852165802514	85.38136230103144	105.275648750748	96.4151257685659	90.93992133972277	66.39951571733084	103.4021187687382	95.88301040541958	96.40950545397085	86.12714433935849	94.90055081168499	98.41399319561593	92.535230655094	90.05158802518773	70.36109655527235	104.1756347650504	77.7601492199278	75.23453431611375	100.4231423688594	96.23318447598814	74.12619422990494	102.9248422215982	100.3724646505942
94.21520304514182	102.5255129504136	79.09404881793665	80.92638342371733	97.07937851459596	94.21542248386952	93.31657234375642	59.28328324767976	104.4564219346744	96.20441623756595	94.49429762865989	84.47582287511877	83.23488509980528	87.55957920888109	91.44264677274272	105.3915225680611	50.58111199400331	98.80521886930994	64.21277384501303	53.95565126427744	94.25150961759297	105.3388741978753	60.30656564757462	99.78966138337368	98.55242589340959
70.48065068679567	71.59138070590579	94.5662818710733	104.670410679966	84.08074648805655	90.6332194638268	58.20879340540462	91.72600537780447	87.42860982129238	83.326031206038	95.50402092646596	95.6342215283106	101.4340748683038	98.57114705970548	66.70025632522105	71.71801774586568	98.19937548543791	103.1380835909369	97.70625437738828	102.6693798972875	79.76125919927502	92.54965456167264	92.04157134096731	96.58007806399954	79.2679841171614
68.37092690022682	82.24943383822506	103.1803500867363	93.00134380564191	93.46111751208322	89.94720514403558	63.85369413375783	91.54771534636124	88.68463213049054	90.51403013891115	92.65257188593939	103.617764521621	104.2999010838585	96.33293956059769	65.98804446964053	68.37561246344249	88.24127334722212	103.0497181243535	89.27537506526163	88.04133177523866	83.97775465474308	88.90321783644349	99.44741610661929	102.1318643029029	83.01312588653079
92.22315396351885	101.9356984102738	77.4709540051302	75.49491631378214	92.18610221714039	105.4845987022793	94.06378542890303	53.46383835107017	106.8947254262112	98.8293113425285	91.62044465490024	83.08404522691541	90.91053835795107	98.12677310951928	104.9625265936549	94.69625139823226	53.28035892989886	88.25874746406005	60.76660600424054	56.5686037932914	106.1108406104042	94.98423125071218	52.04458308650561	94.40714001339748	98.66567006617859
70.0630013161736	77.09373078791012	103.5903091234085	93.39740352346108	87.14326932387758	92.01615287741615	76.1394507218134	98.13423039132778	96.69878019063223	91.61787393933768	101.2705842172344	99.16182655827072	101.8523100222985	94.57602769403385	74.32384637771139	85.68599239043638	89.84308164111513	98.61491351699578	93.88895980602777	87.90025313861915	79.29765628902871	97.7592738249743	86.19712884006611	104.9412805311333	86.52315458401715
100.5943984009925	96.9210145777249	82.94856372691797	78.40360399477353	105.9262818566506	101.4968405530987	93.32428658230268	59.51541292373341	97.30700457315598	106.7766473773146	98.98552411445868	86.28492733991014	89.56346586852231	98.96211328069253	98.55084702954929	91.96005695902595	56.48568046160916	98.20118156131336	69.56393663879507	70.63146889629796	91.78136298327455	105.1004199430537	72.0270587479765	98.36044185010253	91.52555306352383
98.11903316391098	95.3324687083595	56.782802127916	55.35845049573734	90.21544246400926	98.03864958536847	105.6747231047934	36.62100081662838	92.57193572362125	91.20392199500824	86.78733157296958	72.73605724510719	73.8286835427829	88.00328801943932	99.49772368809869	95.07739277532207	21.15703245784749	79.95759709792273	37.69354817928002	33.4381233138116	92.73934591370235	103.6404208729926	32.65404937309678	84.8609896905235	103.3937540761021
107.2366959170794	96.2449155565411	58.37878714982674	57.18278455234832	98.50714394204672	103.5260080444625	92.7351122038551	38.2138300980923	100.2943427457195	98.47732845992276	90.10518744807244	66.82926754098108	72.31544277503225	81.4466174478999	104.8498926257945	93.90231460848101	18.81655514869597	79.97827142896804	47.82546700222598	27.23154597492022	96.71472374136599	103.4828290858557	28.8757363821284	88.17247644800223	101.0096595667424
82.9366351737858	86.87527324999813	99.02345161080804	100.3754393094086	94.1036036108267	100.690228227498	82.59683737484367	88.38955305666508	102.6958877727166	93.26793364422429	106.633779611795	94.53229011662448	95.03771327620535	100.4378911095315	81.89739021984958	90.13091252677231	83.19512006647777	107.1181814807734	90.32423524779136	80.16837774061658	96.31531073197414	103.2691016595487	79.7855653887525	103.9655203466792	84.28493096629515
95.03273134100981	95.27220468017944	57.54900021198651	57.45610962088055	91.5123165410823	90.98589846089338	104.9112069020101	30.5474210239362	102.669916909213	102.4368716839968	93.31722104417966	75.96012718493974	75.58773230824548	84.80224367730293	92.92582816362543	92.46727593531369	25.62766480825295	76.81654045651133	39.98600404114829	34.51772378088786	103.9119297018695	94.2937034601019	31.9065268797185	82.22578174211388	95.00957963820923
86.93071328132453	95.03449883169598	84.63079742439453	87.55728451558153	94.6880276094265	97.64958286575708	96.2352154677809	78.97964936227253	103.172524152928	91.9637918734107	103.304730233099	91.30702536814624	100.7133719619896	92.93116652620196	89.45768709016268	88.14376911538851	73.79158250041698	96.13887390212706	84.43045693574729	82.06240425994467	102.9734694837871	94.68399549589482	67.24901245078087	95.18616521205132	94.71649493579005
97.96842089533955	105.5121281548076	72.16468692872431	75.72138074536129	105.520071163814	94.69532779768001	98.73822126260421	49.73678757337424	106.1218478359774	99.42205888680769	92.2561404269546	87.05846653264538	87.80453725244053	96.49765881804461	103.3331761637983	99.26718832027568	51.9007023487947	86.26348368926688	63.82440444376665	60.16696457156642	104.7707039519307	93.00753664681432	59.82741274368799	88.82000194332335	96.9505649649157
84.82053608725549	85.02303020791547	97.29270281939628	89.17187682833699	92.00517498013248	93.19901582887013	81.02103549873705	84.14117833679715	91.09198020774009	100.3090987887001	97.51641094786771	101.9699223372006	95.41795869076222	100.3567472012466	89.13916432212888	87.9403248083936	81.93517658626003	106.2502104053482	79.76347510707365	72.81153378729232	94.86762851480012	105.9776303069076	81.54050317744063	96.99720944947687	85.89116113028442
104.1226129182504	103.8279520241453	75.84906132745434	79.27960616586516	102.0930494758127	96.77804452024604	91.51446761514467	56.409860425415	97.85187948809281	94.84812325816189	97.94595815178899	83.6823118079778	87.13597198577256	93.26042999767328	98.35399671509212	106.2493126449219	44.58803482269521	98.25257566509012	55.18197077215018	59.62113886656995	100.2907964840479	100.5280541085191	58.80669312487208	88.70532545696283	102.8584546060901
90.09070030998494	92.94354248108472	86.11649407817836	81.69623091181586	99.34415551805074	105.5389286572641	89.23388802190816	71.65453743436606	96.11266906256185	96.69115725559342	98.79286615454336	86.93132880815516	97.41178309072302	90.49696565167818	90.33192026652988	99.18310190742442	68.52643751759213	94.30609802324243	73.85892959420889	67.1920451281087	94.68655281647735	92.7369503041908	73.24064450233942	102.2351963003823	96.01635025652897
92.82047713829152	105.6164990266693	69.43568880076637	69.98580348563262	96.84562204234069	95.41115560061242	100.6956428960709	58.19197064445819	100.8770871700184	107.215552134817	95.70003895993008	88.14912949322536	81.71846024025923	98.74005902821681	101.6330524834158	103.5872701737225	42.41032478570254	93.66265330117704	54.61208758707171	57.61336060491598	95.14039939859022	94.60298221439091	52.97463341842505	87.44092946092236	93.30914978087787
102.6464252591364	100.8389671347369	50.84128319944521	66.62725671419857	102.3509795236653	105.8110173223876	101.0013247625574	36.37795849162012	91.73197628977192	100.4181589697488	97.36810644987736	74.96448935315206	72.81420480219943	83.73609421168354	95.0438663294923	102.6824910680857	32.57191671480705	90.14443147291981	52.57356213916646	45.07849411630356	98.93799307951335	98.78684778292661	39.19491482565668	84.61937779960488	102.6086704321169
103.6567964584988	102.0358591122973	67.81740195850109	69.92536997622803	98.85113759398602	102.1666999073046	100.2686099220351	38.01260057832108	91.44246226578291	102.5236345698542	96.43275202194626	80.42532977582549	86.38800842443045	90.05725114338969	102.1347425892536	97.21235734062638	26.56179858949933	82.60057515327634	43.81012278599525	44.68833145351022	94.85003449498453	92.52873671423575	35.52535224319944	83.72729532303778	92.29615221106747
98.11011656918021	104.7105806372823	76.74915630212328	87.35012449805188	105.8004318861289	93.81720369423992	96.92894787481728	62.23464345409316	99.89068701013824	95.87848274706948	93.13976989169569	94.44012435747874	88.2133463259795	102.2993898059753	95.11057588279192	98.01728510461209	62.49161320422405	99.76534518681002	75.92846808173215	63.98202301223574	96.15993439106482	99.71320113905716	60.01386373286687	97.13411638870659	102.1996439190014
92.7115590149094	104.1494050537159	70.47966749489193	87.10462673564888	95.10226104506148	99.44988743641926	100.1975523941552	57.07321296445372	100.5668500617539	97.27504555014195	93.56887237979836	86.50102020761199	91.98968780196519	89.48669861665424	100.9432219168475	100.7102746632111	53.59080426961051	102.5102332965055	62.54401842920025	56.85937144532639	95.19697215164071	96.31764217438062	67.47006139441132	95.08117896970388	98.5941301679614
95.25110314147685	99.80585532024297	73.03166154852175	70.92802992715083	99.76036793177653	98.0212067781957	96.57001658384644	54.59984025987184	94.07300723731137	92.46552447303412	98.95594543091136	77.8216731718211	89.26086890618109	91.1220316079892	102.0838958239068	99.67061144145605	47.38460647718771	90.92281176203522	50.02337109844489	55.36521973685174	97.88771362775827	106.9001447736335	40.23825240052223	87.12934360759191	94.16773784148705
106.4393523916757	95.3011476179723	46.69121628540612	66.41836666767777	101.5713459891898	90.4487499237086	98.60501375618647	34.77197771721535	98.3621640343714	91.5118663738336	87.01294892988211	73.54049696116043	65.85400570985252	75.58222480908128	106.7474861640014	105.6347314989596	28.99133662846246	83.96292938577007	32.33640526568175	30.7336744017169	99.42110882235451	96.81393356477749	31.51099911085686	83.50107170775368	93.93545045799431
88.99977821100185	97.23785180026945	87.1287348574011	95.69840594043458	105.1464828835547	101.3065466307447	85.37752206576839	76.71514767908148	103.2314910980748	105.9804515595807	98.77650425330964	90.68939022877633	95.08006320041869	103.3191832126432	85.38668759350006	90.61630751795656	73.64709729480782	101.2304991707944	73.91607595382679	79.98130208065049	94.71980142291363	96.68303039675759	76.00327583506321	94.23397695322119	90.18073210768418
84.449263314703	91.14232419504583	88.88886027422132	84.07119325547679	94.38530366461016	106.4398852025399	84.13186817316318	69.87079378095775	93.24817896342643	92.45390729460642	107.1042911053562	88.40496306874952	89.73867677529283	105.0725779520297	89.81582353181638	87.39987739836297	65.65625226969509	99.80909760229233	85.7686609599654	82.16684478419869	94.41386482355956	93.28755324044305	78.60241996792242	104.9495642877172	90.17389536223257
106.7978233904468	102.3685345746527	49.12653393412734	58.07558071912906	94.66701531616897	98.56757147082742	106.0633032123782	29.08705306288298	97.57285472096217	91.61735724445903	88.24659563711499	74.81734654436025	68.60921231430309	73.37624317985646	97.35660749092951	106.2678655250033	20.27785983287262	82.50361332328615	28.63494950821823	34.05110594789642	97.36484303843119	101.5622194111014	21.06479598804449	85.61878946035425	106.1055149148034
97.47076515748937	91.15471875477937	83.07602011396554	77.36566765441958	101.3773941004318	100.3200948247783	98.04555613932648	57.82086787378491	97.84770374944372	99.22185255707089	103.1005270760245	93.38699320956425	91.9051432168005	101.5386714307968	100.0450501062501	94.32928107005122	60.76248224027771	89.85994913700628	75.21466719294388	63.31823700268978	93.20433559602944	96.38928589142422	68.45896443961739	102.6226790952705	96.96754746798189
100.5216766849279	92.64347541635175	76.09161914084007	82.66736317667458	93.88057847101592	96.22742285139806	98.8237502813062	61.2540385627486	101.8762735338499	93.39596840145036	100.8714302120101	94.41897830896981	93.00606579187624	103.0204829156248	100.6683584484766	101.1870475987872	55.18078928185025	98.78568403165593	71.02761535666482	68.18482649486165	102.3813846432045	93.29563648039353	58.42278942002318	102.6795578932631	92.99206135543106
102.9439097825873	104.1534084493793	59.75992489477464	74.29881108489039	93.34133237451913	105.9309979852564	95.40035394662199	43.41309154192377	94.54401056396613	102.1195244203177	96.9112803811128	75.24070220249592	82.19299661579917	84.84376861941477	106.1722357564639	104.1121045157644	39.77448725176731	80.66427888509344	60.44168472970647	52.0473156019593	97.77431712331769	95.62631871687013	43.21824636878685	95.00288621895552	96.71504043102767
95.77390107931433	92.68845476785027	66.70427432564423	77.68511122285628	100.1123226609626	106.0725967385195	98.89556747089158	55.22979442968926	94.64726127288066	106.143054045644	101.8706746710047	88.62899231497272	91.06517806499133	97.28504929283338	98.43502474910545	104.1454397934001	43.14385914415317	86.74941337500182	63.91714470625122	50.1352827589802	92.62937203479193	92.61234052422775	53.56364435452804	99.30685183213801	97.82994385845606
85.53476968076323	85.93712709388397	91.43050929061113	98.30651284615463	104.9295908989732	101.0364542008117	92.22597703842764	79.44691729233723	100.860443378967	101.5105575277694	102.3004552963153	102.4054541113562	93.54241787519264	104.5068000240225	81.08882583299682	92.25066479573876	71.18075374759549	96.34918073674963	86.3207043672202	72.11284102608866	100.827214025465	104.3916318495165	78.38183957148837	103.0359424150365	93.67971340365902
100.3243950156127	97.38181640735223	23.95097949939211	38.16564145235721	79.08514132592552	93.56136986470236	96.39444813029024	5.753620216922975	83.97940737971147	85.36841693553554	82.25109757111836	52.22324590105411	52.89637837155729	63.24906072481755	100.9529008181604	90.9028596021007	2.13801809304996	57.44370352427015	4.108406319273621	2.132146776519491	94.44882000932536	88.83057514455784	0.1705063455745108	76.56116704661893	100.0683946509161
89.12561861093856	91.1590459874171	72.16890239166416	82.88931225938697	103.8502793515068	106.7481394712631	99.24441424143832	60.1057049908726	97.28773021056611	96.82205704349553	93.98531739850664	95.43982240052532	92.87431270275241	88.93425194334202	102.8048240456643	102.777930268311	53.16078496973795	89.40596576203825	75.93288428394632	61.9152704753906	105.2355085709489	93.05650106330573	58.72981127615513	102.9493869659784	104.7371285953861
102.2112984872548	98.7226930221201	41.20147598127294	49.84939650643175	89.79990039710752	94.0284738231812	104.4579975600738	15.05670315568767	87.37117376041404	89.35541049377299	85.8274274387358	60.48023698126445	60.48022510708043	76.84452611917652	95.90168414105105	93.73189509806626	1.318041513406217	66.68351411865785	25.82531078892134	8.37669497000655	96.30763299061591	88.15896169841065	1.037893587187783	82.40745950146817	93.04371429662817
94.44017990025964	96.05001268984462	60.71839867032843	70.21102836632667	103.6894016018782	100.4886083104836	101.1446431161791	37.08680306140595	96.29475406090228	94.45893208871581	97.96592132331256	72.83554073535008	75.46451069760516	92.53464371696749	100.4983131952924	95.63759615724558	39.34146470262063	89.44521229189557	43.81849068198881	36.2445252194761	101.2478871202193	101.5559670274159	43.08552280651121	87.05690568669169	104.9986568402948
101.0268054258568	97.41038641930133	31.60875602772933	41.996847566806	91.82691327163263	96.84121951155905	99.88372557619253	13.16885794687649	89.83781111612015	97.18325071504918	86.61016136569746	54.14337020198592	57.86536502615826	72.55747793361633	102.3164376920341	104.1895233389276	5.093215721529379	67.86895205508681	12.80052478432979	11.68640761998702	100.8275172593089	97.82247094601001	6.482886566564071	82.66018681160944	93.21010224669519
106.2461849207769	95.60848389673505	44.35258027522939	63.45421305479302	99.38190941832242	91.36608771055829	104.817377531203	28.83343342773607	101.3824505534993	100.0712001750288	90.52982085503037	70.34610398511781	76.48578919754297	77.25550542672336	94.98362166600914	107.1727456366362	16.84585746517386	74.54161433704644	42.54903124321917	29.77491161207891	94.09457595107038	105.7759780773121	28.24312803832814	91.93694965495705	96.2799627969861
86.36275328353169	82.69824115548496	3.420993848628374	8.30835301480276	76.7832463238844	77.73350235262669	87.91940670586837	1.195312096920564	82.92058539747362	82.31996876963861	75.02536312411874	23.98290658116761	30.34311817651076	55.46714325088982	96.95972350827441	86.60233862819304	2.618542055803347	47.80267211425066	0.3636244432335712	1.771692231406085	87.73303934280226	82.86919215220026	0.5330364039138851	48.5680302635705	87.96724739187012
100.6047861907567	98.23656760415983	62.0944901724563	67.09149115434934	96.98844986365445	92.29792571958087	97.04816955448442	46.70275249609658	99.83060953492816	104.5022974794857	100.1288501778307	78.3247037217658	71.65683345525085	82.70919713381967	98.79210081553657	97.71194563027039	34.52520128281947	89.13597146862506	46.00572747040037	36.81108650703739	94.77104229187417	95.07286042160239	41.07921686400056	90.72044692924861	98.98553713193778
91.85358070095026	83.5907549184172	0.9034167012093235	7.632059976673125	71.38333457610419	82.49906324482831	96.85671856064909	0.5571180917208822	74.21035160785206	88.00088863320578	73.11516051530685	32.85666872206735	32.32984392161934	44.49971651542317	96.91302747896404	88.20944213712181	1.769722882070666	39.03656395095445	0.7290459783048993	0.4861525751992924	80.51852159366834	87.88056853071679	1.101213268119605	56.26243900009494	89.45907499062483
101.4080838570924	94.95029803305241	20.01414741562704	31.22759778269528	84.39951632573495	83.2660094015348	92.39990575770545	4.629150805704704	79.61657268794107	95.0905368496603	78.95287531420011	45.0451927941239	50.80870266679301	71.14595722742001	104.1301378255691	102.9121584390073	0.3895331410942188	59.22663159931392	4.102150268137216	2.108024859533264	91.98136285329036	86.43105286850054	0.6010546812715256	64.52456194992314	92.06479253197634
