98.60391941661837	91.1437472734457	104.8958865927271	100.0539669408631	97.36614053677806	105.7537780936835	102.5645834969757	95.02513949895285	96.11908464141162	101.6139836645558	103.5796925227661	99.40744154839585	98.94223147121264	95.82947916453102	99.41042121798736	96.56227405079598	93.36114164976445	99.39742320772568	94.26781497585731	101.7470057952165	96.30037933004871	102.441234071421	101.092854584957	103.4441452931392	91.33370974319128
104.4266382189048	101.4334242843276	94.25645189387964	97.04395769282726	97.42246988262028	103.2549763895838	102.2036769006002	96.98177964788282	103.6796119319829	93.53221450960176	100.4402427131315	95.35351049501034	105.2575726845631	97.97473914892771	104.0896647653159	100.8055696102486	95.31524367322086	104.1995336335393	98.21756544910156	102.5966813678925	95.56381812438948	95.6913762527317	93.80363847700102	99.50343355940119	105.5096902162091
104.8250049715059	100.5069965072375	94.50436084379113	99.84843736609358	101.3543828493836	93.97132358106875	96.05539215825119	101.9371234370356	102.7961104466193	102.7009259482035	97.32202704348168	106.3756915202766	102.3467869768171	95.78216590068986	105.2357626561041	95.21430680754239	99.73388264419687	105.370206822773	94.97375842282172	94.41885962500257	105.8207904813558	104.0493130270663	99.92658607346253	93.02515336948004	96.51102940075631
93.13236050828117	106.8405451834805	105.0023744640673	104.8079550554665	93.48784423068814	96.78630321310075	104.0278150350684	102.6931370787558	99.16804243381786	105.0609312992767	101.9088025392691	97.74140376218433	95.57239424192852	103.8263577924445	91.81794758101992	96.34530868832829	92.7023138238558	99.36907596407227	105.9316726791999	100.8388671668581	102.8117025957906	99.47271328667412	104.8226145919517	102.0705191243955	96.7036879943946
99.27190483636161	105.3893888713955	102.7423814943826	105.2489257753294	101.5834300393204	105.075376672333	97.65564367234663	98.01285074312312	92.93619139592246	102.0061617109034	100.1161564942264	100.3303045247994	98.88147775002142	94.74142054559988	98.88307490381253	92.94821578859138	102.9997970980099	101.0034784218614	91.93424825634341	95.96026356419728	106.1358386293559	94.48192227139117	103.0071506207623	103.7280013376933	95.73297183154713
98.46369008432009	99.79110271391117	100.6881594728885	92.76281651972434	103.8054854601538	92.8831029395992	101.7947056150874	98.73692636587882	92.50711041124895	105.3460388703645	97.69296049734547	104.6403807905907	104.7943845366205	102.1229784831823	97.69487111906044	99.26268207829283	93.57836908099269	102.3515639474485	99.12849658588138	103.6975057876491	101.3558568634373	105.8239326989262	94.05221076000697	92.55937444919751	97.85122450860855
92.03112681722659	95.41469603868629	99.99765305044244	93.64225579636668	96.68796691872868	94.54164297689285	100.8014949763906	104.887981580316	105.2370888084207	99.32338916276689	96.08091177552498	103.8119888804553	107.0866590346612	100.5277467275976	102.5954026931097	99.45667353875589	101.7390552227412	101.4193806345004	105.2859255090411	104.7939663944894	106.1674018307351	104.1531957808348	91.69451875749454	105.4058890037325	99.48433350725598
97.73142522113496	103.1440957385421	101.0137634519053	96.36583970100398	99.90473207868747	93.03674448737468	101.4431610880256	102.1018289312704	98.35204709806838	95.8881222170393	95.39491743495455	103.0130493086589	103.3301311183471	97.05104424225905	95.60761127287046	98.76361443896195	96.27898962971537	102.6566907853473	101.9773132234697	98.94914612067966	103.1419758731638	103.9638038198045	92.86915799866642	104.3792679815154	102.6753703307134
103.7158597200221	92.56745385571358	93.00966085343028	99.46322143180122	91.43425223049357	101.5567982900676	99.80783127763149	93.89977705602546	98.30918652551397	99.290321790156	92.24292097544345	100.3000273950747	98.80906553885758	98.10239971902479	99.49130887085778	94.7883922305996	107.0481597718489	106.1963823941971	106.4112396039699	97.72429041012761	94.55130019098272	96.7925311514967	101.7443284020184	102.4684776433715	98.7826373273935
102.3289393028395	100.9518122131708	92.29708531111187	100.102146827846	103.1186009693798	96.24668895711447	94.74559316024646	99.75263689380107	103.0356055473034	95.98978200156952	102.7282933131376	93.29684359641921	93.65098547367403	103.9221504912247	98.66393804039352	94.50894227690182	95.37292760961525	105.1341871360071	93.31964398450856	103.3373830805697	104.6319414396498	96.59242795431157	101.4976409547891	96.84427327963481	103.4440412036845
100.1014850160435	92.45839410481599	97.20925318393869	105.4337700091914	101.2798306166371	92.62178327220936	100.0873237032014	96.91421377611458	102.1194463524242	97.58466970777414	96.78353657963805	106.4786499810871	95.42045725619012	94.02458456474901	95.03055150593097	103.817433301745	94.71896567440074	105.8110491128002	101.908473779408	96.43343720450221	101.5022621533053	105.675045055523	91.96545915074017	98.683837031051	94.3551130368637
98.04929566585621	101.6185053968318	92.02789484353977	102.2306061694593	107.0561798055627	104.9037874497912	98.37188626699333	95.34928439109565	103.3652345177698	95.53054828295087	104.6840869322369	98.47721956906433	101.1801646953512	98.70420874334212	101.602638585025	95.29307165224918	94.95909099009968	103.6812272099027	95.78023767680668	92.34381899562717	94.72399687122302	103.7988336079847	104.7471319844784	95.86572059468757	106.8770262026856
106.4156999437684	103.2165235025304	104.5100672062887	100.515337249028	92.95992005283937	104.7173163107018	96.64275065634149	101.159787362304	93.51359055819069	103.7894521789565	103.6660026638467	107.0899832432533	103.4032468799312	104.69294218039	96.34045339048495	102.7517124373329	94.00525517616413	104.0111479351543	95.87035730516078	102.1349608781234	94.12205187627463	106.1662376733062	94.27332920702234	103.2509846863642	107.0235373076098
106.0798903251879	100.5983330814907	92.35745315974235	103.7095345039806	101.9846374753075	93.15173588881103	92.3481265330235	99.07375745506418	105.424053618792	106.9004972373449	102.0484701233387	93.0895047695696	97.89908054828531	107.346886751565	92.76508246476476	105.1270183837614	93.87891212297551	95.48144744111828	100.5728527234209	93.91991389195968	102.0633186947004	102.5502637217731	96.87872042887268	106.7392117439261	93.76632257958305
93.20150893560779	93.75873029984845	96.71959621242711	96.67420442670078	102.0309385822618	95.28781829691958	101.0281957452764	98.72899780192829	104.0312196388738	93.25796369265886	102.1500723116183	99.96454699643759	101.0295884898079	100.0892349380462	99.97748701364745	99.44868575221581	102.2569761647906	100.4968750962396	94.70654531390302	104.0087386496806	97.17562377714171	96.91679222050169	91.43330993266945	103.1517868994512	100.5445987716429
101.658394148983	91.96900528348058	103.6953239223018	106.7925443434117	99.8321877739122	96.21787442036133	102.5484874767523	97.39411057865992	96.29441719123476	102.5252601288719	96.43873149968867	101.6064356867824	93.00880584693745	95.21351846321318	101.8434703794919	104.5381287072515	96.96718644115207	94.00494381251276	103.2480092504155	96.22681384948295	99.43358248952929	98.48821067908629	101.1437096910623	107.0868245409379	92.42070100293742
102.6601906663873	98.46066723743508	100.7739312049003	91.97403471037505	94.25089644401447	98.66513056974811	99.8952447781156	101.1897760415929	100.6607880132332	102.4755866565687	95.97791256404396	97.81827747846063	96.10398611884757	101.1368773525614	107.0427034782705	101.6657996163796	91.50216693854864	99.9737450007423	93.06066922895522	96.38477629105354	98.5076939581256	105.5682887930197	90.54639064550581	103.2688851656022	100.9517581845177
91.9656044917492	92.32959143335404	102.798299959234	96.95633827665038	105.0895009102347	102.4928577602657	102.3884595679805	91.67811554778925	94.28521533367181	103.5651628977111	107.1405028132258	94.0117295238569	96.25305117906073	95.66323169872642	92.5965323370033	100.7140053003527	103.039787576605	106.6169499074227	96.67177516301801	104.7006350522524	92.79984069446553	96.66188216636981	95.84119207678151	102.6980403151616	99.93683027109665
95.87783280060326	100.3323968650695	105.645051748983	93.13565651080174	98.0281136820352	105.7129885926778	96.2643674252804	98.38257535884264	96.09215602509859	101.8470041008424	103.5243155025883	99.99241644290106	106.1486423365161	101.7222054863466	101.0313364211088	102.9638574080868	104.7137671035207	102.6983096376536	99.76200847105653	96.42491366569202	106.2501409043919	104.9748822747849	101.518582157226	101.8896668944905	104.570660423381
100.6670620902886	102.4887635193428	104.5924803613392	92.26322483156693	98.84345877395405	104.2223556075698	96.28824935881252	92.2233889093159	97.34696097394018	99.84076006967047	103.0965938777337	103.8957818767358	102.1452369292658	96.23954946777746	93.50719553541674	99.59536944292415	96.0701252304697	106.4199968740803	92.67304509922806	101.2867799170558	102.958234072345	103.5945481568876	98.03540139279608	99.4454340843286	100.9129018406555
98.30294266813624	103.8622821186051	104.8509575622923	94.36580218713898	101.1975652408902	92.85894559974668	102.0476575226116	99.20595006728465	102.3449953997003	106.7859994736107	104.0908873227924	99.57736246387636	104.7386783583335	93.95314544729654	102.0798092853089	96.26437414357922	95.97618506395214	103.0211405561105	97.51754012935699	91.6275582043131	102.4054946702519	102.3146324457218	102.3156348445789	100.3797959567986	94.62816339908463
104.3385484742273	94.87477153978307	96.61840145423551	97.52197397654236	104.3471771930771	96.75803723640277	92.55245981663958	92.3319775872032	96.05634785207874	98.89437478438748	105.9499550511926	94.66773199488895	104.1514669374454	105.8931406147969	102.8204891985588	101.5760919533763	93.60831917468224	94.85375241093247	93.57334171185126	101.5390018010749	101.3525685638721	95.03263704444248	92.88390164837472	94.58072126924395	95.32757435423927
98.89253188384365	91.84130428995867	93.96094726503492	105.4735052285743	100.0319706070804	93.46511259221249	104.5755992444054	97.77910943364294	101.5913463391413	95.9848666695988	104.2748765527528	95.66028944415737	95.45706720904242	94.14027784945937	100.922206318686	99.79790702784467	95.59053098715063	97.96383972979682	100.225894351529	96.04140239489446	93.09278179813381	99.61377910224726	105.7721435417402	92.82447824986478	99.0908487103725
104.2091382070785	105.992100564151	98.82665054789464	92.00383410639274	99.54680978816404	107.1073360878061	92.61822818912466	101.5647484678481	104.4122023759799	92.50571440417266	97.47336000438941	93.33174637439883	93.46668037150528	97.87770527537421	97.31965379175867	95.18924159393815	93.55440620905296	98.36763717887686	92.71752963148542	91.70675680834331	96.9284463726834	96.66578173905118	90.89164677067052	107.0358027675466	94.15198823108645
98.77777651024348	98.69776963292031	92.4488804863002	98.0332572093505	95.16937113084326	93.68967046993738	99.08747825323472	104.6496875815183	100.8696889006607	100.229645838652	96.02444151704273	94.32649365091952	93.58088435653524	93.2321303080066	97.0973782625406	96.46953018581269	97.1810800452815	106.7799369511122	91.29417880267869	94.44263981776614	97.16533427931464	93.36430638117922	94.20507210282105	102.2958610684063	98.73957680354906
100.0971186136368	100.1957251039859	100.013866389481	105.127573017102	101.0027751431673	104.2650472359289	100.4232725654892	98.58463459239344	93.29353728233774	96.59105425035119	104.8111884441794	98.04508843428103	100.5314873613959	99.16329148103239	92.24913455486852	93.48944903673467	105.593493527022	95.83301014588446	93.70027536177486	105.0871501930127	101.0639752069062	101.2875713924056	99.31618161003044	99.95632796568452	101.8487421985764
104.2678261615611	95.48254789698956	92.71297854200083	93.53144141464672	95.41647475440112	92.79365427322172	95.75846494053141	105.2302485771131	97.07411769496196	92.34164655221706	107.0301399142007	93.34698132515281	104.4089535326852	101.2413839717958	104.7532687768294	99.99958479066277	95.15510446821249	98.0325147667499	92.7732259042763	98.70927163388258	92.24551188882063	102.206276309667	94.26473418821281	102.5281628507521	98.19201471785328
94.5064068931256	99.0876070056795	101.8336806651847	104.9870884750033	95.83217891940369	105.2381621841691	92.96431296316022	101.98482029635	93.75327925655608	103.4958845671274	92.99158508531067	92.85140165054473	93.82298507655466	101.5955217175507	96.10411877262609	101.354884561612	105.8509263667412	104.1654807862936	104.4407541606122	104.45598220782	97.75995219333946	101.0709979996265	92.54493579932102	97.46975034396226	96.53660697657379
95.48990723632912	105.8028110399651	96.53613536198786	99.28849117475957	94.1171662168255	99.77614505347329	94.08232768520928	95.6032964522164	103.08970685044	96.91031833224368	94.20282250476556	105.8384876009526	97.34102204485882	96.42679843636083	104.2582360464558	93.82637420644379	106.1992330856944	94.36092002770025	96.46309869390326	98.17166107896979	103.5875299801655	97.02363145537694	93.4410741887806	94.68306823947495	95.96683664465003
102.1978638745512	98.08371778907137	104.658230319445	91.43588098184226	106.9943255906892	95.20216227655264	100.3283348774635	98.58803658155377	105.4735206515701	99.73148194510226	103.2701198448939	98.63931819906544	98.8414999920906	98.96223634672397	95.49729221251846	94.33834550068131	103.0801132937407	101.3018280616046	102.5498858450384	98.15260355726915	98.82057965013134	96.65477265636598	95.52795775374076	100.4891585251689	94.2144011343826
95.1563443038352	99.33239483309292	100.5445632039756	99.19208527535893	96.26188286806476	98.02780252078263	106.8205221480509	101.8961295848359	106.0236989442507	99.66595315169076	102.507706824482	99.09914510248835	92.67764497074283	94.8772668341737	93.33375341899381	103.2464388208367	98.04918982855234	96.16050047318534	100.1899387843401	95.08710766249236	100.2933122744828	96.96553441945721	100.3776293194867	92.83803505601942	97.72580324549857
98.08141499948394	105.8178122380457	101.0421064587655	100.8540663384542	94.29047167422277	105.570801852418	98.77690221395662	94.51425162104628	103.5307375853659	98.35465120651175	96.53242655730381	102.1416389958297	97.99224517322784	94.23472235386755	94.51159887310683	100.690935857641	101.2601231858785	94.67018047805564	92.03502576125973	90.76098720455738	105.7783896946359	103.5373457154658	102.2213809601724	106.3079965800967	105.9316349268444
107.1159900567021	101.9833331834836	103.0835019772505	98.00770092515275	104.3318466922951	102.0640321393484	92.98508420826957	99.94922604600966	102.544190816391	96.91821054271588	104.4310099181487	95.60693455629311	102.7557297700432	93.43615712025337	96.45786790550072	103.4019524236864	90.06822758155587	95.84035003519114	94.87072256659276	96.53879410811842	99.51905085766275	106.5902498516148	100.6892400671229	92.21940534236725	104.2894074964077
98.43869853095327	94.17587762654658	94.54203121092404	91.46601433896258	94.42320102885604	104.3263907098718	101.4579858339098	94.92573828775541	94.24516834532216	106.7717244626429	101.7210844863114	93.10587422848228	98.48947599397354	104.5077242398564	103.8371208792035	103.1764206182012	100.7987738606894	98.88322236218633	103.7213945097767	102.7609728415143	102.3419785859054	97.0539588154481	90.08086599232736	106.8146944651535	106.0606898654273
98.8476201646497	104.2341204383661	101.1715492351718	106.5314084903182	98.62752944052163	100.9966822367518	105.006596097272	101.1223094916495	106.2430124266933	98.12505757493001	93.82877528541334	104.0779112208946	96.78949223270024	105.4406843158042	104.7028610580571	93.82714056042973	99.30804959030472	94.86885077326977	103.0590747433659	99.60967457382101	105.8518269843283	93.0793240114152	91.00447448839975	92.56576884474632	97.1449346376067
101.1554521257776	96.89286571753136	106.0799478650989	99.98704231389024	92.42581157895935	94.52759047685014	105.2508937282278	94.11918465203391	102.2829869292798	102.0994030700191	100.0250139035628	98.19422837891648	103.6264821373634	106.5644463937396	102.0109381637479	104.0872804958896	103.9331888346061	95.84021156371959	100.9471046346786	99.57428129216333	95.89282769224886	106.1447574291015	101.374196032554	99.36006679713188	103.9631747643679
103.1108546528787	96.23436789920494	89.33065836386058	97.0530354534795	95.14517914197923	103.2571207854983	100.9062459900764	91.79157989028288	95.81637151204228	100.1787717578832	97.20641547794554	91.89627232962771	96.96845479013959	103.5539355037589	103.4003173252518	101.0589629720451	99.93844603067433	96.74164223197968	100.367202091261	96.47028374696107	100.5533487592067	95.62326971969424	96.73176863079027	97.67696666971923	99.15604375365847
100.5463615265186	100.5339608470604	105.0902055570176	95.53651411825777	97.07762198586997	105.0324035856117	92.30958790335784	97.23356257251156	93.15122365954898	99.75466937510767	107.1233899408706	94.6560034509413	106.7787737957787	99.85488666732736	94.11126594721128	106.482071307976	94.12822489733121	97.84923773692773	97.64678074123019	96.27219810437815	103.5630060822203	106.6789257761885	91.72857529240078	97.46664776726846	97.10662010859924
100.6404029173711	98.10602523597724	102.2990379633672	104.1674333023499	93.71072993806104	95.79375780399036	102.1971483909745	95.15318087421153	106.1236584736407	104.1197220484991	99.1462486028465	105.568404621102	95.26642437583554	104.9061084680406	100.636890421715	105.2894092252537	95.64521463907374	105.5662231731041	103.6633916904721	104.8694422275629	93.16021606395613	101.3851191961696	98.67156029133965	107.3554208777401	100.9863922982714
105.7851216608095	104.1778039399483	102.4998608811862	96.99546157547607	105.9430040386122	100.2461875712709	102.606832867725	88.82530152666199	102.6854780621226	100.6219778589151	104.0809794557005	100.297232076768	94.01692638927497	93.46865862935718	94.32778165343709	92.51916306329586	93.41161566271337	105.6575349224563	100.1630603336968	93.04220920449396	96.8763188613262	98.83478576255568	91.20747982072361	104.1147558399095	97.96961833011403
101.8253416695863	101.6296314986512	90.41410977972303	102.7801610921015	95.09691046516861	94.63417367857114	99.67131694546742	103.7898426708458	92.9010322310648	93.94673875564038	106.6937180726081	105.9925043166167	92.29032626412275	97.75224141490639	97.1358622662315	96.54633616115325	103.100939071065	93.10958588936555	102.3909010484583	92.49427392180699	105.0246948875018	96.04449733015556	98.21735578774694	102.2841996848108	105.1705154110425
94.8017810875329	92.7334280334083	100.4813981265477	102.4924511781897	97.0199272831116	106.687070697151	92.91488924075513	93.51370632801633	96.07233475023817	101.0575289729201	98.37525637253343	93.35766443749002	100.8415531812379	101.8742020980498	104.8633468404873	98.99361609930943	100.5712662401	100.6347818641015	103.9153827575707	97.63347457728858	106.9401416120142	96.41360863055382	90.79318289291173	94.49291500182974	97.39173670526667
99.32707533839283	106.7099872920425	99.45137985043735	105.194605957217	97.94077069294488	94.92983752996061	107.0237642760751	96.60072705713957	100.9263447635371	104.258982819124	107.007399533134	101.0919612490273	93.98388972046388	105.7678992518517	101.6442348597373	104.5577420444675	91.65951176223912	103.4195513724168	92.17144759682209	93.34803329867241	92.88531414115084	100.7606522842668	103.6944041658165	105.1355380519377	102.8010432696443
92.53883998282961	100.8304618304399	94.55131024606241	96.79478738087343	99.04050902330762	102.6515022444282	98.06981753208137	103.1572325313921	103.6375826815497	106.8232705852815	104.7206085182058	102.4408691326812	97.80011826730677	96.71650462622017	96.05488769290471	101.5229525344516	94.33326709822521	96.92898510546532	102.679154793951	101.6666148212703	93.41402443321985	104.1665456156605	100.6356365363254	97.83290644646303	97.84625119196259
94.74898858618266	105.9136721889682	93.1930421190157	96.28654718794211	105.0377071723655	92.9724783319285	95.974006373477	102.0956197941202	98.03366122467644	95.31214288890942	99.40236380040955	101.0542701974395	98.85466498096999	105.6228128359167	103.5297085950098	96.29542223774094	99.44664030222721	100.8165905616613	96.65517744995286	90.76445403525223	103.2503669713176	99.74135158167046	99.10733239528284	101.6567208855004	95.68073316857431
101.5390602934815	94.61440677566196	95.03874419940279	93.75630719890817	99.84220060543073	104.1328747414256	104.3138522943531	86.78365933360995	106.1921649693106	98.51966239273129	102.3072403162687	102.17134285271	102.0041856688758	100.1068841758138	97.33957962353944	100.2854987455954	92.66407141852336	93.35458653360504	92.94294412853952	92.62535112412353	106.9552600004149	94.94989944891627	98.56339981829872	99.03962625922904	106.6144454853357
105.0066422513849	106.0865268368693	101.7558218587328	102.9236074106774	96.86226678399788	94.45655744555943	103.054013777102	100.7617888600093	102.886131334222	94.46829442589183	96.20339783685557	102.8893793268293	92.6202096199783	94.49374070852507	105.2298945342211	92.94145416230195	98.97084324835974	105.296073970779	99.15806688837023	95.69421075941791	101.6825998340323	96.61395092685157	100.7612925123754	95.87499842703228	93.75340693699611
100.3480264525685	94.0046829288431	91.69768711556895	89.12620326506925	93.36318580051758	102.6732681493619	104.424198797558	91.1431613938983	93.28206205296959	103.7299403548581	100.5490751722556	94.65702673324961	102.0831759345844	91.81101929896511	105.3046564673256	97.09408353537079	90.70609077074158	100.2168631689584	90.6117335147789	96.14649556358157	104.2922651037464	102.352644039131	92.84338826495825	93.23947197619457	100.6456106179271
96.98418719540213	97.94584224269261	87.45710252106583	100.9937707168343	92.60714977559144	101.2661447087719	96.36298892170336	89.79353405029384	105.6205484572639	95.03026727365773	101.806478146392	90.95192273944366	103.8700661671073	92.76781225705584	103.3898153087203	95.59846698252899	90.53808615318582	103.5460363722286	98.76105012896625	91.90987733952794	99.13653201534699	103.8718707497373	88.47338982105775	102.3341809613624	102.4558968140431
98.75080568368111	105.276037462128	95.09256375656567	104.214524809696	92.64669687695469	101.5079334728884	104.5348424121414	92.24503301229851	95.36930296203676	99.40230600567315	107.2922794689369	93.00163957689072	105.2781356915574	100.6869930042407	101.4831511373418	100.6411975130596	102.945757285735	97.20661457617884	96.45336051569949	98.46258505411046	93.82550267321062	103.8101033604921	104.3503379785882	105.3199549261458	107.1688496265058
