91.97944773826062	88.7359790058488	111.163562014944	109.4160045899327	85.43407812753351	99.62832195856979	97.72316140918772	109.114037099578	98.10791652407998	110.5182064310608	104.0817136423111	110.1031882386606	87.22283122608802	95.76394501358922	112.6951231827828	90.71857998368675	93.83982206534698	108.2303408752226	92.15222803842721	85.42606274672059	90.10412994269043	107.9047976733489	105.4326445411936	97.31337435122073	103.7135649659712
96.75359477677119	85.60578039089864	103.4555697405735	101.5223802473824	87.50287684051203	92.22450996600423	89.36049770201183	97.16089354506276	111.9062500004294	102.4938267915127	94.53068459063711	87.61092292273005	93.64138084144524	92.00314339251297	89.64077229897971	105.7874351220373	87.99852644204564	86.25647514577948	96.5485478102991	103.1992772429068	107.6675813650953	107.3502642358124	84.96623483708829	96.77649460860202	110.6333431270558
103.369010676946	92.63512269028824	111.9178240709955	110.0695997029994	114.0575166170251	99.38874631777489	87.96026520112434	86.31664271256881	110.1550826611826	113.8985184197444	85.19296389034631	109.9837939923672	99.86814179581043	106.2479333663373	100.9303721724584	87.52006978474012	113.4790451752088	111.1794730679411	94.17991878041633	94.73881105611017	111.0106339514364	107.4468788064869	88.65912126466249	109.9864948158813	86.74309274300323
109.5734932541268	89.1142448784925	98.19845660542848	109.4124492288995	111.4337913316452	114.1506937679009	97.93397998008848	92.26599259160938	111.8204531456205	99.01167049880358	104.4860556337436	113.6224034829783	91.96318737254276	111.4792193121987	95.61264101488875	88.05140433154702	96.8963642177701	86.88151556325242	113.9211509767219	107.2252219683329	103.0661769493755	107.7752464233949	103.047238057429	109.8980883163282	92.93478659469302
89.46059137021788	105.5538557711916	111.660286931385	101.5387340244109	108.98030854897	103.9664913024624	99.24045944937018	89.24433013202055	96.67208858148584	87.09227865740336	86.92995472824441	110.0511917844079	87.61511728605514	89.8748672535435	96.94479812607054	100.804181234665	110.9174541840609	107.2519612291354	106.4536591908826	94.63333866401375	97.47087862777957	101.8413702236603	94.02813510616548	94.30756288121964	109.798606999312
102.7624458727942	107.2614182388841	108.9297344629652	99.73399698708936	89.42148535842706	113.572170386086	113.9826316335017	92.50508727570316	89.12853858319575	91.33946661542757	85.93806889232721	89.45425769778127	100.1332050143073	111.3796036750198	89.84526950188246	106.6262932531024	93.64580436675062	93.1226036246141	106.1451790963644	104.9903367312183	90.85801842224484	96.82289805044016	97.73469932196936	95.33788205205983	110.9963298240817
92.01902817276769	100.0206879772746	107.5743475032482	104.088877588031	88.42148774304835	97.44183113579747	110.8963295938121	98.49841659992359	87.60635425364515	88.51976777111683	95.16337117424354	98.09607735476568	94.98146868923051	112.8213868626013	87.48447569998052	99.06098712027162	104.6329460994655	107.8509576797259	109.8354383978853	93.26564922008257	101.8277097370594	86.79284427372528	90.5568436503477	106.0702018411068	111.1017017878499
110.6751446772618	86.47188762293521	93.56154501865183	99.83310729732484	94.54488424817116	104.3822236035772	112.5842641296705	91.57024548946791	112.2187221423513	86.20142964931006	92.54461867621882	95.40476224487328	92.92746359287842	93.99454506933697	85.63464687759468	90.91491742901388	97.19727893764187	91.99530863978782	98.61190583952174	107.9645674609155	112.8742972928438	99.85041485373293	105.9337682418663	92.78020265452089	111.3344070774136
108.0061622506195	97.81731633391763	112.1665046715845	105.7729809266549	91.21195236126363	93.56847882024161	85.07306509098436	107.9949470901711	103.7720926258724	95.26374581453864	86.92205879422742	95.08623960306386	104.8797646212596	100.5437071917735	100.6623566516358	106.3060340287306	87.77375109220475	98.89580268071144	109.8381504472316	110.6033300108939	113.7730309574142	112.4861896947898	106.7121962403055	89.53725075423552	87.37114800102542
114.0382240880851	103.6288917835318	88.68717944628202	113.5216304212874	87.39628290957624	110.4239593231794	88.15645364343271	112.991801803981	97.96419324636521	102.687610881391	86.4237797652106	90.03759998931569	110.4321515687418	93.1237883036446	107.982296140707	100.0912764878208	100.8723662919051	97.87085762103682	96.72195630794896	91.9650775924212	103.2161231508317	93.6528879724536	110.3215814398991	86.44573569370584	107.7763855412525
99.11571377472093	86.30364054011191	102.3618963112387	89.23456053257615	91.27267610282567	90.86395592189626	101.8824364341175	90.3313755129135	95.91288125464618	111.9631856823149	90.9180574606776	86.89422785588455	106.4030229952316	93.76743504637118	111.0304284173154	95.71592942511646	112.4301829094856	114.2215796584243	101.1334708666542	100.7707201076868	109.3832966870363	88.01213387888588	111.1350021615766	88.57335359717375	91.92121819067717
97.89052021419863	114.0559928286001	87.38468168258485	106.9576083974249	109.1843471770061	85.689078090233	103.8126026504442	109.7828314972856	97.25908651540483	85.8867406125067	98.43601773722963	101.8739717033942	92.9240999546691	88.00726918768299	111.6095710193568	111.1813676848585	103.7824810248348	91.39748104816648	107.3761332121319	89.85591904435024	95.624628079526	112.7586517015585	91.5618474560596	88.71691436277601	94.23315431698384
86.15213229751646	101.7598907630695	86.9515814312248	109.244282635643	94.53278847350387	89.43277690791358	88.5349495487726	105.1324120582663	89.35781901443215	91.54322029595998	105.2751159173244	110.8612128378439	90.99787454810112	108.2719291268522	109.6078383766559	105.0484591483838	88.21634126842045	105.8375697775946	96.15757400814616	114.0434313038213	111.8629422117184	106.6873710787426	90.45657359645929	97.11182422273573	110.3436717813279
89.3675360475615	114.8388418126666	106.7756387916425	85.1459481266411	103.3820461912734	91.17628693325443	98.08239650373487	86.34047463456268	106.5134385255737	99.65344280211571	86.03049515448139	93.44973057706622	105.4215683472056	101.7225410863108	87.25241825514291	93.77993976632054	93.39577881279875	95.17338697221226	94.83223756912977	92.40886124932806	104.8088410575029	112.2357796326286	104.2727967739481	112.077643699608	114.4202855506639
105.1458288481596	94.16960498541266	101.3908100172461	103.0452795726496	107.5952144659348	114.6730652645493	88.21156704359879	97.57760371978264	98.17573087444865	114.0573960082251	104.7596796590704	112.506381952985	100.2078016936531	85.9417365763294	103.8310323492137	99.92976924752965	113.3604568394958	113.2940627269678	88.00022132259627	85.51986486305167	104.8886390339417	110.1993230393833	85.78045097430469	89.62142208636348	105.2260255751838
98.98870298962048	99.1252488574639	110.5596691119381	112.8114371667306	85.84226383253882	91.49234610974395	106.2957676699659	114.7433721338222	102.1451698282149	114.0235904038794	112.4795283384821	91.44060739686607	100.7941642065053	89.24150772617729	112.1004107370524	88.80762120735211	107.4753757911812	111.7303078629742	91.49675994666489	107.5753796077295	114.2674653731298	90.16185998207463	108.5657417959985	106.3759195927624	98.70636153635917
85.36718205956689	88.74420755702964	114.0258263891651	88.16051464986859	109.9501543686417	98.20325959941572	103.2348365812829	107.4570205449194	87.75066358749748	106.1059471260799	100.7595830839651	87.9391000535901	110.5808763272399	105.5874745552177	88.41649257000789	85.90550661181952	100.3817660747893	87.51538287508438	88.49118593980081	97.38926542783487	92.09387669019299	105.6081442328705	94.04031310500632	106.4432483000027	106.9403650960226
95.61688612808041	105.0446881527305	92.30627577226072	85.94648884871191	90.02666109288138	98.90593358065773	95.60363998695757	87.71375799477137	96.63484385901789	90.70132702927215	95.97473975838572	108.383024564542	96.39902761164853	108.820732712147	106.0978126106853	95.73321646637332	106.3019063250632	102.927928724794	90.19032157312623	108.0803767955573	100.7643691075234	111.9615919739524	85.80976967467382	99.34982734269667	86.96684124371149
102.4803520019337	113.3873856386242	93.63558122965908	106.9844384814851	111.4775159194205	95.93133421436538	102.471840298212	96.84531520892067	100.104191619975	85.97364345093675	98.37343233191817	93.81797708623277	94.2276971110427	90.45211663049132	90.77287313461906	104.0650530325158	90.99212747471289	112.0546579255078	104.3848816481097	103.2773531037932	92.12339315391463	95.57541768728564	86.2803778424266	85.17217064725747	112.6692628271451
102.9436020161549	105.6955123039272	86.12394405534188	103.7504749923939	104.0947883908123	88.04724233200375	92.771077302302	114.0070632956338	105.0957046833716	90.2653887996276	105.7430083773931	98.867300699734	90.35055229733081	104.5531938261096	104.1370532002527	97.53984413321348	90.78292088702845	86.74551754962285	100.8417206011051	86.19431998359811	111.7470934330373	113.8927267099462	110.2496897795835	89.93054871333577	103.6095580476174
107.2959214858181	87.17365244599176	98.78949638665799	101.1240062136353	92.12143031668057	96.58319941145919	90.90640918034701	93.30253944389895	109.5665521340902	114.3995389466387	86.93367379455979	112.5494235592527	106.684484517319	103.5744102036473	100.7932140979185	90.58247519043148	112.4502303322317	102.7796407071752	113.3432664539929	87.56997184136853	110.8793967616053	91.93977910014594	101.0491116163855	100.9767885412525	108.6279354801851
108.0748524924198	109.0318962243121	111.8723657235486	114.6472356036137	106.3867625343316	100.2092045386964	90.42631763839569	97.27439314068857	113.0702568932962	101.4972175825693	114.4144303474912	93.28725512387216	89.44030134396765	112.1461454561755	104.9148470509909	98.45562693118735	97.04159216468078	105.4118299456371	111.7941713612159	86.27758344948852	94.68996622271129	95.71451070208538	114.0838525162276	88.53386444853223	91.15816367043959
114.0101944928038	92.6872047827339	97.63778762773244	86.22779150862586	112.9240095162383	87.7021992704403	86.22194674335773	100.075510638166	105.9625428454476	103.4845726644805	100.6407978006015	100.0223103778276	110.2798381252633	86.4754511568933	111.2000657180143	88.22914458632799	104.4641641771412	111.6877402650398	109.276251783446	95.82487187009093	98.49879973990674	100.0571443637048	100.8126189045614	100.6693720695681	99.47751632604005
87.09829346396091	94.51538185416923	111.9333757353254	88.71785150890108	84.99946390056142	86.61534701223607	111.7062051841347	102.7894043308892	110.4477331287558	97.59226553395047	110.7999015682238	100.055139766827	85.76232512286457	91.48413717989955	89.20587895186087	93.37153038981533	86.33656787880258	97.50001495084364	107.2767267017699	111.0292242235591	88.11318235611454	90.9544569594719	92.95422725055333	92.29932159934232	100.3997692479822
87.23888887158041	91.89018512408103	113.7703561761092	93.62140067114414	85.18925864847516	106.4315848069711	90.38690144237444	99.02633607763156	112.8061341716113	106.1845167532305	86.53501619503923	100.9798095488231	113.3355064291261	112.3828426680698	107.9454810923956	99.43180327281692	100.7962941681918	106.1963390349222	87.5132950667477	91.23682723176213	102.7831883310006	92.45639029968579	97.90771026949123	97.06314788727289	91.55576714163196
110.2974652049461	101.252582124285	106.7704023551289	104.1581095604103	113.0085610052596	107.7849607066012	99.16396335602251	114.1061589730586	94.05762002975167	112.197908809724	113.3151833297842	99.79001784923297	96.82396378530515	88.62588526566026	101.409423191396	109.878506230816	87.65278054887145	111.6777492190305	100.0484469074883	101.7702164663448	92.14939438568133	99.15130311329791	100.274376832849	100.1176896556001	103.4036641307697
101.3424356453618	111.3474384169455	90.11645948051054	111.7091614343292	114.3746619847432	87.65613247554379	111.547984053117	92.34882586932245	111.4454316780676	112.7781882716685	85.03070904248735	105.8540002047026	105.1563843810894	92.49707237799832	102.2337604189847	87.60669018767595	87.46070606229965	113.5247129583769	105.5025927109864	100.755969757947	91.20301873563001	97.61818939364008	113.9082290102032	113.1334526588525	97.8600923383276
114.5192562041723	92.115896325078	96.01313741180975	108.9868615322933	87.05916299574496	103.0652615536801	102.8966483598802	99.89313506527144	99.32389382400717	102.6949659559256	112.2134281328966	104.6134209232985	85.4430127844671	102.4036310753742	88.62725377737445	93.17242737942742	110.3446916572069	92.7750809312146	110.2270796679398	86.49302682455301	87.93691971276203	87.79143659726688	110.0985520476382	104.151527076917	93.0523876578926
93.11827812630038	105.4030101875423	109.2073539512688	112.7348244997856	110.3880750914883	108.4132231851908	112.9800250949748	114.3715459102131	108.107947059502	92.61142459993017	106.8781984037407	114.7900450638555	98.42397643232141	100.2316642890923	107.2794832216082	102.4444178623754	89.88954010967777	96.07650581893616	88.35262939824018	107.7418199588276	100.9060595970002	109.7703497340975	103.8085135711745	108.4828154180944	86.84565248839149
101.3772020449639	102.7477382567021	112.1160850348455	100.2835762782794	106.1547865663164	89.78014357963464	112.2175016154494	101.0915038035373	100.7823203779995	105.0895887988898	99.60433063937727	89.90812510939699	102.529990270937	89.71208072228239	85.26298664957935	114.0152384964923	110.3722998436805	108.6845760337484	103.1169928476042	86.85155726361307	98.39619844005664	106.3421830273511	105.3000701189481	85.1922581001613	113.013897048014
99.79595358942957	103.8564263031422	100.5250701749278	111.3599331771363	93.84685344941552	98.5698621570692	85.69312986501701	88.30761031852929	107.0823058261243	114.8014895949688	96.54479557986141	114.1579442002572	99.10343134688293	106.2047040724278	91.22209666822766	112.7014690193229	89.78970106042188	103.1243087751064	97.93258458759509	105.5990261407491	104.9212821537808	97.81324161441094	88.42916278192145	90.08449458359222	88.56141232628691
93.32640410620394	111.5638279884138	99.09122062102219	102.4174005613099	113.7796241339027	87.69801174736658	86.20206825479737	101.491672621293	98.41896664851936	94.89013273547491	89.54494234768556	95.47234041635789	104.1232821161659	96.64439193576307	94.34705473907941	89.6569846149597	86.29715218017574	99.9129326692744	88.97225717180339	96.8805430423989	88.85204639451169	91.03586804365618	106.0041138548967	114.3537970968928	101.2853618986275
99.58220591440981	114.1176404310438	109.7114480244618	88.87362107765877	102.3823331175916	102.1149782688552	113.2951905503127	109.4774238441489	98.43921079002297	93.57310354931781	92.54843865274711	96.17142836952806	113.5645735805197	92.97566528255419	98.08699731590727	107.1779533630607	88.49758326989897	102.9303440882063	86.54141442612527	103.8794403907381	113.6643489095779	94.14540462654148	91.20290070604526	103.396202417218	92.11517775082741
107.9833958333784	114.3439552111673	104.5845627529018	110.7964090909738	97.73626713967529	95.0954986722455	107.1318511655042	87.58703879051031	90.24892478122182	104.6079807252565	85.51401647701461	105.6797749421026	92.56305127356674	85.412576534563	102.3053326021466	110.3803348228882	105.2124773245787	93.85836279319894	89.87927696832371	95.33579398442936	95.59599484712651	94.416788484967	85.78420629345871	98.1107152662499	96.34352465138271
108.1632144618042	109.4500456171776	99.58939481331603	92.22102746752915	113.9256551768484	110.3671781310486	102.8908897971076	99.57900095303248	105.2864004213357	113.8718501289872	103.5373397016465	105.3055971550803	92.05229988885159	109.4079639640025	114.8077227087994	110.1902832555187	102.5444863841274	95.48535153138785	86.06658140600872	105.9208034288939	93.6752217563216	106.1618178944884	99.00063649936446	96.68143913447491	87.08993192607548
90.76732481595739	113.3801949313324	86.47182222807588	106.900579971816	113.8185546884483	111.9970637261447	106.8377305774077	106.4750541893476	98.96920391557819	105.7880270349027	96.17041928997813	86.48501585820956	102.5923394906464	104.868823268486	114.8303565683544	101.056320413027	93.74222040852044	113.4493604077944	94.86063708806073	91.32419917117934	109.5888708282308	103.4329102572297	101.4022720349982	98.99174024688392	108.722052364514
85.76373900762398	99.68000089225687	92.87868677818904	100.7197472837896	97.36884226201123	91.49309226992334	89.78271322776824	109.4231419291494	93.10153272902072	89.0521048180548	100.8377678885818	86.30033777153373	100.7027704778028	110.9545179197791	102.5467746379869	93.33950989174357	90.53172701978244	109.4960597950785	86.2107604186058	89.02922482971879	94.43915592750649	101.986650240269	92.11301441428388	87.16758159355382	85.56817060494785
91.37726945297044	98.90182532948184	104.1390094665471	102.1490823900538	108.3910621706161	104.0094571498809	101.0168050655493	112.4578703324389	99.82996938188199	113.6445382299131	92.02637078475443	100.3045150470016	105.3736584933188	107.7429757257433	85.25617666574131	86.86128544988163	85.81625666903118	99.69078953047659	107.8927772001839	112.4582765170186	113.0698176562659	109.1352307361419	112.1914812162746	113.7283239901583	93.44499261218007
91.42469609105683	86.23540673264155	98.13810079332946	100.4269165680121	106.0861756678049	86.68928044433602	88.68047951470975	108.2817226545352	103.2212168673971	111.5024028457427	98.42304503038611	112.4693036687496	107.7867057943859	112.4771003276452	101.7368091150916	99.98320589567304	85.64958163568426	103.2864258652683	111.431419797136	111.6259167099261	91.13474404271716	113.2026776715941	89.71990070167124	93.45424306331245	86.8066188625897
86.41850583865224	109.0447649542156	90.96913740804487	103.3289317758378	96.11996008063056	110.2690868403124	87.21767023997135	89.4194581631173	89.25852439979988	93.90267747628114	108.4721064603157	93.09281072110598	88.89844378675045	100.2805314582225	91.06506235128796	95.56347373280055	95.70778933688425	94.49340536921832	87.11191430574947	97.75836081945647	102.2023876931268	93.72312106577046	101.7377702815185	98.33800601073719	100.3537002099281
88.48303110657641	105.2790634698202	94.2615495376092	101.416774955063	106.4793139834166	107.5783494828071	103.0316455060546	107.498978749755	87.04238236911968	87.29037302497773	95.41961173924597	109.1510879024236	102.2227479135855	101.4905584872741	103.9712004660657	107.4576686235743	112.0047942076302	86.66713426565548	88.26365826272412	94.80209574293474	91.9394407051908	103.8960149363305	108.1315755943968	89.23086552038554	101.2468484445894
96.66033606186346	107.942412170336	100.9080278023811	94.08446452427994	103.9321351118549	109.9206188219881	88.97344188345164	112.7494171839082	88.5479694462397	99.3765278087462	89.18634001016495	87.90558188230308	102.7791125620479	105.769303170443	89.60920851799224	86.01951596378809	98.70225240336617	95.78895525220935	106.6655157279615	92.15656672114898	107.8091012895463	100.0741392381236	99.26395653789071	97.54846525149681	95.77536783286315
107.9632911725213	107.5145461273623	85.77183603797849	93.96345853779222	107.0951299106569	102.4309753677432	86.71089948494578	91.05440309876782	87.58957912081115	109.0577619222017	107.7537035091585	104.0192159291951	89.64655447471495	104.8358362774784	108.8751058399668	109.5855093347005	85.77769722544265	86.14087948085164	98.54512248737481	100.5828417798468	111.94359855013	93.70763571479051	87.51004949590752	95.2269334770546	99.48654122790781
101.1523625890146	97.85966650051662	90.3901239508757	92.89738476433644	86.69757271760578	105.413130592344	85.80644925036891	112.2941797850428	111.3404209208106	110.7897783817297	93.3794566317716	110.461281151357	90.96374056512185	92.66716758749884	96.60184371952541	86.28836875770226	100.0966375812805	92.28819192661182	101.727022852052	114.3887976197527	94.44813484782024	86.05572176365777	85.74325656193665	107.3666321953247	103.3148580884487
112.9066909705457	101.3596237502828	87.40379644953023	109.5633398017343	88.73410938149445	91.16565144154983	88.45198836615293	87.35148378133374	106.2824013647157	94.18228696358267	107.1560287138343	89.99030792940636	114.5691440506889	85.95570275008558	91.15481557623646	102.6007930211103	97.61534306707163	93.00798627160441	114.3517652751154	102.8380540697014	91.25801095735677	93.52385174331675	93.89718005031163	112.2390542924218	110.0110115510964
99.66989904052595	105.004174780206	90.02067197760925	95.27727605738927	89.13559667732326	112.3044479678716	89.28447309170146	85.29551613915174	110.0402572783934	110.3930833549595	100.5720812916016	109.5315000235108	94.66265006749028	95.04231245179975	93.02562206242889	114.1105930694331	98.56114970036791	90.02141231766086	86.47922760810287	88.22460297863782	104.0661795846933	111.9524460742729	107.5822522387697	87.3573352610924	94.67659683305666
87.04176129825485	86.29688039667377	108.0126013545089	109.7426049611669	95.2474398231514	88.92485029496123	106.5054277314264	85.48109409582375	86.15250010928149	99.59034597336385	94.23159914545253	111.7224435140628	99.35578525717216	90.58263333013062	85.1384767639988	107.7892854240998	102.7832338568578	105.8414522663436	108.2349992940375	107.6380764047178	113.1290170475893	90.8095423154686	104.1319295765795	90.66344531795572	96.98919796329365
91.10240749205971	95.330327382005	103.8536890243629	94.91907320442108	91.04888670658767	107.495953941059	85.06718325034763	106.5748448033006	103.7204284727125	93.04939466763771	99.60759191077817	113.9831597853844	90.32917603352517	100.1975395941805	90.48765466699656	101.9977203007487	98.96880234746941	112.8549904577832	88.08498406018953	88.08926583334501	103.8051624083695	107.3800847106619	86.34133624665023	93.40031388986195	111.1511423965074
106.2715086920885	97.50671751365584	92.47342523221329	84.6188668209588	109.9149957102298	107.5092152199528	101.3922799537518	97.09634304507236	93.44286703719192	112.1870657587814	95.38648121464836	109.1381764885411	85.24893643884663	113.7653887228934	98.66348775903245	107.1808153038952	101.7438355785525	113.7049043900009	84.64594598942645	105.6576726003099	104.7129837745026	92.07419819078845	104.3844876342433	106.941122595377	95.43536339424151
114.7788959876809	89.35727362547684	87.04797044362948	114.6632694268699	109.1595159929991	99.92947604474949	92.17931849594639	96.27512935742544	90.3856810312224	86.36755955215713	90.11514749644675	101.2948579891014	114.0210231833024	88.54972845471403	101.7954972519002	103.4970041080528	89.42186906799549	101.9861261551105	87.13348189256968	85.27006537530728	109.316727259428	114.6726769979796	113.1004175800074	101.110556914785	87.03614738300595
