26.78070282074836	41.55640813713582	107.4909764672455	98.08758702179284	73.24590633223657	84.5951192346586	32.86895211141412	77.37549656032483	70.33800529483074	70.86318985796296	83.32139289696923	121.0769031296928	118.6396276848633	109.4158224316297	69.46934856382799	68.95196533330147	90.82163754626814	110.7801352603381	91.35684096719319	95.61325140271403	74.78000833552395	87.79308976101653	97.92001899261857	90.56669227641488	81.06855955196201
100.2538641617419	73.80374614230173	84.13377788116323	80.62300543090511	109.6851163110603	99.22281128899976	96.82997621907698	61.98106751221161	84.96844640600845	96.07837615456845	105.1172042359415	89.14863713743918	80.53680075734167	84.13848869399807	110.2614371160118	101.7231349175073	74.518155763696	95.48564428740515	85.56195431089721	101.1249845163477	108.4385241857143	92.07894634103023	72.62694636953013	84.85262424893233	102.7465327990904
87.42287123911161	102.2097485950312	90.6202290059442	80.35823242284587	107.5777754389786	93.55649201229974	79.21583380060251	109.9232532765365	108.9057850964902	88.05860625411292	86.75593154022174	104.2768589747127	89.31893118109699	109.6773965561305	63.12174572708351	66.8034477824753	64.40284635778039	101.8000963718351	90.43955040834868	96.29949744467066	104.8540412343365	115.0221041817257	98.26077128392339	77.92614421796188	101.1442827377247
61.59847048751465	83.84868060968751	112.1662314457492	95.10853509994072	78.14636251123737	78.65289257974221	75.10804270818235	106.0550605774087	107.4059713608016	81.8580920036092	77.71819274858129	82.52632167513248	100.1359477445878	82.61733295701622	56.92062153459207	63.95606860491681	83.25753402132653	90.54657212910297	97.12040080780714	86.47798864668255	71.10177960399947	78.54227362028895	77.25106176791451	76.59105701814967	72.78911244089352
44.77668654195399	77.73060748533011	91.04505091702157	119.3778980608365	105.7157321550109	100.549059521951	73.63296963508127	79.24439018672123	86.31012110218475	89.40952508722221	90.40133651260845	116.3653633495682	103.6280165471179	81.52990215030877	58.9461832316894	81.18680389049763	110.4043610252121	121.2594743361477	96.67972533273257	81.52809604204182	76.95516525084432	75.5004547131352	111.2690888956527	78.1782405005402	60.53437306194857
42.29102573301394	81.18122042561274	121.8367820944242	96.07011003345724	78.82929589788311	102.7116371308252	66.24048158601781	80.46009613643132	91.28396221278757	76.25355503299761	78.3180026997795	111.8549514887704	103.1219513870854	103.8304273570682	84.39613227763481	83.34316814123879	90.99333225082259	110.0196033881728	87.64668978490732	116.8857796570925	85.08796717820245	81.91331763492703	104.1902326802263	114.4275236956939	92.8615535622521
78.23633714605373	73.12364745934663	79.01251194617242	116.4806483639643	67.99722881384739	88.45262240309913	62.11167799181962	113.2101669932633	70.92646984410941	84.12222852777495	111.0652337014094	102.6463653819276	104.6862104562123	78.79015240795422	52.15174696035589	86.36228927096434	99.13970163674912	88.41640343713783	95.13574305437717	100.6650436496191	85.58624770713276	109.8958024031096	115.2481901029527	93.55103636409342	76.87988245830425
53.39162931193073	61.91777515253172	85.05552986085698	104.0317861109956	75.92713467801062	88.35077524894109	56.38797342445191	74.69895799230036	95.28865623022725	90.90389250804407	79.88385996737986	119.1556993496311	77.92702236987199	92.74197289594187	61.35219530108535	51.5593896181032	76.80286077160366	111.4438041029259	101.4763001416594	81.52960182825589	98.52375503027298	87.85609144444469	95.6510666556844	102.8470913513088	60.15910620799522
58.10005468134102	65.07329786585703	116.4852320527074	111.789308855362	101.064683577918	83.34451272925983	76.52679489003293	95.7636480555295	101.9911792712101	116.6278100691875	107.7090380588083	120.6118489435088	93.88708666969163	118.7757833683747	74.15944123953939	72.49657156044861	101.5640766848244	106.4280846049051	99.19134828303214	101.4909009230605	80.9270057810937	91.26951434271976	87.96062767676511	110.2207072701925	70.61857958259192
83.83690084502743	81.52930220749796	111.095022507377	79.71360760832218	110.9648966511883	83.33017550177699	89.44669614010304	92.0578037907319	112.2639993117455	108.4321062536934	91.00593126581182	99.77779271956142	98.50923440745242	96.84016175779426	66.3107868472735	75.95318731307916	88.6113244616767	95.20131877479243	84.64659776653473	108.4996638408058	71.65679807245664	102.9917682690829	77.24549276819607	120.8048326855527	67.94943789782965
86.9416571894821	56.75643634343264	104.1203963138246	112.5026415584138	104.6100779890138	97.60177850260435	63.31316563310466	97.95331566490171	91.65472662969543	89.59779930855139	97.65790270835132	97.04827792569397	96.68882294904492	119.204055642268	59.02855077508075	81.06974288334024	77.15971107404093	79.59140150213493	102.2635674543968	113.8618074484942	94.55766273665166	82.96102362910693	87.07168691327169	113.2225824561828	76.50793186434849
95.14682644443072	103.87810889272	68.28115839037527	105.6763721924705	95.81402436898716	108.6175832505804	68.01284710763898	86.82318049010112	116.7898336247545	92.78976923026629	93.68917721734175	90.85900539599604	80.70160464739314	87.17869242125919	74.26908608348832	97.91552559805672	78.36888255939702	114.3417272120896	94.89073722412508	84.33093783179029	110.3769286213977	114.6215914475738	86.49424381999683	115.6189691661648	86.79916245076564
94.47796724314094	66.90649604788834	89.00766645728629	89.35483471753716	116.3654320209839	77.78995501517529	84.81697925599258	73.20452390670995	89.68208166532179	114.6519622062553	97.77870427749193	118.6513525146597	116.4688851895017	95.08972106067459	81.37899023031486	62.89868560068048	72.66890491797274	101.4934607775491	99.09123367813585	93.45413449343096	103.7708334350564	106.3220548583194	92.44811996926479	82.35408807189556	106.3211345561901
77.07185831296442	111.1116114260328	47.45410824031019	65.10590253145999	96.09802420733358	114.041384053503	98.29280616473744	71.52012990496208	120.3291270616422	100.7321208815642	81.5039348350135	61.49774127474186	104.0583487690918	80.67249594951026	120.977951563297	114.1654318018642	23.02251384700285	109.190951018139	77.41846650103511	47.5439054000437	115.5607879554385	106.7493891589729	56.71260503650828	113.3022125572332	99.50751998830441
102.1429009382394	76.56498209385784	106.4812709539587	116.9204273558114	86.70907134384728	94.05542854118755	86.45448413622523	81.03932479686307	87.27361926063418	75.62408988285006	111.9357356520072	79.22364494062468	109.8913693013861	104.5895225964196	96.93393351717768	103.2228010733889	68.01181377332975	91.18791523486956	78.98717350673181	82.92663851400647	75.8297748744712	81.83981476475628	78.77372738922894	93.89086446443014	70.77538404493471
87.78643574011465	78.37103540868839	90.98279205460462	93.77201677484362	97.76123080255999	88.15527815763812	83.99550102944917	62.6540043082028	86.72075541863741	99.45064864878066	116.1533932157803	115.8700997893488	80.65312690661878	80.25507133110793	67.68756049168371	90.18529448252558	95.81961896084434	111.3180148282268	105.8455209563648	92.62770222998944	77.85205270401897	114.5436067263245	67.56447457922441	119.4123521393388	82.27678744369125
90.06882120006742	80.09680043051017	85.62590306646814	82.55392445762399	86.15277691966529	92.22485240478025	90.00214469424377	96.29518153901978	79.73266378487969	86.11780125521568	95.30718205146908	101.7544597116336	90.79729997461371	110.909389753987	92.44060845291744	68.12372765153373	80.54996609607809	98.32540933399946	100.8135617565686	102.6647384584362	74.87629460512629	110.839646495554	65.48591950418597	116.05146425653	76.68816929235672
88.80526845403234	101.4874882977788	90.2074921668425	74.72491583683374	78.6728479872349	96.4091581924975	89.57847338644564	49.82788448774701	84.78194274286727	97.80252506889502	89.27768851750733	90.3239023696718	84.42867470805041	90.32107175651335	113.5546013806744	86.36432205808754	47.10323635984528	107.3650177600175	65.86111729363235	56.14892641857575	115.9897901360458	118.0281150748196	88.90201804387931	104.0071225579641	117.5962759794846
99.03801958265629	96.22121387988921	110.5362754576461	102.5464410443166	83.78748070466902	110.4695508423377	81.26191832553266	77.79681045756881	116.0390243661321	88.24691510864153	77.97761160341145	112.1670465018433	111.4615444224624	117.9200551287305	86.16605244659975	95.62583912265491	85.40850311942098	105.7738642894366	101.7958952957878	64.70018302612489	75.75143429371006	88.90172205112356	102.5116061102185	115.7812145801477	81.87428891482503
106.5515207178472	97.57066445090817	80.14081073707388	90.05213583091407	101.1194571453165	108.7881284800078	85.35530958578607	82.06335551681235	96.32132343421331	78.93250923335842	108.083450937608	89.45113503218352	83.72538669740185	119.5728878280144	110.6273215627477	73.50258879799054	83.30991147741778	96.02023982481859	60.09844206403208	66.03944644229146	88.47793643233561	85.74264607725583	65.20002246916945	79.04564389516543	116.9088098789704
47.16635554529954	77.09297233125329	105.6263051656959	88.74069095274436	86.14014425367864	108.0679050152569	80.01121512214367	80.27943956865724	88.18436451831542	103.3330627450786	92.53911702345569	117.6210586807455	104.7999462976182	83.44147200573163	89.56494448888961	65.4011372517853	79.23736662014073	110.8978427736349	97.28915902625985	84.31707792870749	74.35500178355369	106.5894519427129	90.8684154543044	101.0710449350618	99.97719395709166
65.75867952703847	104.5627841627729	83.27040402545099	103.1937398488764	97.13890085935364	88.47586413214216	90.91492896380348	68.7796418219484	114.90989085297	74.52138901445277	114.7973544010216	80.57649351350359	86.90495193525133	121.6254819625909	74.08307216830995	94.52619202325235	64.66650241583983	84.33654306360648	103.8933147944611	89.35931524606329	82.60754013007383	80.96514221144118	68.13013305959373	81.99454073941803	75.87204913550059
106.6459366322226	78.15517348583927	105.55425761614	82.16926692807404	81.88566491580418	97.35712209859919	98.13387604425074	59.96153975253246	101.9159229712673	76.8257751819223	77.88792829431013	76.66931260531354	91.15498331359055	78.90723079486806	90.96367859164266	97.85567004043951	89.29063382075779	111.3933398496626	97.23611250845271	88.79397280876398	78.1251731384273	98.81670034475178	87.82687348489067	83.52687398159679	85.1874139093057
101.3805530831253	78.14064488680356	94.98003125310123	94.15576117100299	106.3877835117471	84.51044089719689	77.6561402585956	71.98212734428708	104.069445668526	93.97925362889278	83.24947555070986	86.48552982646038	91.72344918917409	86.23188381448512	99.66263788891956	94.96890618152179	80.37301036755585	77.40725030473072	58.33248102787203	57.92616897745026	82.74640095745328	113.0570556763044	58.37685077930135	113.5669935337651	109.8966493588914
87.47953995156809	91.30737507872394	113.0189213049596	112.9394597260263	88.68572067732167	97.60926745872666	69.56508286021624	106.4191809372447	115.0414345262976	109.7146716984293	80.12441148600008	109.5211823072729	92.79417352906539	101.0206831250084	87.56570114157832	63.86305407652841	103.5796158104071	110.0244488034568	102.851033802312	89.76376251243963	95.23539753761345	117.9255057689069	95.38805744728958	120.1071922104761	105.3136352105549
74.23000605695908	83.74826543660367	87.85309082133018	100.8247904266054	119.7892868375027	104.7351080004075	89.26809483975548	81.58697793814726	108.5730436239843	76.30529712456361	96.27988839935979	95.28559017836531	103.8651387666546	105.0563711227217	67.17083396635407	113.1306544625986	66.84061923977401	109.758456096426	98.07382550952397	68.25357692716673	107.485558626956	97.4067842867922	72.00447594695291	95.42020032759905	86.03951742502785
87.43498919112841	96.3100590260967	53.72123072443185	59.36099014130384	117.8356622206736	101.419368774539	98.1934985792351	63.66337217706572	79.20192663807265	93.64021170858443	87.95726909371288	82.6734121676196	101.5292697653375	71.99782763538104	93.38692268474762	112.9472835946527	41.26452540901042	101.2877956256503	59.66015279073534	52.14957130646158	82.88860574370875	99.20004046057549	58.35926457928427	85.88689518213292	95.02098203692236
87.22609398215465	118.0893059608039	71.21829805050221	51.76796898667851	99.02850285437414	120.7859790470385	108.1941471080131	49.05278587607337	93.16218076604567	112.8456923257341	113.4712149418133	64.26924167901949	57.45734490537431	86.45207234725896	87.75706725011528	109.0868052930913	28.38762684947785	90.24194302587641	57.52331424761681	30.95144426496867	79.47376007948483	111.5599201419117	22.85328836847136	77.33822929762323	95.67706445400633
116.1258311158179	102.1984589016477	71.33303078722585	75.09786954224109	79.02984797694879	94.61630229854707	107.8532347781744	45.89957380909789	112.1970499708406	96.18622768511395	77.68526975341203	63.43541299396004	82.87818020083415	87.48142318412054	85.87629534575152	105.5178539056825	30.03857110607544	94.6514560273902	30.01338879382084	16.76221528751391	87.94609761123161	107.2596264062427	13.46424519943544	97.41932047853807	94.23586575934434
119.2923829265606	81.74046443794663	63.01488454805121	92.97369950006647	102.8665191706362	85.78631978551402	100.2767037540887	43.84247981198189	117.9822938761018	77.46837578791641	79.01267470111199	101.7953628814228	65.04589747778144	67.98879719389041	88.2714995662307	95.40392262920233	22.51349406083726	99.72578522842363	61.99056934428265	51.27003855363543	87.58171352977264	86.84213555043402	60.44844215459928	92.6692361202027	88.46078386933642
121.5229362775901	100.098296510567	44.69011849756548	55.37675526700839	85.92609509383371	100.670124261364	87.7311906777875	45.93321806083893	109.7193620687785	105.1244237361268	100.5105791900373	55.1207373983342	62.86414353991222	101.4501735248353	90.12187359791078	111.9365768918061	14.96322942764309	100.2434056148978	64.23667701470885	37.8128674557972	77.54403568313533	81.55952647811728	46.69099443104491	98.70679000606405	82.07988493183971
89.77655838401354	120.124557369021	75.0296258441854	68.63575571994613	99.82295968034987	119.4426145239886	100.4756309819049	54.55804268886587	76.6347966723163	101.9863933308928	118.1797433082723	67.70998403786653	69.19786005206745	101.2527982698575	89.88545193954856	102.7863171539629	42.94517135111053	107.7901659917062	30.44154073983381	37.3309104327035	114.2698970343079	122.0579796841336	18.13802715594909	99.67187739028557	113.8168784775141
110.1584461855143	80.41772707190913	52.34880816604114	40.16142663342424	98.46006872693457	78.71082841505606	105.7070525833889	33.61924243381893	98.98902634904967	81.08062970409766	112.883037831703	65.47576238387863	78.12228850805981	80.55085047493478	97.33994310646781	113.5117209109926	2.766082368877441	82.31799780455938	24.26794979891491	23.91573234151129	89.84622480868703	74.52703290477076	2.608834333396771	88.10093289631794	88.22921086849713
96.22881730375887	106.8577022384923	51.42822873039384	67.22413204871268	78.01946006704739	105.6854870160049	120.251291940274	51.208693386612	100.1974833342569	104.1639281914754	111.043120515062	87.11009071981471	100.5160950333485	79.30108885298945	90.00726365185707	107.7008177433806	50.2378197951187	104.6112131414032	45.54745395913625	32.40107995810217	120.6070195898629	94.15885049304836	67.38249003334846	77.64417640569395	110.9274929210777
110.9389163008171	78.09618387800563	66.80065812750441	68.39071444701256	94.08688732832968	83.86988981052272	74.27106345108629	66.44677280444819	85.05789444865732	119.455179407589	77.88299438268585	96.07915251007364	106.1861278064947	89.27816677795089	95.68249140790627	98.65866456215504	49.55500383616126	109.4116283109795	90.69858553301495	60.81309755117569	104.3813074269503	80.12339699295838	66.33121401390332	98.20664013863208	75.64585243060657
100.9974373019601	94.77233339741952	41.43320431361111	72.540468073244	116.645553281192	102.5943574397546	97.76465396321143	13.02316790216423	107.3045385092698	84.35940378337257	87.75355828952557	49.32583750965418	77.95881465321575	79.90845109552495	103.6132280661832	95.2385871622935	31.09810451377437	98.54058779514435	48.41809414516702	41.07408310794181	81.81103208094652	78.44040163173918	17.53281545496229	65.37340632060146	104.0820494662954
101.7885281041753	67.62242839190409	115.2812832331826	98.58114684754754	86.63149846701921	117.9507150117295	89.69468755607863	90.26411517839242	93.59410326244027	104.908730027941	100.0854884931133	93.12085632960822	85.29319997305377	108.656499899656	93.38106119895861	68.81039390224424	83.31318720397313	91.88382349790407	99.02772755334237	76.20626258298662	107.4757799538629	110.9994614402999	71.74037238242688	117.2807863352301	99.71024682647715
108.7780714976398	94.87702070106661	67.50416566530924	64.50870763721781	89.84940419361718	88.66729358042653	113.3165226412808	50.63642064445938	102.8418145273381	96.38518554194474	93.59293626455778	77.04813450717973	65.26328723019734	67.73006826325447	97.54017510916961	102.2207247834223	5.598614980889693	74.04550741217277	62.66298473863165	56.02655163438712	114.8108025863097	118.9228464197828	23.54466155803069	102.1815794826416	94.00026873731535
88.38134830129641	111.254521741771	100.6671567841687	86.87044767676096	81.96168380045111	102.1738904913551	93.85981033736462	71.92547052450367	106.3141600942545	82.92410721637887	77.95148755828798	118.1282763179846	96.05818983391836	108.7088844006159	97.62185113265532	97.72144928397614	72.59503482770982	81.60778899735882	77.80339931407376	63.65252648635052	90.79904450104905	97.35637465699953	89.60162800814484	80.47630242739838	104.6615847413357
96.22202396197036	106.2946746605607	97.67734674710638	81.86693540106899	78.84506608825245	106.7965047627857	85.15157281377934	77.89970319578713	116.9078859550272	83.67101332400577	118.860012301217	81.2645386064934	93.58028735539935	87.73108916802573	78.82801930934205	101.765950422806	52.15175653684972	75.51556964019113	59.71059612537297	79.09453427502814	107.3628704814879	84.81200764208938	68.13500345032497	81.41365541345137	103.2520361341947
97.98007604652587	91.79122553032738	51.76085826680287	58.68676788050477	87.44103475638437	85.95393420879056	88.7986244205762	72.50981182055608	87.47915962246603	87.61836280249724	100.8661667983718	68.96533752008935	64.63168512148759	77.35662068953188	107.4071162089985	106.9567709219049	39.9853441619839	105.2501938999949	68.22277793736981	39.09854711501757	121.5623566995389	82.10029741128508	59.38483518133447	114.4793601673221	116.7193973302832
106.7590714222092	119.9778289093645	18.93073570655341	32.52603650459167	110.5567256643562	108.8605550218112	118.3296156524636	27.0842377440993	89.76679985788775	116.4141954255473	93.19269064431451	77.35792385315142	71.90054310120394	52.6164773885923	94.30932609373811	97.05318133677463	1.748096879521233	58.79658318324506	23.78911776795643	0.9239645288466107	97.6063300477618	84.03287679512378	30.66501385172519	58.44516993407774	117.0684339925641
98.65389931159724	105.001457879195	64.76720699157157	53.38212283862902	84.61317046411328	101.5807563276878	84.39155452524923	28.49146601237477	104.2282700312017	94.97921297812417	104.0567790696289	88.57012639444727	48.91670803986844	61.57632289107836	115.3676125552195	94.68735078390202	13.51774855844165	85.22304878181316	26.11492337036663	50.13766381466218	116.1011550354299	106.0220271265565	39.18831081067375	73.65814662721019	103.7426596638488
87.10470846128712	89.25866632813749	54.98985416276804	90.9352899434007	94.51509066937575	80.5105034398924	118.4688432703311	60.96316542897905	115.1414038878682	89.58562038470633	99.21582261474791	102.7994128415134	76.40495515115072	75.95296220752486	100.1969759039037	107.3048731151795	51.27965043177858	83.31924517024787	68.72941684444038	63.75288958007164	95.49916480353841	101.0116808168474	47.27980102660263	79.50441964845461	101.0716544234635
117.6181527377229	79.35453643288056	48.16103822808162	55.45570894557405	93.95457856032246	92.35757996300553	103.283360786887	2.422531390473463	90.18858850888122	86.83795566564842	80.24594440976431	40.62647266445781	54.9752854107312	51.48035088666549	90.79616554959559	113.2159400256569	5.692389568637303	87.3406399118165	2.000983506178844	35.11779545525004	118.8489490651544	115.2140476551579	0.7861494974010115	74.7213197001573	106.7916850325607
114.541327999064	95.19423288584072	29.46284874411995	28.09754260989033	82.91634219082707	100.6641048749364	84.00306137662461	2.045816581498495	94.1749355231707	83.37794721736206	69.31016705140676	33.1640845002467	26.93193070782804	66.9968417251898	89.21549268614849	100.1903557218373	1.719135146643314	72.97367102539857	19.56516910692663	8.75849413823256	77.77859220921833	72.72262946335179	0.9013028435875516	72.38673643447146	108.0654577384764
94.89638441895403	110.3200458576646	41.36168333172706	79.88436443933779	84.07938434026138	96.40437080048372	88.11296480464881	29.18111250666625	92.9992094785735	85.7429312487946	85.1305767627546	74.44696921380117	78.87902078900746	65.02328120027128	81.25112881054615	99.27984857119066	40.65376575844832	88.69064690329726	51.15387423744295	35.61287303051658	85.03157908609252	93.00995120693932	23.57173816141172	64.93861296610781	108.3513061892142
112.1622405649406	87.54255055449467	76.37915309217721	65.71179065365811	101.0581327844635	103.6421488436217	116.1531399528709	49.51156871861046	110.0390690449568	107.996232092146	74.18594904056579	61.82752354286981	57.92900591535147	82.02403761529511	102.9015904915999	110.5616867349827	38.81979322608368	69.39291461348463	30.3959324133147	55.50989409782019	118.8158695393293	103.0843979025911	44.52094207695546	91.01518989577312	86.77338793054041
81.74388934493027	82.73319883652294	15.24571489355068	1.013037984495241	74.0287413950406	73.52581779352768	104.854203282601	1.440195860317194	96.81006475652811	87.78613129627959	53.98326327387336	47.40764305881866	52.93099176754579	30.1965230218232	77.39243195573492	83.42982641276464	0.8617979886623504	36.67949017751663	3.23704248572605	1.970514400675723	93.3661840022953	90.7235536288371	2.849542968823076	66.10270659524392	90.65967441283544
91.01758018536117	81.2369950390611	19.94102645109407	36.03164467151511	94.20528972288128	94.21577664498325	118.8527591123585	0.5087966634815213	103.2086236403906	72.74775598416831	82.57302800679801	50.60922200799527	65.85575400800138	49.35855488863425	77.81233645820268	117.2272751062502	2.192680022219319	56.65681538832399	8.376871009076879	9.915375765663676	87.7883315835771	99.89690733786082	1.688656018360833	53.96565911860937	110.5583519628626
