96.48907648327616	97.15759437802957	99.99704374493746	99.98591136776844	98.36467737689422	98.45808496347448	96.60210597268197	99.96195682574147	98.33094749330323	98.20061240059742	99.04755290860545	99.93789089731413	99.90530341728284	99.34875545562326	96.73863369656578	97.04150526548774	99.90491366235325	99.8482983684753	99.99397575811142	99.96674754677616	97.67194184608046	98.65797079973248	99.93830403117229	99.21429372229966	97.41558948922783
99.13078677089634	99.4454833992227	99.37766658203687	99.5839131593153	99.88713856598433	99.90950207454139	99.20319788781912	98.6898782787861	99.87071007032249	99.84655854410104	99.99649864248153	99.82086877695974	99.87035723668393	99.98737227193683	99.24613368833293	99.37892708713123	98.43764349621118	99.96918936693467	98.98194890978871	98.76138085939074	99.64964410323753	99.95524243569686	98.62129653203492	99.99740413002891	99.55284273135705
98.5504848572343	98.98253138498882	99.73194359919982	99.85180754721451	99.62680368596735	99.65930304379609	98.63453493809752	99.2536407211566	99.59840183475397	99.56163798811751	99.90638995321171	99.97656216747089	99.99095285988231	99.97903160656905	98.7137963464622	98.89017280232805	99.05201083409486	99.9825665542723	99.46722646391862	99.28490413617367	99.25858311195216	99.77299431008969	99.1674172660819	99.94900763675565	99.09844772111224
97.79139794910724	98.29954125220404	99.9423822203447	99.9884537938358	99.19135807705236	99.26630988685744	97.9134615367756	99.65875860925452	99.17861428604471	99.08853813076456	99.65345415164084	99.98742180790069	99.98830662790881	99.81376426645416	97.95783034378182	98.21621418883568	99.51594654293797	99.99749813142851	99.80218409461347	99.68501328949236	98.71488322665807	99.40478583259333	99.6100449662726	99.750699201321	98.47869730592902
97.90673260760417	98.42276519744702	99.92395704396772	99.97880460839163	99.27672965692953	99.33658927209828	98.00411350484653	99.60392244109578	99.23741971041082	99.16564266430275	99.70294937442473	99.98826702246251	99.98685587995764	99.85323575245508	98.07241476763484	98.33684674102817	99.45728710869717	99.9911519992957	99.75367838365132	99.62404912054545	98.77984023753895	99.4814187211653	99.55693246941573	99.78986721432649	98.57869988921905
97.5329519817589	98.11360786275978	99.97323712368146	99.99721007552519	99.05356032058573	99.10417505925633	97.65064042333375	99.7413188269438	99.01550841641206	98.92981451341642	99.55774305068233	99.99041221240483	99.99630409145382	99.74484436379198	97.73460270647804	97.98541522484993	99.62300965982982	99.99079629034114	99.86016781034898	99.7637208560412	98.51271852310457	99.27521768141611	99.69762387714293	99.66611323350423	98.2721438288031
97.59362353838911	98.1345099386386	99.96979779271754	99.99654416064988	99.0592345879279	99.13800737049982	97.69618514641064	99.72645229699246	99.03403099649884	98.9524438885441	99.56838663522196	99.98939760015737	99.9943846288463	99.76635710191964	97.79737841980774	98.04893985874483	99.59819881154628	99.99174994056347	99.84611707232045	99.75158910645146	98.53468768742229	99.29551348170398	99.68560756064591	99.67836875017035	98.30963489731353
97.53385649522862	98.09053174869024	99.97608026959801	99.99730388076678	99.04890533120049	99.12227017077578	97.66128677698933	99.75331402844739	99.00635749307884	98.93694000685011	99.54876984822234	99.99058952401269	99.99662567063235	99.73922950784612	97.7409399555777	97.98306357115236	99.62708572265517	99.98985848066133	99.87058746688137	99.76521790446397	98.51297584633116	99.2827247304557	99.71221407591555	99.64635589538861	98.27126123812249
98.66056336275388	99.07256755524737	99.66543510665863	99.81560491118684	99.69386954103359	99.73225463026091	98.76376164939111	99.14550617342563	99.6716318201884	99.62674613079628	99.93447102334495	99.956606999001	99.97997811907679	99.99156015091324	98.80863390265201	99.01566285925473	98.92640552249942	99.98865532745943	99.3850658053568	99.18925785747371	99.36829282268928	99.81103197276575	99.08229301229544	99.97159926117203	99.19589084671146
98.25625622164505	98.75115696204857	99.82588394161623	99.92107816399226	99.48050273143791	99.54040850747502	98.36921639857661	99.42469074223176	99.45814854427081	99.39329345665922	99.82727069364635	99.99648564733143	99.99397328864788	99.9402239067991	98.45479843908261	98.65351035414459	99.24050493165275	99.97888374031874	99.60630315155447	99.45404908367482	99.06368915005726	99.66180784321882	99.34612247193321	99.89733668195827	98.90828349027827
98.09988499717848	98.58163185976751	99.88533962958125	99.95938913290361	99.37251692728493	99.44192366307159	98.19050303171869	99.52460013478654	99.35106009327075	99.27880637528446	99.76188978206677	99.99357825016907	99.98796255555104	99.90284029057381	98.25359796514816	98.50277204115059	99.36076747096391	99.98268848183048	99.68462113841777	99.54064855183327	98.93663096145447	99.57064906359388	99.45420566103198	99.84299586828543	98.7349850103724
99.26848762097821	99.56717664875771	99.23183848566812	99.45934463388544	99.9323664857141	99.94973627815773	99.34156037839527	98.48120854964759	99.92361325547343	99.898610567227	99.99067726423765	99.75014383948958	99.80997589558955	99.95842040459718	99.38543981299756	99.51377332274572	98.2119759186395	99.9360278069686	98.80336139137674	98.52897330533172	99.75431779453575	99.98372780248418	98.38856122956709	99.99074112227684	99.65166308939764
98.5937877140378	99.01889119348846	99.70101348562901	99.84116501078472	99.6426046162351	99.69220907426286	98.6913476611474	99.21614616114192	99.62623774791959	99.58306843586672	99.92223715709547	99.96742907514133	99.9854691546028	99.98518056148427	98.76488035010217	98.94174673929781	98.98767626779758	99.9847173168986	99.42663897160966	99.23059499767677	99.29867566526417	99.79393476244668	99.12818637447297	99.95730487373166	99.14583948691296
99.89904704135215	99.98072370404155	98.03542829117383	98.42019152557017	99.95839279768028	99.99585728445307	99.91654345085142	96.91688246108873	99.96914738666312	99.99366218847744	99.91393184649759	98.92884670692179	99.05653789896064	99.47719448704669	99.93022258955831	99.97121020559196	96.51594612304618	99.38482544259982	97.40057687542523	96.97144216951132	99.99417464841569	99.9881905844878	96.79715107692498	99.62549752153153	99.99363908266201
98.77688175639928	99.1737565042592	99.60669576247172	99.76551092301254	99.73345549758523	99.77561714292921	98.85999104911306	99.0711843254729	99.72646924948268	99.67349238472553	99.95372590326109	99.93419268333285	99.96695744603861	99.9962714487195	98.93293661748176	99.08678357340706	98.82364327337436	99.99632555025826	99.30453734496886	99.09915144114331	99.43291324552526	99.85766953544932	98.9830484672914	99.98237909890886	99.28480402293339
99.12665634662756	99.43449072370238	99.38678393839665	99.59133822943416	99.88257173122631	99.90336819337665	99.19856031453766	98.72034312136481	99.87055593222284	99.83784304435619	99.9964089033024	99.82839950725769	99.87086715412454	99.98737409811916	99.24190508215901	99.37542784959781	98.42358234019194	99.97365535147075	98.99540760166984	98.75188073201952	99.65137951236677	99.95229984319589	98.61658809962026	99.99730153380489	99.535733307303
98.77128781829767	99.18421165644655	99.60655669679726	99.77116301167611	99.74208541302899	99.77535585155826	98.87698215847162	99.05206781548405	99.72581969764376	99.67463732897055	99.95788863131614	99.93276547723417	99.96107111445566	99.99624414094059	98.9408557301965	99.09356998376556	98.83378664087407	99.99677675687813	99.2909884326472	99.08381533611275	99.43623779787238	99.85047483361012	98.9814322554226	99.98370353432971	99.30618499326414
99.54550757509338	99.77576979890084	98.90363854428136	99.17736731087481	99.99066600711002	99.9951142586267	99.58872340715263	98.03681015123767	99.98875243702105	99.98108558607397	99.98948756708225	99.53427686104112	99.62367350531882	99.86341603285612	99.64274757119202	99.72801611316038	97.71770557811207	99.81526839166047	98.39070340576882	98.06797161076091	99.89623531398698	99.98675634765779	97.90610834626557	99.92667660548096	99.83690648141533
98.85229976913324	99.23410226001924	99.55243090488149	99.73370078250318	99.77562133040296	99.80750224609689	98.95523897192827	98.97669688215984	99.76738990022992	99.72694079187418	99.97294454303433	99.91371368711998	99.94630001096203	99.99739876919767	98.99440961609581	99.17417979818993	98.75805439895578	99.99577662963478	99.24524644874606	99.02801866477205	99.49302236311046	99.88921069318738	98.91072339709964	99.99292541164351	99.36174581384843
99.48868149496498	99.72195329121824	98.98237546630523	99.24419594455794	99.98234944869061	99.9903774248949	99.54088995144841	98.1775321286474	99.97843903301023	99.96324541301671	99.9869503495147	99.58893875027384	99.66587341704103	99.88944219354684	99.56980084396498	99.67833215903359	97.82903059626939	99.85590010403509	98.48616633371716	98.18788627982431	99.86412373722133	99.99530017457602	98.03575094088001	99.94810694486794	99.79114907773618
98.04052618699897	98.52670663782814	99.89582008902785	99.963569642229	99.34229120165602	99.40043418688226	98.15891475499834	99.53787076146273	99.32000630836475	99.26255438367507	99.75466512437433	99.99181315721324	99.98731084169208	99.88475336973288	98.21477710760603	98.46536611916902	99.39212778523316	99.98433931089438	99.70029866017788	99.56998539997267	98.91615755346656	99.55316258838533	99.49571136534529	99.8323074089728	98.69827036371571
98.88922676770468	99.2784996590599	99.53745021661254	99.71432005755678	99.78894331469303	99.81659054443462	98.99649978196621	98.96491482993729	99.77517535458033	99.72970183254206	99.97779292083852	99.90919114767352	99.94390569195437	99.99734911663872	99.04497452252075	99.21200288127744	98.7189462221102	99.99504557578345	99.21752188273797	98.98130615221618	99.52071578007775	99.89119336856362	98.87428145380801	99.993780184927	99.38086026979455
99.02600373996762	99.36176323245486	99.45596335353301	99.63360869322406	99.84095969651962	99.86740684511294	99.10438786507537	98.83001373611786	99.82836915524624	99.79257275578614	99.99139100065327	99.86675356284105	99.90317319271345	99.99375269841599	99.17346148288753	99.31939816490663	98.57339372893706	99.98414149727927	99.09719621492151	98.86475039114292	99.59744294309077	99.93479454595081	98.73700724923198	99.99735272523014	99.4757292582416
99.61928158926074	99.82825028586383	98.77687002547042	99.07156896216027	99.997202305843	99.99518696549833	99.67011375740915	97.8507611499445	99.99618833130458	99.99261922620207	99.99618364945158	99.44045329297532	99.53409454546446	99.81273732766061	99.70290819374755	99.79158757058751	97.51095271318479	99.75805542090899	98.25922989113596	97.90180450958157	99.92936181612473	99.97824932467041	97.75606639439469	99.8922320890409	99.87668676475872
98.69577128329541	99.12525706843648	99.65953869503423	99.79566094918424	99.71128042595582	99.7360614055624	98.80093143736755	99.12026463496252	99.68305246697808	99.63673778292311	99.94093855825558	99.94845473862948	99.97375869291272	99.99296028265861	98.86136894981253	99.03143833497526	98.90753243608602	99.9912380109777	99.35193051810029	99.16257361294008	99.37781858005759	99.83624702042104	99.03626009122071	99.97355977740341	99.2457017280521
99.22223849452473	99.53005389539329	99.28758793465843	99.50816013603153	99.9127580303384	99.93649791685111	99.29339320189958	98.57089388467195	99.90320626894434	99.87356485021195	99.99491130933386	99.77305765553643	99.83052167873771	99.9746757064832	99.34001744451768	99.47028074211727	98.30336548673699	99.95353622842566	98.8784299335564	98.61957782742732	99.71284490917687	99.97333783661463	98.49434297701094	99.99456590921447	99.61529635057803
99.83245128172661	99.95691715449749	98.22561728376101	98.58599282906376	99.97990064184707	99.99371787817094	99.86714420338382	97.20880668321794	99.98866358993827	99.98950763313758	99.95648455466794	99.10386254538305	99.21372581394047	99.58999234184799	99.88539782127154	99.93402261750435	96.80895185864304	99.51046433331803	97.64731844602727	97.24268316301001	99.995151188368	99.97715160549787	97.04966047408288	99.7189440074462	99.98102041302953
99.97570719809218	99.99608763472408	97.52958948768678	97.9204477335974	99.85787964707986	99.95185246217221	99.98638925131151	96.2864559847207	99.87651962502436	99.97762834185417	99.79234111213452	98.5551765966725	98.69444827640729	99.2155893690318	99.99077291993611	99.9965155376007	95.83911987220549	99.10260699171374	96.76802343394019	96.37588454755861	99.99340148928223	99.98043921463587	96.15108015115531	99.39350673100898	99.98258026858177
99.99427879943715	99.99701569697446	97.24391319442404	97.67262167529803	99.77076461798255	99.89847280526133	99.99727000737846	95.96914830936531	99.81254604803176	99.94468470616522	99.70116404951806	98.34297500836155	98.47460163876475	99.02951051307465	99.9971916663455	99.99021812227595	95.45306628103569	98.90476920982383	96.45561176385785	95.99595416546542	99.99553235635389	99.95166936507547	95.76161532589722	99.22993564003855	99.98047979668662
99.94296647894319	99.99560316803093	97.76408019016417	98.16337128005406	99.91482538481081	99.98173830899162	99.95755813715192	96.63617114660676	99.9271789671613	99.99548418514948	99.86318832840898	98.73288441654699	98.88445495121495	99.35156596669033	99.96815289380957	99.99198571185039	96.22727070902101	99.23734904093851	97.11610577811459	96.65819113417942	99.9900263747076	99.9956987508866	96.45345510478745	99.50772665547055	99.99245467998696
99.98520476003378	99.99630076569859	97.4227724417092	97.84038553618785	99.82839902998391	99.93731758119367	99.992302767026	96.20876090499158	99.85406271919516	99.9678145182244	99.76541132581008	98.48788165213388	98.64546092808811	99.14904588858377	99.99577908256272	99.99356682330043	95.69586725793435	99.03881105879132	96.66324923675698	96.21809839260585	99.99619234902929	99.97026301317101	96.02154905292649	99.34105569791728	99.98101639391548
99.9710472790271	99.99633745106237	97.56320164804183	97.97191562450584	99.86596132663988	99.9568950448772	99.98171810900168	96.35502090473673	99.89253534067703	99.98465032891613	99.80849229430643	98.58656917797674	98.73893474922757	99.24107466288976	99.98814543264839	99.99748898843693	95.89581687856217	99.11799578824733	96.88332217626748	96.44805781395726	99.99206282823631	99.98541029314705	96.21937888918862	99.41441065784259	99.98399901716172
99.98604953056271	99.93925508921464	96.47957246242656	96.99897564291021	99.52958098062754	99.71959952620757	99.98688885742305	95.00773463936395	99.57926715543863	99.79668726022433	99.41668374893604	97.7449414077897	97.90679753443521	98.56106715375667	99.97054382339978	99.99323483596704	94.54499671926719	98.43374278997248	95.61686695987134	95.09657564888784	99.93228668994267	99.81569694645927	94.85582731593296	98.80906502932277	99.99553309146818
99.92531547374212	99.99213329950599	97.88816497158541	98.29030697723738	99.93406571957769	99.99004993149774	99.9460089255592	96.78838869004895	99.9490017961034	99.99718734835631	99.88593121025723	98.84905366079113	98.97305679977624	99.42302146504248	99.95380682059843	99.98294450914838	96.37355018972521	99.32333210630161	97.24299570132739	96.82437764517415	99.99102976809039	99.99748664743467	96.60773910857222	99.55805933790076	99.99736141839007
99.62812234775436	99.81790075034154	98.77239340448625	99.0670549072794	99.99691241975844	99.9955286859727	99.65874713170292	97.89804955063575	99.99618948541715	99.99172440333987	99.99579467815337	99.46541267784002	99.55343224132754	99.81980770669998	99.7034599533818	99.77921102772672	97.53349989998516	99.75977271405615	98.25383847677148	97.90352379010999	99.92425198324705	99.9785594859211	97.74333546340402	99.90000840605941	99.87318872556497
99.99742095185017	99.98906467817255	97.04388415456594	97.49959688813442	99.72232841611076	99.86656982027266	99.996502882958	95.72185526171991	99.75254004325139	99.91881977040497	99.62971179284345	98.15737888651078	98.34451866269947	98.90626282469185	99.99738842715608	99.99047462443951	95.24212099423394	98.79642540504683	96.25278089761363	95.74346249918486	99.98552894145847	99.92331301631498	95.5247460392978	99.1120934556952	99.98354809759687
98.79251005486248	99.16457755139572	99.61073794200402	99.77258415497234	99.73124938056877	99.76961584579061	98.88007029756743	99.05936340314624	99.71309130617833	99.66878685183801	99.95569574363266	99.93441228057107	99.96558197620628	99.99644349634508	98.92869115016583	99.0905952621661	98.84930323690021	99.99635667077128	99.2939359272538	99.09810869308824	99.42971311693137	99.85621824945589	98.98783921376543	99.98215140874731	99.28761810783885
99.99648876568216	99.99569480208366	97.17168136969492	97.62986291165143	99.75729917477545	99.89097538009197	99.99743544271659	95.86571259470618	99.79445170675302	99.93768914944651	99.68614656001749	98.28234369190912	98.42928212700943	98.9957851224009	99.99691434135343	99.9898978810221	95.36619993551166	98.87354715792274	96.40314009037763	95.91666383240124	99.99216552077215	99.94146457365257	95.69941810407978	99.20970269562214	99.9810030785784
99.13778986002954	99.46485660462268	99.36755663918096	99.57593554247543	99.88087821886302	99.90828364127754	99.19766576957491	98.69956276148541	99.87740636481055	99.84374307629314	99.99634616240814	99.82225273774581	99.86951030066037	99.98626109956545	99.26072853676467	99.3894286972407	98.44449370077429	99.97174507062006	98.99107986960448	98.7220459253173	99.65902345552104	99.95621292984679	98.60906006389794	99.99749290532722	99.55378922968504
99.74545169112041	99.90793723123981	98.48808953612522	98.82120143313597	99.99691298544181	99.98878182915996	99.7891844582655	97.53352531264375	99.99720253623312	99.99318557288491	99.98751871615227	99.26546691066736	99.3839452627487	99.70237990461715	99.80723117963547	99.87813883159261	97.15677613746524	99.62997069893589	97.93587678530891	97.55398256999173	99.97771554261024	99.97205050292048	97.37919721560485	99.80735894705661	99.94305979405978
99.85774673701425	99.96492936708025	98.18970475973569	98.54066059050497	99.97610817951859	99.99608164268372	99.87997457190426	97.12602668125842	99.98358625760383	99.99005915024864	99.94647304732285	99.06251379644455	99.16133879199418	99.56655915033488	99.8987288394611	99.94453861115885	96.70806369950576	99.47863749434637	97.57800983866673	97.16385350559655	99.9963570154119	99.97955320201353	97.00789461895505	99.68751716477963	99.98564848721296
99.94762990094021	99.86372674877396	95.97001830157819	96.52275101786203	99.35861053425221	99.58874198432325	99.94258312407226	94.46165767113398	99.39245277198427	99.67800811627146	99.21968704058159	97.33679652805012	97.5297732661503	98.24804547721831	99.92212808002164	99.96191353583762	93.96600190197042	98.10643367136251	95.09268816181476	94.54244423518658	99.84916962592369	99.68340627724552	94.25718788895205	98.54643383915767	99.968923642625
99.99749828057335	99.97754000673351	96.8479740378649	97.28813489215304	99.66125567983215	99.8218180478931	99.99731699322597	95.45770353419518	99.69217010024975	99.88355266551342	99.55905617091693	97.99939598099792	98.16902045103143	98.81006828255684	99.99275965369235	99.99393801522059	94.96992549045373	98.65885605729574	96.03996922734987	95.53401537145857	99.96938307328111	99.89027383560949	95.28323931575308	99.01441681370595	99.98962445518171
99.87956057882664	99.97831333147957	98.06183718248148	98.44912237760639	99.96477946314248	99.99623768900653	99.91149613364246	96.98076800061834	99.97346985132822	99.99216193738346	99.9285222825968	98.96108390008962	99.10134698437929	99.51527837174442	99.92134897128373	99.96329687404247	96.61587688496448	99.42894631450481	97.44630587206208	97.03952149860444	99.99593850542898	99.98518529397353	96.86987302600899	99.6372646842962	99.99227851299169
99.94314255697464	99.853746999422	95.92670133227203	96.50035130165844	99.32895434440098	99.56380103965292	99.94324871950197	94.45781772607671	99.38840377851427	99.67303129777932	99.20827066109138	97.32751407568853	97.52252721819103	98.23078526272053	99.91138201009237	99.95930895430774	93.86063051031699	98.07135061815708	95.04851038199722	94.51557810794338	99.84026272375385	99.68646218891061	94.21255399330479	98.53269264290171	99.96727097686515
99.74237367266757	99.57198929548302	94.78162402225088	95.39389007259716	98.80939993752406	99.12413257651079	99.72696559981449	93.06746325290831	98.88274645926403	99.27655499631003	98.63312469180613	96.31931919663482	96.60848031496133	97.45064144057082	99.68513496761155	99.78120974491299	92.48587383129733	97.25782115170558	93.76548823876072	93.12367438229434	99.5586493454295	99.29164437646642	92.87663789931534	97.75699328363145	99.78541398048633
99.99708965180363	99.98097388861092	96.89742281896827	97.39539907913669	99.6751130414771	99.84214088659024	99.99700989506331	95.56653771020514	99.7214020915585	99.89270262776569	99.58557443958411	98.05485496052439	98.23618249132549	98.85715349419783	99.99559226873643	99.99205772063495	95.06636932243505	98.70134255885007	96.11712052424541	95.65516475563822	99.97771685957765	99.9022521228155	95.36358071399988	99.0762836133032	99.98664814143885
99.9794275613841	99.99607632295856	97.48862715731518	97.89788363099076	99.84021947344462	99.94411626898905	99.98978984536339	96.21130837292627	99.86736900151996	99.97629861159396	99.78340300506474	98.50733648050299	98.66223324486637	99.16537098652928	99.99405610487604	99.99496116401276	95.79158278797387	99.0592928637448	96.76152496239501	96.28375911186674	99.99469027266494	99.97810477680486	96.10045405335634	99.37079887584161	99.98173489525524
99.58566694860377	99.35953544815871	94.09044760626747	94.73497520072992	98.47039522423977	98.84567705250204	99.57291830163004	92.25934222828921	98.56021049398979	99.03024494539923	98.28120010665712	95.76142664551999	96.0560753923702	96.93808645757173	99.48642435154805	99.63067298119283	91.65255158142386	96.72652037215116	93.00620177703875	92.34955582920193	99.33269541740384	99.02390988335486	92.09885149497363	97.30113431797407	99.64826582210399
99.77722071805617	99.62094406898753	94.97860800868708	95.55012246631225	98.90628172107135	99.21123912688714	99.76803767671323	93.24412550498458	98.97793870538715	99.33950018677726	98.74452651027033	96.52091810055646	96.73294624369102	97.57007803789493	99.71560234725926	99.81061549503487	92.67926321241026	97.38661330287509	93.91911612289235	93.35654629532704	99.60167446571722	99.37018265364743	93.05129779421168	97.89905633228747	99.82248699350342
