27.55186879024406	61.95129405521961	89.17292308012532	84.70636637801044	72.51610314074748	83.13761778749841	35.94071423108731	103.8854937400337	77.57634249784363	63.19448405208037	69.39459786305351	86.83260550462751	102.2662531085451	87.08385038677883	53.52957888187804	56.08517160891149	84.36163246684096	102.4543726822592	97.75544553400391	92.50722389739869	71.69886951037232	79.08341698414162	104.31091602565	73.16999359966785	49.36224405328514
69.87565187857943	93.35989943649977	101.1873627780315	103.9285544469916	99.11766377562969	106.0880165088575	83.46322322171903	85.01445256992123	92.32323500457511	91.86285321756499	89.79977175076176	94.98675570372164	113.9806374751773	93.33949061728471	80.64671267060248	98.41410406931215	88.71306891125823	93.1807816614744	79.63991819100504	89.75223173657979	96.29017757315333	96.8556912212027	82.74123481727051	94.85916689688442	99.3850234302522
50.46767591186079	70.89141047059408	105.239898887739	112.066423071846	75.25971832178166	101.9452283715381	78.09076352103523	107.552239832443	97.41317418523892	86.96895153280279	96.96169252354504	93.19031538774476	109.516105022516	109.9134939827633	58.06981696894898	73.34574821081304	87.79890603291794	96.64973073888081	99.01039014011181	84.12268979528626	76.55549666166596	95.74855415096208	102.3856203630682	107.9910890958117	81.66675689518283
39.2751231992648	53.20017490240986	101.3588881329253	96.44172818376089	95.17412040640372	69.70657260171079	69.11351319852383	87.63404631116134	68.31191252510533	72.8332178787301	103.4242962475295	96.16530682037772	94.80582642655757	102.5916989960392	50.95641274091298	54.13003265737835	106.4720010794726	102.2834691935971	85.72908837824143	97.99833337988201	80.99075101334397	82.16646099227209	101.9479723685888	98.57989555613401	60.53901314330508
55.3614709858283	52.0551917629206	96.01668431592955	102.733434925018	70.7577046992692	86.05726157735694	37.52682611540224	105.8966521857616	77.96469452114856	85.82086726431523	92.60961599868949	98.68034037107955	103.7686542119313	82.93623882663809	43.57838197823524	62.73546654555636	100.9216806395795	89.825102386699	111.6327106641433	96.67543255734141	75.26985286437088	88.00214431355074	83.90193765030168	93.44558802853417	52.69899340994759
68.30051355087481	68.37377441195845	94.12618142437795	100.3756143144703	87.2987219128152	102.0170865729784	70.45681833544414	100.5120996951803	84.34650727447678	75.32545449444467	93.67130262408261	102.5387346475222	85.41945470655656	104.3445621231647	69.67404096197028	62.51736789164954	76.03627256452128	106.6205477115957	96.00385687624733	96.27848529488816	88.38600433051658	80.92068052476255	105.6120962396452	104.634449983657	87.53350830240942
105.3666879381136	104.8107052005027	70.89519720290686	93.98785988577869	100.0055436818281	96.92812708262046	88.18968389570134	76.4528161412081	85.44645481369791	108.4887246684586	99.9398175317629	85.25405715399154	98.61559144781467	110.5467178349856	86.59074370488868	85.52016378041159	73.19677800505175	98.65242724970958	84.08820280863439	59.63237989693721	110.0803849738259	113.819717828735	72.70840334605863	90.27697298084098	99.09372458483315
68.04008812454536	75.75889519212546	113.0220109077585	92.68718300321679	99.44464920516836	97.05859625392083	58.41828483640987	95.04299775193205	71.55550447316125	88.47646142795782	104.5226665211067	107.0081905932655	90.36330983747551	104.9361336991594	66.12988395756476	54.89337158880278	90.97473239997338	104.358708646428	101.4572013401033	96.55473395395488	80.31173729973379	87.66891541614699	82.68304008142397	103.448360324342	62.32013516241066
62.54791561579185	72.09964596443892	101.5509053630066	98.16397693898006	76.96669015096593	83.17067018525431	63.86751911940291	102.0054397754626	70.99807608662161	70.35526143360541	79.32300734026887	107.8894079640034	112.5701752138718	90.76929680184075	58.97339640269965	76.46936746121457	83.47780319141688	101.2684119158136	92.03935089404496	87.82558863302359	78.94962019558884	71.97958755158604	88.83132984112456	79.16067322809745	83.42381439310972
96.10721376086241	99.00796357276514	96.43870607871764	83.01336289911704	110.9901150030349	111.3930655924653	103.8845038849059	77.50456622917847	100.0186229225317	110.3995322092002	97.90262463274198	98.78875011996723	103.8586964247298	85.3890718917549	96.53540813608029	85.13804797352249	75.52158948053666	108.6429927935009	70.3276647542921	61.33613298029978	99.87318250671235	100.6145640267764	82.96731937675092	97.39445757548587	97.14626773285187
111.5292952891484	85.75730809443873	69.97829991810553	72.25903393248004	93.16870890056123	93.51362752582696	112.0642707818087	58.23692127042105	114.1333283705175	85.32392875406619	98.93028087051152	89.46124224763605	91.75682105522314	104.2998420904206	98.32565261699003	89.26112166561191	46.52763304532969	93.17054328222937	61.20606884822141	69.08986039662962	100.8513965222943	95.98529689643988	45.79899634552539	94.82258449694805	100.6832035362325
62.87532834927258	58.35224809169232	91.03930450017903	90.51472103855922	71.97485464103234	82.60152657983311	59.76425737404642	82.1894014147975	86.13606536905489	85.11079440235063	80.29465160853309	109.5530316463926	100.2970052664411	109.3404749508414	67.51430123827996	65.68864585749054	99.56513833775514	102.3095246475521	95.85694988639356	97.06949339106227	66.50292275416643	92.09397784496727	106.9287479303366	85.4232279532211	65.90286226112121
76.24365396736434	64.5785320578142	84.98379637376335	92.48918234783309	100.4312036122673	84.41318130999234	54.85165908962513	95.48315328604698	102.1395951852123	74.14416518653165	107.6858171835461	86.54677734612176	104.0352029269116	95.30602361048457	61.97006779400341	79.0752069157282	104.1223419701513	88.04310219776457	99.99201734828272	96.95529298862026	73.49753364426273	93.51852095403747	79.29690814899728	82.49169794855577	63.52070613534862
103.4488698724501	96.25145284026321	63.8227380159273	91.42381318177297	101.0419847819653	112.5400462623335	112.2834398783551	57.36218854389332	90.87150253588155	104.6108084510929	88.47854920425347	93.29811275550722	95.97467256959075	85.77242325383901	95.96664231599578	106.5707602230265	44.71148918257716	96.07133323439484	75.4529877525662	60.74451177466439	96.53218207617678	98.61260389994897	37.81276093591273	83.47473224503494	112.7399820065316
80.66970003461907	77.97132653080489	108.5977872303184	100.6220351917326	102.4836878726128	85.96927369611002	82.03077349828354	84.21937181509458	89.75801697336604	95.72470969723598	93.61154413895018	88.97372267623101	88.90952436182921	111.220172058584	82.8234579336258	64.52549613935385	73.68464398077754	109.3156065749433	104.3702323490493	85.32303586100501	78.95178235575614	81.36300285554933	90.75353685312612	106.9365199545486	92.26895593488571
105.8835026891785	99.1320371322917	90.29192381661734	96.04853003784419	98.83098054572137	108.3921780882443	93.81823462018878	80.1722135623839	87.52986799320676	108.2675766127919	105.898241141228	85.47684073945585	92.54396507839728	98.24062068229989	86.35365541980589	95.4074617909048	63.68565903723122	95.82236729541277	69.96068310195469	76.29460240305391	90.99529062654103	92.47851498086476	66.57387297024047	87.35270808516073	104.915390289388
105.2583383958168	96.36915522118962	57.3537230531402	58.90766731544868	93.2949296779401	112.0001920419889	102.7598955409669	27.28542535017253	81.99724852387254	109.3886029081724	106.8942667679194	72.51618042749621	69.51192402991202	87.50481743063271	113.0518638007844	86.13739303361581	38.61118542901559	77.26054572263165	39.09653778583138	45.8264281337038	103.2889043500683	88.0571934548108	39.32131459681411	78.28165361610584	109.481297647094
106.0252432055754	90.16487296499112	61.20211956267909	51.31245270221834	85.25317052295755	103.4403072307564	95.85039901258118	30.4334933597434	105.2536102955005	107.2092148042716	104.0054675136877	83.98341483452782	85.86057061784811	70.66270221267924	91.37557095295905	109.8893192326689	12.16856142662045	92.44542784102875	49.41935417996936	41.88533894458443	106.8867748406332	96.27093186327129	21.44919605052407	94.82155319797974	108.6747091530744
74.77560971915356	79.77450009175766	90.99813883328507	88.78944663555419	100.0674291371853	110.1709889379619	92.68112324169969	99.60295309456512	98.60014120007818	99.58219292409282	96.49043952890089	111.0304478568955	105.0972624503107	105.3902697492668	76.58396809959268	99.26467336235061	96.97488359728672	97.85321772744747	88.34989558581087	94.72853888811959	104.7465070706839	84.15752819393597	83.94293651244557	85.23704458109363	101.0426586330327
87.99023591576822	95.17672528419867	39.41194372013346	47.27843465892752	94.72451632084763	84.21091771768523	93.65871425505074	41.46571765108725	95.76397610757746	109.1444909581754	98.16168530172652	69.91124114678806	65.5067824316049	83.16543331347387	98.38216334916039	114.0762853694353	35.62961360138232	82.18863251094538	46.63457873181073	39.68197275585733	101.9924570268626	90.77095015863235	24.41373457248537	88.70456003229263	105.1506142756002
76.52465456732881	101.7392049523864	78.79797725523619	83.1606035192883	88.76412975608515	113.9472987598222	84.61556307753352	65.58788780848812	88.91461647827532	95.57112089299717	96.59952272040687	109.2521062482535	97.1383944339134	104.9362580618557	98.44194890804106	79.53525895246536	68.54879257845597	103.3291071024563	73.4702511115777	82.83618310088312	97.3828090946002	84.92955722554623	84.45741798573405	94.77669460284476	87.7233764178288
90.15815997285245	85.03113407776074	86.02966621526622	79.84184078939805	86.67004655090868	92.25324821211579	111.245239599883	54.95052533408597	105.7398794512203	99.32817409949905	92.30895419614566	99.69518683021165	91.13647579648689	87.07223453611365	91.55752284369869	94.81163844396934	61.84779725743718	86.53990418463638	46.87005184977606	57.74642435203751	113.6033416223366	86.58752645783834	67.80618440048943	82.36660244299217	99.3546678540973
101.0763505662583	88.89491593854322	91.18125833355069	93.88475425812941	90.15883233473289	98.18622919043607	101.5766404387191	85.3343838796813	90.53365899905228	90.80958435045426	103.5723672874252	82.90819995742669	108.1084589700386	112.0111839113849	75.62490196609372	86.91745802308152	80.66815041227105	111.5342005762424	78.17754768069996	78.77288392870923	105.3890820310427	93.25903085746302	90.72498446745755	108.6752085030922	106.200917143372
86.23478810458343	93.70992629622297	74.01424050820194	76.15229177292177	108.4901509806089	102.9812995078489	86.12185210469856	55.86425688389858	94.3316331940113	90.05518665161199	91.3673514361156	76.39243327400837	81.08589662332196	93.98056725520667	110.7712607709912	85.79079666905908	45.75765299767912	84.86666144886841	65.88734515645255	44.52782691753895	99.41585106161318	99.05385134524064	51.32622977022832	103.1769554471968	107.1699668125554
80.38538620196633	111.3171588838935	83.32340541858173	83.25840951592839	99.53994828426504	86.33705811407722	89.51226478306177	57.43115618690865	103.7942766467489	103.2477364365877	113.5071486527206	77.96746146452102	105.7687681012706	95.37732317192649	94.57538916318828	106.8223377583371	54.03345167603813	102.3663092002864	72.42173355247381	81.84763531944412	108.1706588368324	111.6599173262947	78.44279545484355	105.0062764452572	105.9315370121045
85.2321357781763	94.8644175213677	68.69347377224361	88.42708562109461	107.5819743440347	91.48314715632078	98.28280392481186	66.88941178751674	90.26749209402733	96.81206887038152	112.1445429136088	87.57676677745145	95.31738311470201	77.45590849510911	89.1323665180047	87.9320869949251	60.71914990229075	96.37245993830356	51.4207559511468	57.04657971006719	91.12041583770466	104.0043934708775	55.68287003122711	107.5057054626754	111.4115798004595
112.2061359756171	111.612461555557	43.76262153937133	65.94718721842312	87.02195818430484	98.19795378403988	97.28696330223859	30.49746759608236	105.383863986934	98.3192459785753	93.60292977772282	72.05066009897799	74.33332846279373	72.6933168420926	113.0371171614873	111.8508353195379	38.97411133807432	76.28932537339182	39.00828419663385	45.16009544374865	102.6842674233177	91.33583946498064	37.68474077961113	103.4136391025988	90.76648804034366
85.81713322917453	109.4799198257267	56.71808698495938	77.57244021888843	103.0351732441728	112.4395051477797	113.2584727073323	55.89670885608062	94.29959282887563	106.6482941427744	99.91989676074233	78.85765840886803	66.75469993057428	92.21177893762929	106.7278908362921	95.23221895887107	36.60096273663444	77.37833342097592	61.07330154466604	45.97875553989487	100.3156503631369	112.181470867122	24.53587758729094	92.8835021003557	101.7118879979417
92.90826317851359	84.4597963223146	78.57638469343019	72.27785655582709	111.2702827137817	97.79079466845148	83.17358770089919	69.8920307773145	92.39601935534402	98.20209527704552	87.73221465339749	85.49184224181914	86.13583239720607	88.85484198447655	84.90766016005313	102.8701180581483	73.62510532010012	103.9776005549182	71.83178656992685	58.65207853041159	88.73613649134607	103.7106833765339	76.46084375506376	94.5005779376324	111.5990304152324
87.5003083434585	86.87193425389421	74.19343540608584	95.25049585666149	105.9651669993912	92.91372788428615	101.9372702790454	70.12524912171122	95.52550222003505	87.30269810150581	105.2387716030981	87.19662534740581	76.37033484867989	106.8828009995944	89.40815340420696	87.27602753933459	53.2081828449783	98.82624299331937	78.25546754015093	61.18627212838906	96.32392539231806	98.85968782913096	66.23824218838429	94.00992365753977	92.06076146107671
107.6813378599632	98.43830947443774	55.65340750548964	77.40931513088823	95.26005512921186	105.3267121687827	108.3414621456639	61.73065556607185	113.2466801392449	109.9197062168223	92.73922718393243	80.00216213804013	90.05703624290481	86.01478917806573	109.6469601339527	96.64058622997921	33.14433694307123	96.74156365032718	54.21146079227009	63.91672107186608	108.7144544841013	107.5844153942625	52.12305172532416	90.97322792386822	109.0629604351989
102.7329388325956	95.49591648038928	39.37353056632354	49.44853389402546	93.12203969224551	84.3170151646386	105.3923249090868	36.18195673010692	94.51475863307769	94.25594524240039	106.5841333778271	62.48786912067959	58.99210826160243	87.76572717555969	95.99332923686336	95.17338409697608	10.79024264808166	87.14128022450937	47.31393248335735	40.8928231702743	113.7885718102514	88.18896018509197	22.35883748893845	75.33193492746723	96.38771891979836
76.05174195623289	83.54486126123579	95.68888073404121	79.82750588667415	92.47296163334705	107.698208732255	84.63636093133273	75.03307486126715	110.6867916207234	100.1662085101157	87.1850264419503	100.5166753158848	96.57364650652433	113.9302770596186	101.9536763767101	79.89749097382315	72.37287414158716	89.7671448484999	88.92184986753762	68.7057634997436	106.9664968672862	94.39584508898176	88.52746856434842	91.34801339553542	90.13221995608696
84.39996471511637	104.0694285722234	89.40699134061502	93.45429623208207	107.8751349278531	103.6477725311924	81.00277474357347	66.80748527688259	94.19612489272816	87.05581117872738	107.0743261563983	94.99113961106106	90.28393626462409	85.99750250013096	78.14323778312233	97.38886547910892	77.98335405367703	89.12624191768531	80.25774331784319	84.2101110272462	89.01409416823344	107.8410549824806	69.07100745000905	96.41022333246949	89.18614187322618
104.1920646056672	100.7113460497819	44.88292150004303	53.2829381395523	106.9915232299509	86.64749614354712	85.9143239606196	41.99676026186596	97.50305934198208	101.3859497152156	94.15441358547537	59.14866350794009	85.08674761387419	76.17757725601491	102.6916786498499	89.75635890692577	10.66075533927143	86.5288824821458	32.43840871240699	33.15312260866335	102.498951635939	108.9560107694875	17.35791959801281	94.32516374732808	94.56716077289572
104.8234766429207	86.75330781069857	69.97614506182225	86.21234745429049	92.57739074628795	91.34321924783544	96.83864628668519	51.70809146304777	112.3069732722782	100.8806370170927	100.0994704829093	89.6916919663764	105.6003207462016	88.9460309131686	102.4276479128031	110.0858922705568	44.62522303854031	90.76954200068562	69.46969588040082	57.39317200245831	100.3283945910666	109.3737978952983	68.85609041161032	102.8942749154114	101.7054696074419
88.30227091263883	109.2312092570326	94.07797286090468	81.32450900712873	112.4902863718609	111.8789279857411	83.86201186235091	63.80319970118865	89.59461479865338	96.59494752350142	90.54820231254166	101.4853724060841	105.7515564944191	96.80026963466206	93.24598010821701	105.3264951052769	73.07864658454366	105.2438596958013	82.638545414665	81.60857487401819	107.7428826930067	104.0711565324534	72.35604479717068	94.94410054981169	89.8819311741088
90.92687142925956	114.1384640726313	63.2959939648499	62.73482592484841	98.75257745407855	87.47457284335337	106.5245539084821	37.48911471291547	85.77869977309973	90.71015018158693	97.34476492559038	84.53751229542179	95.79082801409093	76.26313349050194	106.7101934673475	101.6235498569664	41.0414286083122	87.01086183767502	40.0776424046057	33.63572799196958	104.085146173855	96.67568667432568	40.45413776672959	77.92905429683309	114.7090948040429
83.95394739690218	109.3449899100329	56.99726905987541	84.36443761617156	84.98529349258631	89.03131512110045	94.07524548700516	43.31102292729794	102.0823817958127	114.3633501592013	94.52320052375769	83.21093822246094	96.54433477744169	98.14838903146172	105.2239208038149	111.8938634279418	47.86701127169306	78.08491928856418	59.49795562740911	58.16903042019706	95.4277686867602	87.58370615484189	66.78129903567638	98.68633681906834	106.0635915076963
71.53389826252578	84.86817995652632	87.66446609122397	93.19404109302256	101.3642538033728	103.8086346780605	82.59763324303239	85.29534424623097	96.6619666930159	94.86086604877669	108.5395536867386	98.24353792410147	93.24709268193797	88.44437190754478	96.56906926294783	82.05947151467024	87.05398274047931	113.6149851925469	71.38223206296966	84.55558924709584	96.92854731234743	103.1022346560496	77.10087418710344	85.37978469285065	86.08327913178616
87.92808021118357	87.34017787800549	32.79167027711189	33.75365778689193	82.97128064426443	84.8338771651765	108.2933939224565	5.266241161455994	97.71649498750075	81.44834723328545	73.39076034974686	62.04905593350431	46.10731515008692	78.19887462620595	96.23002269919174	84.39646406559628	1.374788122510465	62.83592975981642	0.2364237780784569	1.112076197668622	99.53747227628648	82.16932423631349	1.931978059696426	72.60197078260241	87.18896738743898
83.31389191926486	94.20947424822533	91.91716019652266	96.58627678287058	109.3490168324778	96.2148597632611	96.04805498871195	68.38803249048364	96.04289335306979	98.49174049542596	90.48886806515802	80.24381518883982	103.4812512328761	99.8424596340062	89.02584455292543	96.33173436090433	60.01648969829598	89.80823257874295	82.9739869015816	55.47171162314925	108.434931021506	105.8011426324979	60.71531235648537	91.82918912142202	106.6365059486965
105.2927330609439	104.0722549723443	42.17700257486651	37.59820939626428	85.69666280760995	83.69578678236584	102.4686728533389	2.247517040843996	78.76016415474174	105.4646156733391	85.84142928276177	68.3950807845285	67.95353493826087	71.09474710176011	97.67075774379614	96.93487027421918	15.30772129821824	63.45738829188488	7.517194120062307	2.05229860612263	107.2458237484143	94.83129136235904	13.04776985315061	65.7000273801989	87.53197283970893
109.4128783610722	113.8093867567591	63.58705300961942	78.80216115593292	101.2575481102875	87.85604183651337	97.17900358411659	28.66742924870239	108.8861617750937	94.24369255438613	100.1818460337095	89.78421984579711	70.4163830468755	96.5681853877725	102.0419552893485	96.37660540696275	46.65244604922297	73.15537126466771	35.11740133565159	43.83345351586671	110.1551287270222	112.1356417152442	34.5156037338812	95.94244667399138	103.1727731542177
112.8996479890527	88.14529939313282	24.29598013807015	45.85905017039997	78.97398580093326	96.65074660881058	91.48398265463929	3.171981691145152	80.71604399499834	92.75382929987862	83.34958599254139	68.60272738404834	71.65287014330291	72.53189781724353	86.28364627662981	89.49668525963018	12.44300541774691	59.57497612024687	24.84938734608487	4.499144911633465	109.5250747362393	91.66481072228719	2.40214532188171	66.49600247786411	109.9226575761436
102.8048191788401	112.8277948439195	46.29148473448618	60.94836372891706	85.51601717435686	111.4620687941989	97.86946386818877	44.64940988442394	107.9299979042103	103.5005042562028	84.52444652928845	63.32310674455455	64.29038278232883	67.46310247052929	98.43614395399192	96.87295629906187	28.79235896337052	91.01092030114268	38.36153425075196	17.56123904554831	114.0863037290592	98.04362823764556	32.10572462522508	92.60846541196008	100.645792292663
85.72004799973251	97.31747171180004	14.1654620026555	11.37372234525233	71.53475833635792	75.88113589043617	102.7958607907338	1.609914665184674	75.20400837319045	77.53576072969865	79.5716676552702	27.87618576207897	46.6473028789586	40.81933803510513	101.3275869211622	90.62430576599485	1.40929451592413	31.25120342898335	0.6038692137730501	0.234279929222824	102.5844297725764	75.613041105116	1.735608174259359	41.06442430665802	89.50110079970565
101.811774327948	103.1908921667241	67.1430049864869	78.34670319120653	111.9277859292311	110.164893990855	93.17724272994751	55.17413401926298	103.7228003783492	91.75076361904478	86.93480664888105	63.92588824716002	93.22289354031476	82.73073304730602	94.07022103902165	106.2065745015138	37.98560278246983	85.79081139240643	40.59218370578027	43.73998420079666	86.47583482712413	97.34326872779448	46.70968548622695	82.87502767195824	85.2829294340349
92.71674802625152	79.28561669838075	2.017069901874323	13.40550457362467	63.63112469342582	77.07228636421229	77.16659220302161	0.4288240952602559	60.90796013003208	68.3678365774349	54.55886962513308	26.4118396360833	17.65330195512694	39.67526579319853	77.27678722171794	99.7060595006147	1.17954656231456	40.69387297200682	0.7257593021441331	0.4447443947635628	90.21783641494966	80.5625180228167	2.021426403681108	55.97906865290997	106.0278712585086
97.31125777915874	106.0553148791777	28.27785123132736	25.79870797274734	85.87910415280204	83.4728101699156	87.59809065852868	5.880998767679721	100.2132330413228	82.30081965790147	81.67570443739739	49.21055220804014	54.33771872297611	72.74850322395321	100.4992414329147	100.1427060226469	1.545180603639188	72.66117340275034	11.31410818921148	3.1198609469538	101.8298770264224	94.9327362444543	1.335728045277268	81.96114487568961	105.5303669320331
