82.36385862810025	116.7795619146476	100.7517149484425	96.34297875119574	108.9638344936685	85.67694799144627	112.5493706508702	78.00601319721909	121.4575009684765	88.65958067511289	85.24021426225195	104.23090782566	109.277557028894	111.6966013252078	97.78471959909727	112.4938864886389	106.4871971995289	80.12796995544726	77.73134687807141	87.40216886180005	95.61091461489855	112.6152228119086	88.9505001830065	110.0318178600241	121.8003634312876
110.024893368936	92.50352693363638	88.47644570138357	97.86622966659962	113.0154532140496	115.2016784289471	93.03516469588803	82.92496883230369	119.5735706632287	120.9435618962729	86.35371804237789	102.1611682335914	88.88902621162697	85.95724557106952	115.7444547295929	89.20683322861022	99.45136744087289	91.42421335839356	105.9459293283073	107.7290685132638	77.69008830597443	84.90365816482822	97.16182465029217	106.9117828850955	84.79326343279236
108.6122392771736	88.28956937796072	90.44901589970927	113.9109735618729	114.6817841422958	120.0523319630434	92.53752382055063	88.51746219294371	120.1463353214969	120.0871103554246	119.4944288327903	95.03694445174301	93.57461633665079	89.37647803639898	97.27130833883918	119.2743648277809	78.31731983917489	86.46679525583403	100.01226569137	111.8773258329221	112.4438320139609	79.24339728125112	80.68535372233237	121.08323007801	81.57649711268903
117.6400008625193	83.79268900494353	116.7875622681925	111.4868235582229	118.1201054880604	81.75478624067824	95.06823066698452	99.12758690846348	121.8029695872346	100.2138154827865	92.72889797201564	88.76216251465425	86.79752863621189	94.9580112497374	109.4232717271349	85.52553800521642	116.9220043575532	102.5810846958171	121.9525094970063	92.23378607758065	80.93797186951359	118.5532457634478	107.4369543294989	78.85174200264251	105.9673082830798
114.0815673803913	104.0580197830401	118.8786767603314	119.8908265460022	117.2287403466755	106.1870781720793	84.77697341616251	119.6982303678199	107.8267908220234	118.1013388546829	79.96019537430689	111.4981180753932	83.37475536561388	109.4147335451629	88.0826993359738	103.9278061616287	97.63137910385319	122.0520498558019	91.68997732751389	105.1589806645892	106.896670170917	88.36861579549922	109.9529300920014	120.0519033779584	97.53184968115443
79.27386057950093	87.19023638796716	121.0578395043351	90.5654469420854	120.9503715831344	94.41224704728066	115.4980418240922	106.3572578905266	86.29601873428676	97.1451962835593	117.3388927424459	99.93738064371706	93.34962901269823	102.6550633393294	96.0109651461688	112.490762615032	118.2485966467457	116.1159235715893	80.69183548726124	110.3092351335069	83.16538703778954	109.4935178686316	112.1500303216588	82.08356200034515	120.8002907043827
110.9352851353423	121.8290848788739	94.93337021754834	88.32814186119899	87.37233365009843	78.44931819339925	98.16331895812066	78.39779000618572	85.94538202651984	105.8425874755787	107.8778233463057	106.3009311475557	84.31080199113649	108.5318242115124	84.84986945985608	83.39907858207147	119.3403243458398	79.09607687228805	122.1333874914698	111.3576379023212	109.8449458900911	90.71322660626633	112.2484349858192	115.2127279250712	97.81377409538942
116.8211715090789	105.0534918250513	101.8333452908974	98.83338632502515	101.7011379084123	113.5340565472666	119.9736047295696	102.8495581609819	97.98486995758347	110.5224343871703	117.0182081102537	101.0185213418522	98.05080004363866	109.0569873676333	117.414792762426	84.74041901389188	116.2263226261111	83.91943640445838	117.0349674236279	104.1335418386727	91.73734917536831	121.9778262063882	115.7831906507465	91.98981285602059	107.7282374847252
97.58060381774888	92.98903670350914	99.99131677397347	99.70840890840726	89.85238757601711	119.9541408306009	107.1522620861451	87.39690838948005	85.54934077344116	121.3474263019513	116.706203474309	78.7763171674614	115.3392611004192	85.98044749194966	86.98403084935835	114.6155488458708	96.8236126806673	85.98018546573304	108.2110468206276	102.5122164692968	92.0462565882486	80.97615426777234	86.69507132216411	93.30243580448503	117.2617904280652
92.52219226856151	101.075726731433	86.94024603318491	83.74779193369295	82.57144045539208	108.6319303277567	84.50217821645415	114.6977942860497	94.36167709172352	121.6230395409627	84.26382785345102	120.6644262969231	84.13811601712803	113.4569547011436	94.75783717490827	91.60431981215238	79.4868901846454	81.97890400514163	85.0028989436161	85.62481448147335	97.9053819214311	91.64294635730155	110.9811113792664	97.17995421339369	97.77838471274717
92.44059395801354	98.0235710396492	82.93742731944164	117.2185707902545	80.26528166495032	90.88539123671883	98.80993548806893	81.73307702405469	78.62195859683477	98.28449280662235	80.83275394896431	95.68873423789802	113.7139215003323	94.47655427670919	87.55903580326166	96.60776003273148	113.1321987046626	85.73489305472819	82.78470709478562	103.6991045201835	105.2460797835008	116.8626361126926	104.8531106766842	102.7218708763359	80.51597681618739
108.0444391940824	118.6085586571274	103.869400557222	89.45774905681527	79.20366941654456	101.6692501556505	111.6244242048986	81.09677064760051	79.42517492293256	94.58924618364398	86.29339163560124	89.72047947626282	81.9836765825862	101.1175445332823	113.2473759550933	82.94383422471769	120.2284248479203	105.5486073373254	107.373357659331	112.5620459044912	81.16193650441107	97.58439029550988	105.5995480600765	110.9327205898203	78.56951987023858
105.5903146024299	102.5748115995497	98.87084942431648	80.95955584897399	83.96620501085563	109.1602345033719	113.0790648862541	93.4314952773619	105.9146723493834	99.44451951281133	88.39642169974238	103.7460690312797	79.91876794504651	97.44683041004964	118.4256439320999	77.32510019937723	96.91306112754523	114.2255665593807	111.7340601400851	103.8508563803521	104.5170821230999	106.1165360739686	112.4272328185784	107.4515572318138	106.0013062525242
117.4090636913319	107.3197526181619	111.0442825180031	84.86671080423227	111.9849823480572	79.05390687536843	111.8691452929308	81.89483773508834	119.0188662523115	119.7106785104067	101.133623967887	102.6207485773359	94.29528255360081	111.2361175677621	103.5785121867583	84.42914305880437	118.8664964674978	111.9254109003276	115.8118122270263	98.30976271258574	95.76975016991	116.6057500806762	77.57487614033384	102.3200135158381	86.74248484008851
87.39358950833874	103.6642424110449	98.98657160516777	106.9756690263832	87.50516791337898	113.1039527556825	109.2083904773741	87.27169646024558	87.18743508213402	81.39642312334428	98.85211885011033	99.24045831360201	83.43182315626487	93.38511851240825	109.5461919991708	111.9266891620878	110.9284172363865	117.5667847177825	107.1054778842865	94.61142171993735	114.422860610636	80.30554885074399	91.99145405601719	107.5119372748718	117.9787764342335
119.7896911276306	122.0817303387583	118.5274631194307	77.66913940931333	85.7255499292895	106.4672602102184	110.3272874073112	120.8421889190126	110.6822053724153	112.6011323207416	82.82988860802895	103.7933698481468	90.27820787593505	99.66782675749049	115.1104863194719	101.6247554054349	118.099212794439	83.44541836982704	103.2710927536168	84.00012871486068	91.89903308856269	118.2420333462368	93.74166658157168	103.2831546355594	119.6517677781753
82.83318718668933	107.9068513053395	119.8734578329235	107.672419204523	110.0061262576786	87.6746430729437	114.3361404872796	81.36596710816603	82.69196023915066	115.7575275386395	108.3407320273937	87.07488217470807	101.1339642339788	83.49824603040574	84.26473533163129	110.1383299457425	94.600577763225	95.08884149070489	109.2590876112092	88.57350569139193	89.19653535310064	87.8568795300247	83.7789712034744	79.02373317317739	114.1442217269724
88.27710936629281	97.26041175860698	92.58411889609508	100.8856456002028	83.1138993317918	122.0566911239757	101.1945703922435	116.7191836618945	101.2464184555178	99.11349769103361	85.67639073702608	102.2857561085195	84.13429226289888	101.1025946941241	117.8015785755655	92.56104335823527	80.89255887265828	110.8704735300613	110.8247151010471	86.25561204645271	102.7584948298983	87.48572972887403	113.4084313479858	99.09373464969255	113.1446218477801
99.88303620004126	111.067191953763	115.2777591162289	91.23150364376322	90.7481918714614	82.86325382543455	117.942580883583	120.8462887090145	104.6571409702167	116.7158000606804	94.21732421527832	84.56622869865701	114.8400942993953	91.92767084814263	113.8140087326075	118.6701456655703	119.5715646103897	95.96391193807246	115.7212972796521	77.28932373371154	89.02078298459777	104.0371187475187	104.4752323570771	110.6828952326576	103.3415321015034
86.43135810231431	101.0842096053715	93.03957406320053	103.3784202092667	109.9869537759299	109.7883744080516	93.97120147367778	83.15528305777499	100.3003598524083	81.69500608539725	119.2806491370649	101.8640785005683	79.30084710366634	92.13487329622882	93.19342057150372	97.52593068917231	118.7176943557266	82.23985323476526	118.2810586617281	109.2044039468355	117.3161804992476	88.45558958319634	100.4532607228475	107.022778463099	89.58729849705573
84.0745389144935	91.46891222750108	81.11208095200202	89.66300334226121	81.30983745041283	100.9981088201194	103.102278503495	109.9074724876431	99.28579812774208	114.4442518828607	100.5954991557476	113.6870835033845	103.3141612698176	115.3619487519627	94.91139337259202	117.4390474062155	100.3419085601126	81.35353648892222	77.8144541308815	80.16445770704446	100.8081184548448	120.352910321317	91.93298598022017	81.62325635910135	100.2175211161461
119.8959114388998	90.56284719979303	117.3861304784326	86.32914544422361	93.57030280146714	96.51358745365917	102.4080269464213	105.2684521608726	119.2538943403187	110.9830561169622	80.92362828543762	103.5842248300389	93.2076392231084	93.07957488686381	91.61125118859827	111.2288255052035	104.5842105985254	106.4310912581281	94.79204400902553	98.70869295635481	117.6441021832901	114.9384664250696	79.2062542456175	90.65665420727191	99.63114228833045
104.7935175596685	95.41688383370214	89.59180460122654	96.57079417034062	109.2057991256947	86.65776968653381	84.65744035475254	109.7242801713498	112.8493154501958	100.8592577812384	79.51324841067745	120.3103731552677	102.2114311906967	121.7216667034068	111.5146124344064	98.426641094742	116.3770194168842	89.46131316669558	81.91925462843901	112.5161621771741	111.5180667221143	84.694653789369	108.4158486221355	116.5337409647752	109.3256123956344
82.9421803399398	80.39977371613938	86.7766384906212	108.3052792685033	103.3241090194998	87.63805346260315	115.6500965067465	104.3272312336379	95.91391443153769	119.1140764991395	89.26769146512684	117.5063092007424	94.40077776929755	103.8844067377681	116.3174532626299	92.43649780268885	90.67815468625875	108.4561850154662	97.8374446562394	112.731678341437	115.9154332350099	108.550187439747	107.6000407602465	110.6246045448893	117.2542749517904
89.11201669104807	106.8689964119837	108.1045829686851	90.80658402811736	105.7241090529198	87.93469936023109	90.97368857592407	91.24197813350162	80.96999445747167	87.735135028736	120.1853533532262	119.6300555236596	97.24258380349794	112.1080094675066	104.7422046579205	89.11193189013719	88.49138274185927	84.0081766556216	96.22436047476009	97.57867606262728	97.15907446761148	101.912582063457	84.02725517863989	105.074004443836	120.9615969866159
95.40669305357437	87.80209307955795	91.86607537599778	97.10674064873078	90.73489397864095	90.17214981956268	107.4219743227971	104.6852861381049	119.1766806913723	87.0356106290352	92.4805917729509	79.9325531844793	97.49196429890952	80.78646558626711	79.81552782127707	113.201106937434	87.501973875555	92.60996963515467	120.1533005933881	106.0318197880092	94.498343424184	101.7085995511997	85.9595084361957	115.4127524529134	80.83150002146638
120.6843040514808	100.4735762460754	81.4957870103419	107.2707063802945	91.42640949759746	116.6566648942846	81.05506902057405	78.47853239954176	103.9613922681492	114.9896892419203	112.2623849114894	112.3095937694873	96.23904362298877	120.7007588364381	85.51863118570112	94.10864742444279	94.52231575795972	101.1999132960355	107.0239806159323	79.1011575978811	90.10926233351722	82.29091777420469	113.3558801514032	80.64714784252602	108.9442477739181
86.8338333844943	84.77351000074245	112.0179543467527	87.42611439677086	117.2448117068312	84.1457290833049	81.76586689645913	91.442213653208	84.19677143671238	77.80743327202713	107.3900443686281	119.7082084404265	109.8501969214396	79.24183580067655	91.08604479128552	111.5314313599623	114.8918886383412	95.83813503496185	82.86452197965131	76.053500605593	112.7627477192619	98.6449947966688	77.72687996118155	97.97707981984588	110.2279125464968
120.9190627034829	97.59079145914642	81.57887267765487	119.2184346663475	101.7244716411621	82.70010928978989	82.10578473399779	112.9549708256508	77.85018748466966	80.74045244876224	102.0800803316171	118.9780699591897	94.68128400013578	104.3097738602758	95.07125854330681	101.9842323839466	105.6446848555723	108.7708880208789	90.29135101407604	106.6059696132508	117.7389735051049	85.04039956608193	84.04109476844602	95.20053236388367	110.3106438947856
81.94084706251522	79.99355800854489	92.23850214246366	93.40195898879983	100.2786293503186	99.89939648345592	93.81757187059472	119.8815571181882	110.2433894940778	121.1728379322938	79.03464219460021	115.7909402863414	78.35015479361046	94.92356858443219	119.7729384494486	103.4647355536828	112.7465220630348	87.07585389481896	114.6866917626808	84.71799955977914	105.7268585933204	95.05729589358126	93.92747203429157	118.3973442442872	114.0452698280563
104.8570574749492	93.47260194936456	80.15364097748542	120.5825322335057	102.5023220536438	79.67271764352257	116.653305415096	88.78832528759565	86.08611548412478	119.4962513871615	100.0646495132583	89.99650225604148	107.9471363371323	88.49968358836855	88.16920100821214	88.45241499605316	115.2543510680147	107.2091709424852	77.06065249901511	116.9215581743725	107.42577956068	109.3542799234672	91.89086165153265	121.8433848052697	83.95611473574357
104.9856405631574	96.39968491910557	97.31063477447795	90.84142221294664	79.23952203395842	93.35521390557507	87.11263214314558	94.06562705895949	109.7768731358853	96.79504969603657	90.26432618453104	87.18599841652778	81.46929271895102	93.93928164549099	102.4843121889058	118.3805843439422	91.99389175545009	106.2030792352433	101.7628711338827	117.1566058185672	81.92257554096859	86.50094000805139	100.446691899601	114.7651122623602	108.7828997877031
113.2095095317321	79.68590571738723	105.6086246425554	88.10369292742386	117.7498295269077	98.89343196228933	122.1625255109646	75.84232771704387	109.8743106307689	118.2160797523155	80.55351224933825	81.11158556144713	106.9021621613399	106.7694394691402	84.89166694961361	110.7446032905007	104.4760352391212	116.7896733866326	110.236764132932	98.08594785710574	99.38204910152668	114.1858597876949	104.3485322366998	114.8056463767766	110.5744002401912
122.164973583613	106.7635234193564	98.6525686599791	111.8007461750821	81.25659394214317	107.3722933175534	100.0075349815342	103.7546088389035	87.88098492964841	106.7779908314945	91.72919675502695	118.5944027277855	80.21823675020207	90.56573352904324	118.4442317538683	113.182723297079	85.89938285761306	121.1697706716121	93.77353069637132	115.8156911380829	93.45557719760818	96.99350699069024	106.4040536642979	88.18860714046392	98.47244123153699
113.1538467816504	89.85988900592881	93.65056060077558	96.70979276879982	84.18218292874286	84.23705672112717	100.3571295803561	118.0539411037333	86.21302126020164	88.74027694751456	118.7801936937003	100.2134644005623	84.63888172289785	86.48311643376603	82.71926354476525	108.7332292780361	82.94992835877002	117.1051332559338	114.1741774109199	95.32861607239036	85.39224993807308	119.0285315042189	110.9782031206264	78.02306394004096	99.47336812924296
115.6288422821161	89.65347823570291	87.24683135052011	98.67752148791786	103.7186209830253	107.3214359115248	99.39692765244422	98.09849780599909	82.70416760416266	107.963650594573	102.1494778770132	79.87494252320209	96.57358109443972	83.68146408770183	112.1300479349458	102.640469417726	92.41391829591885	81.96598062688275	118.4974495471031	99.17145255633704	84.80246805882035	93.43038660593254	79.02386917713658	83.96677381727768	113.7865613345862
102.9871763816456	86.48631473557423	118.2137513010917	116.0273569172434	105.5835216423922	95.05093119362559	89.87294782486775	112.8387802589389	112.7080805667337	92.14281631391326	105.505616456619	92.47698266909792	122.1480119663257	114.3888710363961	98.82686368555906	78.60642094956545	118.7953912198463	95.80915399034224	97.23224355620629	96.95020969317883	89.87052301240081	114.8662908885781	85.03374971332019	79.74701348569229	81.46839285615708
110.089241360799	110.9995283274478	78.74811694687421	87.53900120239223	94.72025548166256	83.75441074854245	99.22558749231874	84.61497422251587	116.100518084264	78.79203303682937	87.70552462785986	102.4198436079966	106.0227382329569	119.5318429152339	110.5579042150093	92.74284329450957	85.98983362159872	103.3258931619636	93.02953487773178	80.73848965291785	104.90281465096	91.99710211521027	115.7916408438101	84.02403697428286	91.18736727667054
89.1846950216499	103.3644502576617	88.60591525803923	116.1996728222949	112.2517755566258	104.8707332029882	113.4189699873019	90.29516740043692	79.93210658716708	86.60555473011465	90.18921401322825	85.38519953409515	106.4710790087801	98.83202653350892	97.41805377407206	82.1358114442021	95.4474586970781	85.41043318794956	90.70988685317863	88.44668419656277	122.2565405167578	100.2563308739453	94.0530339109304	78.69557073674403	114.8855215169523
105.6415068357263	89.19205397185387	78.39628969434264	119.5082137489045	107.9683609777289	80.53618734365547	110.7268203140032	80.68172110757749	115.2699330474562	118.9501532914724	95.84892387430445	94.39079263013039	93.25467763078781	115.5202017620722	106.0906186573991	93.40828432813812	100.774841084619	101.0296716354192	77.02909004603485	111.2074105122992	116.9134343735804	107.3932207578394	104.8574972375524	118.9207523862938	82.18899363215777
99.15881017610454	90.49373487277526	91.60585860983385	118.0962832590186	105.3445879760331	94.63013477188504	92.60958549291338	90.11840801339949	109.7147673204389	89.08959010537603	115.5252971486213	91.23067262819205	119.4106455199702	121.5260281857168	110.2228552209374	79.34537712297893	82.86649178153803	117.1415535269188	92.13434087436823	83.88408772805117	83.81841057650642	102.9701862617225	103.8427738232125	92.71309191583723	101.3006066388256
113.7670410346322	83.12913686158019	82.28625146278762	80.15197054253429	121.7001537316752	81.87866838778334	113.6236719194251	104.8401819866861	110.1559174430555	90.57097410834977	93.51534497846868	97.7478107229809	100.4110768120912	112.2215568702057	90.29332807214902	85.79636619623412	79.00159748505088	120.5317587551085	87.27296973141893	86.21876034817272	85.35556540946922	107.9173661992788	90.36792319698063	92.02239009805946	117.8129854803768
86.76089330135872	120.570645036997	93.42542404460973	98.4555438328415	87.75439224824945	109.4662476619567	116.7030279996242	81.48691280393264	117.2965914161037	88.8998629156213	77.97791511511335	117.7017126806537	101.5085830531058	107.649797304664	93.8462476041789	96.00510584477192	85.80480214968918	109.2420036109719	76.92650194863894	84.00194631183506	80.59213536623044	96.05484066908569	82.02066414851122	85.08176346828353	101.1231629420383
94.91309692525486	78.87439580788222	116.0774442615183	110.0425157384761	119.4423345266365	110.3121622698226	83.60539789562947	102.4806227962968	114.6513893314495	89.06984729929438	107.8399021642299	100.38594274573	114.8369327497262	86.89157478943791	116.2663372666279	96.79865605258539	84.83432489315611	109.353299543344	91.8767313027971	82.19708856684298	101.8604867392964	77.72934696411851	81.60842377216268	106.1009318256507	99.77851212497735
108.0823990736264	85.18615846644215	96.33416312635133	93.3397985580479	112.8242822953195	103.5105276020467	114.567900985371	118.5344195606925	112.2490942668715	98.97389860198295	121.7895415117189	107.5235205822784	112.4985722884557	120.3798907813468	88.22136000820198	119.9960016706808	119.2428803734024	90.41170939141664	100.8877398170067	96.38770241912897	88.1523853370326	93.71428447115389	111.3760929652978	121.7219503214491	112.5426068684908
79.45001987496912	108.7175992416742	92.2285688482833	119.9426507807315	103.5118455237806	112.805765792464	79.70810584007396	105.8909495541893	105.2851813830745	110.4805860150252	112.9256725992871	85.81082577423348	85.01155941813113	98.66818266226925	93.55092713295845	83.70308854108531	76.32914604370599	79.86870894451792	109.4281143730118	117.3026424845519	121.7042441964731	92.15261597721536	85.13670638940927	114.5124784110895	86.68695951386103
116.8751198401629	121.511518653806	113.5661279806888	116.2563211110693	113.547861690619	94.17470683120605	93.60683715786654	84.80967365758653	84.79128767613182	77.81436796224035	89.9135053758018	101.0145042083799	84.6628671556728	115.8900868577007	111.6511632893229	93.07900101734819	100.2341043326104	81.78489726065064	79.6123177973097	116.4069748393038	114.5005523084873	115.7253418535035	83.40582248932439	88.1630504761301	120.0506111885672
85.36504954181996	78.17774704290609	88.06637250594414	80.23633272487425	91.45428505805013	115.265269733832	103.6709684919737	88.49463486868419	84.11315226606851	109.0425979374488	116.7994357711887	97.12497488090999	100.3735425252499	87.3800985241471	105.7465364311807	106.7233649717552	76.35425176542607	100.6184437414561	82.82859213131432	83.24421230650169	100.6559612120513	94.57982646823754	85.07284317807392	86.15458048553096	85.24234295335089
102.4111625218422	96.87349430336327	75.45328915163776	87.62477925691671	115.5214649366298	90.49276454552636	113.8850145519481	96.51493817539065	115.2775579009216	108.5981820651071	116.9377035548885	84.17057765460186	100.9394138431416	95.06276631018193	99.55230872528816	113.9592965333142	114.0853705934988	92.63943557840915	91.46842407511863	117.7042140815643	107.5614147893622	81.36454919773719	107.0445293981926	119.8534140607693	101.1580662736777
112.1236646047418	121.9482910066857	91.15404793216643	78.45142296650702	84.9408327867301	102.4918290039481	96.75016044804715	81.73500637800036	101.5220457369256	85.65311953097937	106.7418726526915	99.48890001472989	106.8878022225676	111.8033788793646	101.0633073809664	122.127882777694	107.9264514690466	115.3996767604721	102.1168168244475	81.94676503350298	95.32675711120574	119.2080708604606	86.44564043766201	115.5635203713062	81.57413137704471
