98.18617852420289	113.9241400357428	98.90321979637851	117.5597199539534	101.5210211274729	102.9218593521791	100.6816785336039	107.0740631964238	79.95041581247563	95.47151031341831	105.9430451095884	98.09038853779535	113.7991231919106	106.5043244100596	112.56027796502	98.89445425094679	77.62544115701427	79.26662817473687	110.9350462661201	101.1056472041727	85.57208719699371	79.67544831336718	108.9925022676947	80.44536534273237	112.5443636144267
114.170528273064	95.85156448027809	91.6453315238564	79.70834265398747	84.92468923641029	85.87895624852294	81.53101758222672	97.99274203406043	84.26475510193109	102.4018558281403	80.56922939165604	109.6087629136877	82.24697138878618	84.57388370581555	117.2339114518212	120.9124727144442	115.4968753305637	89.18770887102889	119.8765501843918	103.222771572347	88.47504410493571	95.74632879357509	80.07824459541712	91.07119402078217	88.69088653109641
104.4866799671898	120.9092560831353	82.08644734726431	112.3928170898491	84.71365668805029	87.69579153658789	82.25215782184291	116.2572179975148	90.72429999404991	109.9880599267867	86.21972060871832	95.56049666661761	78.33715230089371	101.5381601216109	103.5077366354038	96.0553657401075	88.25628179368799	120.0159146149525	106.7300641706709	95.8103822598686	78.54677158544207	88.45829584522063	95.28313431737229	104.9821710635082	80.81034313036368
103.9119533423558	109.0479542550538	101.382887309595	91.49923906159825	82.68454139035386	88.93463566733887	97.85350139932333	93.1477628066629	101.8849772555257	87.39955912945774	77.43885166046351	115.2594872707409	89.57603479213849	108.0082458391073	96.41308025506679	100.3896715387733	83.23288070365014	84.79515246959683	107.8741524149526	114.3863812080433	84.18962747866691	108.5959662576529	114.5789441560606	111.1890368418051	81.17960865377202
77.44567079769583	119.1169393885604	89.63284211064443	116.2431819081867	77.81056656020334	90.82860394229102	83.82315732756913	95.77146343903453	116.5402892055556	109.9560827585935	103.1933835517981	88.91618879543236	110.342447807402	80.71905720697947	103.4511034272176	90.20508896119941	118.2235264056026	114.8787916178453	79.64223187905938	112.8321639174867	114.8436256972216	78.59712306376836	97.58432954063527	84.81645683417219	98.62441163101394
106.3933762801446	108.9470195740961	112.2233747459846	117.1308757235246	91.4266645876685	87.56994296562422	79.22559269295751	89.60441198824512	101.6770283430526	119.6648036911568	112.5941957743692	105.1465054115638	82.91499428639332	122.1208618718139	79.07225483106963	91.40230302456231	80.90384864529358	115.4743490345563	90.00909089495568	117.2630636235346	83.33181261543865	78.64989841898468	96.85941820847317	106.2038596641349	96.97221035790324
108.1527713010034	115.7616721899715	92.21982840868674	86.29976061820066	78.64348820764707	111.3443110115539	117.8080194605739	83.92120544210978	107.6444282232322	98.54691648339544	86.81093989445019	95.39278791434381	94.00024773624766	83.07860975772016	118.1557667391553	80.33881217442126	115.7154561363823	108.2074368084024	102.2115611578381	115.1129467529318	81.77665891763233	108.3509990930577	82.70073295351757	98.4577015820032	78.81689020141626
86.88597616495323	86.1854972834885	106.1537721356044	108.988315269923	121.4871929802293	113.264077467032	82.99984210569946	112.3050511020024	108.7555747288138	91.99070615344253	86.65262478664118	118.9805587586084	103.520486993626	95.67989783506223	112.0642891676682	104.3821933885456	118.4677646861941	87.03814176801134	79.01862889815308	113.8314575018603	103.4428283194708	113.3376981302337	91.77849949966779	82.29809570292763	92.43756586279227
77.46706469356575	79.15383567951338	92.80805213302853	118.2673191781598	95.83607433143516	113.2161849972265	95.40785850044796	120.1931040338755	87.15383909572657	111.2926860429636	102.0052928384569	92.15893509624867	102.3422300376939	111.7920798481374	80.99075934538696	85.29003200750624	91.57513025198115	111.9263934329998	103.6332026260798	103.6790829629579	79.82041003401548	102.6626154184827	113.4163832977867	92.68788613182137	113.0601617403106
103.2877438992245	119.0689194488522	107.2091451047062	113.3668538026013	97.31010151481934	89.64761331776428	110.332885978896	107.1693233006937	87.69937078600915	110.4234179181244	106.3091288243932	105.9038760226037	117.7058370891925	116.4502955581195	92.95299103228737	76.55966480647463	109.8014651820709	109.3821514413233	89.77138466859837	79.75473927612511	84.40784274644989	102.5207687747649	93.16574023253879	99.9777821015365	92.15360669360373
79.79035713581919	109.8178393375511	91.81479843909813	91.53357249848122	120.109513440451	85.66352887939703	116.4743016996142	108.7982568296107	90.51913160454671	79.98842657488073	80.47062953889483	83.73575938389536	80.65519017669494	103.3303826988194	86.0082642112166	104.9363112421671	107.9736468251088	102.6710992771052	91.06039881794288	103.2210292015568	100.3079349884713	81.60690995209593	110.6625849936089	121.4977486036067	87.44316877174933
112.369417660205	98.80730461962366	77.76512872117881	88.45868497044667	88.15432263134581	103.1836808572889	106.2817153209541	84.96655723736062	91.57682761734668	109.8370553382345	92.10169325975784	114.3518259664407	115.3534548998539	99.89545314613613	109.563814171824	116.3440002102772	114.0158162249868	101.5758316367639	99.89703840974836	100.8751393953531	93.74322020076738	87.17421078147206	83.05213530140183	119.7356704302758	93.35603080116771
80.91105252974687	98.54913105929562	95.52260816720312	96.30620196450303	98.51582202757187	80.15019493255062	98.95499345968879	96.04647499037156	104.0387104570847	120.4657776448259	105.7684776730541	81.60062263239035	115.804022747497	96.0133862893739	92.73476425055821	87.59817595913495	116.4200932996925	87.39507816528103	101.4737267006679	102.8736074658055	83.37122559727666	106.0803608413441	103.3068488889516	101.2865267405776	116.924571575733
106.9956622365386	80.5624605241687	95.75183041771973	99.729631864973	118.8039916300928	111.1832594795973	104.9048783881757	89.64619386852078	116.3412145783373	97.37218153763865	99.72420231054879	109.4514664847594	81.29494198459835	79.34189242088642	80.22477359268488	118.4201408802553	102.5156396842879	114.6545449543106	106.2790002104559	88.97887721655647	121.5475603684665	95.24897438084972	113.0432603760815	117.0294780126926	80.63632766951244
90.96655309275992	88.82010814003661	95.3288697158827	78.43805035239251	116.9612091407221	83.10645880721584	110.5703357985269	94.73439193591456	119.2081492108945	94.07448025298353	83.49671460389789	82.17413186852062	114.3100720899571	93.16116290792127	103.3973097763444	83.11596833199512	85.24809347629542	116.1380817575809	119.3211726945477	96.11792194722892	119.1023197272037	85.75246748754486	79.7613076388982	83.00545411621574	111.0498556100192
80.7905008674976	84.29822885777692	105.9224966270911	83.54554728632441	117.2933731360641	108.3859690856418	111.0821705370274	81.65961241341461	109.9976502225821	83.25040717396757	84.45521228744566	114.1323448924274	107.1535676347398	98.39484153388445	79.60849761573076	94.12869430266696	116.2947610667655	77.47273973102207	79.53395895806629	90.9969157962484	93.30634855992317	103.0624039374221	105.7804888229406	84.75620100823899	98.46289447932423
110.6277774222451	94.37691919600448	118.1976177791043	77.84224187625107	116.4673930007348	116.9633176717185	85.79994960149223	87.25363481399596	81.1067504992198	97.0729018112217	80.11961679868236	87.26342714912295	104.9578272191018	83.44613345962962	114.1905826266955	116.3482506061145	111.9695376893038	90.89075845214069	115.8067261473245	119.1897409863215	84.03654131883536	112.2828799316272	108.3835439157977	90.67460544841717	91.54613187884361
105.9288694860742	114.9992478033161	86.98404072690684	82.855885662323	99.71826964295897	95.14621485933365	118.5198591800341	86.41073034424873	115.4290661514773	116.9090653782011	83.44930123757949	80.7763653452769	78.24555906378242	91.97292781647681	77.47970532664233	93.61112974119548	110.1461091112052	104.615269599856	117.672476284428	106.8634797512318	111.3005147779147	94.89592456802836	101.2685431384633	89.22387106256056	114.3827872274677
87.19167601099656	86.06355264881701	109.7330579473964	113.5293174433925	81.47448690426674	115.5721034340629	102.3733620320717	86.97421017995904	79.77766862558015	116.9742303168794	106.4837055192757	82.959057105806	104.6388056403692	87.32753846278348	93.93899189826638	85.50877476363289	100.4174198601045	112.3887504000927	88.80888940710331	89.3187489780579	88.891570831121	122.3456682216403	113.0319809794998	89.30470687068048	85.7465635278563
98.48224954703986	93.07390771123664	120.1586559499865	87.98812866023665	85.49113245091937	122.4029245682836	110.3359312051751	111.2019355883602	111.0955419925821	100.7950512830734	79.20624220521321	102.0118942198242	100.2183431968963	98.08229964303874	115.0591097167186	103.8033681371254	103.8433342528789	100.0023213514873	116.9185400147832	99.66472173956689	109.4262412480422	102.0680155673928	114.2535597334036	82.21474155459867	82.09689510580371
119.0575517884937	76.81702105107392	97.18025512190056	121.465232210499	115.8954733911168	119.67791829657	103.0649374014912	84.76908065940427	94.96549511807495	116.2696047041055	109.6579945591647	106.6510945273207	83.21226559119464	101.7891772822952	114.5798967313454	86.24250716202825	85.8098993468918	103.980613564692	116.9502625222149	112.4124744673045	117.104338780395	88.10135811703582	121.9851036560087	100.1459825015675	88.00712432845657
93.53547695508047	80.95433794821646	91.25020194321367	108.7813937653786	105.8276490501674	96.5627817897756	79.69813918543268	94.46222168180768	79.55102405258192	112.5359871915078	91.50939322346659	79.78831301191778	117.3378195496817	113.6362465304676	118.1765032955791	81.97872822808743	102.5581631805457	89.11056211139737	111.1838895830196	101.4726233314774	93.31443597545154	78.9348989050461	100.0620324779447	84.0831720880855	109.3957227237966
107.5394592781938	119.7764763065434	95.31681223056944	105.7028595742753	96.69560173476151	115.0750059241745	96.11454014968969	92.10358042339317	89.99128564588122	114.785319718641	95.41871642664104	109.8318811386265	102.0436356443384	85.2527507931847	94.05063619069358	116.2784886966394	117.299212266651	118.7243721483131	98.24949151157242	85.72622774851753	81.24312273197715	104.0394941145226	78.93560673920223	100.4719797347455	119.3082106718074
77.33307793929376	92.39708950111387	115.0156990326914	78.76533982875765	109.6444162174613	88.63245454115123	89.78932254901756	92.19273058019216	114.2990183333105	114.4606968625005	104.8082180527893	110.2287635951761	97.71997350970251	77.84261880700866	113.5540765143691	95.87710158820492	88.5993037254192	114.0611544175462	89.4513557211778	90.61499974606591	90.80681673649522	117.4921199690824	88.56050431502572	114.1811761873245	89.0161176568745
79.9084202271457	95.05567322904517	95.13878189068117	82.16484639621829	107.3839339107302	97.52030401648064	107.0328680221981	119.0044274494333	84.73880730465264	81.94071999175154	79.14134127389134	100.4958685982297	84.594799356537	115.2927074657489	101.9807326642348	83.51902767402638	103.4582938202887	94.40698761602039	118.6494073100371	111.5093333321239	105.8835493301632	102.9617216673668	113.3469303377159	111.4341153369445	88.92901886534516
95.26938533764452	91.22599372027355	89.05371063984458	99.92505587184296	122.3946340000131	117.1876817620643	119.0287078025545	117.5312415877135	81.17043733323139	110.5132557856911	85.98239048183419	120.3953933789529	93.13691275081152	111.2166443311349	109.2914315379253	81.8403355804891	86.19242665507362	106.3775673656934	83.86281389956901	96.21725087162685	88.92265924513725	78.33197286205197	111.8661938260023	90.60955579239032	93.75617019545723
117.8332358849692	94.17820839070444	102.4912378205754	107.5915010527247	108.7736045491234	94.01193391380176	120.6530713551974	99.94455126478914	101.1976376475193	114.7526572128927	87.26904176700276	97.58169094702552	101.3493985095258	113.7056191683616	77.83737837913576	96.55660122735601	82.28065012710064	112.7262626247887	105.7664479895365	101.3856177389033	105.5742644357584	97.98560952272314	116.4107719716469	121.7835786649485	112.8826716593439
109.0278906328476	104.0010288536441	83.10610684576409	99.97555857851121	112.7838719517513	110.1461553314557	111.8666419826853	92.34123608327874	118.2851202773549	85.8939253186893	79.39074344739046	97.25315641378131	117.3601992485787	87.84756723625286	92.53699502545719	110.0052581310573	75.71751868802301	84.53785127478376	102.5533541029933	107.308749218977	80.75950013162945	87.07877121917851	106.8320937446825	112.8344421781061	91.69965033151165
108.9979772865092	102.1029108314346	100.9316256250166	88.67150840259714	119.0584891970841	101.088722810322	92.80166909529432	84.30160547372853	109.0718520958165	104.0591143082286	84.54268046001691	85.85880101969371	94.5440055498463	101.6373921555578	88.60897088797681	121.6204127200214	113.5163539786245	113.8871479165543	86.47811903538599	87.06726325317527	100.9359897096368	115.1730704931022	109.6172583700627	82.2811144044482	112.5499482317989
92.49343046554019	91.9340763622475	84.72755146066767	81.09204918790101	94.60793840042884	114.3064139731032	92.35731952326661	112.0134015178116	86.03371568606991	79.6043147852879	95.09243197713577	100.7526453579059	96.71937912936316	102.0006047359567	97.20346024858131	109.7684078130029	104.0665881967885	94.25056502939393	86.25092625781706	93.18004797098635	84.94314421739814	110.8154158755901	81.35339852123417	105.7950275484319	100.3320252759472
111.121906872456	82.15914257813276	82.63508672266181	82.75686191028454	94.49422114104645	83.47332823193136	106.7621973901871	114.6439460056535	85.94214917773712	120.5872620045506	98.94676763782769	115.2597622762981	101.2891977283109	90.98503135671936	108.5752868167129	81.45711169995555	74.60556613563807	82.19869060792004	116.1669089283681	82.2984604985925	89.43051841647078	115.83960686723	81.97359103332904	97.47394591814967	85.36577666870777
95.92937217411566	93.931761710912	107.4071793335527	79.30735920416326	103.1271309594185	101.0672534036793	111.083252271988	84.33551591610833	85.64147144440147	84.42709956403482	119.1594218168214	117.7920704751898	111.2344388106097	81.15926629271122	101.0265133056477	111.2138747524183	112.7319844314003	80.49689381473159	108.8529033081178	73.96577224801372	92.96193679465047	115.8842657955055	76.48576483574323	108.107222225583	117.4470769503256
118.0604782845055	110.653669482365	74.03636177035803	118.3015160042957	98.37258838024084	111.6402775319219	78.26145128255111	110.5463509315358	118.6898392212209	106.750459016072	77.40564748952985	119.9055294654653	77.06759388666747	115.0102665029826	86.79408286653216	110.099530457382	84.98125267395517	110.4680155149678	105.2875071897687	117.4358939251934	87.72236769944465	111.6037081848716	93.29257806252456	78.75832125343345	114.4592730389423
95.30740583611328	116.7489057262445	78.07767831446741	111.1096232593866	105.1262676575554	109.6979024771541	91.71353808607182	83.27679534034186	99.63739513238741	107.7243187210344	105.0499600684471	82.04506019458172	107.2410599217827	86.93105445491871	111.3931089759442	100.4510418872222	93.34822367891184	106.9761907904777	91.57525881229509	86.86432064045202	99.11574917263528	103.7923046920283	104.8121959090452	115.0655426524233	88.60960846550505
110.187224062333	101.9565571808171	80.86433660512918	119.7803432278121	80.62590430796155	85.71826562443144	104.1332644051401	82.51663255033084	96.24975399994921	96.64335600463284	107.7720267922311	95.75592821127543	109.2693341802687	90.43676683031657	104.5448098722942	96.61582511982149	81.56988794662233	116.344151676882	118.3366558529414	110.9233650336389	116.7357662959513	114.2684760992019	86.90211578985492	119.64800576366	113.5135312250765
79.9447916342843	105.3204293929327	91.45741476934225	81.84177362616605	109.193099527782	84.6107541115308	116.3838458689576	116.0838810855233	117.6353896372418	98.43673521303761	103.2316494581334	99.61739736443414	82.51172663317261	81.36692011628146	109.7070498896577	116.6873905013701	113.7550289243	111.9326121949825	97.42092113023922	86.29866566032797	100.0384056424018	90.52082981024134	76.85747553347632	91.43600700517975	115.6325126425239
111.2571078753327	101.9619697553229	100.2252473748114	114.8901517394164	115.2142645840551	78.51129110952782	113.532204460641	120.7880655130464	111.8443663927519	88.13194923457796	79.04477752278225	107.0591598046075	86.01216506907792	92.03925001793385	113.346072909975	89.46252420811238	95.03752187480085	106.1513585680481	81.58559191190545	115.6942908190281	104.6166348765103	86.79523062932945	100.017485185638	119.0052076607849	111.0276698849365
116.9827519420751	119.9687674837294	109.9647340709986	116.0614519682543	83.42720717335719	118.641621840186	110.1026768904204	115.7442626325887	87.14559157477548	94.96385165268316	115.1787757614688	77.53701026098858	98.06639555429113	98.69914611621112	106.0666100828746	95.51301926511107	79.47401273236653	114.9759898570974	95.91717903535174	80.78057162273005	79.76283910737368	102.1625662288599	114.0585191036864	98.55003270849514	106.5918717745046
100.4820738158776	79.029191918134	100.1587258767315	101.1382772005233	106.4072870563303	119.7918641058931	79.50826343733412	105.788561638423	101.0327139796533	99.93534088618419	108.48876627255	108.0362324350245	107.4060901791519	117.5081220210616	101.8070118761686	96.841184962337	119.3689236755642	115.1212881859625	89.18071980269592	80.85798143670834	115.4359168148486	111.8985424472622	80.97031630358804	94.96809914370374	115.4197566383642
95.75910755687383	101.8723914309233	78.9206868482019	114.4266794005237	121.0701112808139	104.2898090405807	107.6641667837416	117.0102028592895	97.9203649565915	96.21212890439546	111.0190640187007	86.32104084447874	102.3739882541453	90.49422123621832	85.05228226905696	78.52145017251343	81.5321909808047	86.3928022823962	112.506786639637	78.92675164476196	80.26118610304444	117.7176091641336	114.7295574403884	117.4208906046784	106.5430435218132
77.35309772140185	120.35000448104	104.933721414832	92.5440558172324	115.7512690987652	118.8992675801643	103.5867371690391	99.93105394804849	119.0340229602159	84.62102764453317	107.5161781355409	112.9163962847638	113.4047976544766	82.81553628898244	83.53740809183452	79.43757328272426	108.2651554777211	99.56712954306091	84.48861741381364	89.40934383688371	85.80396320758354	100.591125464599	75.85993974374321	88.7417434390903	105.7514425548112
108.0196316360062	86.24488779385022	113.3454854228617	108.7783700151585	114.1088500379648	119.0138655577396	118.5856086848781	95.54624668132797	77.20825258889296	85.78079739941798	119.8420222000249	75.97506001557052	76.48642974660034	111.5427669803423	87.92666845167039	111.3075820102032	72.14389529823607	106.0478274377715	89.65933387702026	103.2924976816559	113.9846018185386	114.6896821612551	115.5391511073715	107.0702949717947	101.5615897013767
98.6931298042639	81.815414270077	76.19476876380644	89.09221470714989	113.8531117869061	105.2360386625279	105.7793946007424	88.35244425484288	101.78229196149	121.4177647794178	96.93064330027028	77.67354312650545	112.1684721362575	78.96821000391607	84.41070461564655	97.62764461459784	85.47299638237797	92.48509950335384	104.3639945934625	81.73400039011523	92.5748898822613	97.15755612119418	101.1085441178456	80.17669427116657	105.4651141513697
119.9231710832701	114.5063636735871	78.9954772691985	84.96063496743326	84.7024591424174	119.9355858815544	111.2492721082772	92.71187031877982	80.94646616406094	83.74703756963602	111.6899758200708	84.53224786525513	103.038445917626	95.18818886727095	113.3252077098891	113.2903162855845	98.308258400266	77.65552644600153	77.95295087907938	103.4139958438748	117.0061647123851	113.254707371789	83.73125193211966	120.7058079405965	78.33130078794977
107.8845572509364	112.5833909391795	91.30231918094064	118.2220606627043	81.67137098670337	102.4642995153523	97.00815823160187	96.99319018915163	111.3999170461722	104.8173898153029	98.59873206594008	103.8436611138619	76.47346653000845	110.7698143596468	116.137266411939	99.47228638574535	77.40230296860194	101.7149124752751	91.76670112586106	96.94791998192834	94.59923277299028	83.47764910577416	102.4302637456992	91.30163411942657	116.0962809193441
122.0397034880076	77.61814506961731	111.6456394580915	76.37952746143391	95.16517609438361	100.3641774249716	114.5376110375009	83.99072832841895	99.4498537501151	86.9344322951344	85.56528548179671	101.6726805876364	74.33057864106563	93.21869308914691	104.8093611330345	89.19837156541028	87.93856398272413	97.75904940177935	91.30432508698001	103.0269895037781	121.0545373550194	80.6028461891011	111.8936898435551	79.87617529703977	119.7668321456408
86.91952010445253	103.0058523020061	79.42512106786604	116.9304706489506	115.8453954752438	102.8103727273382	92.18872301826667	112.3385236019533	77.29809209150332	88.87326859840411	103.4279684190943	110.3753650686731	105.5328595360675	77.82759480671257	101.0295557007272	88.34630213988706	86.8618294465568	100.0157024225041	114.7843366496222	97.03688501612035	85.25171535012336	83.29427537545361	85.27101663873438	94.16807057403265	86.19914956519479
77.5726797180413	86.01952094599444	85.15087958076506	94.72931120299199	97.37722488041824	99.17291061214476	112.1289443719753	78.51741226659753	86.03283782149742	110.9473340594546	87.53737610677699	102.2608222928974	85.69980369804564	104.1237752279087	102.7909571681842	92.17681703638998	78.66911122291813	90.98306129712583	116.0234943880303	83.33183696768994	111.2684473179422	112.5439536655245	92.7304631027457	116.7698061816333	111.3879809165975
115.0036480061108	98.98493119865427	79.96635861155167	84.69204728493668	114.8750953154182	95.02058050490868	87.65510041462872	85.85716435828897	84.88696179228599	83.64925862130055	84.45676403750039	97.11678126559733	79.22679833010214	83.67712471874643	93.72601427010612	107.625024033569	72.59589303955387	82.81920680325906	95.57561249597262	99.86311788802104	108.228506405925	118.0633862325292	114.3228308564291	92.76244885218995	103.357313526972
112.5659743034632	90.17701313185819	86.97138920599656	101.6507818855713	86.74193070755707	81.6457455736948	121.7316302346878	99.71990697657614	92.26495119084036	105.3582730930864	79.42929316426486	112.7712401221196	88.77108676010769	83.65269830194929	79.48961131181252	88.92400143326194	115.1207802069619	118.7446728700522	78.74395377176688	84.04426611931785	103.9629482042507	79.69628365400945	95.4031449098994	81.13913301376913	117.9734780669527
