100.045991907169	99.09635633999386	87.16623238338529	118.164942201932	73.29381438285506	72.31274270488288	68.32710383227904	111.7132186815086	80.24074215516589	105.5974343737158	93.03709684920305	82.49502907826395	80.80186736769764	107.3950923008811	97.69001380449285	75.30244851651489	104.4715941294344	81.76954882024147	114.7555120976536	104.8075923823009	103.1284714232949	111.9992697645492	101.6667775188791	110.614255304622	105.8082145247544
115.4347610211023	113.6687463920086	80.75806979495641	118.950931208463	96.56254489058108	109.0871533613038	83.58588363612394	76.34440117547457	101.4341230858981	84.50049406288763	94.5580676953432	83.6714059395765	114.8715571207233	100.0242495438338	75.62188701732761	95.80639075919416	69.9187404896678	91.11451090004971	112.0255387050248	90.39492744118544	100.6740879066383	102.8735660601068	77.3565880306234	91.48653192603612	80.53107460106099
71.79152945682779	105.5925264835268	117.7212999619704	112.0564140865029	115.672234876181	119.6874991007794	87.0265950180013	95.72154105261046	103.7090786435427	79.63852144966397	81.28889847490859	83.69909677483187	81.08755199859728	109.1769362534818	79.13285206470141	80.45203117449276	72.34934164503353	89.68399107361239	114.2825408007724	93.35159089447487	87.7478265278431	76.60972263249488	108.5757231105405	102.06386685509	100.6202402206563
73.70173629103687	99.33555027170976	87.23009534619955	119.2886242224972	86.93167968506692	114.8220930135315	71.80704291935322	97.2926351946189	105.6578998521879	103.5980636082536	82.91438902439062	100.8361223892915	81.03139461755947	85.07341765646642	99.14702322166252	98.98804655821405	106.913805974628	102.8972671672851	116.5062477604587	89.99799768660091	89.9534206158814	111.0544531571217	97.92776253375533	111.8111412339233	73.90774263397506
71.14642963642167	85.62930823793695	111.5281927988377	92.72009633279657	96.09775019457862	117.7494445660583	72.45945807211562	87.67044253694262	109.4879336107161	74.24132529073768	79.97361296415258	119.5847354835911	78.98164670009271	119.9888113318723	77.35851616278271	109.8733024984591	101.5846834601914	113.0452649139953	104.6006822118715	93.1179494909253	97.41415139288449	101.8384372260903	93.44773828301072	118.1108187582086	78.41933660814746
91.48603115491893	71.4354591975212	111.6791532142564	92.56471728926148	79.48385824431779	110.9771094830649	77.07257002546692	93.47671254278328	105.2326597773929	113.2653002326886	76.41444259661897	105.2398954905768	99.60645237145832	119.9742563200533	77.87894362339581	93.55921911302133	88.36126088505202	118.5181633095019	94.986798311033	112.6663782345714	110.7929340714522	110.9988629630961	119.5808170648292	110.2448442613024	90.5141575286729
83.62408484556093	98.43300173664808	78.37800911996827	105.0410222900299	88.88972885834076	105.3833511580618	79.28155411848485	80.61122108671056	104.5048370793334	103.1118596332195	84.83787630902573	87.72587514044594	115.2394570874172	112.6856972545535	78.69158504495894	92.89345467720945	82.17818119205552	97.16101168443336	78.7730648803765	97.89838608088635	91.64970208396167	86.3942419769476	104.0501184149716	113.6124850760517	99.49011863766113
79.92919785957143	101.5096353792813	77.88593082752918	82.34079734314535	103.8097757087718	103.151158588275	84.09861654464734	84.50345184346821	112.1137749905212	106.5328783480393	90.45354784102128	112.8103762372883	109.0482775211851	97.66181236122843	74.56535985579801	68.15771144283475	110.7768022931669	109.582578128594	76.93422629422417	98.00322584237185	82.72369057864533	106.8691444857219	84.82421191794256	103.2864168273224	94.22373639981922
99.36102326112783	82.17505943155444	103.6166163689092	99.06913841306675	90.26001478029156	119.6324624820933	77.82265327998986	74.19968547142618	105.5279672927404	97.98771078973337	103.2381039597981	120.2655472909341	102.7751037758551	117.1654766429147	98.67590471546222	105.5298553209547	88.61490702223074	106.2987004294523	73.65126031586351	87.99833560620016	115.6013285383339	86.33718967278153	115.9016776893612	81.31762097736872	96.75909792959536
89.11192337905575	77.10337492856742	100.8027455329062	104.5259249091631	87.09500488485774	110.8446773790315	111.9830499787303	79.60974025459232	74.4774936937123	110.7715629624172	120.8500363300547	121.9793160195907	105.0040833551918	111.0337498673155	108.3919124372703	113.049260202323	72.95953023618894	87.24834661574432	76.80157690646845	82.05618615547337	107.7972384637124	91.28041692122532	82.47953629844348	108.0647842203931	112.4609976962815
84.99401305305415	113.1954603211486	82.68370264572933	91.38855128870757	96.75327096730953	83.2691932392344	82.23355669868992	98.75168178304355	96.32874568573637	76.68592708897518	85.61887995094693	79.77472079335287	81.26154009381239	103.8538818833945	95.58386676470322	100.6083631984141	79.28182752759187	110.8620936831772	112.9075896484338	82.95638269241172	99.39618312237954	94.43063194876326	94.71070213061579	91.2325961145571	112.6516635112708
95.40903802157025	100.8042088038349	76.23302321516034	98.35352377518609	89.126688626525	119.737127708416	82.09129185655812	103.3340319305763	91.13185392873403	109.7293156011278	93.84432520953152	112.563278949595	79.79334417608835	108.5692401491389	97.45741969206128	116.9154836256261	102.5191796144092	122.0277926003105	93.82704671976074	89.73201714730189	82.49700750010331	88.78492028668387	106.6854511507356	111.8651848275634	75.54226700159553
80.77171302369543	108.1417347534103	114.3921563043702	120.2120801167725	78.96526708754095	77.39015884161361	104.0750331499573	82.22778693988801	109.3943416777385	87.07628808617226	90.15413701594647	119.1104316501779	115.8780296867345	108.9708230404069	75.91266571166781	77.11847885314491	86.99848707633844	103.1629047299575	93.36027115694364	112.4132861135257	92.61283218953994	77.24967126428072	72.43116684773348	104.5895460724773	78.69175488901557
82.36771454718264	108.2110827630388	95.61930917591491	101.9906485013159	95.65290479277229	119.4309747995856	100.8208391922224	62.59364553894457	109.8460153451812	98.12710920441002	89.69577572282843	85.47434591583203	76.88339648265767	113.4484125916154	91.5256886182636	118.0427636426743	96.12524470412387	95.60573313170491	88.98197140927149	80.96862029008079	88.69927484379797	87.7960393274769	69.22743134847263	79.69772257763475	120.9482109613612
94.51611894553996	88.17211316781587	109.18434072898	114.6988777053481	85.99124163597105	120.2263437362545	111.6576316231038	102.8773506337259	108.621484865348	110.9219158137692	91.81425345404034	117.3800580438024	81.81205849746354	93.71489569711542	88.34770150236847	76.92763273403185	83.83068960663456	91.90311131323095	93.02625960668323	108.5179957156373	106.5860457143326	110.7990283291294	93.79626204344382	104.738889946451	105.8270235684171
82.20203249198129	103.2399833524254	94.13752425535438	109.6733345868326	100.0184425466586	109.5600432881278	73.59977407884894	99.57616016720968	100.4284286424108	120.7305279708629	84.63202497230455	90.74351947082511	88.09944768272292	98.31424687165327	87.91784680474933	84.42579652976541	93.24703793664342	117.8961700749813	87.43592158883115	81.15178908213515	90.0921073767815	79.51980381569224	101.0530489464499	107.4429026186417	74.74482057090671
95.85288113705073	85.19321128529313	113.2613644369323	117.0273854086759	117.5616445120433	80.87481457968926	75.39139445980408	89.29907327422538	116.8190828096443	76.84306560429214	118.6577394897799	91.67836453432017	82.0447833894652	101.9455760586893	114.0198414715654	72.89185260164494	101.485702245243	122.208050321968	110.1572077127272	83.81260504406083	92.47208296439209	103.5201241342516	83.73325368028318	103.72795488509	79.88543607513158
92.12001083931801	77.69146682497669	71.99263841596276	101.6461067034801	96.2878405058192	110.0743611350695	87.20514566808157	77.50032815160851	87.01577725879839	88.74944608721948	120.7964442502131	119.0342436813632	79.30779179844498	96.23580675618155	79.97928317485867	89.83447348248488	63.35233040989596	115.2115870504261	109.3283008534042	93.43967553652206	103.8130609557383	107.5545142219135	71.59389564734829	101.754898392853	92.1024708988995
71.98328391668718	86.58508261471177	110.7439810339488	77.06924787386062	78.00871452634919	112.5909820204051	83.87489518960021	90.96892560183193	116.5776488526784	108.7345777289438	111.5666538061649	112.0562473635268	92.32691247037715	111.0674623452283	113.0176414739069	103.2533967368364	71.35435664716192	102.5378662396055	99.23730778141632	93.42162109447366	112.4143740282563	80.10923294363197	76.08242994434447	99.16466626692861	84.01494184129302
116.598650577835	97.97581941278939	106.6367069974758	92.56563964575021	98.57135628394731	97.67203288648874	118.6159585236523	75.19664458626016	95.80722999703715	85.67097681404951	94.98910510724848	111.8831662511523	108.9853267357218	85.90588941222579	114.6017501790503	118.0787352498385	79.46326548530755	112.3555224861614	107.3100299929446	68.1289048519439	121.6200829652444	121.4511017175828	103.7329083428119	105.6956852674533	109.8994085862777
84.57802912189311	85.21933979623365	107.2731491290735	79.28400835264192	117.4110063872312	107.7204559681203	88.18357978699693	101.5334425870653	90.35441160463004	109.823632699734	120.1030072424969	102.1810280789972	87.79266076247703	98.6709288788733	94.38589632997795	110.7995953142788	79.33560128676864	98.34582325545433	82.78063402232644	105.2781246017114	112.5534972762391	89.52722600627965	91.44587718250679	101.2386769077344	112.2790806931107
93.39601981119378	86.76032674588211	100.3762428200061	99.68813190369116	116.9015564045134	113.4741766417359	73.99058668312213	109.0622746703774	80.12940888304058	82.209461361557	87.34766618067883	89.53560301208495	103.8631457379939	107.1531626213128	90.23182114261925	77.41869462968302	75.16077031974561	93.15827084363016	97.02698508174358	76.69355320193654	113.4713105840984	89.91002973366457	112.2574197764754	79.90446259483183	114.2472926330547
82.09512104587265	73.55691952899539	101.5830361168406	90.13000088320834	112.1246105519465	116.9901084458815	109.471799208695	79.74916872269567	109.1465065502855	82.50793944258452	84.1998683361863	90.8789203924285	89.99765215380751	88.21772781438791	72.78039813722272	110.0613237720108	101.3104293094908	96.76978520360214	87.28108951447307	76.94002781824217	110.6753400071337	90.54691181420992	103.2595480276152	114.2258737703935	112.4164184913533
86.19058762385821	92.08016731780205	82.1582048572065	111.3175333139419	101.9005094184674	115.9267751215296	120.2650113129249	66.04274022261588	89.18258534822301	82.47717006002627	105.5123642472321	113.1580440896693	105.639546130236	97.50652451637205	79.64591934426393	103.1897358235336	99.93526350690537	119.8734114409133	70.76828266802244	104.7298113687109	89.91492755201831	101.1781870407116	98.36488304798334	84.83276102956506	78.31301061224987
73.23260168420855	80.90904873660945	112.6136007973575	85.47720352944286	114.8480603570676	95.5291055448848	76.60050551047219	108.2940059368378	89.44021681151848	88.10334347118092	119.1004675209304	79.6013599740362	81.75948890151621	85.86627920498503	80.34069199308837	110.8910816712461	83.31038248616449	102.4425817788619	77.11215066898674	90.19436646664188	74.86274290193269	117.5804056258005	79.16393502301918	85.67153326564527	112.1521600585364
84.41658480287978	101.8277381479275	113.4914158263946	101.0613828420697	90.71945344220703	92.97894564301288	76.45337472583239	92.8967234668303	105.8910640757002	84.28783149264316	112.5613057775429	97.72245269849569	96.80452893217112	120.6103624692693	94.25946115503486	118.2090962834552	77.75860705685395	91.6210063073695	107.2166752752144	85.40186294517321	110.5311311486026	107.9209032013118	102.2284300646221	78.71190936551081	101.6741385044303
120.6331476402408	84.93279858858931	89.60039683560103	99.66158037480454	111.2969925157747	99.42199013147248	79.46382238932718	66.2277427653344	99.16772272157152	101.3039041872664	113.1306502551466	79.65246321885529	89.96657085398425	89.19551034914085	102.5968041991514	104.7895651895005	93.4410727892366	89.55191704991606	76.09369121191851	104.568548923275	118.2689092043834	109.2541373122267	67.05641692747852	114.8925034049476	116.3793152689301
77.54668994874356	87.77546671858111	70.05877843821267	97.82370734722801	92.18931928335904	102.3353539383103	112.7631850363499	71.24541187229092	101.1430253451317	77.94308141169596	99.76620356671371	82.22060441126426	88.65925041531145	110.2798260761753	88.27049932940028	113.2267608849663	63.68204129170547	109.9037786948978	64.6153555725146	55.77228421435848	98.78243913123583	105.9154268057347	85.04390764653263	98.1957988345511	78.77336613405693
108.8796574487883	108.6041560463003	82.89789884662594	85.28129560160929	88.64395928713721	90.19670967334847	111.5663181014878	89.78660926973465	89.59831173178799	111.8401659394192	117.6361131699174	74.0867324183824	71.07236371385925	88.40798383756984	92.57154808212026	79.27272791180613	76.79682551889034	113.1797453560677	77.69627497453874	60.44590922306794	97.80359471055323	116.666929526474	58.79657636602903	108.200275942936	114.493496454179
84.54012712690256	92.71866624654582	93.08647915808383	87.96177129447545	118.3949952361406	111.9341642917971	109.9986485630554	80.31810188568808	103.1481215693204	95.83622476413044	88.58696087604645	92.01370294966344	114.7723360072405	90.5483380598464	115.3327235641768	82.31851979987141	86.16420612416772	101.6470239973053	74.02930355749137	68.4943443111009	95.19856916819448	89.04882934867295	88.07189329741581	102.9742156774256	87.95624517616767
104.7743165905811	114.8128846960025	96.56796414286732	93.36018023346864	82.98746855952069	81.88578500724546	100.0816685993503	77.89101793662478	77.22199282476424	119.7304403683914	80.77770358675309	103.2285400807412	89.70746396734697	105.5334957089661	94.57103083515914	115.7592921869932	59.68062832474968	111.4798139923848	69.1984256133285	70.05087460705019	96.05406862886973	87.33534247336618	72.07066475469051	110.8534663265973	111.6141573756706
100.0050134163244	96.60665578188716	92.72249032239515	109.58633899903	97.83896685534333	120.5497560758478	113.074140761269	91.46949097201542	106.2677955912706	111.9712384205138	104.7303619795401	110.6126173587271	81.14909488885189	109.3211124398174	88.24137361139397	95.88788460011125	58.5793750984332	104.3508109056941	100.0458395165828	62.40565003949931	97.21259072444113	97.53175858288611	97.85665582058988	108.4529843332534	78.51209135687328
87.3619941725066	91.8775244418231	88.6562236422416	67.34861046770884	86.585806423877	112.7245160226132	77.76633373099413	62.94988445787043	92.70698658316491	111.7130119006071	83.5194140001561	75.78107329326758	96.06627832990901	75.59683971448537	99.53323042293356	89.68593177581724	78.55433553838327	102.1256165103084	89.70089979536043	89.48093332032869	102.1205865397745	90.79549014557439	44.98707748559264	108.6174583335647	113.1021459490613
93.5614885048775	83.70441545333695	106.4064515962185	84.17218794563455	119.1539284315328	80.33377711658467	110.1800624320679	93.29189733256968	118.8292868870842	89.73343868713253	121.0249887656177	89.2255727149132	115.9013945485854	97.3231181546317	88.03877772992162	83.80150023435544	95.97652509806309	77.32736122964225	77.95827551667765	81.96233560987518	102.764745450418	79.65613743499662	79.16092619471644	103.2591726532422	88.50420320781741
80.38262265539433	80.77183202764171	102.8570765394897	83.7701335746213	84.16483312947251	86.2672417829389	88.62512852348695	83.3050487312827	103.8370890411097	88.21158245842514	116.3772441359055	84.78893283201538	99.16619353955673	89.86539065677705	107.1945428354168	80.62844626826255	68.60060728226658	111.142420322872	97.39183685336234	81.9098421629147	83.84775844637322	81.14660127412581	100.9126229352737	112.0747385963842	83.24051319206623
104.0443763687421	95.25017015191202	100.4496901318692	82.21613904594837	88.83656758299864	115.6846234557166	93.60797309962899	50.56123637003979	117.8944841080769	92.06375453794297	118.5029723170085	75.4582723032717	96.8887812159241	89.44856811145296	94.04898487741421	91.92171728608827	67.64228762513287	90.78652972246356	83.95971975642769	80.64519322012492	103.2615374244249	107.2129270445302	62.98473345712694	111.9849079157703	104.8141779658232
106.111531795976	106.9680804508839	107.5510705652163	88.58512035817304	99.68497991209726	81.96949704263227	78.27350536418962	113.2540107925223	84.90149585890222	107.4470751530323	108.743955407202	98.64697095994291	116.248047326603	120.4638219695773	87.17753915536434	101.7390374044641	85.28231591329929	121.8182571201655	117.833908328007	74.12999227416064	99.51913114209258	118.2626006296034	83.65896914148459	99.17786499907636	103.7101718053193
78.24253888857395	106.5567687205049	66.05828529533294	79.20880896280337	105.780093147257	107.0991553981097	93.01818751099965	88.39966418915581	114.552106635673	88.45446153862586	80.11370443447353	110.863887829585	100.3049040836289	112.4942388568797	106.5664170547058	78.43661829094532	88.58587569859193	86.49004504755321	71.24681722710807	93.16620189922828	102.516920120857	116.384178223348	91.36744512813826	79.18400300404573	100.7882832456278
104.7341356876121	115.5074526862549	92.01497689923256	79.81995933760874	81.29458103636323	113.6003514794194	89.43479997768176	111.9236755232734	84.89177295356637	85.72826373213174	112.4061851328294	89.05363412094317	102.0570279831612	96.06999424913414	112.6762964927464	109.1017287233852	80.51794653995258	109.0007765854791	93.1855333632615	83.12066094973827	100.832027300588	79.7966427512427	87.96105972536341	104.2263665662369	107.0428152258077
104.4021728334148	107.7738203225069	79.13739084153804	74.31426278003505	113.9539227315776	97.08552172713516	113.7692408779923	75.84058391372301	98.74572983788079	110.0357819613613	79.74292290541933	107.3004869914102	91.5700300291314	92.72781201749898	106.6950109766383	82.16175438176843	88.2350657802796	76.68399413669967	89.27429200644103	68.22054351362607	111.5418979495204	108.1477564215638	63.71420967868521	103.587688121705	115.0631010620554
116.9445864712575	104.4849993411322	82.6154262092264	81.6562380314469	115.5846529866926	103.8530833207972	120.5730262905861	60.38818643026322	108.8283621674144	105.9797961340107	98.00199585463474	90.44546174359945	72.33417400916288	100.6577281493916	84.41295406311554	99.03970824493173	83.63371206707245	78.30799307704393	93.27243583775963	78.13187302140099	89.72479255467155	101.895593182952	79.27458740966111	86.05283347659348	80.59814400336755
81.10558245114187	107.190243113278	90.64881267501951	74.03822704186268	76.66069702998961	81.37656967031398	113.4955717124259	57.82993734583071	74.70457190085256	120.2499352203286	82.86689656525654	97.8485403572825	79.89548032449855	108.9964353876449	86.95912912616832	87.57986584399119	76.19310550312227	86.88441076419547	82.83533202895447	52.21958834511571	92.38194056194006	101.9501087066106	50.25279827852701	74.05942244313549	92.45130737875587
78.47032500224967	84.06258055444816	57.51135240488135	90.05160173751429	86.55964652703634	114.8789792244051	94.72327557833141	74.03036094349335	116.4045769849241	78.94588205747887	82.83389331236475	69.78486697725373	72.10608966725286	98.78837409838958	93.54508501836713	85.93659545017772	68.52950939021348	69.66445989209663	65.21564088272007	82.07828480546468	79.2680915375371	95.7404884900628	87.52554600781839	115.5186464759682	119.5156525772866
88.39723850684481	95.10646494886404	66.98705062360536	80.75094276618213	97.66275481391857	85.823928526054	120.818254769066	96.75372608787852	119.1214658976349	114.341470971236	104.7665850508494	83.90623873130262	99.05264616923569	88.5525299762982	92.88061417281537	119.8283151755404	86.89422036033157	107.9518219712344	77.84578077738138	91.77761289592164	119.2720229117904	120.267651219276	98.2867230014983	96.54633317104654	88.74779749216295
116.6507215177434	107.5979837643601	95.98905262298365	95.22372651334939	114.1428786801091	96.18033192318003	84.67912970590108	81.10002006582164	86.02217767356589	80.88852284007351	94.74664291943947	62.82869463170113	65.68345990663705	79.19399839992197	113.5097422694546	107.6702573030699	62.15730682171382	92.09470881192721	58.03007968559687	87.22522052000215	102.5447765981619	110.4818814422634	43.14546491526019	69.4265659010705	116.4495161084955
117.3282684155687	87.51864477009099	46.85752037685873	85.25393723906848	101.2643411862601	106.8663588643969	93.23722006641421	55.57165694399036	88.804484822783	93.99413724780123	89.99557135003536	90.24334933589213	93.54161197276783	87.18521212239165	83.44924559603054	90.06692464117251	36.29951483641872	71.48213208274612	50.18246672811325	34.20955981223896	77.18336918627554	77.84327470216492	67.35517313055422	76.35981488450817	117.6796340868444
78.10047269633228	111.8654982905135	98.71496311268722	94.12917995035848	80.71546285645563	78.44532637263796	79.79955953700775	53.08863617884212	95.60581690895806	118.4552031921014	77.14211716619988	83.7274251863293	91.04041286664454	102.0697357144949	85.90839502314996	89.43191863982391	49.11612679041367	110.6884519057668	69.68864081820675	70.8731344352295	92.47389126746224	111.0025825823596	92.34375047356221	105.5294004914871	116.7950587901792
84.94175226486334	112.6475536195969	90.8726215914534	106.7186543645556	77.27505605217718	110.1764404224191	118.5772994005711	61.81847328069146	97.50237283793487	86.17792271511087	89.54935750580408	80.99628835103725	81.87928477540883	104.1580892530595	99.82815327654737	102.3989356647658	52.27120862793828	115.0152845571361	85.95865433573752	94.72143343136109	94.50207003264362	86.50682078523664	96.24430711042115	102.2725219706386	92.29407205955329
78.11496374493953	75.55521718841116	68.18200534058033	45.86353483425165	96.33215935939421	78.43438070867906	103.873525751069	59.36483076736822	91.97710104617153	73.01718712648676	87.7445320471154	75.15004332999663	53.76541989840504	99.46229094235829	89.79844552227362	120.0598673881819	66.07512257326209	81.01965162711811	45.73660056246338	66.11381792157755	108.842434937231	108.8204182237171	43.66919026843388	104.8464716324221	79.83938748352287
82.7516501638347	91.4244998211465	54.8630944636044	76.92843784928112	107.5824070638282	114.9398921357257	87.19266570829245	65.45349581102576	108.5325404287417	83.58305667752123	107.2238413896282	86.38592584029374	92.19587795622381	67.57228495425736	76.91016498480258	86.81416210003181	72.70859655576608	61.10253015297245	74.95380665866267	36.68110820782759	111.2676339562369	117.4913655333191	56.09892964106436	94.49135326582922	83.31748101653098
