75.64076198773367	80.58687409992301	86.03075701490702	110.6087923674419	76.67127176059884	104.0277566424153	70.27707118781052	104.9094254396014	102.1218584926399	76.59728280617711	97.1102552090948	92.6366038106213	97.60588850954389	83.42841540137441	87.7049420035702	74.63586603793486	91.02785835554408	92.79978094886505	113.0421144431633	88.57913270137345	79.3315045699309	81.08987152626959	93.27392835006857	101.9058618146777	76.39593657338132
73.03642840924007	96.93121299634731	93.43200340838172	86.31617807088097	98.49736023669684	97.59357901616568	85.1535006265073	94.19404805295588	88.66532120268715	88.60582486341468	95.48510115858737	103.4454014640642	102.7395033572842	95.08157192009119	78.47386763748634	84.59307402501699	85.59172583220196	108.0803122279078	102.3967146948418	89.62466860154585	93.85749135029803	107.2865321887512	86.18582402209863	95.20224604255134	71.24904482582964
98.97244123430735	109.1980545640705	105.741951794862	105.6295031293481	88.20766247336999	98.51714011107926	96.691795079461	85.10488941066542	103.8725497935138	106.2376497609122	94.25946009298309	93.60656844976384	85.88008743845656	104.0666411287294	106.2043974335389	90.82788713660338	102.631223939832	86.45029601160438	104.4732363903646	97.96511171267727	85.39754302281504	102.3896798386673	88.96981488519695	101.9324558851713	95.56663300731311
92.29844395316795	99.40630960318137	87.30407012895826	110.880574876453	88.14231819953054	102.2248848514242	95.0126881240846	110.0478371038734	97.88722984353035	82.7329766752665	110.9805717931147	89.5367370691185	89.28180838132958	100.0588749782324	85.46692353331711	94.79009441087666	104.7466851290473	108.2416019344907	110.7472109684565	82.13477655761172	81.46579569483231	101.950025642982	106.0992222101578	93.59898027151799	95.40705857989141
100.4083342040831	101.0639067404625	102.3095204226309	105.1484425658429	107.3249855587291	93.73694885935119	108.2351051254349	99.94856013810639	104.5163311990066	92.38545625199833	100.3314174432069	88.98722209313773	85.22757886876053	102.5355575359632	87.72252074426225	85.66252183960106	91.24123509827658	100.6812859445316	95.38092604374594	94.93664007390078	93.34004030124454	87.48431677712124	103.603729768439	105.0622556659798	89.78421410897539
101.3824690231939	88.10091959051893	79.29371164310244	102.1121911431591	99.91521945764339	100.9456435944853	86.987498174142	99.09372360961899	106.620253076177	108.7558125137402	96.415218157189	85.22463592904636	108.410776954435	87.35697226513133	91.40066789014554	88.90376078392278	80.2717327594128	111.6735949680533	77.60939224607986	76.4687386134992	96.3106216805688	100.2910124696948	71.82570414624689	105.4530462707297	84.56642470029098
78.49307852929121	103.4377191588159	105.2045645917668	93.59389247580147	94.44119967417859	97.53764626213415	98.96790519348932	102.1831087110663	105.7081149494464	86.93112445390624	97.08896351556923	105.7114779207752	89.83179748158378	99.64892607219407	93.84056272443763	100.3471751721453	85.91143323730333	90.68460077604784	94.06430086501354	84.64543717119815	84.7571227186729	108.9779964334404	85.3301667037527	113.2054610375454	88.59797568262022
81.42715599483714	96.74348126356149	87.14341201410156	109.5622434051005	101.0527173282637	97.91066649985432	100.0654740510895	84.36821820769458	83.73554407633043	87.21828122639289	106.5886635541981	92.34864659464813	93.57063624859352	91.01437268476649	89.27121204868213	88.25781426399199	93.82017734495128	92.48820710346128	104.8006035665097	83.89812800763984	81.7223660607184	91.2753271599543	103.5863106622501	95.66492588826057	95.5503524224435
88.19826503458117	93.02311589243241	113.2027798419323	89.98814165175452	94.99360002384761	100.3519653924448	79.76734883591639	104.2584581768739	98.80907186720452	105.4608901125658	103.0476272895703	93.01635115799068	114.0834348974707	89.32582077405259	96.45416177474821	88.70471535455448	82.78797249437015	92.66263017186571	92.1013385144856	93.54756314935726	81.62095265419019	101.4236166041694	96.89755341175285	97.08736305206889	81.29272308242648
86.64456773656993	103.539340683145	107.5549622508807	88.37375177983283	87.79168815243456	99.2085621771777	80.31785698610699	86.12203019768309	112.8401848982335	108.7975652909377	99.05106890264994	101.209848592757	107.7222491263167	91.67535777986579	93.35006659825402	107.4661117014883	79.47033516290819	101.0845425512658	106.8184597364021	104.1292316183432	100.4389774605685	93.0759463661053	98.80048030474796	99.00359537806349	98.89290037191765
104.5998396823031	84.25286354493423	87.13107056225644	99.14238360712234	88.62695325984357	88.63690141451787	81.62065453128619	97.70305332123594	105.8573019776199	87.53292949315552	92.12041779377772	91.73875324709422	102.5987442548649	84.96730693725357	84.01547900150221	104.2543490137408	100.0063457206716	106.1853246245571	93.63130646534651	87.49919099075336	84.71131140597578	88.87282986861902	86.44286636647281	111.1641026799989	87.35710025706558
97.49237219093474	98.94885566066937	77.78772209468488	84.89024556791597	114.4421503689311	90.22447877846189	96.21165711540212	82.4922687828813	112.6696607824599	106.9693453438653	111.0084673978523	105.8545821231064	111.95850322759	97.36180848768564	92.96094982736754	95.17901127917843	77.98190597869439	107.9623532496666	91.82166901834465	79.24290014027251	90.7494550537137	90.60298159091217	98.6969418602051	97.19776790873317	95.89894188295109
82.1845887194248	90.48443559478875	104.9378329470249	92.40207447510421	103.6186727163735	86.11553783597061	97.89238887303006	98.77727192960261	98.88389153174535	102.5310102153764	86.75842268123385	103.079564337258	88.79327992060189	105.9566792514992	104.8967593235309	86.05312881735136	86.92461726503457	104.401399186745	87.75931239612282	101.2354289677216	91.51307488992065	85.33351829230489	94.98095473846041	95.55251494678683	96.08718892915627
92.29873436680481	103.9462383722895	83.46079954046738	87.08963096708642	93.78067422581837	97.00026414290537	106.8593023081563	83.27932815871335	101.8116526460922	96.03012263158786	94.3569617583863	86.16938891220747	85.4579092728198	83.56129463420686	84.90065686585585	107.3793394604332	72.93341303834092	106.1678145092191	95.29653958244833	89.61612791259569	100.1598870917981	93.44939261216102	89.32120799766432	106.4996849805607	94.57018533400421
78.63845925482133	76.1188022944323	105.877211318962	96.43521291915033	89.54671140232514	103.9472447579063	84.00937004230556	87.07454188046749	96.66944229067491	96.14298811358421	84.39851097817564	104.9746224482643	93.98638705746268	100.5913519966262	80.72739614529736	86.6878991245879	100.0349032521197	107.6235799159422	88.25452531393013	89.74329216905215	90.25936712959329	104.4116732982146	93.9499353809944	97.75404036677037	96.12186633970181
109.4140133567109	106.6122443713145	96.84464331150956	99.65144881031857	99.43812803078234	107.5246288739075	84.04370900873407	96.86839119506433	111.6149918192748	92.16142835923995	109.511638102747	109.2196308068213	100.8231003409624	87.90009346184223	107.2774721392763	103.4065387019999	78.77021805814667	86.98297648547522	89.03708834163577	102.917487084839	85.96331861213451	106.8496406043695	86.79870340304505	90.7118037768129	104.2294705321605
104.5878719592932	84.83980576306779	81.54564409522014	102.9888018548651	110.9291657753501	90.67553428100835	91.19411751529306	88.02113447627906	113.4607684002744	99.74853038964669	94.72410381473476	105.6042905571036	90.57416839659172	104.2463494739618	100.9762960428756	96.45485710356067	80.63342140177905	101.9497520629063	99.25175090021324	87.60992432799121	112.7241426897204	97.91667102959373	94.35719316125575	97.0238267495497	96.38626378853009
93.76348520142439	91.24638465047893	87.48811874492222	105.738144766377	111.7017276007592	110.8638929722521	113.2142467183651	75.68484560569325	106.6074646652362	88.29662887927361	101.7594033825925	84.22822263781998	110.6087254099035	86.38416247855552	106.9148359391611	99.28735158422512	76.90211492519522	102.8900040431807	81.84618829043428	89.10110466417757	97.82007994933782	92.58255362028028	77.22387412381332	87.16193736417318	103.5919430438354
88.35453413761178	111.3562701164623	99.14027066250941	85.67462652771303	96.75419397276033	85.25116137191559	90.21374278616356	92.48689783981996	88.86304066030753	89.51375522915592	100.4963014102648	97.02001907184611	101.688845517783	106.3923471569123	104.3690632598202	97.2626728639647	68.44274090019462	97.15601289659344	79.19985062245007	89.04448261930614	97.93000447073005	106.0479765767506	63.1723785878085	100.6299259118815	88.92017508833014
93.55165140541678	88.79334204304507	92.07346174708243	84.53172628461704	86.33061137438548	96.90398053458162	87.20843368555167	98.2140655355534	88.77706616098793	97.71984694612875	112.0238257501305	111.100514190064	106.2839331625809	86.65872216949521	96.09898528618488	102.497469951864	93.35185475889355	101.3873204784254	96.62261035551464	97.79817724479841	89.04670694598707	89.414818493166	96.64679078659648	90.90706460229885	88.45606027744736
81.00050264122748	85.84812753488232	99.81505290121935	107.2280742400636	104.6397216135095	91.28753161752462	83.83733289833611	89.99974837731207	107.0678287081639	96.25431567220963	98.70389032318069	99.95048394843445	105.752746657496	102.8990641512256	83.12240757421935	94.14722662325846	94.74251681329	88.46282849962653	102.4807398573688	91.71526802421668	101.5818892891747	85.73798842617236	90.49425704224886	91.36461036518951	82.20601964536786
109.6403556050004	91.44670201578401	97.42939909826687	95.74897874998962	109.7670468415427	113.9180188863809	106.959153808252	99.70559956316794	92.36140175520573	89.38561458536219	85.75852542597443	90.22518223221789	87.24024959582215	100.8532038543879	88.34850947405151	107.3543390195427	77.1257844063264	107.0620583216384	79.43833824523752	89.6832589669568	95.12972156613623	91.24135182881895	98.29481657937799	103.7663616078372	100.6658336857957
83.76514665836847	105.5493601216642	93.93014174141064	83.38528938319001	104.9562028593238	110.0723722994233	110.5874250520845	86.15326946921981	96.78167462776885	93.74875417391304	114.4654913984783	94.57135606693028	89.21439176518328	87.69573252545834	91.40609914716643	90.17631821820015	87.96776097755739	94.16927471716603	103.4318004978681	91.85819531836907	109.3012127787614	109.919274710252	82.07394105356833	100.869096116808	105.7964879347887
90.01876178950965	89.76377969495334	95.73842398469014	83.60986426392188	111.2765614735804	98.89927878882789	93.03503459252447	80.35080071084968	113.5596972438242	104.4118283290979	94.60432836464454	92.23604329919326	97.80684392309745	113.8722375248778	100.2644660526578	90.85377943982364	84.66822354210754	97.08178327326659	107.8470492940656	92.51750131451371	99.55996923876356	108.4205230963406	87.26133941976593	109.9657214540602	102.2744973519105
92.09437498220946	105.0587690662173	79.55054282620254	104.4135712784843	88.91336468987606	107.7336576113072	85.03060113101978	83.15210154575972	97.52060489806385	98.24255051947398	104.0996575813807	99.26541844604816	92.11677457947854	111.2855144475341	89.07164788576038	111.0048916968381	80.18050565828609	98.08562405779436	89.68700354182555	83.83593775836873	96.68387423513205	105.3983714985912	77.68123226309517	98.75139838981124	97.84783452482407
91.8237412890725	88.78179134699255	99.84507549302057	102.06432520814	108.9222838417196	108.512252053348	98.96807772641718	84.56986015926758	108.8914550460909	93.79290613645387	113.3140652037726	106.7574064460391	96.78200647817235	102.3535505269733	105.3170811036271	92.67721702045064	92.13355758953583	108.9050291833523	104.1481227397061	96.15489904872101	90.83184026606422	98.14206328983251	99.96973323446352	107.8624031098256	91.05648613765294
109.5331516701286	90.52451773590535	76.45693188289073	82.8475470118144	91.00202661327658	101.9048448373757	113.9652663411055	68.34585657144058	106.0061803979947	108.7883622299752	101.2888120502765	105.0080494812432	87.09426262803164	85.533885137471	106.7219335325964	91.35843611641616	82.77929795828862	82.65933484209886	92.40275740078671	84.39492619798392	86.10200054717743	112.1986296018415	59.76581022696627	98.40137342667346	104.3170954901613
95.44145561556502	104.4974655004495	110.1709735001622	104.3181138258351	88.79438350287064	89.05250241245308	97.85858510398756	110.7117134331075	91.69204488476672	85.41021519438981	113.1767255233322	93.07950875993996	85.14469792391442	102.1552568623801	104.0763183908645	87.68036284644606	95.60906331413423	112.215844436708	101.3577115579052	109.6023769664374	83.23730648732709	101.9730990597815	87.00548103987795	113.0262385837834	81.93574056224729
96.45784226839072	99.06437575748967	99.75523004342011	76.10464708841054	104.0502996909708	102.7932022900553	102.4438048309948	89.25247038269742	102.4422674274964	94.27161631609283	113.3991286017452	95.30995324072066	82.31441881917002	104.4224996676357	109.6533700489438	92.50827883627032	69.12867403094458	86.51132835885284	83.08982778283377	83.00301345794853	94.29293826368732	91.36034371208046	66.94065480999333	110.5144954580047	93.98161920327144
94.52704737563683	88.61017061417772	96.64422102976833	106.7895758088592	109.894839700073	110.6603895624797	96.49242158426455	74.2066160628394	114.0653632365551	98.93231713742506	88.21036096463682	91.31315941557763	84.25524944362039	107.3607005700923	87.41517369589013	89.21549507406561	68.62816228067135	85.441640285905	93.95017053613049	74.94100076256711	100.7673288712901	107.6056573492662	95.25518917979288	108.8881773665393	101.1604881409242
100.1446118820157	90.64145839833034	82.00979995062073	100.117948916118	111.1264710108078	86.49757725885401	103.9900020897236	70.60415163446626	87.32823378613541	88.98325201166735	87.07179192401937	97.03347279037996	100.7161410305504	106.7029283993113	93.57941789306975	96.37836679085636	70.84481336472437	104.7495032388383	74.22219351745193	82.27259794548992	106.9164743400788	108.2205722572874	85.82411820600083	97.33498142078437	88.50015244552337
87.50444212826771	92.36362184354758	75.46235950966552	76.43093547368557	89.79396981133719	102.2091643652293	109.3428675434658	87.78236764638578	94.75658935281655	94.64446059240372	114.3236406397484	93.38796903466506	87.0080312345643	108.235206462645	96.03707222340788	99.01127946072467	69.23595854121851	104.948267933109	79.66927560957244	79.61210694274205	109.285067844876	102.55037543528	89.97977887667179	97.25068254656289	102.8371538156464
84.91556419976683	97.67791257416368	82.14852462243601	66.80730644011399	84.29168479852117	104.5002784079273	100.247318590217	56.13506034281845	86.19846333896137	104.7295197606379	90.24351719331305	94.24502700881732	75.44407098584372	75.50951997629502	109.3460659481809	101.5080326437398	53.92111780396151	80.42623115340859	62.81282527001733	65.60729744035747	90.07597529372167	90.37032469156135	65.56977783812084	78.63846772799339	90.08148576935804
108.7816297440472	91.82405210869781	87.6232638286549	74.48360554989895	101.6261873098193	110.0557156102718	91.39386596766631	69.66027595921344	103.7063702090342	105.4553969468979	108.8743915531294	89.87847332010693	90.44799089975342	98.37975267717273	103.5697932368288	101.0997752148949	65.47530325597054	96.37803721962479	64.56391829482401	72.04388484096854	99.14396617074466	88.68153723832879	66.56368330571284	92.27494648616295	114.0576719558435
97.67301444880624	88.1513704303659	87.26004082552434	81.33564996611783	103.9887858470136	97.43537668909536	103.0233544852318	71.48630916516055	93.32913586223791	89.98821465988767	97.88027862482261	103.654277483464	85.01004325309276	107.4959651723942	96.58139663296495	101.3954741613838	86.91369406763772	111.5776329272722	96.65772237336405	69.63483887097081	95.52200881113293	114.8042832324427	80.53622136192887	85.9350179057258	114.2526853912094
85.32720841412758	110.7701295186746	104.453949352612	101.3208026996636	113.0032681329646	114.1424201685653	84.78655107663151	95.74297337903988	105.1975806786929	96.62989452973034	102.481736727679	97.53740564383541	88.09491455166585	89.2993742990264	90.48225123371772	103.7582216684996	76.23569002731398	102.7084487756002	102.2318962978869	90.85777812584656	89.4552223023707	105.9120295915127	102.5323060884924	104.7343334183477	88.40589549525838
95.65932676547314	90.50876885522652	89.46008848356797	88.42371908714806	110.9575091384195	88.22999565703766	110.1644439881815	87.93687664969765	87.9287850618543	102.6973358971707	102.7008658758799	103.9814863739382	83.67183834723268	93.43604856624266	102.6170986830242	107.6882491538647	95.38757007068693	89.19537569891015	93.40350332102545	77.11933848569446	93.15875628270979	94.09263730544889	74.45080217858438	111.781898346066	96.83521108020452
107.459828388446	113.0698279131012	101.3058957220135	103.1855351725143	100.7933087147797	97.67662810117356	110.549031013234	81.69205165299685	101.8256386060236	100.8539781491343	91.72426487672965	103.0740016511193	84.18456748068893	90.99613161733018	109.5911517195036	111.0964272491371	94.74932164470329	97.35904055890899	86.25220010539286	96.78388146155586	111.1811590286191	98.8622195941345	80.47389431412819	111.4119851518132	93.88871120297756
90.69078783201643	113.1774159752687	80.97478799514404	71.76259416382645	88.73667463939449	86.66448084543602	107.8990966426345	81.85247200077745	86.32179358378978	85.95963773748038	112.1555017908331	95.00894305873049	77.86594733389629	97.21182150305664	88.95132299993425	109.4540125372253	84.48815862589593	81.85119584389908	84.04277102895307	66.7352532887502	87.34348974396516	100.1883433706808	84.34006352810358	101.2355388273542	103.0523844090052
85.29209212725178	89.93162309980649	91.12705997290595	83.26146909520104	90.63078499985559	86.25073939899995	97.82917963361187	85.55119255787113	113.1398110778921	99.51786525373227	98.63056775583151	83.5620773923784	90.1185230742549	95.98170311490081	89.98499342130519	94.49187474308462	78.03399692597442	88.44655511888986	89.32112933569377	87.40776865919099	100.1677194470972	91.28662148010601	93.50774665329092	91.94113981559734	88.37004784994809
96.92175184230558	101.7988802724189	62.65829214509451	71.61936614162708	93.96950499620465	94.63095490339244	91.26725810826156	51.54629173319367	100.3174999283559	103.8213991429152	92.43953666287996	68.53716427298332	96.1537871140811	93.4145978572714	113.189667421183	85.72596680112679	46.74812178877594	81.54257537754255	64.83658992801379	61.32647688920741	100.5848800786115	111.4812959177139	52.94490252938199	101.416113194091	87.11456771367902
105.3243402459668	106.2580243683723	85.9386999403104	107.4373350170132	93.28865367772741	86.89437993732786	88.74470082204404	96.6327436308931	101.0736676843261	106.8903031604374	106.2686361639514	84.93425652203113	98.76737561793293	99.79053150161117	110.0939992672167	92.31872171790799	78.80666668686719	91.03604265667006	82.97297525683636	92.66627197555586	86.10620083430683	110.3876036693654	82.9594047498733	90.46006435198102	88.90213005709687
90.40238876928724	113.5660405131726	72.55739622810302	74.8133543030883	85.53899412551529	107.5834328135413	93.83181186972941	58.62834468795042	108.7406819278467	94.66443725270892	83.01073846277359	93.43771439526598	76.05807819550697	78.34008219278942	113.9285531133126	101.5437666529702	77.40671932292432	90.30374992710844	67.62186747681591	82.17290103242065	106.7226661640472	84.14515460427043	65.64510408774092	106.6042037233947	103.5618799991593
106.4149375916676	86.59630813906779	80.11098816652229	93.21250466734544	88.85466317559515	110.4500278022062	87.78318377260885	79.08240947922123	101.8784950214056	85.41801182898399	107.3878861783544	80.08922193360267	100.789770354912	79.54057221807152	108.3111258968984	87.73351168156715	65.88337395755163	89.33069689722323	59.52856024921297	77.50764758686402	96.51754313155189	106.8838142386245	76.63446715745054	95.23451103776597	97.40873571373152
86.91352941528913	112.4006736818887	75.49997141834187	103.4168227468496	101.4959647324828	101.0705632918902	89.93439257800118	86.82849063765283	101.866589425224	99.6642122534562	100.0624215313812	81.48768573470703	91.92660422557738	110.3533549060372	89.14520406809342	107.0181261087322	85.25955771776405	90.86309092216314	75.05456334001637	87.08115273605004	98.79481052590702	92.75177954700685	76.83453410256273	87.49056910598145	105.8111835852266
92.85522391748053	90.70419249002545	60.02526415461884	73.30970749860691	97.19406535800702	78.15539144867525	87.70041617039931	34.42426138781451	91.81283114114814	104.302276057055	77.29244631292391	71.7816726049266	59.06520582274445	75.19361925317271	93.82554450461006	95.89931630625034	42.13461896292173	87.62166019134371	56.99406675179976	60.45060160692522	90.9605199396601	93.24386733062909	43.16961884815152	78.12229708269527	83.12688917617029
94.81883441981775	108.6828988714608	71.26416176950619	97.56781463691966	109.896125029957	97.79529231536418	85.61553704019707	72.75663781302266	93.16657238337635	85.8051728368344	91.20136710690123	76.00131182092156	86.37115022271432	92.83904087050357	89.0203761301303	107.906251647338	59.71771826902631	93.8720773532733	65.75416581428235	86.09709695394312	103.4086295313768	108.9562581193866	88.35932098574276	104.4767373306293	86.44310118972119
96.15133311707532	105.468284508251	66.79973739580159	77.50866057515957	80.62219434513277	101.7193857136755	102.7505394821891	47.5826767951386	86.08023140416037	103.7847561673195	90.02293450519956	67.10379506045091	68.89819900376358	86.20216094211921	93.41325813026555	102.4270335778141	45.9623539749784	65.03676103738674	68.80918970395108	63.17798466145391	105.0631296910551	106.4646458620911	50.254102681587	93.94412221852804	102.4233382829403
106.4523249429144	111.9619462516793	76.0256242525771	88.32430408534702	110.5523703565837	106.1094339074595	109.9001366143979	93.96464321717029	85.62112804016098	103.1515488919987	87.06441839345361	105.2226481225725	95.02908895945404	95.12881465185319	88.53253610340107	89.65569680472196	78.73270311718011	83.51903645714424	70.99446670214788	83.11382624106555	96.6519257104364	102.6345765852896	71.4014297898303	100.6517229748938	113.905695660873
108.7241811590242	91.01581419055736	75.21231642674023	88.11310146612767	88.96555371509392	112.594896168246	85.0237859343674	66.92304871550772	93.13467160880553	95.67157784509807	90.43823154661331	88.8736033240786	78.24918414261123	94.97421716534014	109.3253770212678	99.59144922636868	65.1552662173661	97.24516390297657	70.44048808983703	58.34304940283462	101.8918967572634	112.5101504196298	67.85909300406585	94.13319914694759	110.1795476987238
