0.5347399990243795	2.965399565783374	97.61928258928772	109.8168970282019	2.435067921197485	0.5777889081868948	0.572398867575054	93.45972163828525	0.7549062861717584	1.813350096827912	2.237879005106843	91.36652667709748	94.28312598589653	36.44426554787256	2.031767669673303	2.079281134931472	80.06584045197566	92.4749374596078	99.62083973657654	85.88464385765371	1.91181645575938	2.56906657480176	84.8907014212925	6.531558493163235	0.3670358595027415
1.592932317170413	0.9792134688967018	113.007392005025	85.87818190920983	1.116688993181116	2.579838817397969	1.986124114228561	92.05690128688036	2.695758427219188	0.8220614691775803	37.14176925716897	98.12970350738567	89.29814659220865	51.22720321945943	0.3763482157887409	2.208252420122021	89.94598945826007	87.92933560228266	92.59264493602871	76.61188508523205	2.653253257627635	0.5218951816406761	81.4166924245295	52.34627101589766	0.9191452317812034
2.549848533688942	40.4376543507757	31.57597905261395	73.39019537547175	72.22330544390803	79.85237234764885	15.04296843702924	1.411663519802425	94.24731494801848	93.06971715534394	92.27417510915382	86.01476240079927	75.27226166898069	113.9114679142946	27.71928801108488	41.45457374431456	1.03663404003634	91.6284098203851	1.899430357098212	0.5148015271867967	54.88427785777765	83.56515590984817	2.078725091705983	85.78541821451179	50.90776856664911
0.4714808495705373	1.433168718625954	98.27772539138228	101.3872262524023	54.84391179526216	36.29073914480934	1.127075077819075	62.67997042465947	27.75967520029916	37.52008774856048	69.96770752013114	98.48462557996386	85.26552858584853	80.91855799698401	2.517009819115472	2.870475336738297	25.07965919256274	85.42493202859505	60.95331022050546	55.38473372720463	0.2989942330751891	49.29287688201477	34.57788779589309	76.91306657041559	1.619938115504906
1.96543345563515	27.18853284190025	53.52883664150363	66.93517519082691	71.12435735669533	97.71110587621759	8.227654835817688	0.03398990520181636	92.56028587754484	85.90553322059708	96.97734890983426	104.5562458490517	90.34457229056375	92.01809863632405	15.10231554011983	27.22963528075689	2.086793834407351	104.2358546465866	18.34703567739049	0.6470665668644495	54.5611992714833	101.3483322473714	0.3705846689138427	113.0900116746835	47.09855445102947
79.64153605155589	101.5279264286676	2.244581777225831	3.925573915616283	87.89195077594407	84.81292457188218	82.8692978915448	1.44207517233343	113.6572775133551	92.23805972124049	90.42827811837526	47.23189807036839	28.21685310555596	77.25623483839226	70.46514621826198	95.1490804505719	1.620451597909548	74.18753229417229	2.857602231448137	1.883410749546398	100.312836258663	110.3232346160326	1.503585066334433	72.97099862332536	83.11646891180361
0.6295541937262135	1.933097189195055	64.41010951849563	78.92059677466571	58.53487125785898	53.78567424995451	2.227023540894676	23.12781999639083	43.23756529223739	31.57327653711047	94.5841797215094	109.418919586361	109.4202237326849	96.14609662848099	0.5327424938011889	0.8944697157635457	27.65973903625628	94.98412109643573	62.40050890670599	48.71679248385551	9.095582947133359	57.94183803087445	31.55255679632081	93.06848293638716	3.629899894111801
2.985191386013105	2.204514559857401	101.274272629491	89.4616990956837	47.38554418712607	52.07168448696051	1.271368807555606	38.12168415518796	50.23439101624142	38.91932531305353	65.97234724498283	103.8839485543181	96.97725942059307	85.04977600445376	2.791273951206482	1.781884110842115	48.50443236436551	103.8368355736326	83.97462490521559	67.69949718057036	0.8360359197080227	48.03229308687119	57.76619395652375	97.30223363158055	1.008794063532425
1.416523720180202	2.295975031242328	107.1990135940848	97.71661691561711	16.31546601602751	14.23323092762861	1.113330683461181	67.3834510271944	6.695189269288889	16.48907315230905	74.7959079008134	91.190877633429	91.34004830801648	94.78016468628749	2.244978198777095	2.057330651361619	60.2284855020084	108.1557139888439	90.17230273058078	69.79662334644583	2.520429367597365	52.49589006303634	46.75077073139245	89.70108402971685	0.7391710777954537
22.1291915327549	32.16337886780412	21.3712342685775	57.53425067636974	80.83781170431757	97.33473433443169	16.14444656989678	0.8981013307797185	101.8988748895546	90.59065031313395	86.13331940623057	79.4843819613713	100.1820774406257	85.58198527705463	34.6542751464895	33.08591851812335	1.332682663205062	104.1350894857144	5.313159530165652	2.123992288831362	66.50439176880042	94.28838817990803	1.608990759519549	88.08135492856518	45.3061194550419
47.31143009123581	54.8675991330051	8.613866210043682	32.39369657667399	81.65003273239519	85.95944363151445	41.95735333537486	2.087576609836809	102.5094870876834	89.46489734123844	102.6513722878418	85.08491781702433	91.43535295393642	99.5479422801302	31.14421156607985	60.09683315185931	0.4614736313903905	87.10415703075419	2.618944445035374	0.8981178059043524	69.78594719486559	103.7670600105914	2.7858416797057	94.87344767341298	76.97975503436579
53.00353693745855	93.78299496706033	2.68784323208816	0.7186490934071958	98.26528064110339	96.58949516236397	50.54230428569403	0.572924868982513	86.50501123314388	107.0233099846578	106.2315680320944	39.23465437733977	72.31778673400329	88.71102254226363	50.86483436098271	75.93244179129388	1.942252864301717	92.08188547552686	0.191032608235674	1.854479903134334	105.0100661171908	112.9592797249842	2.213578094660092	105.9157401333826	89.01450544313461
3.552745956200109	38.79056713181505	33.67061074526336	56.03400496806556	88.32984603759898	88.12078423097459	17.41520748557644	2.988264941918713	101.30307519186	97.98396457909531	95.88948455842474	84.18988568050584	77.7532535640705	93.07801713927287	34.9749855491101	31.67826141003223	2.572172008786576	107.3833782504846	5.364588497004057	1.737285685183719	73.17948234423199	85.47514275431162	0.1016847630830391	114.6284428477872	45.28334734217023
68.54706930243366	99.93031707191875	1.472479082412951	1.548281769366892	107.5362400683844	107.6571588861622	86.88084790676201	0.1289791919695988	95.76534098295603	92.80573724684533	101.8938693746317	30.74708820718154	48.62488572719127	59.22203703013787	74.32358863060132	83.2594850970294	2.131445640328958	74.45991552439372	1.84016018160017	0.4069630712539559	102.5574907184329	86.83802482492115	2.316196733882996	75.15351724807857	82.23782075742218
1.233773865598908	0.9322815758725014	90.60076097125048	102.7645297869898	9.281349408098166	12.67276590998658	0.7330222426974762	67.13947235063314	0.3136941405093548	2.634969989361381	65.2270148112037	93.6988833870106	97.96642864388215	69.3123122306596	0.1165901644456297	1.094191073655778	68.06402543027458	111.6366493875898	85.37344724393553	84.28874442560219	2.67892437682238	44.60510374821201	74.92192746298822	82.13720285087049	0.3258541733845072
21.11896558849705	62.38286103148398	15.74719688394695	55.83581331774225	82.95230655896604	82.20226281832882	34.60567015143215	0.4369993145965214	83.3017912565668	106.4456029512679	89.77406914505119	85.55857150480469	64.51537105592367	79.80757237283757	49.67975458856294	46.1782458976791	2.448138975822946	87.38519004755477	2.51165711232639	1.012475599895505	68.23012377629145	95.18779146077597	0.3288288163505543	107.5252798491411	58.3525209281124
25.65324395364232	63.30719474543717	45.02358303318637	43.84617737011675	93.15020889951643	100.0174027597287	38.00837509505052	0.7851297792396779	103.3780218824517	72.98539768866101	109.2659882611381	94.28168201303509	90.12388829031588	84.07565678626037	15.80883687262556	41.57443904756529	1.628761882712068	109.2934714521744	2.232700086038889	2.017213743469822	81.38219717565825	101.5749480046401	1.748640442834245	89.52680729260126	67.31442424277674
90.32371187402148	88.22387855774602	0.6605570316440335	2.517556215825482	112.6430513113608	86.76481804413226	67.17301496355809	0.742706524805324	87.85415981074465	106.5738605659637	101.8993557943177	26.84460006128795	41.34930746951311	65.41681661555937	76.17584362555765	88.6954635245294	1.739281467742068	68.04493809562874	2.701320016014715	0.8488187557241613	102.0989382873948	110.7208166518359	1.478434908983087	93.11685541029455	109.7229914972074
98.4938892287408	96.2519533223286	0.4769374430260626	2.558223732936246	93.70086250694912	102.4325281669488	110.6661024798389	0.5920437931816294	79.71885062562208	85.90765340268401	83.17951704933796	2.793480637790038	2.525467253560707	29.1137794516179	85.22664046275774	97.12608061947192	0.745525673171499	21.95529552492249	2.419252463546619	2.210690006077168	103.5786429234	104.8351293216802	0.4740612005376459	41.83609326491329	93.79847582269018
1.85152543325528	29.92043791235137	67.78466701960403	79.517936172101	64.45846932048489	80.98719543205414	1.500546444016678	2.960317449882871	72.41854271958017	60.95231867557555	97.18507030059914	102.5546470719556	110.3785603947753	102.0746460070218	1.445534361989331	12.89809978523186	2.65356017123198	110.8983961745156	36.83971876109392	6.071502606949558	46.36726129773002	82.87396392109596	0.8463039143403996	101.9648133728751	14.94943029157749
0.7164745022254415	48.05139601727291	30.76679724941095	69.18399403315277	86.70329586596405	92.95737259313182	22.39240903774414	2.923521141495012	89.93908720861079	91.4063889561796	114.450993779632	76.22046169271054	74.82044233763818	98.64648310625668	19.99235829270861	38.78028545347306	0.01950878217186105	105.8266689526114	7.566022940588695	0.00112234321627116	52.79401978555771	84.20852053656748	1.029938795089113	92.95895361923792	46.28880244228546
35.86583204717653	46.31258376459506	15.89629206595163	49.0150966772849	87.70585322559594	91.8266618961253	18.78176699436914	1.085060354418007	77.90426734322386	86.17586037951958	99.39743297166899	86.13704100934463	83.59853811285517	106.5754241965708	20.9165952116041	58.58914373756186	2.176222176261681	93.78279842518272	2.292028382987292	1.670426481672919	68.82497033818865	84.58860544907049	2.970863538751688	91.78123267782691	56.09205176139214
57.92303460131671	78.66901858656031	13.76087461329808	26.03983560800666	90.93757730941856	84.72720306171225	61.80420108041341	1.091061667455809	84.16028609004836	105.6358937037416	98.91700818561846	55.14743714730068	79.63920950482205	83.56249348581835	41.94648284298153	79.06563265602306	0.9342577444784415	87.71261705947211	1.417790624357363	1.096849842239443	70.03586095178719	105.4637513693417	2.720876184718936	100.987702947121	73.86922790717463
1.385845676462833	36.90231163667536	57.0813979585219	60.96663454293531	71.31811155485133	72.77716456840253	2.767101673436045	2.77731991647335	81.50893433265738	77.44542260443112	111.1614784288096	91.99994352665095	97.55441889028361	95.78654408056396	1.425819727790635	33.53196038018687	2.449825154719322	96.60073307801999	2.980335930731577	2.143396064694842	53.83096733000245	86.31949657427803	0.8690087835297242	112.5895542624674	29.83018152711554
49.00644272114941	60.01790041197953	2.657862828399722	16.0360801371479	92.22046732605119	105.7517427649793	48.59588906360992	2.187931406535164	109.7649993776283	89.10941006331855	85.27369583305189	48.72703273604572	69.88815906083749	79.36092509495823	41.76884248607479	71.36980056460685	2.431009145033251	82.64454616192509	0.1679995211227914	0.3601454979568645	79.87897324711147	97.1829238506641	1.811077708995027	93.67884397821913	69.59349674483784
2.442698491217897	2.593691256696537	73.69969892977782	79.48319609366054	65.04910068290563	77.34472668442579	0.512441726354357	16.71053217199574	46.41192271378686	56.08949450438789	97.67178712181763	95.84127514523573	90.36201719849645	106.7390806354557	0.6440382249622603	1.192972214493499	13.43285231901549	97.96344372670399	32.09629213880447	40.12648535320455	27.52186101707012	89.7267615944573	3.437355778623825	81.63532705745224	7.239086968830936
102.4629377616141	104.2095745638226	1.244463054610855	1.086360759668192	79.80159156335738	94.69129554235406	105.0830479716426	1.519934801071915	90.64799160721135	88.41559977243622	58.60530634761817	2.310712355139854	1.859096127550728	21.76590851874623	91.33791079157285	111.423246312839	0.8745489351225828	1.938790575277779	1.739457096712592	0.1095094957019421	104.3473827261162	106.4241383066456	2.687420261908689	16.92221444501505	108.2278180447003
1.829972496573082	1.617014329938604	80.09231809456733	97.846145184482	50.80294268791498	65.51525471972988	0.5625519005681907	33.97102181889895	66.84545164044823	63.00968423488412	93.54138706594163	93.76893069725493	97.0400093881251	103.6709649339345	2.449259700085724	1.507571018129604	25.1291427811868	97.54428171309038	50.08644775944691	25.80840089688921	15.46374729147627	75.26075122977468	20.99308496084198	92.85592591151179	2.634083608050032
71.67554220197829	109.5791775720182	1.440075027619609	2.067421676117636	110.1752668455957	113.9034539342847	75.60403638643203	2.702603020950919	84.93533966351885	87.48099873976093	79.83046018032431	1.776816268575518	15.08004891555394	51.19037143787281	86.86238327040523	108.9651488753018	2.977790001415236	51.51947852343926	1.281044002836141	0.1412667640014919	100.2957493021952	109.6717315899758	0.6832977470424013	59.22650538938515	91.78753195886054
78.51719555333186	95.42051310335563	0.716605768038407	1.236717507636826	102.6989038572351	88.46787770395348	58.8935463598209	2.113073635304658	109.8235189074115	89.4056941214042	103.0852888244559	22.59836862538614	41.24339717130405	90.55275718426654	75.89434335237705	68.81699459587391	1.400745292966082	82.56619427827366	1.676276708840542	2.396595394937624	97.13762178200707	83.43650192388958	2.420159835877532	83.18289462560412	99.39996532977649
85.31117736104193	102.7140783860306	1.164135567465568	2.149790171484349	90.86831426026718	110.3690719480135	72.45275998718407	2.989668522350478	107.6172353801023	86.44311156636857	106.9575197260568	36.40542487476178	44.47018869983803	63.83094129294339	84.99577049470827	100.6156420583978	1.393762092942719	64.66332994045777	1.61485394260863	2.190693648379476	100.6476665392263	91.66862721015315	0.292470134074714	76.70949156536665	92.63579842827727
82.2595059968167	89.23607361703506	1.641943785662064	0.6172808078529568	82.16282450470479	108.3909455620251	81.65190099933596	0.3234578811231366	110.867804800104	92.04159550979465	76.36368582626785	1.453969581029798	7.435989213114336	53.65165836412761	94.27327433555793	95.12428253666489	1.318247603335309	42.83402086459831	0.8262357119498731	0.2892665612800955	86.73228679625991	106.0364429461379	0.3467003983211283	52.8885379118001	111.5200594153173
95.76776862734857	89.75210273785724	1.409070765616077	2.017072912507991	37.86674402708729	65.29467491584279	80.83035440231147	1.132757308670242	46.06875747378919	69.85939607545546	23.12734571083629	0.4879173886857027	2.666862058377116	1.638377114839948	99.80024693235706	103.0613184360982	2.76713614882133	2.003770593513128	2.686931885189189	2.712110116737418	101.4579245705569	72.23343074022156	0.002714745056816703	0.296221902752283	95.60384002256042
112.7305229250045	102.4074865277435	2.493052868787707	2.35972738246254	61.22736789243395	88.50499462576781	93.84172124412311	0.2710801838398118	81.72815145747008	85.92173367077405	63.89883091306757	2.796577887186153	1.646313106135273	0.3469934810058783	111.9610499838464	112.4843346705005	0.5739837663510547	1.90457249408493	2.208154844748874	1.561268533509348	110.6051635223608	84.7151879066755	1.708189593728577	14.18566867688313	97.18681205265858
75.70286353390249	98.52261043245187	0.5217814945150399	2.028942686113849	104.2471266615815	101.9344232173522	75.73472798590957	1.37492883069254	85.76696261324655	97.31652191338006	95.25598743226512	27.95354784975877	45.31239587009455	76.50638946518106	95.30850368221691	94.15612537380599	2.93285945402629	53.79584389815859	2.991660854408693	2.158579655814791	110.3432050585637	98.21327390301376	0.522838707185908	75.66975269607158	99.88937435029925
0.01846478128105291	25.27211825062356	41.17082325851212	50.89975797594094	89.79234976755897	89.22235723027879	10.87559991478605	2.612044894742953	95.24992274192692	72.67061662004113	86.28490974703841	84.90259560845831	84.28492152784632	85.70312763903418	29.4763133450016	25.565515773482	0.9712345665778801	104.296440810499	1.317821099090283	0.8559032435517759	50.90331259349558	83.4512699299284	2.736663467221191	91.52464470943141	44.19626643232953
39.97998267478192	76.53094326181028	0.1612853626912703	31.31214413421145	104.8587870377844	89.87649889956631	55.20523665703756	2.410178713229977	83.96372514558284	84.62062429292882	109.7873503189379	58.24226735441133	58.17662747829146	77.7620078196227	57.65447991437307	64.1812722924103	2.056486552729977	75.95166612880864	2.454264313802886	1.26889701084268	95.68918188656627	107.5814887127799	2.20192506079542	107.3485379432927	77.3629802300848
42.12360133558151	86.9265552019549	1.659278541009325	10.80802344747464	111.8587598677909	109.1885790544931	53.24227583202665	0.854241017419344	90.19634671873395	97.92418463144561	99.45350998336284	53.27841456933068	71.85599118239826	99.51600752281225	67.59951022465623	58.30994141025177	0.3105229958352103	96.33680898390702	0.3548954977912785	0.7870071366290481	97.60942674775441	84.38089646923898	1.098589375601972	101.6938921771519	77.87366222609077
112.8658671927709	91.43174744340693	2.725023692141058	1.506492612927331	87.53749741166391	83.44747206612729	113.6011363410201	0.3238434237715829	90.22961234761173	96.06800595835706	73.912593613223	1.431874924297219	0.2701919276800129	0.6492448723745035	110.7534975626166	104.1430589785495	2.94186531926043	1.994171065967997	0.5017990272348472	2.614722647442765	84.82840914269704	89.16674365595023	0.2863518919231953	29.20319535693526	103.2678383036132
74.84253927197869	89.29898444420004	1.389697447907992	2.093613971976488	110.8321340671639	94.54212842161337	72.3798338793315	1.034599784623487	87.43084833752991	90.34012655330444	108.5288967189072	14.42244533243568	46.33216102318686	68.08481933055681	98.41475553454215	74.99061672828346	0.2295503381610809	56.23893347642172	0.3458439238589603	0.06564588636461191	91.74777345753949	93.31089968384417	2.150538498452034	85.288597252464	90.0623875394917
83.27103402748679	71.45968463079251	0.6935085772674787	1.726510485990179	25.13221516298816	49.75128640847672	89.20629252254545	2.044684876136484	48.84646716145011	52.24303329618533	28.36212855738799	2.9607640968905	1.062875372779372	2.229772670277109	92.44045140728869	96.56817304766962	1.527074445574508	0.4349956698103331	0.01813694012730917	2.929367890300332	90.51377142398999	76.53408816404192	1.771045613834829	2.356435344972104	93.73343705277216
43.9131265021532	73.98067137502093	1.259929281055828	13.00091461824623	89.86691064444277	107.4195112041005	54.9562059115885	2.337490202204568	89.56695830425052	87.01036740878008	111.9948962543417	51.89614529261311	70.03065887994964	85.4385800440362	58.608088331993	71.00138137560532	0.8369002220959836	91.04939781332419	2.780448448364485	0.4934694654597185	97.96167085836325	110.7856613062545	2.498200402167307	83.17960468404658	72.50082401555707
102.2892969932586	88.90029992172754	2.819014358147588	0.6312594347337686	62.2679817476901	60.58983772274246	86.56856665197981	1.769809472587653	58.01773403103158	82.35782301305224	49.82127361291033	2.511104672025721	1.765233786796693	1.952572498207787	109.4979810435573	112.9705190308041	1.584729883300054	1.213623000973732	1.920122204265073	1.873945662873149	88.79666073798982	88.52889408192394	0.220274237269756	2.726865011859707	103.1695691012175
108.0398709280317	87.57177345657612	0.9453198204284681	2.504901993118098	39.69115299118565	74.0284097979457	94.01940274786656	1.637095252006775	53.64292327101566	74.4683756454738	25.51035413194415	0.7471101812134502	1.909401953592126	0.9725801049627369	102.4780081130158	99.80974487251333	2.200562422991613	2.932194772970258	2.143622848388356	0.5833823462171916	82.37727757802443	84.90473622132336	2.828081588598448	2.354951741655841	98.39060706579481
93.7379773319845	105.9648960387969	1.262875012857547	0.4396845320035174	89.81436866990323	111.2317618687668	90.07937448751552	1.525565282218853	90.1895134022172	98.99012982254258	108.7115121854434	5.41904894712048	34.71574713153761	52.11415657399105	73.44477766197924	93.53539411751281	1.664590470903042	49.37388681619424	2.966251440863826	1.240726323531223	87.95460352338472	88.6318789042065	2.948762188573404	66.71582011444086	91.19954478023355
39.15799663095333	12.07968907358177	1.763586265898131	0.06248506299923398	0.3131894513134437	1.678913457914529	26.52490697196963	0.1252288207361426	1.464333190820645	2.750801654965204	0.02578520844255941	0.0409849386916871	2.075214041669217	1.798307505746796	22.32166127223687	59.23348376020905	1.427659764852369	2.812776942450089	1.833626913617303	0.9351428189494668	2.959426588953434	2.003884191748447	0.2962583832791154	0.1115032874477928	42.5999197131795
107.7759781318932	89.86078097915997	2.175956647272283	2.682397657249986	70.10567731023903	84.71341559979955	107.7520084522504	1.105702904545105	77.89443371686397	96.4281879201412	65.48006329983859	2.109067854039099	2.341548302200382	26.53975058381848	107.5710459546613	113.9011131544117	2.402587456142712	0.4624725610104843	2.921843009954109	0.569015236628573	85.71752458033131	82.74642732023754	1.01341160217251	27.32146370600924	85.69006083932712
61.17252378095345	25.33025964568882	0.4161948022411496	0.637333653825344	2.137187643357298	2.296412403446634	64.76900284285587	1.410738256616153	2.558812565375213	6.887540192522966	0.3457178183213531	0.8998769776098243	0.01676235901116509	2.804900543557196	51.94464503434973	59.50439087920913	2.285000994764204	0.001770775472540254	1.285895795715071	0.6503019813300879	41.74037113419745	12.08211237461813	1.432310600316297	2.337529183447112	72.13428490762557
102.9036914579171	108.1775053103428	2.473342194177555	1.976177613430233	84.85438436992595	97.39443385622374	92.18777943760409	2.945245748063789	92.38836331955503	104.8142359304322	87.34404411936836	0.06414298775549368	10.38194883833949	40.72290675223973	91.97940158540676	106.5466550634825	1.623087969114071	15.5089135971888	0.3484859408213291	0.707348841503987	101.990893864251	103.2542682756195	1.848719489991951	52.14799303128717	93.76235340687414
84.96319239159833	93.13562483643014	2.558983150435836	1.459121787368443	42.58318016349721	83.11869981540778	106.5503120145289	1.179726966758798	62.15613994866648	70.64732604179736	53.9889806891029	2.187063647790138	0.8972367002109503	2.511405009119122	87.89613530387267	97.67701755306629	2.420995795478786	2.933365698673064	1.378040081038818	1.282031900776638	80.43799819689734	95.14553984813054	1.203196675344174	1.882765132960845	99.97223805595063
