62.35351259177341	108.5118040939417	75.76410143056469	107.3144874702381	82.18572888364379	98.3781502433215	95.97348901986589	67.07247480977966	76.40246933237795	77.6481836928544	77.92197909766875	77.2611089472579	79.22457197197026	96.21834069771553	89.65666750879078	95.6543706974892	61.78194881164228	104.4798993960046	110.9916754219487	76.64229589108699	81.07062754510576	110.1213325579908	80.30030274560076	77.6715797172518	82.88562155567945
22.07634911888182	42.89179784940262	116.3940612803654	98.06738263851489	67.9633258783451	82.66925757601027	49.88545988378152	101.2923251737877	91.88144462122575	80.82667193485729	64.59512510379811	99.1286502587316	83.52546315547355	97.34086615041858	44.21938085861427	69.14417176352531	111.6269105383542	86.2307854144773	107.3504206957102	96.52562832087814	75.50921209758086	60.94501074997277	113.5684223810696	108.2405346112415	35.33538464867988
77.76635718871225	72.50489359285146	79.7294779159748	104.6495275194372	93.59674280872608	102.5299052057129	92.58325872957037	78.33927377256003	77.93737766896842	97.67860002408355	105.316186554817	96.26606050515323	107.3573429626976	95.92658767742381	88.45261300387394	72.97865416068142	86.75920473199662	101.3050254760607	93.93618947693189	83.22952285908993	87.54537136438238	99.80506184376186	86.95251835785797	92.24979323027551	70.36742125128677
54.71599441471311	92.62496788951742	116.8313329335372	104.3208773175367	73.65335487581712	91.34944748436899	79.11179670708933	91.88155868239579	97.29335695315254	95.85444605629931	106.1191299861005	114.7761622438175	87.56410415823426	110.3807161044159	61.16627176330383	76.70301311704959	85.25040074077715	110.125979216661	92.08218122105205	100.1977707538011	100.3956680471176	88.74074949371413	106.9006625260585	89.0097588381973	99.15387963356886
78.92389905085579	86.00650648330573	98.93668116622042	70.37545914309695	79.02125576790492	100.0139923993637	105.9410072699723	74.97818554482473	80.07550187345231	94.44166734240271	93.9124961119396	92.82109344843786	96.35571110933716	79.1681647348945	82.21741254762529	98.9675460301126	80.93889719006688	113.459537823368	74.22737850955623	90.53301104948649	91.06408043107298	110.8805658887234	89.07143920671351	106.7478139938357	82.72841206094431
46.13951929731857	77.15481353694491	80.53489192365387	112.2625772668221	102.2553944315773	78.40173975047594	41.50189423388933	102.8826002035781	74.21562232599571	92.97674883125946	79.49817734790761	119.6552824528627	120.7396833150447	111.1442128605244	80.08074725917174	46.93994290538663	73.4008889656273	87.03613804076362	114.6072126492915	80.82699133041302	67.25935708965889	75.71915328995451	102.2305440657115	101.0463090899539	50.6025045111956
82.90716389572712	57.95761663998886	80.39472032898462	97.00196494731527	81.3590014181445	99.76087377482051	52.62988334201383	109.4529800320714	86.74631504547759	84.54337621831621	75.87588969669875	90.28342112035567	110.0156322292781	107.321859011048	89.27748359421412	86.90915573201417	87.21845144245314	77.85263121374747	88.77415384034934	86.65859356118708	66.37894615295944	91.20342123202042	100.492954020763	85.71091641655438	89.5566702967174
63.227688581062	86.33161170344624	82.68308679794859	106.2624289653927	94.98219291747577	115.6345810007233	98.31936839259708	95.02245026654322	103.2045921170519	87.80382077737509	95.19324848546222	80.49581534958911	84.80731150415237	115.8264300355048	96.61854328246127	85.60820903093585	96.46455869470384	91.22208819074228	88.29807269001674	79.16692703618321	95.40773465858877	85.98402523331725	71.87897770832014	94.93414717372795	103.682715688804
92.81769182279277	85.80769800402146	85.64684593400159	95.74403796455786	78.30445115806178	100.4500163541836	79.76921200205277	93.4026171002028	108.8820314768405	100.3414937012407	80.69843554712536	99.70811187466579	86.16441660815818	77.33102889299946	99.96228910134556	104.4323958786712	77.22903990957295	90.75945563625845	69.04503796209127	61.00756513559161	97.91002351919245	91.41709466743006	87.97435198335657	83.55672826575578	101.3339402165865
110.6094598577905	102.366549199321	62.5037706466499	95.75522105151121	106.5106235545358	104.7293311870719	73.72888316230018	57.18507242742984	117.2335531897679	89.34846560159488	91.75222434354993	103.0028919631505	87.33060402051085	100.3641444136442	94.75618688672132	107.7109632240902	69.33315768186534	79.89140993516706	65.33998947726977	64.73670658741102	92.12473069593803	121.7953041343496	73.43278844768454	77.73131914049411	99.50552495412481
84.11417143176122	79.09221263592347	84.22660071798705	67.86054055967539	82.67190040020574	96.60965515261691	101.2446903906113	37.91617038784756	93.29331318637958	99.39380523397489	98.53167554360353	62.4216512085934	100.536661340136	70.76370650579558	93.02716212231772	101.6833529464932	54.78644534803146	106.2918658284976	55.66323805187838	57.39550886655623	112.3640738686004	96.31006334850042	40.42618525592766	76.47178069957216	104.6054709912809
69.14947238147045	101.6377069352194	114.9887759169084	102.3966303299448	81.46863728828041	113.4029983747824	82.31381974779926	80.32510177350748	113.1836297177627	111.5725818102483	92.12405630059826	84.39684423175358	104.8113731598217	121.4196280519669	79.52167665447416	87.44131806601811	99.22837521540909	84.00815947045841	91.62035818304767	103.868194884494	75.85870184616657	117.1595122116059	75.82359015593161	96.3882815585801	77.58433823248869
81.85340379010925	100.4817467967134	68.64199581011465	73.48724683914506	95.42674775143598	110.7844057730518	78.06795604950443	71.19844307482529	88.35032929413146	100.4586073775095	102.9171019601721	78.14032725447665	71.82319257581918	98.78264384699693	111.764235513065	80.31744324367766	63.71615660169689	90.95175671327365	69.78443435636748	70.7391716681567	86.11734116298553	104.2731110955534	52.79226626587599	89.64858725893679	99.25737746540247
64.46406309973405	67.49896527601462	95.06164472129586	111.127576811743	98.00119313683545	112.4893692742947	58.97687430345185	101.6502279326196	72.27960648849357	104.7488160841484	96.76854190481039	95.47415653712501	84.20868402173346	107.5308471644488	76.32193873553794	59.41092558663082	78.07584193036072	109.0229900888092	77.71782907296232	109.0168714794967	103.6491106260634	117.0431813408749	98.65163803487407	116.2960109022272	84.80368439333374
68.99535170985814	100.2066438479486	89.37514262478112	74.62117909980185	96.87572779064735	94.6313836808724	105.5793128127112	75.79541009983402	117.7678561310853	104.1860097531108	78.44728866386374	101.7130645125558	115.5448963700127	117.8802957650064	89.13410700752814	104.118584849067	78.3788580647784	98.65300367974544	103.0927739334624	103.4036224585848	81.57395289891568	97.96996835442076	78.18014081350071	104.161983693012	72.17477172333041
87.31750985055434	81.09951651188136	65.366748747114	59.35928634180209	103.5705589945888	98.35357916387154	79.64045059672442	41.8505577956215	108.8652928874322	92.83270475280931	80.12767135057415	87.07915423686067	74.04600631993081	78.76846881879599	106.8618754514455	110.3756468868145	32.04963692767893	70.78887237670263	48.81735544282003	43.67221410829083	115.9122783567925	98.59433098051628	10.95340959036818	90.83718101827986	86.40945624773522
66.42012370917708	81.63950659419223	74.41825358175133	100.946623707157	105.952855456838	108.2026067832339	97.7522576557389	65.61409954860636	88.24540366939398	93.48231967582164	118.7760200049476	93.4192495575773	108.9526132881599	83.25879917098683	66.65862027374894	71.33269067675175	73.81389500993544	108.6640571232397	87.64319710388372	92.42655150824413	74.60343745383176	110.1655503151154	98.00495882467115	98.42160775001034	99.62563875128073
113.3169802042682	74.09532380139788	80.69657458126451	80.38672204045096	98.00328658305796	100.6245681035162	78.20330638908629	83.53207704913677	113.0396125538897	83.90892126905557	96.8359490962343	82.57298675826895	79.78273168596321	83.68005192466019	82.70236339649971	111.7868843582669	49.61117370476349	111.9686643834298	74.8883576572226	76.98820348593881	83.73054452899657	91.28285167854229	58.58664780514808	90.20606739295818	76.3730282569724
89.27093026390239	66.91223528167868	104.4643690846108	104.4343261159723	97.8475781786313	94.89455203603382	63.75753284870005	63.28706834250823	82.65763143262582	88.09867068557527	79.6264031096743	102.3493883778702	117.0566696616232	81.62373945762293	66.12380710122062	100.0082975629249	66.42112314289975	103.3816660414861	86.70822111263686	88.93203816166158	89.52897587654618	86.16755620910467	101.0455840078427	92.11575990273414	111.376752084214
104.5026933361264	108.8966407937517	65.76907988568735	75.68842728777091	96.79846784847524	81.68609044502695	118.9081029781283	31.16497580861535	78.56295793517585	82.00084089852233	117.5797862124433	61.04269696732854	83.4370477229659	68.2726339235831	96.6576344093036	99.68365291612429	45.05130821747213	78.03180184226831	61.81169714708574	64.3168504564925	78.41251319008337	105.3719165527744	58.16739849649321	78.26379224588435	93.9597190651823
101.1374907473344	95.64397030103866	61.8311230806372	83.49498040607922	88.43212543676646	90.78287772929086	115.0837346759172	72.35185021972814	107.7860015486206	83.69006539075082	94.84793766305322	80.60855498407189	88.47291574621448	105.2214283191646	107.5147632624679	83.69663377906862	55.07037806119004	82.48671474199794	79.21605304062109	56.00213894383704	77.40590782672737	85.96172850924097	65.92536245082617	89.44108396044865	108.7208654237495
83.11989696511135	110.6115894046206	56.51984102261362	99.52354885714834	106.9435589604288	111.7308377724845	104.8555192644342	68.15373635309464	85.55425823974819	82.16955578074581	114.0236468186855	94.64006174575985	87.46565022248367	115.565236501829	104.8233411621297	105.5098720034788	40.60731117053574	83.34127474052856	64.80481246181451	55.19140715844858	105.0369473456677	94.17641731990257	67.33195257348314	100.7904858358215	117.0111768868747
81.45265244130948	72.63003930519508	104.5437776817648	75.23197364239559	95.1612761827063	83.65765350145865	99.7036808940714	76.16141635308138	102.479951100301	83.67143969959477	77.63393271431161	105.165422304016	86.32399120160434	92.03781982498165	76.92628826725495	72.86962051290509	71.46433750772027	116.2797386469892	93.66630622971728	100.2094205482416	68.03568234593874	115.332117661161	75.89061914861142	110.1531284715399	105.420496169195
106.1132807903018	104.0808332693758	111.6452181428981	94.08606930254899	79.62233199163823	76.17993883501998	80.55158270341471	62.7671232446549	110.8783357974599	116.6981503836853	88.64689187708882	88.80526203423807	93.28653335844682	120.7928408359233	88.49579201001623	95.99984000074974	57.82936141746289	78.28087230590762	91.67482740204684	66.20408128470112	88.98957230524039	107.8752133017396	90.27532265715183	91.16800669921429	72.59898242646315
72.25891998437061	87.91959693249265	90.7420936685719	89.03295147225319	87.04437973917341	107.0650961466162	74.75508681536283	48.47008017464758	100.4594944406438	116.782122866465	104.3584511170458	77.96227181684137	87.34179104432452	86.90597708876143	81.65022765613186	85.83682644220576	71.26439384272902	113.8881659405585	51.2120059985478	60.66612918454692	109.827307617679	96.07679727853763	74.60024133902664	118.1050284437648	76.31446962895589
92.87037230216362	99.77783994553596	87.49956914745555	70.85312067208046	102.68071098336	113.9405309346101	95.40104709510857	84.95980814726781	118.2985053886428	80.44514278674288	106.5457780232475	83.54978222269364	82.4737774807066	84.50077844497486	106.369017807139	99.92112172036232	51.95100697196551	98.2088069984312	54.91729033924433	59.053758512377	97.74315630283159	117.0480033397628	48.17495784567018	78.52744437104967	86.03850742748457
85.64475703044334	88.80288569464427	100.9309622481806	78.20468810536386	108.9622499512698	111.6583494400336	80.30398850849588	107.3120173373656	89.55223186844054	107.1811474840391	92.74876297358254	93.17182255154387	113.2537323154083	90.5084371774042	82.6416289244121	85.62205483146025	99.2732591583819	101.5709250035911	83.57157601863429	79.25975609797062	107.7377199643144	102.6075559829344	101.2387839594153	77.90887421679147	74.25525109444079
89.50994573776308	97.5609573926485	116.6093664843728	106.9429407926879	83.33733912640801	109.4609858636091	87.49514046912802	76.92412251203265	105.7979953846707	86.07361347282595	77.51071003881069	100.0224425052884	114.9195888172891	104.773314147918	81.79915921658397	86.74246239424176	78.26872859768672	82.76037080039443	95.19401896953849	68.85137874939103	69.14113306968065	112.9624460799278	76.64915883283746	111.3949053861748	85.2034268919007
113.3711130097533	121.84238041588	74.35327630042821	47.25838649314666	81.51054279826965	118.8295409993994	106.4562403285062	30.18710937600881	106.5363507427744	95.52230405082277	91.93794547530558	71.56011343586907	77.8193227665535	92.74290999934325	113.9765265985223	83.36797895024611	32.34965437034005	73.17563431661556	68.75796720843434	48.05436505236649	111.4785497372449	104.1251833089563	52.76408230671073	101.5985672152182	78.95293135203137
68.40276246032192	72.24935624416543	96.54205220023478	83.73802450522716	115.2801019314669	99.21112069755594	93.78723847212777	74.8334894018442	103.4789297147635	74.42948397935774	78.72928038600676	90.01887210899369	110.6556213850815	109.563927843644	88.90327073836298	89.06698358201474	74.97571351728118	99.75537071831992	104.6000598048697	83.99597074210953	98.90934793361235	85.08168501998802	96.74364411006138	107.6097539955155	106.8052466201472
109.6226912599789	90.17275081219468	99.95704976206422	62.51611322622811	105.1394964031673	96.89841180571698	103.2074248506035	59.08693795338574	88.48253404482378	113.3897610867898	84.1875397574273	76.70311447241333	83.99110657568974	74.55130923391322	78.42862550564141	91.37975277598677	62.2745110607832	112.5891241067307	70.66214237544297	57.10831944231872	86.84004636104095	92.40439371922778	46.6269046622976	109.2549673929703	107.4602774986186
88.85857498133171	97.47884701830058	51.26529070794015	57.32026756100532	86.49323492047809	99.0703669277129	111.5238012208993	63.7239300078916	95.44226072632712	105.4153459587888	108.6859212659764	71.14423322567283	80.36141004025373	68.27620252887633	79.25654976768381	100.1721399531019	16.37163732092131	68.06104941706694	50.46311442928099	62.43660516677255	87.7495363930072	113.8549023545683	38.6269767747754	74.5044391888832	97.96188066755388
85.86976695994616	80.33939728474081	78.40689439142047	85.69419918301824	117.7502971884676	88.70937304196447	82.60409100942061	73.83061138526881	88.46594253698515	79.1493524643943	111.9813515484433	99.5360079013582	71.69250398067639	84.65635395904495	85.89233607421725	85.2348485965462	45.48073386286487	76.89597900154671	50.63373256324155	77.11104323286371	89.89959654576079	93.09635229600804	67.02991864085411	100.0803735882247	116.1993339019054
101.3595695190447	87.23278750927294	44.72982001845637	61.17425125228317	84.39586505818488	89.62548464416984	78.67136180307615	23.73847573462264	117.4928152691679	88.55520244891235	92.23861811858723	98.60669308239783	56.77212331785348	78.40191977298699	95.65570801201949	81.07179295617624	13.52318555379588	67.81971050932178	71.28986224520531	57.14251946359224	107.5668935358507	80.93287055994959	44.10935586377738	81.12916025436243	82.92052953215234
101.8730465146228	92.5324716572818	59.8049896366587	73.01146940923758	93.06841532509013	114.0008495168626	88.20652002943726	30.04497535787383	103.6516548808795	95.36233216277759	101.2316026025928	46.37398370217744	87.37270835695259	81.34151296689083	109.4639170923487	78.77133162582238	38.45876321527809	63.5198844769329	54.5509717308727	35.81081811912664	91.8472912953693	114.8211221918435	36.72338077834549	95.40910775380273	80.96887856633769
90.19677326945136	109.9073870583749	53.99864777679998	69.19724645338781	106.4821226422339	78.10297863873294	121.9644514005288	57.32498791036284	82.25974553664257	110.033576933824	92.21189122924601	84.93193560057884	91.49478285295952	103.4608407128719	100.507739855594	81.20874203230366	31.47028721373243	88.15102594876747	51.77910193825971	43.68107193665146	113.2146441554318	101.713221353588	62.52026084834245	112.5168784279436	97.48821162817609
78.36364025875289	114.3311154169419	66.37730397188467	90.8324917388029	93.54748301143621	83.51414294181248	113.9405793274211	51.05813141614603	84.63472793378619	95.75343438867002	99.20410095241652	84.61050255198445	81.65555667698612	84.46879309215508	76.11748191031133	93.88685472781134	41.71473817380388	94.77661479670884	82.39359483981158	59.93433081494078	80.33293130938108	116.5136433539287	67.13199954569626	113.3307913485808	98.71326989162696
78.34297209666194	86.64239146930448	69.03330458476159	84.002634286236	110.8859685116153	102.0201248648375	97.4362197313136	67.13668031240171	93.75530088629924	87.83594051098977	115.8810471824543	99.35323712151703	77.12853623430088	113.1409932852111	114.0256242335409	108.5468370411459	69.27125733512298	115.0561004311812	95.9131000718113	62.60974532150286	111.4308792234778	110.6577759866212	90.27400866395918	90.54367114871479	112.4496720186831
79.82309533761864	103.6080629654066	72.7136472301559	62.84553701106383	99.20964618606682	83.06642915788464	117.637100786581	34.73501031984861	77.17650221272481	110.4479392352613	78.88882372282994	83.63746100161816	87.87709320196282	72.15344484619078	103.9523154032121	103.088700285911	28.5122222698751	67.4976056811773	56.79608334326551	40.35516774352081	117.3238783398278	94.39941530600424	23.06663935947032	109.4679938518621	121.3802504041087
83.74800891464307	111.1274755514319	91.43617676143326	81.00945119293594	77.95386356265098	95.60992369625876	92.78836614567101	61.0912169234669	89.84754695328728	113.2749104374853	80.9549851458498	83.3154943749996	88.21693253212787	80.68090518935554	91.50661327851637	100.4953642503868	57.30574319629838	116.3768298014315	98.37356817647154	95.0943335848844	110.8296742571064	105.1506915650208	73.4726383716296	99.61723451946678	100.2124140284647
118.0975377270404	101.48001034615	20.32914092198799	14.72947987182715	83.61583678514077	78.9750284478291	82.05882154195758	4.593922388490455	90.21576429162022	90.25024922795512	89.60385189621492	66.70969143448758	39.00128585110276	71.9760150049275	79.31956651616368	103.2066025173625	1.620478334805806	50.94307399288731	31.5911380291759	12.2975114770831	86.43568304204902	112.1087133149869	1.519013763180089	49.53683659212085	87.98317046072427
81.17360749809188	93.95551699641317	71.6012218361992	96.73165706740821	105.8430219072277	117.0590710962411	96.8897104085174	56.10856274770315	96.1259599169217	116.223630494607	81.37044028418077	95.10691413441401	106.96496277613	88.66272807913556	91.18346309871183	114.2694166672637	43.8792517442869	111.225102516195	82.88569676398915	53.79352659430505	112.5740747843357	112.4764089196754	45.47730326632241	106.3950140059962	92.79355802972728
78.412897134505	91.6912285869973	93.78689829849665	87.43917343766704	80.2182345452043	109.2254225418594	92.89699415413111	58.78449916280451	81.19760318588672	120.1829964930426	108.4663488329515	82.32307692136567	95.84709873876059	101.6228954231549	88.72621339026296	83.19010591422494	83.40219738052369	115.3642571532992	96.57026962633401	72.01633807255141	101.7627958600905	110.0083313481448	81.71839521431157	119.4060676943576	80.18905001715068
104.5819639878427	104.389125761744	37.30597813371804	40.42619223631267	94.22541385822026	86.59339338351164	108.1807479824577	32.46154039232125	80.47382951307782	116.744137170969	103.9215044181745	64.15513746039909	62.07378628780988	91.21145963870907	89.71070012210163	97.23926569920569	34.66378613482583	89.23796345413842	46.48652112141727	47.84442872560653	84.64731181270291	82.673393575014	25.31247397034781	99.50775465935007	81.14720005838527
80.18654082749748	86.60655429615858	79.12621016004707	81.89582135185273	83.53290645531011	117.6043112371555	74.86546899526037	92.0429787493012	80.12547912019572	79.23087863798573	77.90163731599638	79.7843662745596	94.60178135255288	119.4947509925083	102.3587469845954	82.21642656334093	78.36254779394649	113.1347157384008	68.70834450991119	75.17704195641569	109.679892199336	105.1531668113224	87.2704872405991	93.21117449089213	107.1936528202631
93.21246555930027	84.28813858291058	25.79383885731139	17.0104055406799	91.9244994293299	101.611355028697	89.9355322546958	0.1991899579391609	77.77159814111931	84.179932389115	86.2343072046031	49.11662515286753	62.41577853384003	52.47476152048149	85.08823878616917	79.56687684228304	1.714887864930151	61.5783508226389	10.47015825052646	8.242198694154546	78.30448539362172	109.1502941593065	1.422430392812562	59.72854909673069	111.8485901478372
96.64358934796353	95.95784813368536	36.21770777618219	64.61220936057526	108.2481751826263	94.53865845603943	108.0946921255745	19.47242633027059	75.30260450951228	87.69545499855468	87.57778739744755	56.28193465824282	79.57494919919856	78.80219274924954	120.4697546144176	90.39918099359652	1.175407335429826	74.84736380649655	33.65766971812857	12.02289739806612	80.6207606204612	89.62315370163829	1.627027994371645	91.92726733045966	92.06413483985432
82.73048232485172	109.1825291800093	79.24275395705146	50.86628902034307	114.4922887459557	111.4631062463618	114.5590283206884	28.21549721266307	87.84985782280276	120.8030457853272	85.54135413324745	81.99127869874951	59.02203508418995	105.1278788423899	108.4556554620058	84.49502436543118	26.89374302057336	103.8655627198592	54.82800011831154	27.77310543202158	117.2371507896216	96.15225732308355	48.01352751279052	74.38771860685529	79.09128838711048
104.5983071410985	75.83225054122553	37.52407243703018	16.63401187405677	87.61463333539507	80.54644785702264	86.26248829675976	2.135447550949225	83.81242899522942	105.5338590682104	72.82997418952228	39.88739818694086	55.49893011045741	64.90933175918819	111.1052694151859	94.55247658027355	2.1548909849703	44.78000075593944	10.90239469391455	9.949665580371196	81.85273302501719	97.9477846471751	0.3510195739366393	88.13398000647067	83.0494737088431
110.0646060390818	103.7181355086913	2.513236043160211	1.691952219538098	85.52600870033143	65.50636153454035	99.78307030639783	0.363140902089671	61.25210889904739	60.12073241851343	72.95543475518492	30.69312503345794	54.20796331870685	70.38457049049927	82.65839090627742	100.1821964341347	2.762718028798918	39.15396865452273	0.785105202234345	1.768735138163686	89.84418403519066	62.48370847429823	2.334460105275383	46.11765023879184	83.93168111420977
