33.76981193047848	64.48130649080548	114.8249536462042	87.88115287704265	67.5122795756736	81.62057083270224	30.30396796756413	97.39173938586612	67.69695473839741	60.11261729276968	95.18376852871351	82.87746574384195	84.82896450498623	71.81976892224591	53.82388178081177	49.4715837480685	102.9822522276557	85.97171528827161	98.96722567788831	111.5675889037591	78.79658400608663	68.25069938392897	120.8025415388338	75.06152077041455	77.67072078640746
33.45950720108711	62.58120869611905	91.03897803058355	87.66946383790086	80.12645921420764	96.42127541936244	45.67977651000948	83.31444544121271	86.069894340977	55.76897947611168	99.91525358678453	104.689050327106	91.89170343081577	97.8979473487821	62.58776236498204	71.47365978885912	102.2047381475717	91.29741308315866	113.6338086056455	110.7238176728276	86.37104324524567	81.89925796776943	95.85184257160643	73.61871290083926	48.60407801012747
66.38768237803735	109.3458894670973	112.0638248819816	73.95135092934187	107.619361883582	96.62220592045773	102.436904000665	99.12180721008875	111.0244855904905	83.80816890735902	121.5067318718352	116.0757540155704	76.66926089121704	86.60554639710371	105.1752873489181	75.69040395285546	83.4647985380067	107.6128087038666	91.17110067869308	63.60004058632161	94.80096354596837	79.8354498051675	97.17799508129535	79.7598402274279	89.63703989006333
70.92135154039897	61.91404195853693	90.43767038615984	88.24604609440281	71.28274395216215	91.80238854817102	55.09645126507968	99.10513975522076	72.11494597815961	89.07087835889453	107.0311788145196	103.86322255325	87.81115817931314	82.88206783065598	63.43571830385544	77.77874034912868	78.7976468167044	99.37929165733198	73.06088339558715	93.23890137201987	100.0328934352819	115.0837256745513	103.951061836266	117.4714580659411	79.85055081284494
91.59923734793961	76.10914356042503	72.56361242458723	90.3948227268933	94.66310679737865	102.3687756040993	85.21837599749956	90.22947527581196	76.80542182918981	114.7542304865263	121.3850517456051	81.90216192397153	105.6437071182137	91.96578975453929	86.90764856172251	71.07807582865222	61.27958549501389	79.11652546004321	85.83414303148707	96.70596050703918	105.0125382511276	85.10382375161181	64.1869821753655	89.48173293644179	82.00339937104289
96.79302820571917	86.0903319243766	59.86569982180386	94.46579764666382	78.84048654909245	81.14580512025611	116.250253030954	69.55511091284619	93.86840110858175	116.9053360220923	78.04983944467708	89.26230173021794	85.826802476111	115.1826934235418	84.19944617934087	81.39518426318682	42.76392870561989	90.32180837087384	58.36595775280378	67.35128752880647	114.691465094779	102.9132231897879	54.88053386882447	77.27133398812542	121.0683120515937
53.25239809145168	64.14874017237418	76.83502378254857	81.17603175318159	75.70181742615054	102.6766807558449	96.71637191042818	71.81521852470875	112.7323842753839	103.058003341447	80.19019205374785	95.46859694516802	108.1491879108171	96.11973820244451	83.88290048213007	58.93070785472212	83.74535831384063	97.05925653711267	88.06897773313767	94.64082731150788	91.83661797927864	85.47070026322444	88.81814145684208	77.84103061881719	87.58146682987547
47.68720528096971	71.70416663322874	114.3745509635057	108.8237863595833	68.07172429882068	72.1213399511655	61.89766409922045	77.76325554439649	74.33330329955257	75.49369946155221	87.10354388436515	102.4163899340453	99.46454866020375	85.63300377544337	89.77175121889198	60.54871900540105	70.82027329774415	96.16349714249458	88.81635542070899	105.3185095734938	74.1094702846804	72.40879638542349	70.80307847033851	96.29704463111503	88.73237036598209
56.47495966359079	84.63530199106242	82.12711166880108	120.6107701410314	68.14675486100656	101.3339292888349	45.70991073198451	98.1780415396187	75.78704470442165	103.0867662769233	81.76277851622957	80.80690624865981	108.1399205531994	80.53903191897865	57.21268967298874	84.67932946282181	78.93068935119163	80.30831007300185	103.1562832052229	104.5322809571339	62.20028768740048	86.55223425090142	86.62801536294104	88.85258058121612	71.97748234520803
75.9407059596199	91.06445628977062	84.39495862799633	88.34294733969412	80.93273896719406	118.7808784578078	82.57707233975732	97.84857747252134	101.165068065726	90.3755436242633	80.13379035885562	94.52159080494484	115.4200097545673	90.24578046065801	105.1494636058332	82.33473233777245	64.911059291508	116.9003547161526	90.94956046726575	60.36108693810513	83.01687167889932	119.9282321744842	92.61674385744142	94.55843428634962	114.8212539354855
92.19737990518769	84.20948275997341	90.86607293754126	97.00586278205965	88.56807209537192	91.64463308451663	84.87455696485873	70.33464033364629	120.9916005949008	100.6615845423073	114.1520386883591	81.86090408586544	88.61054735490845	96.37114661014327	103.7842630614862	78.02932946468225	79.35136320592268	116.777851962985	83.91415247109413	63.05355855618902	105.0916414680613	121.2985350904635	61.3084280048059	84.98701846706396	109.0530212224451
74.30234992336202	77.94434665686164	89.19904915772528	89.80804616188803	103.6021461902534	92.4191586464808	81.15158756473545	75.20639476137463	87.06948672256867	111.6138495443433	81.98984358727148	109.5710778188832	83.39212383368181	95.74834604453014	79.09658570700381	102.2913242862026	69.72051136241359	111.8886521663929	72.38281225090095	71.53507419492698	98.17001084310411	81.08125073409988	71.5998456944683	76.7769532765912	76.75252719236228
83.67886728182754	71.38364461596983	84.34618911969481	89.57812948513033	114.9768090039866	116.604330133365	79.45816797602279	64.91572403501155	105.0729235835144	94.49743105882712	98.58539646023179	83.27401203262859	118.2131687472517	105.5575322024544	82.24361341480991	94.53238733943869	54.77748313473346	102.5384943984489	77.12924790556733	70.80860389923836	115.2235925841856	106.4284269978387	85.85416331804767	106.0531579899506	81.75238908654323
110.5174788501068	89.15525570404235	83.77004711929871	97.37236374096614	109.4364110152603	110.7560762874141	99.38170412952293	40.84306139035023	99.64863298757267	109.8406373374303	110.0494749129413	86.23350682664952	94.92492184545198	82.75228304724288	118.5570087039429	84.70403505923753	65.91845458857794	113.1912841849324	55.90927363492526	66.55243609962915	97.08568179665862	104.2673899716573	72.42990940356609	84.42529700300318	87.64150648906657
58.89779767271969	49.11311522551493	115.1217843101217	85.50842977457253	72.0780460927198	73.03630153026596	50.07609755980437	109.7949373627505	104.6695671944122	77.57998826670271	94.33565062895097	79.06165354308641	82.49628133590244	104.4930581328085	54.32862534970231	70.98907128705611	86.07181199113164	81.23262439218756	94.04389262192004	96.4375752700024	85.98934968021128	75.56451949875861	111.8413161335453	105.3819661317247	78.66602438515991
77.53491343302579	99.98968487694204	66.63531730715434	87.02687428703885	120.0926054004356	86.88114070719621	99.25188268300326	76.33127078029497	120.4710033696851	77.06392785099199	100.3814686804214	101.7131255382172	108.0267221916334	84.92235306164172	106.3545290141751	104.8213914809409	65.05712600088816	81.86764160087671	74.30360100632883	90.72614931507476	99.15451581161909	85.54206254318491	80.85304111031526	93.88143879874079	87.68419239290591
78.92830073506499	77.09572747268635	74.78498448370574	85.8626556842638	89.50624114177091	84.06985815044334	73.47038566942039	99.68777420239945	77.0579407525705	101.8011258671212	116.2818730385896	85.34307399095294	96.97181921543603	98.34070150273087	68.40780661584843	78.82640926915612	77.10532667062644	107.6980266380122	78.20908949323331	86.38909047323052	114.2943274824815	92.13169531672625	54.57540676006579	119.2735922427867	76.71534678916366
90.97251755265879	82.24718675523673	55.05475805567542	58.53294381578176	116.9533528855263	88.42343944985411	100.8163675658575	62.05280309196007	83.79342381639081	82.72244972925874	94.91278157665175	82.53277381695801	79.19113095404381	73.31520828545574	87.23959257136775	90.920024226157	60.98968853157304	109.1919424919054	80.6820487828499	53.22395568817373	84.42489124877585	98.42066330307881	69.6120239683178	90.21277915044787	102.8838729171037
90.57463507302754	91.44495879688927	51.65349216809645	51.20715674302882	114.9620592399041	81.68945865759748	78.97608327114143	44.68260242148516	80.31600383938432	84.1191000958046	106.0637332657319	92.22494020066632	90.74196320560185	77.69571258406681	110.1977884368542	94.59651728517305	42.31633247969643	99.26997413799961	59.73672755348883	33.12474314312992	120.7795822008758	106.0172118615296	42.08875197047698	76.09690894386954	91.2452466748905
81.69418179709062	82.15354149859613	92.4099606656864	110.0196656463497	103.9199901607506	110.6942409575979	59.99305786775369	106.080432347784	102.1281150027283	101.5760116190042	104.1303929540663	97.77125384855549	105.6003653109517	107.488926590043	94.30684519840088	100.9869493052936	64.82528100055198	85.60459880222147	97.17513668580153	94.7005028305432	103.5273371525733	85.28035953242829	106.1018585700049	109.3764015134362	91.80205797727075
71.30672060894781	92.92774331507894	78.57474071058542	84.60846912709405	93.53162482814446	106.1500007878454	104.1449010143396	58.39612244927029	86.04370113200139	99.05186600056112	103.8115001985856	94.52132123183358	113.293367748912	113.6338887909275	99.1828429680025	96.07238673897749	92.20415250661631	102.748134763702	106.1539468178179	78.43250612603967	104.0055919604999	90.46422345836326	94.05709199357668	120.4155934453207	73.20521579159879
81.38999837073455	107.6601567069931	73.56018275716322	72.12544816065656	117.8221816470944	104.9280516747278	75.29019108048175	82.1876179374463	109.4024254869189	77.20313987249364	111.3090989937743	95.45092794270593	87.08554553635676	120.3108164223985	79.94387040351128	105.2251880999001	93.15446419858485	112.1307349784906	79.53867059000285	97.22292853455232	106.7044057352518	107.9452370685523	88.12958901502623	96.21313782826373	80.54386683056285
69.04215903694399	78.40663302212317	80.4591952816175	109.3746543958601	101.4213936201563	106.0567056502629	75.3174092841644	92.20840845272951	116.1174266745446	108.1267611923354	109.3522462670519	82.03574544808312	99.04431588818942	117.7504702085252	114.7548553871402	75.14151379735493	83.08271539047615	96.2575196664225	95.06228491890067	85.26004584532177	79.37026090526673	109.1971957745827	88.2573441100031	94.84253767048372	95.76184716440784
73.46266934840958	68.04623586908821	83.36798499284268	96.5930446398612	87.52710322608436	80.5641159276506	65.26214818035096	103.1715795078811	80.76825785827776	78.89912559910509	96.52126469813992	86.7464478344517	93.01393078194168	117.2402206277886	98.37033073738243	74.49283608365891	91.29793013431062	117.2049900069057	84.75265562931774	65.39236424402486	80.66684633733682	91.09022610349038	87.67919408124712	96.50184298099032	112.8712446098051
78.7697186646952	80.02158529164541	100.3222829238548	83.98474112648474	122.052318285767	118.8723858253566	110.1415565492465	85.22772798999719	98.24119654882269	80.59899700270455	99.8153686286449	100.7570976875954	103.820020522858	76.54940854155006	107.2613720040366	105.5602129946867	69.78899506366173	119.2032467459567	96.197771082472	90.53290757723504	115.0785445433227	110.6731926445795	78.55599132839023	82.87432156343425	109.6359462860187
89.71904806100764	97.12973046056797	100.105772132764	116.8552143032173	85.33481297854981	94.41304319824201	61.69544060221071	99.32703097385279	97.63950944653375	115.3665043661277	93.03411644863633	114.8186180459424	115.4116999814687	87.14347711073145	60.57132694174597	83.47861621015524	82.38863588420179	111.333633420143	75.46569341292575	101.6995420715176	70.02048385251896	96.82074056209112	79.04697685905157	87.85246456350943	79.93795007796103
121.5960828539775	111.5532976058184	57.83732735733798	51.71141581135372	92.44773368393749	84.06565741249631	121.122084595085	55.51078003252439	105.6839287940819	97.38183167659801	107.4846028501721	60.45506284132367	90.51378040414106	78.03273298252013	108.2826896154612	89.31496777866927	52.48291276811992	80.2528838262193	25.54450655419189	44.69614651041265	82.14193156999423	119.9364664931117	45.63708708379035	81.33752740986698	94.96263886595027
72.94691057309225	94.62489056770322	107.4051937906768	98.00981383595351	107.1544980928171	114.0701872813095	56.48123163553122	95.15546047362119	94.29329597347187	99.28740408042466	117.3532850387062	94.66251122575503	109.9160635949101	79.56917230879498	56.19038997841467	77.68846950667611	85.85523100971304	78.47793826374485	89.30271059995223	94.376825185191	81.16969798499549	86.73839256853353	75.45405629607058	92.42379496056589	86.27210916184947
116.4419110999732	90.62384022938906	55.47534506832041	54.30216253418274	91.39630049123393	112.7054197336311	98.1263652078873	64.62373323132864	108.271945157863	101.4660986968004	90.88789942617555	103.9067579530891	69.19260316638986	108.7928974305758	112.4894848730297	82.64409448946292	33.04888684374203	88.90743379215874	80.58307655959509	63.92474119000136	110.4705375304529	86.04230080968443	42.21056820915406	108.5003569394215	86.75712454660716
75.26919532078357	119.299216223433	58.13040825179986	95.93688129640387	102.4412016567044	84.00438691140123	75.97138890797878	71.00721532327054	83.15486755061464	92.96832137919165	122.2911044832341	96.81286290410455	100.850843439349	103.202926864404	79.13680759992398	99.75994879482636	77.7335069228676	86.73355958082671	56.59643606668197	82.20994613147043	104.1311035142494	110.667852681484	72.95149770207114	95.8495178257705	119.8850711731742
75.66338116132218	119.9728242201118	75.77065626272881	75.37761942306726	101.6405008134938	121.5388450053674	108.2080217725253	68.78773984344804	85.6577839315338	111.9268139027394	93.00914247790173	66.68930956999777	104.6938930714244	95.1086636679961	119.3370507650158	100.0094835170688	50.26617944192498	82.10570328450005	60.92214834474595	48.56605262336379	107.9334496602277	110.698951892326	54.89960841820189	115.8140381588312	103.8913623358687
78.08065640061847	108.5488142446137	64.04191789702099	70.88880364286732	120.2460738613671	117.6223152763037	95.16112290562049	68.77992175420111	120.0789075509344	116.3622373110227	110.6401828532358	85.4481122348104	105.5785812192031	100.8431021931605	121.3224462240701	107.3998461572714	54.93594812600955	93.07857662286264	76.02551943301418	72.88978466634273	112.363144274631	109.4440116983502	28.5208472267328	113.7067932811966	98.5961116742576
109.549011792174	103.5915540035896	53.75077312182873	69.28195371670557	88.93543053721123	106.4666391109617	83.16982832600679	21.29957953222185	70.26470501053383	78.56987737943817	80.46487410321051	57.92905575920506	43.93995240458317	86.50210956996531	88.69611730113986	94.15242285265572	0.1274010023106396	67.0876376938529	9.228159290847859	1.033554085550186	115.2937631075825	99.01207191819594	1.85659395336118	80.64690899786282	118.201848136511
88.51675803583394	81.96632861455475	63.90718263255222	53.84571901855711	90.5246538351484	92.20898724568679	87.23377055396256	47.80039043890457	116.1468166634116	99.40591824172124	115.6334904408823	63.92474742931714	54.58462637478543	91.00492675192878	117.0935733814555	91.1557240390234	20.60615693060545	61.41327632353472	33.83409631025247	32.67027830958245	103.1830994667875	109.1098976077941	37.58555419999462	74.62600904380062	78.7770381012426
84.84507341579499	94.55426790992414	59.64933356936132	81.97182922361864	83.90950116163974	82.43181428525573	112.93212480242	65.37210837832322	106.4278866631218	117.4287981377601	96.09696076903145	89.17978785356192	74.86220218029038	78.64632217954967	85.98181448286942	103.4027223800507	59.23040264198353	110.3607591114629	83.69065170585708	63.69260018922816	98.65846620093566	87.53276734202143	73.13794795804831	90.92591904134937	83.01393872940919
106.7149927454276	70.15964461871135	107.6454251887236	86.24730033861817	114.8759714503869	96.94926668143952	74.32458686498717	62.41857948076381	104.2684948129803	117.7012713739555	121.5510651855541	113.5879840139205	107.9439518359965	96.96405127023898	66.52115376482855	91.27697570259105	62.64503115955259	116.3362525471962	72.59699262722167	61.73087581775829	81.1527397529393	103.8686013436281	65.39256731690161	119.2633927397183	73.41831215087791
73.02002730274862	101.4293848621901	93.86051461877355	74.62432279404135	81.60305382301922	113.9963969155683	71.04204158371027	81.70069867771991	78.66593000539891	112.4744596960931	102.9131341417739	87.02171883857005	95.94780531292233	86.79282379256685	93.88444036767646	114.7800726015303	56.66483409535239	119.9135886047891	69.24565327474164	85.36560588967527	84.65327116859557	80.54734624355579	62.66269177505374	110.6237346120919	99.76272283021436
109.1402833780002	114.2102663587378	78.46776770643383	79.05785048204089	100.3720547999089	93.53859511666568	81.31216321031145	63.62167897901949	83.11101118005999	84.38586525840024	84.01030109206627	99.10312952695338	85.57093277565465	88.12639778064045	85.50941954834383	96.07265713015452	76.385043894755	97.64397473271747	72.3856660947383	61.63100283450389	93.29793447982334	118.8095785003597	52.14855696843139	80.15358531220005	118.0102077003792
96.31688935921839	98.74833842474628	70.97900176560438	85.26305770003536	77.1730085093413	106.9868502723217	83.44888422471966	31.83267807814944	79.89138456262114	91.75828575261534	115.5287157665151	92.07241676360036	93.83150251946114	65.08302414621828	107.1098587018465	87.97433692347666	16.48876045437459	64.32643006461747	53.21556099999364	46.76121421053384	122.2629924332402	91.53751820128673	53.16452838096146	78.14268788822859	103.5657750145143
97.23391833280526	104.9641639305697	81.16711458911007	59.10391615220145	97.69938747390175	90.01367019417989	115.7492747225449	77.7022017038324	115.5230980973922	80.80707365628292	119.4340902822181	84.48194269767795	70.14830289503377	79.7257753780238	92.35023962944592	78.79270632311518	43.12776759710789	113.5450012330162	82.32185552663492	65.7544796220532	95.73228736682925	78.29399015247823	77.58527455335744	77.53738852077774	104.5691689522581
116.5488464594906	84.91931073122407	50.82166224086616	47.93617981632289	80.78003426176956	108.3265141228268	89.08456279209989	19.62192456667385	101.6809779943156	74.06558764498342	70.5330437792226	55.97397097402086	45.09692663083796	72.34131138173406	81.9773070014256	120.3683730293822	7.988355499158349	72.35310874914866	19.31938289355953	6.978422061263494	116.2031142169568	82.30857502698764	23.49447448682004	93.69031970895043	102.2667984267186
73.90393542197677	89.19547822499689	93.19556785478076	103.3695043306951	107.442540867069	95.78026050787082	103.2558101815844	74.9300936098355	86.66686009664713	79.89719994250753	108.4815759462498	78.81531168265001	116.5271491014955	90.32437644785898	77.08480263863737	111.6516257392358	71.90946728115109	90.76323833281538	83.55370709667616	89.14300778367073	85.20932064782551	79.60678034231576	69.02989809834415	94.30996495372804	96.5218981950382
100.3030626108748	94.51544870039764	43.21067532269298	55.52725872957058	106.5550908204838	79.50714428123523	84.41717586630588	27.49009145333989	101.644681352026	74.97782056936951	78.18145895938289	57.00468562696554	62.02407788434905	86.43119716926333	114.893898736379	96.35404124955254	2.639344483193812	90.68165462910297	27.3799468731838	20.16563448233797	98.68494068892242	98.57009204426886	0.6347863441958381	62.16848821236469	102.5017347331121
120.3777968234052	108.0005594224767	18.36329987917347	38.6988567216158	84.48952908973123	87.57683511328015	108.2249535003637	21.13092394486397	90.30485056902086	112.6215034285676	106.8533254694544	50.94166251734293	79.77592153054917	53.65326316724904	118.7763828519129	110.5054049363191	1.769299241186889	63.75071768237439	9.560815101053954	31.03942003227898	78.32786259513789	106.5924713592906	13.56146085881741	78.1866841152241	87.95765156295749
85.8829834976824	108.3282797874174	74.0366840871457	91.30755143694958	88.35426596729427	121.5766853576943	101.0129356986718	65.88356059982203	105.1608763629583	82.6202762841253	78.00354071249767	96.09769234895796	109.9717227773287	95.93663276207639	110.8678705393437	103.409099877022	48.15961938753057	111.7120451957846	81.57092340925203	75.3877257504016	82.02680615210674	110.0866003995024	55.38580232848568	113.0354866571051	117.2312463034298
82.787910124462	103.829386165132	5.18605335586884	1.43819328604438	55.8507461313831	93.31643936298778	110.1221817480232	1.068040336244269	89.34923108020377	88.30334220085962	88.40924163879355	29.62287876888094	10.16495279387397	28.86484096322563	84.14671824305881	76.47509152535748	2.706967856572107	56.8495413150184	2.754484044966502	2.303324253923248	97.02448905413158	90.72697384130382	1.535315000068602	69.01180689139991	81.74339245814733
96.46785721643323	103.7340555170417	73.09023652236937	54.3944991922578	87.78096811416542	114.202472370796	82.25482673962981	51.12436327925386	88.14784237622897	93.66982471496735	113.9051962019731	87.11809719231447	74.80264367157829	83.70922025752789	116.5068698931666	79.081397858291	33.79779025732036	72.47363644172503	59.30704656875486	54.21203299922217	108.165327368316	115.3003554749366	47.36841641834758	110.9948692211409	114.962345827204
115.4601870687758	71.14356602150333	19.35445099427852	33.44845741927152	66.59009800312492	80.38445604302466	105.5283884384893	2.106748988653687	56.57462337149916	102.9404613692398	54.7962732995137	36.99150836781257	15.09772044537768	29.63683120883207	100.1405118809334	98.10109954962782	2.746396294357737	37.82153274847236	2.028485127806319	1.53625958533337	101.7599900684726	65.38377275637961	1.548814201299125	47.50199504624848	86.47359934297714
93.6118869527065	116.6287031345553	54.32532483119503	71.56851966755562	96.6873837943981	82.84209935962092	120.8005673440721	47.46234111353743	87.6171547895627	100.0758236605926	108.5936047444025	81.66557603277647	73.11119905622186	107.216639854392	99.3579866152747	79.07386633814664	48.48105674456143	74.28235249070364	75.11279372899079	27.53122214365209	109.5765435257368	78.69409223411705	53.52796408451565	94.4194398964474	89.75050873092076
116.5638762613758	100.6301382029893	26.23572362672525	66.54542940171675	96.23175296502987	86.98227395264782	99.42079370742914	36.18020706707722	73.37097754424805	75.86774385108873	92.23169316880686	44.29150730957376	80.27206880842967	59.34419227083272	107.3527234017026	91.29613474155244	18.61918754567572	72.76125614203805	21.22001804177243	10.31267669933555	117.9048858388039	110.9829155328715	6.510216698334794	85.18614110457717	110.117982450471
