0.0133512351441726	1.103066625440874	76.01539250048447	96.94166611371637	75.78136308217962	94.89410743540645	2.245285857395543	14.91042198131478	87.47248035045951	65.74330474803651	86.17418675433299	88.63295293728942	122.8367961670752	92.58398448186364	1.33320838016628	26.56749466436226	2.454217525119965	117.6376745336047	22.55899553342046	0.3676173945264202	16.58876703774973	76.05389463522614	0.6547474211807642	124.0835992366742	41.03553291373085
2.817303614629576	0.2249772310311093	84.82035321276342	68.12240857810757	1.534049020555747	2.537889936331655	2.28187616575014	97.54595782719318	0.8227639271339859	0.5979977644314607	0.03468441449585105	87.5639218008037	59.05252279110945	2.589090683311653	1.252419941275818	2.610801118769849	77.46564298535654	108.7290603728236	71.76615866643739	94.73318395973918	2.774803665623986	0.9753223059589959	116.8682385353454	39.62580236010126	0.3584400569974376
2.497453172600137	4.257346915505742	91.8869811209367	49.72491349871271	74.44196314065215	98.21311835490849	1.327344047222583	1.463099813682174	69.84737835567145	51.09517975417253	67.45890182278909	98.70628851974766	121.6913263746156	92.29747089214689	11.29434375890924	1.797060743616667	0.2626595314699098	100.5734898014895	6.61405450309455	10.16899897124731	21.68091863248067	105.8608475741321	0.4179811525599894	120.6827874942056	17.03978260001358
0.1906221066991933	1.869064168328743	112.0242935727952	87.71767576576872	66.37036757846055	27.33706411671604	1.582599375754733	60.28993556896748	48.80051979830806	17.93023101354438	62.24269794108852	91.00853417793834	100.0595073488457	64.59580002577482	0.5049061244414785	2.110407242856038	27.2472478589025	70.35209802409298	91.76059277150216	69.28965376703157	7.238948165517321	36.58094228479729	57.97177639905848	59.12528128922843	2.893049582474582
42.24858543990732	71.88184995632298	6.719813582959077	38.52310065230274	70.81120013706243	95.27323420648284	49.77182108569284	2.380234497498551	76.21767327853209	58.50671514389968	101.555386782048	50.91433080222922	67.71910320284061	114.8162913866025	41.92610385464539	64.48816010095834	1.925014232367037	85.76327975917107	0.8242685715347173	0.6016588684754172	75.89569479970181	91.4228998305482	0.2400077764768661	106.0116910376752	80.29409793392908
1.639618078667121	2.453170688036451	77.13898715824253	81.87706332189548	2.223500910096497	1.812881773586621	0.3211360613096551	85.13677137236003	1.530242750042245	0.2125573043970006	70.18863019765298	97.65198998769611	99.77289145430191	88.86535467063044	0.31322721905643	2.814842641652596	44.12422990826474	75.14339163172247	80.17400435977933	65.51898313406365	1.366430832884465	3.03717775580035	85.79576937283464	37.03348951248438	1.001948485595735
1.330874273719257	2.741823640794036	106.7869986962303	95.44579800311021	41.70733620684831	25.71079622638575	0.7794712716226802	38.34308246093575	57.22843922437927	54.50681408355757	60.62143314630474	117.9200270295999	126.2828273271022	63.97301866548952	0.2621363865467632	1.068878083126158	2.242778229597086	108.5213396864378	89.69857635143978	41.7043009922788	1.980766505264724	79.6576360644294	31.84147128418338	109.3756455767692	1.169524448109859
2.166972598515918	2.762892133150065	104.4665805120981	91.93331769450837	64.34284980929358	33.04316690247182	2.294018981978292	7.182179436012099	58.02503562688244	22.46063357648633	62.99501167317314	104.0806242239661	126.8852619416867	111.8881657322221	2.653875400194595	0.6592290509734566	10.0645720472622	70.30397851838399	40.58596137444101	56.5789425899118	1.591297510366369	42.34485774350215	33.06762388693453	77.48068764245936	0.9061887064163148
35.18203568516213	76.38529538507453	20.36936254303524	24.45954364283179	71.80873092622841	77.57246372050402	30.26306186031525	2.646785226721192	95.02171559577103	86.89086250037528	127.6445540068942	87.22720371250264	74.51540145894602	118.352744818095	29.7797347691095	63.05776396443275	2.990244829708325	107.3160552682138	2.632005278776041	2.12158318440612	95.22942847615408	108.4297382215648	0.4898603590576845	115.7611187210113	63.11348456651776
36.50666278859984	69.86230469703736	0.524349162164599	29.21080490627465	75.02394388114831	114.1245599891511	46.14379110513919	2.537427639548884	128.1884883355648	88.67128557377997	82.35687672991978	67.80163727673795	31.34099290455136	53.99255170227374	42.44105940305245	108.1969259113751	2.135346141977973	70.92575618870825	0.6099823027323377	0.0396134679399304	81.47893336232788	98.10649662301211	1.822907735228009	60.38087718820825	77.1289683477407
109.7892261912303	120.5866327960487	2.264822336252266	0.5957819989667761	99.73781570872552	77.19831159549611	69.76534925027433	1.55692786870597	99.0618539570404	105.7891311618623	94.44841303618605	10.34538192769396	0.007439033998972077	36.27570426526083	118.6032989782077	104.3177195710772	2.698157658149902	18.23518628762928	1.133869665380917	0.2232058375507147	83.62602267719919	73.47373380635878	0.4036576692192074	64.02147775072453	113.3743669523685
1.424708976699895	10.96418141248387	58.10085458229086	101.7633764904516	78.16741333480856	99.41550598296243	1.081328148840315	9.61319134054682	52.72751589669322	94.66121764393526	125.1493046899554	72.82933770087236	96.44339677199125	124.8831424427365	2.828954330125066	0.3203716188075479	2.309336976001906	98.96026078538657	18.21198860867354	2.765261455020172	23.46577461167087	98.61528497356667	16.10236212158405	82.54941702270096	23.77987941959702
73.94161876686603	113.6346250348431	0.7151875121802584	0.03931913972448611	79.17788290788516	83.35478878893204	70.30582258343705	1.60833720381451	122.7858671291238	113.3462382066275	82.86991187706005	39.0272464659657	39.95576746100548	82.05931993659409	78.97140013054548	68.54999635507097	0.7391934651003029	83.58830060773298	1.185072720786585	0.001611617733500181	112.5749429365465	108.9846839082556	0.4017005232042268	77.55664397712644	99.42109979933974
2.284177064876444	2.023816687264782	99.17936951301385	106.5007126113038	71.30500025523475	61.84211941206449	2.865758692536171	34.46554219439388	70.81574394742117	26.18202666535006	96.32154638602137	74.89090252343794	74.81372652589302	119.2359324596284	1.428410312230716	1.862745289966834	6.834937301390667	126.7020665467428	33.21396108593635	65.91730755798692	0.1568595368539784	76.35344875886037	47.92193127174585	64.47758122535598	2.000734929298841
28.03285914334865	64.61856180818504	59.51723515483542	59.37710043248985	80.65141316266914	95.91818127912235	1.259763851914719	0.3330389664583819	70.836598465002	87.67760266387435	71.56557630437038	69.36719972893334	107.3709526084682	73.88480787620961	29.31292000556236	52.1785368134617	0.310854285741749	70.95427056941264	1.001588316327773	0.4079918337569348	43.73620528925835	85.26286656014216	0.4411538066372117	86.49346687371627	58.79534896130714
108.3757620164544	106.8347879065779	0.3547758103365634	1.497318314194361	93.27808539927776	89.27598785375436	99.44260228819951	0.877290397453282	45.08011032388409	95.75533758065075	42.4345749366897	2.299158122622059	0.475495815841983	6.607117683906949	116.3050063174204	116.0312378055399	0.1505122507285968	0.8315150404115801	1.441868221406282	0.6796732618436883	106.1415025303961	94.32450310258112	1.436869279342052	2.312069662042168	81.7934242714324
1.906524063775488	29.73198023951269	8.314479884158416	47.79430211209598	68.17002490984503	78.6998499610948	26.64430978901319	0.615583309683658	75.00999339128485	103.3686708197364	125.9863926560777	71.60266994654789	58.00756291447632	103.0119412868034	20.21070051711209	33.25017919371015	1.788215141860521	96.01232020982236	9.473952091896336	1.302269216680569	73.25261002544656	82.36442180443717	1.994662357266803	84.50000195171809	72.83073519251488
44.57972169453518	76.1251109870594	0.3755567977727178	31.42059267309399	90.31826654917957	71.62907445088173	55.32425034480758	1.265842174144528	112.6349945564756	102.4684656068223	69.46639019594893	78.15985373177341	71.27871459810012	93.53209439735849	48.7958259537145	38.58527740175784	1.953895830868091	71.69934754961984	1.188398297650385	2.482509746571162	61.52198140540649	86.93058624953738	1.010468696634583	114.6681064945475	83.72439996691064
2.940676527277117	20.28730473527557	72.36593368817339	88.67830031897111	48.79584266334253	108.7841545972653	2.104356132977577	1.133378983845635	70.51101625405542	82.10658933491277	85.90499396968514	91.24502060987936	117.1037393005909	78.18599482955163	29.05331491735247	2.642530862925303	0.7557700801925908	103.7835458178372	7.298223735991058	2.017755322055224	57.98818031531769	77.03661524586003	1.765685608007196	122.6012690536541	47.09436596835306
110.6462691270905	78.7404038144454	0.3543185984058425	1.086119096100006	118.5510201169066	67.18873023270446	91.43562378428082	1.628184386551892	115.4932887914284	126.3233301153156	81.69014233178102	0.5506130123381787	2.112451552056549	41.76660922149478	69.40103695885051	70.66548826633974	2.087314648115325	18.90533879091002	1.769234178152554	2.753439321248045	85.24211334892667	125.483610046328	2.158408523212204	36.45231444103879	99.36783115444416
58.2055490851932	94.13419955596568	1.893290014698027	0.06133770983080203	112.3702731429526	74.26620665461279	100.4554732937431	0.2405947426361826	103.0469574424476	87.54799822540821	122.5797472845354	10.71136261170884	34.88688385109533	72.62407404014347	59.36769073319593	104.2382802027544	1.423193935836615	89.53150849107325	1.990296045413972	1.814240802558208	108.0687514509579	97.04754196526784	0.2831089264943952	110.3461216441613	84.84997928636169
44.85445120804687	109.4844799860875	1.455418271853702	8.545054327562696	103.2409138754959	115.1185894360819	84.29803114526871	2.024538074199461	99.57285003140629	117.6661149589067	102.2951499277403	33.2332369206617	70.14902724496037	83.00233792892737	56.62438208871718	86.16613334378039	2.087088018466016	76.31520398138589	1.645005295016689	1.139619118023163	72.03073590671893	110.3474468677175	1.629772446189659	78.60184735949409	67.79926101565729
0.7928645286181273	38.66324228361108	66.63896947106147	56.71764828454218	42.01214327634415	86.07667551606283	6.469553015906293	33.87670424368227	84.76772841511141	83.30910990764937	74.97777924088038	77.14963429154257	108.8341231143519	94.369725032714	1.671176645031189	31.10409703961201	2.345838525420228	73.8291432817163	43.48599318175658	19.94995249615826	57.91885412496649	82.15096117365034	14.75085360586255	107.2731678797174	45.55353782271503
2.51472313045796	33.84046555811108	48.85804594182707	46.84488374134976	59.94641489522583	88.76708342429441	27.5788870356967	1.454625294812909	86.66641840601628	90.05319016243615	117.9837619827748	70.97047442755058	103.3719440086343	77.39246774557546	0.2536310809123716	22.98705395946662	2.419375863049981	121.8986462856863	29.45279698232849	2.072238018227886	32.5285446877475	101.2775946787243	2.684806590784671	94.28115239974204	57.58004708123677
77.63569248675347	107.8802178856092	1.253929911832589	6.351045512009392	123.2849721736093	82.93198699202053	67.34642219430265	2.651288305606682	116.2927439040459	101.9883179345204	102.0381571693654	51.44607559404881	59.2384261195613	54.47980008413627	60.9101669475387	96.19648064977261	2.137910289399417	106.6811979879395	0.6509978722653675	2.873220534904108	103.2643198095345	124.7801556706151	1.066071163012893	70.11429424143242	79.11581403842409
93.88055686126187	55.20277965275588	1.195701632041081	5.686703917081125	72.67919124338495	82.56443992093737	73.66321184408235	2.60417968730341	99.52625494140523	92.93030885202481	115.3139199678603	65.86951597731972	28.17936173416199	102.012211414039	84.61206295337067	111.0097953708372	1.997639998839499	83.08720503877629	2.051411332403458	1.643339397063118	107.7713337260546	87.85795098082565	2.620689979877209	72.29120800238375	80.97217446057702
1.865592626909255	2.557294601304907	86.99245425889048	83.5340539244189	60.74469108790237	41.87375580402067	1.970425539544961	47.07844231207636	77.06032031399309	76.39519725176859	98.63747425786488	102.0870551010581	114.7461253248114	125.7528379337239	2.544526159428886	2.412123918590796	32.83330633594848	109.0232939856114	61.6093663993969	16.88122298139371	42.57645658004364	90.25988266798542	0.6883776690978936	113.9407297113598	16.83879170707749
1.376683478330574	7.279450467423985	63.46454180469556	80.03355575452443	79.27283903665207	43.55060470162674	0.878024720670088	40.4970788988619	36.43777622977764	75.9583357362757	119.164921416759	125.5841517389606	76.22910289642802	92.4440582039004	1.011867223912484	1.653319366277813	2.578780721556704	94.74981338818742	36.66056293850707	39.56621352773676	52.76463077232282	76.23159911813909	1.94094683734755	100.0076388320663	4.033671697671018
94.71651308748322	69.76838106435284	2.822712101217306	0.5908403395524762	108.1767976567734	66.76698245636737	125.2602008335981	0.4595810497928514	89.1023095529934	95.85442576462768	73.14360633299711	0.5421968895110649	2.582006698224911	26.88313488480566	117.3867848438242	92.72752229112621	2.019185132056119	2.037156930519203	1.838063772339851	0.3607873116830053	109.697260761888	77.6425099982396	0.1350932688161802	40.29865722056576	94.64433706459641
0.2661792941909971	7.615574163068167	41.7809695200943	61.36686236460164	90.57733080306747	76.29043045473554	1.867530977410667	8.894852169387576	90.11186017745398	40.28003300272435	117.3856640228354	74.59256293631582	102.8377559710649	128.0059716156875	2.253388260545317	1.195644093524052	0.6445183021527785	123.8814628818449	24.18867521000087	10.27486956012671	44.14269644009619	71.80638000902752	28.27949078894076	103.6640220983506	1.061287171358805
68.63520871738625	79.63450189313126	1.269093427167096	11.04717389018747	122.6783366144486	81.91912229379655	92.86757552541303	1.450900327343524	99.84409463689394	112.9654302726571	75.53566385160426	52.85488763710026	45.78567379350979	50.88405111340968	65.34609676276185	81.98748544349286	2.450044172503815	75.75566024932948	2.041949635003297	2.875235516689474	73.86921195061001	119.2433157802472	2.11325453744232	95.79746186300869	69.4960629968309
116.8534845751393	105.2420100254016	1.022764011789459	0.614544050963939	113.439512679001	89.63477734932017	68.9425710451028	0.8476486437645094	73.76842319555658	75.42977127198959	56.62829222656852	2.014855289068358	2.990246100925455	26.99386730979442	113.2956426874068	109.9936172545635	2.046638341433804	1.474541526233644	1.853204860678769	2.845070855139028	107.1245637800506	93.75292512829712	0.1923072428490198	9.07936796509162	122.6708672616277
86.71947910057141	116.1285292012729	2.759812189366863	16.08560817552603	86.67746191201896	124.259325139679	58.65740146421533	1.204651553638043	105.5616140503084	98.89404533564192	86.94593168794677	43.27373738244465	44.65637147561968	66.97655657585469	74.33386227673785	72.28551224866089	0.6232424732549668	60.89930535984134	0.8202207820286038	2.605998454212123	80.74320205057981	75.87533055476035	1.065155892297579	78.0327869270122	114.8776197968293
71.25756490593668	105.0118136777738	1.080270890501725	1.79153946098268	58.01723443940956	117.5858520406233	105.3538136259226	0.4967132947234109	70.39556432276065	82.76177969914376	77.44348983580737	2.822092794385799	1.344129382203465	0.04069519177999617	75.00604406628993	107.5426903053767	0.3380670554965919	30.7173673391034	0.9392781678496045	1.101971904390443	109.2262562910313	79.48530319014388	2.114612614334025	15.09584766987227	81.49806952288516
126.914068946131	69.09657075125656	2.477212896119274	1.706534713292346	55.04656879390154	53.89777089475983	115.5890387361574	2.494834946643029	88.2656778507143	97.91688387845025	64.61224277935551	2.417828249005093	0.5094229975344784	2.52261721041647	113.4227801750798	77.99172923448415	2.367075816012963	2.536142665868708	1.959409450624176	2.536140668183466	125.5420793384686	68.07700588560253	0.04480202547123993	2.876613167328283	111.8466315493865
105.1660635261111	127.299283352865	1.083351229872228	1.238740215761174	85.75817151964253	104.9368508236288	68.65816562370166	2.919692129392372	102.2305969720047	77.13381303381664	106.2766808332017	2.533173507036178	0.5416482259940636	45.93216577608199	108.9176019004778	84.15271548411141	1.142562586869998	33.53485432756616	1.082515370152426	2.240404820000302	127.3859400427645	92.47758230189569	2.246678636193965	20.31397715525172	99.6680756766373
43.72004467531177	101.6791694030354	2.67804719488358	2.108894577192885	75.34991775177821	103.6585973038071	64.95030237315943	1.537177962603104	79.74991493952243	117.4934969782401	79.269702879294	53.39048895555869	40.78283414667099	80.31498727060148	56.97671191608106	64.44542160957967	2.628510724485535	100.4615501659133	0.6835204598663596	1.622019695117683	70.41816535311459	110.7139821221669	1.518070801796657	97.56805705689669	103.5603506761296
81.06555628537436	85.40148116178446	18.11344348356821	12.7741558326836	76.18308216936143	90.37562734695359	68.98702059509289	1.829087295548889	97.15338880569733	91.80469005239199	81.55373031140977	79.26082748702262	94.04558128151288	75.22007598231376	41.58043494560067	60.09264346665572	0.9231408094576339	57.51927217259606	1.595946713886234	1.498766189766453	108.3044023237698	113.7805094134943	2.325258233175574	74.60258283324852	67.73180994568835
70.61619022256082	128.6688833301639	0.1929067001180033	0.6844979109824607	105.3114872286056	88.25473052351306	106.7814848046347	1.277728307141853	76.86794903976819	120.3305879477386	75.43443868588329	0.9145964516106824	1.333976911942884	47.50196708160667	71.07806443147811	105.3574970383802	0.4384071322637681	42.67924647988995	1.169603710526448	1.664744064889217	106.8238953989483	120.2491154723313	2.750921294667535	42.72741297185428	125.3874961572972
1.218044834337	72.45614031628526	0.3711358443279067	32.90444341066569	82.67530623153274	98.83711556107829	55.96257018055282	1.92270321088114	77.6991375726181	76.12773058161351	97.90105808367522	79.22152505361262	56.84889447806583	114.4590283185088	22.08320440150838	46.50498197285205	1.811258701834261	89.50032195899547	1.519739255207157	1.614706861540781	51.69285144448145	87.18941318332492	2.018139962903733	72.02706682075274	77.8389308316959
58.03181625220732	52.63816016340635	2.509410104817608	0.4800358681615162	37.22682943481348	60.84158653803529	115.253160757116	2.041410400223328	37.11574612508699	57.4042197635836	1.196658395943072	1.758230773324942	0.5086322438008515	2.969180368561532	74.78096627905754	94.46801505754519	2.038160947196387	0.8407855481395061	0.7108389716768628	2.540730394399428	74.68352961223202	40.92151740103692	0.5246055364848363	2.896615196432699	80.23517898394604
73.01125274850426	62.76295342949381	0.07556007926849864	1.347367937584717	76.12727489807874	125.2289780017267	43.71133650714742	0.6724133521489868	98.58809459255841	93.8432046459412	75.49014983304583	50.86293556643645	57.45919103740907	108.5481558529714	38.13462041385293	73.41149668555497	2.53428130660278	77.36239529821027	1.220517697880853	1.931221491876077	98.0313153009194	119.3523724954846	2.027901202647409	111.1710964132282	98.19774126453333
60.35269130309848	72.72027231239474	1.759763518789903	30.6149756015925	81.83788533691828	84.74075045306706	89.10703338563911	2.363095079531902	73.05168882465084	118.8264237853322	104.5065772391279	64.95281669450424	44.61476459931077	105.5723281112021	68.50239933484949	89.34756684486703	0.8684553804241657	99.77361664956632	1.272270810522192	2.547770792211528	97.47781652345944	128.4792746170585	1.078582675705327	82.27532340130934	109.786646572262
109.6230367906741	80.04264075083421	0.6227999008522762	0.5644952102768135	66.09305619806503	85.4674047090048	95.31655660960391	0.4878362823582236	65.36072503261134	69.95649438492421	40.67656287456907	2.386534245564429	0.7787651297215856	1.431725800714819	103.243556727686	81.40147251431712	2.387939275775149	2.880198238549783	0.1971758278382285	2.793528051064213	74.89283093042775	100.2955532370835	1.010761775707814	16.33966359816186	88.11160072391158
79.05952408661622	57.06984362067726	21.95258182804604	0.7544796454129816	126.2680770530274	110.915395316482	46.72769774328152	2.266582664893887	96.85261975053464	86.98774940905211	127.4861330705633	79.79785515679853	74.46394549129317	115.3057083504457	43.58079612355804	82.04578479965154	2.276426601150668	59.93733940433083	1.339887544484904	1.784102090779125	116.6269714892994	95.25019179864265	1.723113241421924	79.36648654005326	101.7371507329436
74.10535862006273	73.70924996129168	0.7747198703493741	1.74223418788746	1.485033809583055	28.39604419449637	80.75024437106285	1.035166973597495	0.7935334283567907	53.83138609383977	2.717445644819734	1.440886921055266	1.06468782319318	0.5831585983618541	89.20747372376428	97.28661707385953	0.3198369288435696	1.991440308532014	0.9559347413476491	0.9922156689081518	65.32458370841998	10.47630889685234	2.149921033764244	2.474322966986737	102.7104768718902
74.2726563150281	97.31533639308026	1.832678172505209	0.00374558387632098	83.0139263125304	103.505140273453	88.40953773137156	2.53528425696636	72.20599488343919	52.07034949790675	20.3177047434303	0.8673643024429778	1.573543782940299	2.706813095063671	111.1639016576451	90.26296920426525	0.5192307527879367	1.485662825567343	0.2753364374311001	0.07619279422143557	97.54882780597831	77.79679170357079	0.7554867449782114	2.011598812681467	87.51526999824311
85.02532953034788	84.99663047431919	0.9003369074886682	1.482949134996143	87.50900517098498	94.56115418707017	68.7277773564841	1.018770655361779	69.69041869962118	92.19877922582261	66.35943636270196	2.657981195153433	1.299355285553031	0.7360226746876795	96.41695512169267	122.1378852318643	1.123252634871998	5.646847185472076	1.91418162708481	1.736441949275213	103.6776861681249	75.61383052131228	0.8331605999394776	67.58060267039025	107.3544070912067
104.7754845321144	41.00148698937099	0.6886316672778736	1.239069735965461	0.4413138618560685	9.608985440572496	91.71942018540814	1.78875501112065	19.79041951786749	52.34118752243451	2.632359423934833	2.681494343209001	1.551280349059675	2.280951863963868	73.60617838572084	78.91525961136051	0.3042118141855301	2.648269917533524	2.70275896078115	0.4724984180504937	42.50136495105528	43.01131749529878	2.804242185729245	2.178042875193139	98.0403690992913
46.87853897169406	48.40323636194519	0.7196941121566114	0.5188399710262046	1.584162215644413	0.92679272320546	25.41749776600884	2.564319490326842	1.457504869146164	2.423130983070493	1.712106041623964	2.859707069780688	2.030738832118629	0.8925985835238195	38.21774916462766	39.89386257941531	0.3591846739650291	2.583114719792414	0.2583705602936336	2.394042477886568	0.2492474986090356	1.785798382743217	1.803908496744077	0.7605634654015179	84.09293414486442
