2.367009071317329	4.497567516766445	95.35441519310383	111.0700901490892	78.55040945555903	88.15606081820403	1.582508643268446	52.0941330753013	25.86463276171303	69.49982675859064	100.225288252244	95.60373181400099	106.2324804477246	111.6656766531797	2.494620214240586	0.2664790961075224	23.21787024026857	126.221856798036	48.47760984790753	60.93132579924811	26.93021722157216	76.64476237461021	13.12922393823229	73.03749428671104	22.38989819465883
0.6111749548201975	2.42048665639747	67.67287062422469	89.97477661847213	50.32306532813413	38.47882561273181	2.651783219190488	33.31732726395124	27.02227310327681	1.132459406443289	57.80187834740352	126.6864873960789	124.5517962048386	73.3533727340601	0.461329427575933	2.082740544061473	62.75884213720408	103.2811368013951	89.93140727838689	67.52579308242686	20.4709211591404	65.91064902713582	59.72281748244976	105.1980472060437	0.7801762478601095
1.862558316814982	0.1464267732677581	128.8937384701351	118.7148586067745	2.536406729379888	2.501958452314195	0.2655951887093819	116.5660866701174	1.660016574784689	2.27314201262076	36.32242885277989	109.8285019585886	64.78709875312288	46.27272253104313	1.483415562448014	1.396060312777323	109.6325010315966	68.96008112283262	89.13798428296775	118.3170668720064	2.707335948409842	1.611523547083864	106.0727392611646	22.82006854195615	2.837048684169971
0.9021116194354759	1.924537594499818	129.0545245795338	105.1159749883983	1.726795195959123	2.882957233561642	0.5991463106521626	123.8199749211844	1.899703678573283	2.591676384125588	0.2886885300105604	68.1945975781131	80.92550053046128	13.17420290616525	1.863629547491368	2.351822927969603	74.90961846403046	97.6824569026231	102.0584180553292	73.678957521085	1.148532971494702	1.126000881923247	121.8439707453997	0.1760897970187592	0.7208635753171388
2.603491919702282	4.403613122370565	85.15396938588404	110.7979910672641	55.36971265611709	36.34511136109377	0.01442498295182317	46.80836608848175	68.04326528541858	64.56264640852652	93.30494107382515	71.24865368061093	127.6019711145992	72.29690173610936	0.1925951316219625	0.9708249306582257	21.50440525955005	99.75786885600689	64.06889164715834	24.13251084252551	2.471906047222048	67.02948625141211	17.3305792384356	75.36868581032454	3.45523063457
1.101467935052989	2.875860758652648	74.98043733974053	108.9498298271422	18.22695322619582	25.80295626740956	1.231672395742703	68.73445441658603	26.30370599015858	20.55828450439774	87.4467627592763	99.24525990038674	95.82011670006651	90.03765298856302	0.7349604345393856	1.891468514312497	54.84136149720774	77.27124266178853	45.58257436814023	62.84964090987842	7.05567128892018	49.44707702891081	56.28898403236533	109.7503033388786	0.0002683661714304675
3.910914833105892	8.496229630826249	83.57211038787061	96.64221153333152	84.33105939855736	86.04618758694249	0.9701636608376205	6.659958909054453	65.89688190334992	68.92706078732876	120.4983184272946	63.84481261988736	99.62555321479775	100.0248922728202	2.77469204694383	1.905679173084541	2.49098733769327	86.73970499901928	29.28966791668895	2.836298850750155	45.54693765154477	98.66519066174951	1.772152711273681	75.66748146611548	43.15230961043791
1.071245697304704	83.53528540487378	26.4311262844418	78.64042800772501	105.2364096812409	90.72009508263369	43.50566568341374	1.004675548241976	101.6444461692763	112.3333345585484	108.8176373898709	46.89256108885573	112.0672017977894	123.5073454659642	52.85861664330393	47.04725698508511	2.293359107200471	114.5798031046617	1.895190506086605	1.024041809624934	52.18502879387829	114.8767759330133	2.706372775122233	94.1260466430361	89.20735636799628
1.319112164066679	57.29267908289319	37.47278995899428	55.94047162747798	62.50720688333026	77.30319745404029	0.7004444215539607	16.80154700533869	87.6051399931721	62.91865527559204	124.8164194523848	103.9157190784018	104.1832239522971	100.5176446320123	10.48931392674909	1.280068664631746	0.6227467048993538	70.36414711741013	0.05278255572747151	1.419195310798391	60.67110243662513	75.38239702586857	0.5316520108849927	81.49677545205891	15.32028017494942
1.212951291773974	1.005376189835623	105.4022914875869	96.20276140836421	33.57652112036897	34.86233541467915	1.591828393153182	72.33641574722445	62.20425053496068	23.51535593594929	71.3421692079221	73.21683171845747	122.8016655124321	118.9334080446292	1.995097745132155	1.809352554498247	42.51896591211849	106.7236140645696	99.50276261502151	42.73802252800988	2.212152143166835	31.88276910666586	32.95406833719809	60.51218276046494	0.05434645223281379
13.11712708248534	29.12036671843105	66.94280752391211	88.47950846092306	86.71952190351824	93.69563508583445	20.30921744710224	2.970385733681708	96.01270837756698	52.18218995780947	126.8519184191458	83.21984311083054	72.25819580987471	105.8518997228972	44.58462999481648	11.56949906235577	2.072844590534381	127.7329863610981	8.087862153918508	2.00623788297823	65.95460410418444	96.71207828616319	0.7274020489884199	71.60215965673889	24.51311778934305
48.72881676857584	39.9467578277504	2.54631380721056	17.80291323322365	79.49829728948352	125.408820601275	45.67421652364209	0.7192988166464813	63.86821233379057	91.79935516904416	100.1243914721705	46.5936540756728	65.97738791812918	72.22272824111036	15.19903056333529	35.94194580019987	1.90121412141917	111.5150674874686	2.361383428555254	0.761370931076754	78.49790951841914	88.76399910351698	1.343758079390919	106.8920113284355	58.47641408048955
1.562663640703652	11.6267667929979	82.97363418630476	73.44517895343482	51.22761361844951	69.1270326785253	0.3034912453432165	41.41953517004886	49.27454616367115	25.91872365545022	100.6710139746079	122.3552687235746	101.5499035264037	115.6052757334018	0.5203983455179111	2.639712668201774	2.848515117041624	108.7299577662367	77.06126463752832	31.26850143323503	10.04085257472066	62.95601241994893	35.39633045298339	104.0842398107184	0.06658242919964863
2.586844080777753	55.45779001091441	35.33490333272115	55.73513696508149	78.90710019927305	85.08798435243796	15.97998751311611	0.1605324104852986	77.56380565448256	92.85296832691203	125.8222561393202	100.5617271056907	77.7703492728722	128.9007240133409	5.383875601502794	35.02268941703565	2.75612941229582	90.32377447948937	24.5991220390019	0.7246532282818547	63.74002889463662	87.82743707178136	2.932883106798953	73.52308788610927	73.13106965424245
62.30715645582936	63.88741580766099	5.894931867899878	45.1117645704505	113.5532716231399	102.7143795147632	60.18207406046906	2.589928995483769	105.3098341726121	119.518821407028	103.5663363392437	54.97994991422709	48.93152299628341	96.52644593465598	32.9328407191371	73.66578837979092	1.189354755553181	102.5016530875306	0.859697079395251	0.1488037273646267	62.86706095367708	81.81542637846584	0.9839306325214088	91.1390372802377	58.40603151019248
51.95923010610699	57.09511452393909	39.27812209746513	33.56470363663033	95.83721337852162	107.6158012548222	15.17801563400653	1.206309135751445	89.50653470907147	103.0247896512576	121.8882803388271	55.53743053002847	76.61239638587415	99.01830550884671	58.46821810942865	53.50397214144586	0.3159220674712303	98.45702578612637	2.587567282085955	2.838134611193114	60.99411092653632	95.51071426499369	2.393836991387233	113.3493731336829	49.38848751195194
51.39637471897338	73.52638893746267	2.85916386883992	2.640350439547277	103.9950407290148	69.80469987203212	60.0130639729197	2.457038976321973	80.75874718224219	85.59753667062668	75.45096980737175	77.27202380756597	76.09956658216842	106.113497485508	80.58777520518242	92.18978226035729	1.489113773661961	70.85986297237633	1.54667325874362	1.988954693648764	115.2494421592301	93.21385706238928	1.870829129532435	89.79555141164833	70.77753726599551
68.76127502581107	85.89192711429349	2.614553867794601	16.08201689200275	83.87795007157661	117.4512570857776	98.15021245129947	2.855095573985761	83.17516926874438	70.83713781746494	105.8351664807357	64.79614819287332	45.17627787634304	54.8731927309003	101.7746214825324	100.3867662994109	2.097260966604026	44.93934879993679	1.385098968642559	2.036083815571237	100.2124407558011	77.86315169105916	0.8657154690582607	59.77553254586978	99.53942279334424
20.49949578048289	45.38223325125909	2.498611799099693	40.26733569673672	80.1888046014565	97.40095979193883	56.29826409063691	0.295600234409958	96.29919634072881	78.41915104452757	73.02142466698005	37.8130614796508	80.79622018269239	85.82426238145591	61.95299439324543	61.28708864007376	1.084837639690358	74.84952323805305	1.678250043613846	1.500843895793939	76.89488878131709	90.83674045512473	1.975095713552982	103.4441008296026	101.0162580618847
63.21532553723262	70.51916383749383	1.402129982454592	30.22806494095614	80.13853068791695	93.70366930687717	75.50044644975762	2.963163973198751	80.37689031317473	100.7540960225757	114.9006138098584	59.79404881259387	74.51350295827673	90.89390613837401	59.88566062374537	67.86277608256651	0.262820544825503	77.17813940509599	1.997736122999305	1.257526581325428	93.87764450717802	104.0053960786707	2.747879295304597	86.44556114676766	82.55533959735199
1.052084884166244	1.964264814639825	74.53040588509882	93.7373175909222	68.00483800908727	66.22302855473275	2.750948176973003	0.6501830157130317	50.0815686686957	48.55061955658516	96.14825591264172	95.68644848404819	81.65506004944658	120.3106474231905	0.9097822782199647	14.26480924510866	0.1151022027148353	102.4668249633221	38.77063062974867	23.79293755245244	7.340664293147832	100.6072357563192	41.61839976552591	91.84153587616365	9.856172579252629
18.87014409125729	40.60421582956415	42.36049180161784	38.76382145546982	99.17357398120171	100.5673913141806	53.23681068646265	2.451742595119955	124.8551610018768	75.78965468269097	114.5346339409672	62.78593008077551	59.0723155352338	123.6381656934688	39.47724195064154	39.47566824541875	0.6417824216614776	73.89904826665439	2.104387348109969	2.348138975324063	93.41897360899736	127.3347998874354	1.595016755336245	98.19833770471459	86.29228603237613
0.5534280665090467	1.413791634208646	84.68751855746612	91.51482571194431	52.3728641239602	39.91875709160212	1.818838371780226	43.45646555296165	18.41656797367591	1.992567569390708	69.26898284710919	93.80571350060998	80.00845335019865	107.3194012020063	2.826286167150355	0.4011538469951038	20.23444631756103	108.3013105499402	57.38780333518837	62.13477288056683	2.384667867788588	72.77276771144	62.59757462101734	107.2254650729161	1.151863340857278
2.331559913505899	39.17233995724168	42.46844850068912	47.17218405963689	92.50976371314788	105.2532706647317	17.60305412608697	1.524053695091808	81.40473271298671	68.90479580798956	94.77139147468033	101.8709461075622	90.35451689646682	70.15780111563504	11.37703982924908	8.90204934836882	2.797933005134693	123.3205352729328	32.69518041992671	20.61043125590961	42.27480876129329	117.7242688204637	0.298287948008583	98.43770058951085	45.12649036675509
1.022338658014044	9.253270182278968	28.18248016067018	84.16012739612506	87.41895253897228	100.6785869948509	28.02202960607603	1.655078117277536	65.08842626754382	60.01109556962152	106.2889817658377	95.30619128663389	115.88008792067	78.03815688715758	32.37220530186781	45.80948073008756	0.3973929657425765	83.59565243886311	20.41639710283137	2.236239438076553	29.87847929572919	73.54662640141402	1.832275968322183	124.471957728632	17.91490392229385
2.077664031812374	33.28215103692503	52.0165702920977	76.55662700182263	98.56516886017454	78.62408247079782	2.612172182196802	23.10695446298795	80.68997737793697	67.38237914832068	121.1188336822362	66.08833306923492	81.75074087075198	101.7497506149599	0.2470712149756604	38.85517340811661	10.50401172464935	129.3808724276915	1.352295279101277	24.37680464525198	44.34870608417359	101.9816600085778	1.749473714319855	69.4204316744579	20.9799932562653
2.357512808269561	2.579450286286337	62.61382947742142	74.78856448660829	55.69272022116738	68.0916803838127	2.704390084544955	36.44121489844716	52.75967625271028	52.4167968701523	64.15518350610135	114.4674365123711	80.12564620785612	124.2501032567525	2.005985084113769	0.8764484054860984	4.629777722577117	109.8301656701723	60.92799144194376	2.041149713853205	20.25721889448889	62.61564428427845	32.58613900941996	112.2016009759359	18.29749108990443
0.571814328855865	0.6186246129840938	64.6191478312047	111.2960948154804	78.22743585822931	77.33721610430068	2.811929077671207	22.88169302802496	26.8763100439055	58.24259216347988	67.52839538077555	122.9669002071286	94.25012417472286	67.88828418853885	1.179133638000507	1.538181301367264	31.57139457703799	125.4051949772401	82.08974172028351	27.24198416093546	7.186642809795757	90.61405307879447	57.73856898090968	109.7427608376956	24.81810893671535
80.66033715394778	71.68279664169293	2.331313855482878	1.035052555121214	97.15728479225562	109.2095421521961	54.31252024805644	0.06773947612021772	88.86544448159233	78.19384161765723	103.8082445268295	7.130789743180522	48.03700007898239	46.02597270107569	78.24084300886921	77.81408654884824	1.288313170166298	81.04832688652533	2.811310299046302	1.526868240538704	71.68164472809862	74.8379399992606	1.862379218044969	79.86610086143668	74.89506330177962
90.7158307538414	77.80369321295076	0.5787614545521869	0.7463339273231937	96.14489167993322	64.61657184635195	121.5428084747042	0.62738562308399	65.56740982645051	120.3934231046088	87.6833851161586	2.437562197686606	2.656190362740652	1.282559471900908	106.7680586212575	103.8251274694623	2.121122619875434	0.7058542509622772	0.8508476564214269	0.1120125579575749	73.11487676959339	111.1257431450621	1.402327525430968	14.79071728171525	92.40430735459941
79.25382624199028	114.1956247281826	2.810933094176062	0.7796581007584162	18.19605610371289	83.21329115472996	87.74119921516865	2.516315187656427	36.6698143750065	71.7749721439998	28.49799932594685	1.627200337320028	2.364212449416736	0.8570310457029258	78.60488009330766	91.051070840374	0.187772723784326	1.874132284828955	2.638461020662074	0.8564743198630875	68.31457711714225	73.65933424555882	1.860837272793616	2.565163336717363	105.0356550920025
44.61846116996426	57.22797073432648	1.254324056047059	25.13494739664669	82.31441987446701	127.5723281342353	44.63654599154968	2.327749843091493	80.70638433744338	112.7831924464812	108.8972669561908	70.44756271881498	49.76679744031448	93.50484433738546	61.56042648907527	108.7626247250813	0.2554558508272463	104.9982349813398	0.9341685922716971	0.2340870296977454	74.23810085635584	89.99937443447294	1.82367951154424	97.01314376913214	72.58913160795723
6.989229404647524	65.96763154429857	39.44527170461831	33.76336547377907	95.67872222720568	92.9161403685894	38.1841392594841	1.140581179900176	93.45548803734529	110.1380167985663	105.1468620768355	87.02383329283691	86.09488036089155	95.22074406126072	5.189911571281897	57.14583744316595	0.5249965674201806	97.53640024021226	2.629796288612673	2.520894604429322	67.19517599091107	93.23057478926049	2.642409885359062	84.33358092477879	47.66387224629349
77.53889629673796	127.2592830478294	2.104571301825753	2.173294787413191	91.82219102581274	69.29359115053531	117.5551541039348	1.661807428174652	73.03852153995979	119.9074751130768	81.64806635753824	1.392646798645061	0.9620051212576075	0.9175895439227593	87.98782009029438	112.6811957193387	1.87512456557154	1.078636143666343	0.5522858753827471	2.972738360922103	79.40295633942287	107.1251064366921	2.059524763406603	14.59229780373728	91.83793446887783
8.797295593975818	34.23309261099492	51.57233252083842	49.15894087642933	74.10059311755832	110.1773509943519	14.77502935543208	1.529069865917093	101.1907850411527	105.3039281028117	100.361465600254	53.71737692078797	66.94985207265637	107.9140110042771	49.79159499006862	32.01145754941484	2.219040480567888	70.7128143140509	2.132385533885937	0.7538978405368435	69.4148028257614	76.94892417036876	2.18186038044332	117.5284316142559	46.16810894567746
59.0054826613265	60.73196427707036	2.213413832286318	0.4118470356332727	98.73851956127675	80.29495746847867	98.13379012532155	1.149725752740238	71.70884095844838	123.3668408976024	96.16453781944301	43.6203054386595	32.35241775877779	69.29794752818617	80.70015514722778	99.32520411613172	2.84359966311507	57.94139460529232	2.785489493686567	2.010380598255425	71.92489920262638	75.56768134664924	2.889032354675472	65.78534930596668	80.57043074839318
84.16939055228686	62.10251354107363	2.913448735568073	2.743274371750941	94.06147281029925	119.5369126471631	44.27938855775145	0.3446682688470306	113.2096830758436	77.66365564960616	87.14269493680086	60.97030899031814	86.29093886692004	93.47619547152544	49.67906249475872	86.55526880758981	1.963988701483013	69.30999541287687	1.61477929347657	2.560448207352971	108.5142069818431	119.8170723324193	0.5717920025625083	94.74142067953997	62.64132233980438
71.57322850065347	121.2093643191066	1.757779113108376	2.820909781035486	98.48286753191684	121.134571272032	110.0466173302829	0.2467048413410603	95.55089798798518	99.74590949550554	110.9265087601425	0.6653378568934103	1.592299587376985	55.49003419103271	86.15545036596581	99.46864723539073	1.133284899934276	10.61838542085826	1.244185944600418	1.711272400642697	78.31072573177016	115.2748984621132	2.439404929216062	73.47306490706853	75.9466105520055
109.802597924642	77.78315211613888	0.441522584518682	2.938361891398693	70.69900750308415	90.06400994733926	98.57886954694061	1.988403575463299	117.3086754489012	75.11443661618742	90.10883468935931	19.04705402548752	45.42526972749494	70.29095339446579	97.92676425898469	70.80038191945019	0.08433261174315279	62.49855312057723	0.4648926173524766	0.5294049892974473	96.55274886244729	69.16298466700323	0.3045324242431686	63.2817759212593	97.54426980467429
84.03975223359909	97.45981290031636	0.4912083765217459	0.5770067432528549	88.17019485754176	103.1166626047682	101.2384528225009	2.820247681928826	64.24405557720249	73.66303341886301	45.00080700022154	0.909801361303644	0.7748857117699739	20.99399725878067	106.3255259414105	104.4133459149438	0.8526926198607419	1.590701135965318	2.587742887798722	0.7086525269312767	91.34347556178825	95.35706176315863	2.128133988244458	22.6588407316451	96.94278064568051
62.32383832273565	86.67194850524027	2.335179718069828	1.418587804862102	80.66614558958423	93.19172980332939	62.84031605880867	2.259581668928444	102.7089565876695	108.4919057133177	112.4837463355945	28.97429398235968	1.283651756817814	62.05730804274492	91.07855520052472	101.6755049148018	0.1281396562921354	50.13364839121425	2.66435805751825	0.4047446358484656	108.0836085778186	92.50198811376073	0.8611965866644966	92.82332165838505	124.7020874780119
95.6675168742477	35.32497754032212	2.433702447394903	1.261801181812789	20.76349787843519	33.91160648753864	76.10894742169587	1.205301524814804	2.124130924012567	23.50094486742239	1.733464780916249	2.239171563894937	1.784102511389497	1.253325225092098	102.517068032211	69.99387838238944	1.367038003153098	0.009623226214564372	1.989471567671634	1.104359037267866	73.58200853875354	27.89152211339115	0.4680448525721853	2.690537424187239	89.52135112574774
87.99895714166777	89.40806985264524	0.5261933093043161	0.686844340303433	93.5095015028129	100.6488370572155	85.83702251169109	1.137976686717959	71.61639752742904	125.3453189102189	70.02470209632048	8.2978912184672	22.13391610120885	63.19614318471409	82.72219223947232	115.4362338660835	0.9966561192616927	55.39530284080867	0.07990333674111574	1.710127273489412	105.5737102175632	101.0553079768508	0.05088121988089037	58.09917050796579	75.7068069140963
67.17604706083686	112.9612237102409	1.027931557281271	2.795520543458275	83.58391023843872	127.1926235704103	102.7343498116448	0.4630718907519626	73.99663963469689	69.59484050635419	95.82828459512132	0.7311214822687444	0.7564902619877223	12.35257955535963	125.1205333339689	89.39447334484005	2.419154893158866	24.76207327431141	2.076519624991024	0.7724797361951712	79.69721702463971	95.42936842437915	1.729806262585156	48.51899467863674	84.4261528514695
125.7877331690667	67.44327600952558	1.312810131492905	0.6276600434304926	44.09287575175713	54.80947599314698	73.37224401991338	2.259172138111611	73.41936481798683	113.4856525822945	28.46869143473464	0.6547948834154127	2.79047576145462	2.852610306522882	99.87028117180648	74.10062284191353	0.4609579357624878	1.2705870194842	0.1988522951476528	1.790970035626126	112.2701538433901	114.3067746442276	2.183808841501122	3.544804904993882	109.4973506860046
59.56819262697982	70.75301800474466	1.088744161177818	0.3369220937943517	1.582973620245819	8.054175210667204	60.60858487068835	2.565732690283479	1.909659604993048	29.63063467662414	2.801316818389437	1.081438063604226	2.516362938774192	0.7328473069989543	71.65141261149867	94.66010550171308	1.349447489193847	1.60032086662024	2.938352132166474	0.1973706423731355	38.22838114721553	39.14530998135763	2.525507625080842	0.8237472700468849	91.76735983425965
70.49545298912437	124.95822527922	0.9454341898119698	1.488668000854743	68.26636306028459	78.38116800966201	99.89888912410061	0.6566719975446176	127.0547974288849	117.5711852815448	67.32509778592997	4.484948608871619	2.309587578674979	44.22483686027613	65.73418964567337	113.2816248219218	0.5276917338998437	17.32608327338632	0.1992337943489324	2.421810814435966	74.10813891725647	95.79248813275012	2.465126897777441	96.35201457966653	92.61714108101771
90.32692252687453	84.18986990337108	1.31732899080073	2.985644456152473	107.8610079037146	125.1353264012678	114.9252522262449	0.0996353190992444	113.0446936466481	81.13036369443788	73.92386947983248	1.355194345532107	23.14310305025498	33.2150987853352	88.28795708179851	96.48897052083731	1.452626360608742	53.30156564428087	1.44314868899447	0.2980799216212163	84.03450856335486	88.29847568911848	0.4163787771001971	53.43539346886271	114.468189662846
71.15592345528148	102.5184904377457	2.949174048507599	1.066132110737662	56.15727674283187	59.86430477489304	82.15882427203907	0.1646518025474136	31.21714331121312	55.81083779159034	1.431278607115789	0.08254039095973356	0.1810579641587523	1.200442793154848	77.10069583868079	74.54455044331525	1.217500861039912	2.4914218048148	0.3376886303098525	2.323782367919636	64.92086117625787	51.96328442039179	1.976195639651563	1.612895776182194	98.88031437753722
74.59630016748646	26.90380616630752	1.522801096467328	0.2666445341463584	0.9526211181675341	1.343260599397856	37.28907402278482	0.09494304779877162	0.4910483910912521	39.34115195321181	0.4742913059182564	1.144614287406797	1.550336220051293	2.357280061200907	83.8575639275067	64.19597468433366	0.399057010263784	2.211586050679768	1.69796179019186	2.298826829119772	45.203198020252	15.17511059103698	1.978668003425016	1.108040154749141	76.44184504420745
