44.38854027450326	76.04243265671491	81.79239784027048	108.3835500845639	62.50579040208575	59.77596418703961	38.92789186208866	121.491485794231	112.0299257906504	98.0389711979625	85.46647011587919	98.00587514027137	93.76834973155216	87.93697434640447	40.25502952481105	51.01805171872395	102.7690754167538	101.6116863618392	89.20793721456418	114.5225013401002	64.10987945626258	70.87652938038447	66.75257235692207	84.73361091666176	78.31336858167943
29.95876149396699	43.128938938953	85.12221975077239	88.84457326420056	92.65774716636939	80.60859305107954	48.73873748181262	71.94671151276886	54.7250733602844	95.03131236888922	96.74672153331679	89.00983339335771	78.34874955191167	115.6320025044356	84.53597980441484	60.51156861428792	77.52392740062032	121.8269649187282	93.77733913351568	99.49845918502265	61.93589876789629	72.653637825907	76.66646168600198	89.93304599810159	80.54611658789706
82.37695492837473	109.4678600255591	65.06897582936404	69.91122214982862	122.6902714198243	104.8959694284785	65.23570457623003	75.44460328044623	76.02066657097451	69.73496650572052	71.40670152007695	111.5434883283421	96.25240043884807	105.7759011014126	73.89990049073994	61.02468929687973	90.60873869178992	125.5696743776246	114.4068048734342	80.18927170679471	88.37200699511259	84.48251577600121	86.01170480127603	129.0355316980798	76.24230467381471
104.8958374617508	72.59325525023128	89.70311857994045	91.93336573640741	82.98603008664465	113.0110557945389	61.38496950653999	72.32606422611022	118.9646921369475	78.89175317715984	73.54799415092255	121.2929909258304	90.45355704776588	105.8673038302061	72.89044136171611	107.344962563315	77.66387412456973	104.6593269984576	81.48646765839601	75.60576726624411	91.85983424800536	88.04887832183468	98.7836678675306	124.1285276866722	110.0749921131386
21.40268547412663	39.10492891562104	123.977919731095	117.7576150135178	71.18525268959613	64.41998696609154	53.74378310947519	126.1802562791419	90.68458700221802	44.81592443888321	63.33543993557313	79.59936300464094	113.0061271475477	94.93132360185254	55.4591756269481	82.38671643393843	97.32875837987686	122.6039107417745	75.28702240819396	101.1007479876132	58.36368847360495	64.509034573554	90.92817734115089	109.4866630750389	71.66635335575933
70.58749860740014	82.04478868099264	118.3947377341503	90.15060243695595	72.02884866395095	79.19772723735079	71.71613006346487	113.4498157839833	86.50367408702002	87.50783131201658	77.95665686180176	107.0427598962954	102.5789756913156	84.83155884036569	60.9208422953063	44.71250529913344	87.42260495930245	117.6601659678128	92.8873433351711	109.3201923490884	76.96024944068763	58.62742157903894	78.95394631116854	81.78437781605578	100.0766438812838
66.93962191509476	64.58622304284674	74.7320336809419	101.4917577350789	100.0506049286187	125.8611919941785	110.9258246641805	107.9416448802357	111.0092071152167	86.6190941298419	93.74359341200886	76.80955320494071	80.50568292540137	117.8504835956939	85.25135303085972	109.5754239373328	87.92329992180267	97.54082955574442	56.01069511705569	107.8067022164745	85.07813157587366	80.41127182894851	91.69500541625833	112.2314511694387	84.40785652993685
66.83801886506345	93.56064337815118	112.6159212722821	128.1570897670139	77.10010541425768	99.48686462558106	81.17716353511389	90.23171375554728	68.10976247306149	83.39339698345839	61.81553052694288	103.4991500282984	76.76685095886742	117.6046203240323	50.01126057504624	66.83445957126227	71.20736370000355	109.4356451601132	117.7882467204059	103.4345629778374	70.04071813668708	84.37770989876816	78.74130721126153	88.10400098158409	79.39463525345536
43.68822312651098	96.40326281190642	116.3386945990977	89.28802925244833	81.48100024483837	69.87323159790525	95.77058061883417	79.39855398878993	71.87194497559045	101.8876633249359	72.04863218627412	89.91539849621687	103.5642290144528	97.5640411025548	91.19733675613401	49.89677363241448	64.47227700828819	104.2932167246789	84.22434717442621	72.90516779181399	66.45458151036713	104.4852306648194	90.66277642434035	113.4703786627008	101.963303504376
83.10072439501945	64.2038409144032	72.65374688712772	73.9974906639154	86.13269560024233	72.46133883642933	70.1607074089514	106.3079104813956	115.5904096174345	75.95150755359475	129.3302213609772	108.2177529904862	87.48122483658518	84.57401569398075	78.08107834197885	95.19986971600903	90.08091248384457	81.05688319441171	81.5412055384194	63.9216590706727	67.93800304943218	94.81306359529506	96.71263747581023	121.1606092752884	84.04649238702748
96.44361683628424	79.89089924195099	95.70311188383803	52.2218759427499	91.59066803113421	113.8211075892143	85.10800425882417	50.9661756819189	108.398555962249	112.3892591181826	101.0269689278749	76.29162565612492	62.28426291465567	116.4495115045449	124.7493926890057	85.29152405741756	28.64924770513762	76.74786814880611	84.5550703974064	34.38029194623523	81.65765389955922	109.8480264412384	75.71476477564084	83.64839902732962	87.52001932342664
70.08394195317956	60.32057086514045	105.025733578337	74.66414770061731	105.6530781355333	75.85056505941066	53.77544099900581	118.2198191341936	75.16181567256227	83.82262899337069	121.3458097253575	90.21241672645205	99.7554828053743	78.89743590407664	75.70332446408165	70.86473157214732	106.809006741066	99.93799321541681	71.06919797300233	86.20976188467586	86.0317415257407	73.56416996226851	73.93886344499803	128.6102279490748	72.71363781061109
71.56571684343193	96.78389925060617	69.42353625031706	52.33020154154836	115.9895057316688	70.69883323703806	74.75877817696397	23.49216742150875	70.25237122725913	82.12670446502688	117.3770318504819	69.72593750886718	56.12426992018908	69.39565658231737	78.00566035079484	103.702264332181	64.84673838618758	102.9043523772342	51.74652937397636	74.06433284330046	89.14392730480742	101.8573769094426	36.41593445950269	97.31595967545123	89.85321368942098
110.3003215341549	99.55592429677739	86.5629957697803	118.7933878178014	77.13662870599794	110.8860601494359	103.8015925263792	61.29745938326529	82.30623088660023	113.9303915569507	73.31308413179124	78.73247172238983	69.60100175013267	85.03430537672037	116.6163406040448	68.71999204432967	75.36349557816641	78.00785318388719	73.87885903263231	74.51861065624338	125.6048567366202	116.1936207897656	94.83196825892642	90.53461617378203	105.0528628587532
110.2109593597986	126.1098809755477	51.10600575235249	94.51552673434139	97.21299389444823	101.5133052204824	111.9971446522272	80.0797291862911	91.69471882979255	109.2051702741713	94.44892755847069	62.37423166287026	72.15469512973641	86.80190225580174	125.3672407243652	100.4424415502725	52.29612060635375	105.2112314807818	37.94032938651108	36.38644593404445	92.14960666616038	92.14207062843377	51.76102531529855	86.05832308787029	114.1343637244745
93.81945682898593	76.09697081422766	113.6827123477234	75.81100233535693	128.9427785424377	97.20466035265167	106.4387667861108	91.48637947648518	76.44832389624156	110.5544594660888	90.92223993004615	76.31593021015536	91.71907990132105	78.74697726123927	81.62494328454378	68.93520059226979	39.96841004638942	125.2340955984488	85.55508106649103	101.5927576759105	108.0737994095195	86.99792345259658	55.37654669669288	108.7095589055438	90.61151569255821
89.43909775460797	111.752437453425	46.15417639399296	90.82936233300569	108.9029381316211	86.70026099216325	105.5169539631818	39.80808705511591	121.8841602688356	124.2571983136893	77.14676099996018	77.03295255919843	63.07668489545337	91.4790014369102	117.1177612717843	107.0637701143421	63.35976566445834	115.8900212696875	73.39631059194012	48.19082483280741	122.8237424210437	84.55711823327252	76.02786219992545	109.2696720149153	122.0152603475432
119.4174216517997	111.3755766757762	106.7838209560437	88.52052105534561	99.37011096645756	117.6147632134336	120.0500685500659	47.00252786589795	86.19576237574387	127.4391454476493	76.06928768279136	102.6565143519891	83.20941790921107	81.14616631158553	71.68178705838511	123.6363818347587	59.84970935344775	100.3291846131846	65.55556922582265	48.0943058980981	111.5564233953821	74.45891674138871	35.30107384571384	122.3750631118114	69.50908126302957
74.5099608586539	98.72291103308399	103.0556831444885	65.83170206295362	112.2544914588768	111.6983894090954	71.44135779217468	39.44760509222812	97.71696557652822	124.0516556636285	111.8120836436613	96.58819236149665	117.6753409826431	71.72207213852796	94.86451904692051	110.4111738400542	46.2777993438376	92.16909180748983	54.19938112275339	68.73012024790056	104.1499456630628	79.4320302089927	66.94817722228943	126.3880796414253	113.6809059875844
81.36759074989706	103.5290165770052	54.83737923059748	53.0341599735966	97.62996086742457	107.8907177138445	120.2830578853798	60.96482146590827	79.35464526954284	96.19707195193018	86.04561481270625	73.79582954908302	90.63211478674161	114.0805972203211	123.9462315618161	113.8926238699094	39.21141557727287	75.16674399430329	80.97461388834211	58.20310623466059	102.9287710839625	75.82710725111652	79.84478422724361	76.68942574427982	99.6004205916943
80.0891864097035	96.4878538957926	108.4067358021395	123.7224367811257	93.55227677237718	93.79709558696106	91.44789899947723	66.9016888575903	112.2600783439114	88.20800638671807	80.24690890162773	127.6508753757241	116.24100622436	70.79674924550883	74.58548941075495	50.68374780969866	105.3798484490125	124.2371295458784	104.4993887855414	117.9220242825663	112.6570620470924	109.7148212209391	73.98479234819996	78.20666860720715	58.5064991304598
91.2786830423851	91.4101103244179	89.74355983713239	95.78215832629959	73.15565770826495	122.1369590487022	52.97809335940399	73.03483981203857	112.3507572776479	109.3059407906728	103.1903733758799	94.31275052109604	82.71412359148781	74.44331178436892	84.66171319556722	52.69028748914872	99.24148071194173	96.59107934645134	103.2744722672586	71.08659996229306	67.23325656720132	104.9424407464541	86.2483142525015	126.4598316309823	106.5720083029511
106.146229958523	108.8782914884119	69.9449733944117	89.95267662719098	126.2125105420082	125.7102504173166	94.59999357871676	69.80922722116343	97.46710566398619	86.1716363112502	83.89802217582492	72.14942982508757	91.25730074922743	81.74978710749207	113.7301842159003	84.292624190691	49.97843797372332	118.0030815308088	62.4139951963998	40.92238693753646	86.61548292870592	108.8323525878398	72.93545333734808	97.97788048514148	75.04453076215329
40.2345239980552	79.45704601813725	127.2436640883057	74.3096049412177	74.59699066145474	100.847197042393	79.9709169514212	93.2809925054539	80.26745094087501	67.60442044027005	86.90793854025635	92.81194254994594	97.52149126077055	121.8281851088275	57.79416643759222	46.20329626587041	111.475566434638	98.64817662376444	102.3069627385998	66.32899930790073	61.29626527955007	70.13926207444995	90.16390326083729	71.76891059363632	107.8904396301359
70.97810311110234	121.3742549465491	99.17496488812796	89.42632503105943	118.3451503583221	103.1502648767629	71.92645157303643	53.19467595418281	116.3147620537895	76.56010854482794	129.7550237989605	85.01669724845918	91.5478517404254	83.77598819682323	108.9136113524022	71.20200934565359	29.49114308312647	124.7759334569246	57.20429598701057	50.81328806256408	105.2739272896146	113.4467462156411	83.21591912826287	88.24938911626523	70.77248764455454
107.6750126423504	96.28241540705369	29.31969152709442	38.04947967328337	86.72503713528602	78.01156552478795	80.4784544705747	9.965773436880802	81.03841936735424	97.49583731543763	70.14103559497454	85.21818134072248	65.56587806871761	100.045959321364	120.4524745549742	108.2325101935435	54.85866099864698	92.39937519467213	64.42647531980776	56.12375222492571	123.6064208103751	118.7446591471396	39.99171261193051	100.9814128553695	96.23239028061408
64.30849295303052	62.27692864774696	112.1345077518901	90.1918511357284	79.80956751208805	79.5128630704817	46.19120202100714	82.70945954752811	81.77232806186234	83.42035579805312	72.92683000713679	83.32772267519789	92.41287331501952	82.2788361899116	50.47783874075476	95.43461315075712	116.3096152108281	78.56144728661221	98.32428955684318	116.7807353344775	93.69294868637508	76.81747076846443	63.29619333974749	88.95784644248833	80.02543127131412
63.45246010641938	66.9868375058288	112.3815769732576	106.2430795169677	94.22579810405858	70.45952226715515	84.79634525218424	78.20415181379374	79.96868467735932	109.7331907883039	124.6886936993594	81.56429765822848	100.0159785007951	71.39407212788531	53.44466486931867	109.8599322477363	77.32515760210953	85.41581128882825	67.23377560385769	103.8819090546793	104.1811785265896	84.90953266403709	81.14379767850383	80.60881039147078	61.5365389373703
78.97251427623712	122.2882267539185	67.21791838924983	87.97984469284339	119.0164710729746	110.6264808726562	124.4954462184102	43.48992329627001	81.98065293894855	113.2102883813031	111.7388226186482	90.07468439840937	111.8944116035777	88.6457879855774	84.28357307693861	73.16236471761928	48.13457966170584	101.2696791754744	95.77944375617855	37.85343160830895	84.21334638680673	84.06137167716464	39.82838998159151	87.20529299138435	109.2877691036539
84.61169491278733	81.54807449150807	96.45113285769079	87.259318922555	103.5842003217524	117.4380824992271	69.75311563405006	105.8450861514783	101.6874436295374	118.6064376713392	125.0850195335112	116.3302048111656	69.92147833969265	76.85395021560753	97.10080423177988	107.4536825480675	70.34733803044774	68.94381376770656	93.78195683469913	74.33655993445197	70.67940965614804	128.4070617533635	68.19225636313436	126.8809601013238	117.1988351926149
74.67639970233901	76.51045285396218	59.27489871332945	73.55450291253972	87.5701502820134	126.6771474415723	105.3288924316841	56.63930178822335	90.40248084936442	71.42216616361041	88.43969269776761	123.1046131602622	117.1448121147073	89.92195199643002	72.03750095819233	102.5416505963942	93.48035995600274	128.7782192561655	74.28415682890828	71.22792584506699	76.78988868152257	94.31268963141325	60.81875372856372	105.6913462058341	108.6013309074429
73.93506427718044	117.4870462636667	91.17620966114222	68.53671835366016	100.9770639537451	126.092447039199	101.8218838818655	86.00496297524211	116.8149768181574	103.5965141059599	101.3958895150032	81.02329983502227	96.64743197209947	123.7646222925509	108.8782816210797	76.79498292283299	90.48025067990388	96.28980795997464	94.26201232353318	64.21898481385854	110.1058860032358	114.0540878334692	93.01224730055868	79.82392382724827	119.0192272758331
124.969956860751	119.444211047974	66.98819128028536	96.31612675199452	117.9369232886587	85.70387130528898	70.96247589581652	52.82858356949785	95.97663394928088	71.13503913683805	99.79460425100845	74.50159416071619	79.66502836464001	69.39110845907865	67.94020849671456	109.3329114877902	40.38524560872307	79.53515203271829	50.94487665454984	62.05430690485059	112.1977676529042	70.95648351977901	65.37356291332583	112.5565606325036	111.3827476568485
98.51922082685601	112.8600976130388	88.79875640932713	105.953234448153	109.0774623644566	86.3853142151534	113.6597896378202	73.56618789855986	109.8458396101875	71.48085639624412	75.2315149410417	112.4830746442524	88.47783188492531	65.46143077377106	111.8304331620356	83.61823960096525	63.99136059717441	103.6717662018214	51.53113250705582	68.76376705380602	77.75095982699158	116.1517422131751	51.0353050990272	107.547352849424	124.6730326424111
88.34087307969338	67.81982053880128	102.6221272796508	66.69461821096336	119.1934928020338	97.75862227716345	111.8442787110141	76.21545706334754	78.9627514962022	118.5792112219193	122.6465221227378	65.8405009414402	75.05699082799759	110.4855120967045	72.49355507837203	101.2664421413303	42.49696109193356	90.38877362479597	52.53174062336424	71.50785140455159	85.1449365888615	86.11204585297752	45.40068375917309	90.84530041553842	70.86249109077673
68.41417376421769	122.1910095777819	105.7016417675393	114.7263307109613	90.29786564460389	84.42736676576422	103.9050432039344	80.80392940393581	90.6946608175823	108.4296915502318	91.41789432885648	114.7973435988284	115.6204984507577	99.25234702982669	92.95673457900884	77.80443190687473	44.89667433880003	112.5497940893032	80.74274169427925	87.62902025992341	80.04263927686839	78.15131839604535	44.9533487371384	99.45012461382922	122.6772195540091
122.8669938618733	102.7666091264805	87.3126609156178	67.72830952951847	72.47485612923734	72.88086084655718	95.92896811994177	53.11677752062218	116.7595859378942	97.35985940804908	126.2612842824221	122.0113953499861	122.0366365751945	117.8498176231005	117.357346802349	74.56009580322032	38.15256326123135	117.3997353356423	57.68143907186098	71.06355533723203	114.0636120512872	112.7584131565086	74.83181157895979	125.0083870528885	85.92839085132033
88.7255317944656	125.642119026152	42.89749377921291	55.8097374656744	121.9964510849532	83.02410752986745	90.15634451288071	27.98166715328257	93.81599723611728	118.594549096697	94.75014105268296	91.50558627242486	103.4517235689066	99.584922231511	104.8513793974944	83.52440120073322	25.1856866836281	106.9472718518911	50.7211468275259	25.64987454796585	84.66371536762502	117.3335314103334	32.67842608191562	104.2971767455964	96.58798906061079
97.59349329990343	69.09148178710366	81.52413657768936	69.46758605547598	117.8002103930775	74.99759744322698	93.63867599358912	104.2506723573125	78.50943038491081	83.9977280467395	94.82556697177978	109.8828594384298	102.6541730511786	78.43117955682155	102.3652044630787	120.6385474180829	95.22815271507891	119.8019511270444	88.41845618944089	64.66120740883208	112.6306804451658	126.774472547353	105.1320107939268	116.8463137669519	108.885097944323
97.85438323922037	90.17710636174158	83.17602383803111	101.4312152012408	127.5992035993762	114.0965025899297	116.3484523011096	54.89874454524367	120.6811865217805	91.65800482926569	89.64034484423932	82.87436479795036	70.07188542039843	117.5589592746227	63.15523200875137	64.91014601965195	74.29711132054024	116.3630473834094	107.5416926309852	94.64748499068816	93.50160123016212	82.21566158042351	61.14048415690479	119.2267974422726	118.8248767695251
78.31557340194374	129.0895565622867	75.37296972799504	99.27071424221236	106.8573580708411	77.7069453194771	102.0626181302793	26.85434134526887	70.69492795899694	94.09549897695919	118.5882186320635	86.47285691254625	92.53295664512817	107.7373442421975	80.78121731540634	75.42921901496587	64.30381209168999	82.41530528255745	62.53778540834713	30.98698479104331	78.28700736803944	126.4907728361222	73.17117943163122	97.73077241515939	75.73732542784839
82.47027619022717	102.2938391578907	17.1746155070633	47.9117534683661	72.56028296700856	70.46934883563915	96.57536969208789	1.83249936485089	101.2317419965544	84.47021559461267	74.90702846415198	61.34469648645737	43.63850305459496	68.91005360361109	78.09434923116029	98.35140017346703	28.27283546256074	54.61425837883941	18.08833693544445	2.931658208654492	123.3216918938582	105.7996055535122	36.20099961813145	54.1990155778183	103.5554624531855
81.31297592077188	103.692248621363	88.71598646844629	100.8310669818428	104.1341070790014	103.5027705863524	98.98378542287298	60.83117944439962	103.9923266223068	101.7943947345414	83.56307174637909	79.46779885162587	117.6140271283648	112.8066493132715	86.52142719093204	90.03911302606856	78.67421326221489	122.7263368701756	45.46509017796102	67.93280554571596	70.5725488473076	74.81889349198848	60.63370701954844	67.17231619656594	109.5808546476036
83.78829564822406	80.0139878122875	27.2050639993183	67.69643408203282	91.77152426789355	92.86997186125758	129.4775228607917	31.36651994226972	90.87799943172979	84.24504211793636	83.61602694573351	57.47176906398958	101.1996228358161	73.69992688283305	112.4850658822921	85.34332054333153	6.085530952000667	93.1046735530951	71.6494062702116	40.62311960399231	98.68391338884737	88.0279927408336	11.27438456778175	109.8720872664753	93.11877007544538
84.63358113776141	77.1238721906235	63.06028630327035	37.9089188342254	104.3677411879794	89.87405684043244	113.30215430807	57.76183212320112	120.6901920252874	96.35740525019426	108.371858018704	93.15772514418819	58.46260577750161	84.10184198306379	113.6786213650622	75.82925608399422	7.016493114601758	94.84406743535605	72.94767530707907	9.911930684565618	71.71808149722885	105.9762280517338	39.39453046912911	109.967260440801	82.5795792892193
111.9207948885401	92.00331555947551	92.46688058827678	69.49254664603892	80.23097709223495	126.444469002396	120.4966985302239	36.48297395584207	76.00069585114905	93.49439021547667	105.9098892335012	65.27721342389705	103.3092263028124	62.63757901177318	76.63684490350339	126.3683449832636	20.54476126217411	80.8335982154457	44.0034795542652	79.91431267076432	93.9772525030348	105.5311302026576	43.09566564350415	100.7594704903031	92.94854451248516
123.1097455940989	66.54133482729345	28.05991648937448	39.94846026651071	99.92553537638301	101.6833080211263	72.0983492126058	2.536692386636222	90.07678851864083	62.24557602857364	86.92349679955196	20.34594809270997	42.67389634127251	85.22095035041922	82.98313037178666	97.24607552008736	1.432338504623768	60.17891166316588	13.0904152086547	1.083943271992023	121.3065805951125	64.59208686585308	2.035133443872103	43.17093543352013	80.27806351282128
101.3078259778116	109.7902647170537	50.40180646113677	56.67966550452947	114.020664433583	69.02884228946951	91.34224837533539	2.669093679988147	58.52289116348975	67.20781620551853	111.7115491155153	55.40312722927244	70.3559608590991	85.70857621573131	117.9792719588048	120.9164418920575	0.4439863731414024	74.3012203172641	10.74985599037015	24.66091400312409	77.0649116392123	100.9018704122109	9.3354966489674	59.70993462935823	89.76559288686526
104.8457158707237	99.00190590427053	0.7910983298401306	42.72917330827012	95.02761712254079	72.42080275789576	115.0039702655535	3.353811969811659	64.84004729203527	70.70286543687314	61.78385374169137	62.54626554418367	66.40742942744544	44.17711700420044	121.0408965546072	88.36626037770438	2.552155474685598	59.64974489962444	0.0832648996472726	0.2978264529911955	89.63148180627226	91.92407239153576	2.961666065633992	43.98377110427751	92.20819742300509
71.82694519049159	95.9612009895078	52.10397126616593	72.63549756017377	98.30566538798297	126.8738869582799	100.6904631828833	48.35770545561718	113.0074913016092	121.9490659835454	99.54758332020856	70.62279535281053	53.2185471767619	56.08440335021771	117.1915001127563	111.7579481701024	42.96224314341048	104.8749888835225	8.215045976431043	37.79967180195814	102.1205053680106	93.76150603677166	38.91854664513289	82.39385737554521	76.31164815990704
