117.7741100850989	104.894476275252	86.61936688023768	120.6098173832501	108.19753913671	78.2678363535002	111.7703340297617	92.91239186837836	78.14677215005619	128.3749317574647	78.62791487164122	122.0585188934926	91.65372194531773	90.04147730471223	93.96582273098591	80.48697531846464	111.5060679935795	123.6052631751039	80.49724572884956	119.3739508041758	119.3818680050315	85.18840725411869	89.20000654452096	107.7351111492025	119.0097043418689
111.9060853618123	127.2397290220202	111.2481700647934	83.8743342473612	127.5358358851051	114.1516280891025	91.67033539632695	125.8675985137489	122.1205942324547	98.96080100996431	70.37136210599827	78.17324101659014	75.69017735819476	106.2144643658452	88.90699778043668	100.2750281182728	111.9360086066925	90.03021612851089	107.1198974631012	89.63071487294037	71.61075386441559	101.3935946320673	111.3932159691597	106.9341295432391	91.44810847971854
88.14470457219058	85.94164621826994	127.6716290817138	109.1254979451782	73.44720919821063	83.81871045861733	96.22539045932358	101.522440001423	91.19307995203167	122.1714279710339	111.8045963577081	90.96148118042916	110.1604343144401	127.6325949769673	93.89354681346401	113.7013317096001	71.62090074524862	120.1906853947166	97.66093609683894	115.7333145173735	102.0080720117758	126.7900086914187	76.60561994646294	84.45659145386848	101.4717208173338
121.0868104072256	104.2954880026714	113.7366366121814	82.69701492443642	80.03126572413441	103.362236139805	85.99633518926851	109.7790030843488	128.0114945016547	110.0778205955813	105.8129559752346	122.6000757338	80.09504248137817	82.65492561380532	109.9095052946922	92.73206679625058	120.1881824237429	125.1630574417949	87.44338092525192	107.5031487177244	72.79511224456884	100.1183761164733	87.86393208623625	82.71390189590409	80.76700401500101
96.43856124077938	76.05540552693759	85.71247794028223	85.39320863540779	114.1907912167553	117.2624436775914	107.6528900781246	86.67424652664413	105.647330839087	74.27924486206402	75.61153166550748	88.89373363016338	116.0458478189768	76.74767287901457	84.97105911302911	96.87952422769884	124.1317715926874	91.30225725351113	104.2172411046269	106.8588271512464	126.1175610510966	74.25236316419803	103.3132195430663	93.94732135039116	87.60668780855696
98.37175525968695	110.7546074790331	123.0677426396566	80.93595393146029	91.41644729147292	120.9952431291973	96.71485942201073	89.71893575525547	108.2824470560004	118.3880269993334	81.35898232518085	74.22994925250362	102.5429879392642	119.1760311710095	81.24298489194142	128.5153066418975	106.1406894225326	77.02613457796542	122.9132036296145	115.5249273575542	111.6495848181172	105.6935292727295	83.11565350119216	71.96434608832836	70.74433835874488
92.05420648841135	84.87885567763774	87.10776047068242	113.3778430928726	128.8305086532067	87.98289077958185	121.4359580250015	75.01257180418277	73.35265079698993	111.4386444078017	76.68400323606716	88.62795668318093	85.77092411172627	78.87495951372661	76.45378088868563	102.8997424925959	128.6672900095988	113.7953119296805	94.39709535087248	77.70968196571916	120.0392464507643	83.31408131418212	101.3935357501707	106.2715633915054	87.10768735408358
111.61855641637	75.04831803206032	109.8936135450229	82.70023397694879	98.73794993267023	71.15578917283874	104.7647844967619	120.6828170086817	72.74486115000087	73.80528776625135	87.69649920424715	84.33397708459212	94.38759397526111	87.48911159247953	110.0817461837834	70.40369472279671	82.74379802490026	115.4956142144002	99.85009817854618	100.636254601108	112.7829650659893	110.5176819020123	102.8985853147001	96.39809357880668	75.73954198621604
76.96297013556271	121.339043427435	71.27584142279318	99.80581149975998	125.1698129770821	104.5420686328325	76.83570207468038	88.41761314660026	87.19440674757176	126.8674899428941	110.1481312342548	89.2174666752625	94.39207260772186	90.18777698783003	87.90727813171706	121.4531202681079	71.73084526806937	102.7946300308925	102.4376439403194	125.5273601878185	86.44648529325463	83.42073102425601	100.4419526205665	79.20674313638709	112.3315529615887
82.44879805323549	102.6288607252125	76.98070487336376	104.3523025283557	88.59987150544458	80.54045768826366	81.58969323374782	118.0109501827653	100.2988034013877	111.1535455900548	105.1280974479148	126.6369714171812	76.9265045764806	72.32647904787632	97.47335983553668	107.6608697036103	114.7226181584247	106.4295777754364	104.3991532900204	95.8561403844232	100.2167766242041	114.1982996035829	77.70517084301214	119.0623559210586	77.45063198633967
98.10391681005325	113.9293831047776	114.8401180512072	114.4148242144879	83.16733904733618	125.5145830764333	76.57231809511748	72.53808797871338	88.04359192931462	101.6044064035051	114.8103071147016	122.4692631276002	77.36806766011061	91.5257579822636	102.5201810067143	124.1855133119359	93.33921743602579	73.15911272180608	102.1692648102187	79.76323999758293	114.7589454183387	104.1774339373365	84.27111052056625	75.89398605086635	119.4070158394393
104.8765096165662	101.4509248593123	82.79891111275269	118.0033608784544	84.02999943260731	106.41153518783	85.03073053298894	120.6202867061671	101.9263053802506	101.64438574988	89.69377816279166	102.6278828266812	110.2691170563678	114.5756979283102	92.98873475376197	106.2259960349538	121.1876659295324	90.65046954719443	79.34986531293451	127.4973333646506	118.0468708694887	103.0990358918104	70.61056497085286	102.3523288418507	91.13459341364329
91.48070040187096	108.0377499735465	103.1704501172341	88.69348708175234	124.9848107106335	98.87114941653635	114.3477878911548	113.8298294093521	76.45496929085799	112.9871722114159	129.0222915240252	87.02365622293085	112.0666660844232	102.7715895796427	91.14694404639616	94.43072902612438	79.2701669322492	123.6466370893472	109.3952805768033	88.24307927414185	115.1045313845162	93.43790869031201	87.08002795940077	97.7887587943803	106.0954916595857
79.80531270263421	89.05444451163299	121.4529812643693	92.74970944683025	121.9133402501168	101.455674594448	71.68145227572582	96.32391801447415	98.69291578026807	95.70716158472391	97.27228658059751	101.0999131140681	83.34713863711634	108.1042427966509	77.27010573860478	113.3673851169017	125.8106620619316	90.51650759440113	106.0001725767456	127.4303109467493	71.29160005264869	87.72743304630657	91.87181017890366	96.94689467673035	87.01447635003221
91.58943763339776	129.3988815648235	111.2250933298102	72.98259448223835	86.18068874819733	91.94509859413128	124.0431838316337	88.77913110699338	123.6699648846269	100.0909899983042	125.4950178306366	86.53197435229299	116.1103896500719	126.1775147616138	107.3583020511063	90.17234929474276	85.13768585378772	73.81762152495048	70.63549119933526	93.86856697925884	119.2308903219612	90.05468499565907	124.0925496417128	81.37612110477681	71.1364454576851
112.389549585703	113.0835711593663	73.96006811012387	80.70483349421502	92.6026641341011	99.06711286978276	117.2242895482413	126.2015448926284	116.3749470718087	114.3836438142494	78.29267551807962	127.6610490483174	127.3783892769368	77.83032318084742	81.50797048638405	120.2888295323581	125.5971199249855	80.80985124143402	103.6479951182673	96.00436906767733	94.972905481818	86.67622902449837	97.95708444004231	83.07798022424582	104.4970013158872
114.2191407389185	78.65521402198746	83.63283006608381	82.56457001380583	81.30343686707127	115.6622987886711	128.9973166405895	68.48814849282854	70.44963365723753	98.74422101447246	129.3125651808474	71.53714938230991	108.9948636606363	96.06299236783926	123.2159764964518	97.46595328214295	81.42809071702904	120.6529127960166	69.4395853595085	125.9670608510587	105.5209790190267	127.8610875437595	124.0565351744376	78.17683081001456	73.58052891822217
87.41881853959467	129.1689847640241	119.797326937399	120.9515196905209	128.1804546773346	82.01187979685187	115.9653766220193	116.1928513526561	116.7290671997122	88.21577894741253	82.79625067369152	116.437803329171	107.2436160107399	99.7663583048521	97.96529037673629	96.40215209936618	100.0164636982438	70.5606520955911	70.7802908941587	78.88765145477871	111.6002469933237	92.1856497888255	90.73120079050761	76.4519248253816	105.4489791523676
102.243689474802	122.3362560956593	93.43344589972975	114.4941883159223	106.4023165810529	114.4931730613927	90.7935498849576	127.1625031648186	72.56175105330153	112.0844421689267	108.0147092412411	91.52959291049797	125.2242442790468	77.38436914226293	96.1719757544777	119.0443530917891	126.8134719583074	122.9350441130186	111.3692262836202	108.1158368322812	87.54391271758416	75.68654736758747	85.42233283813482	119.6515946502524	124.2665862294616
73.65562194199089	116.6146929182654	86.56363278161642	99.87964759156955	106.5070341623464	75.6662264326054	82.85579926720646	125.0915014776834	113.3849354584929	128.769517055197	103.690405103235	104.812806470634	105.0290581871137	91.03319625208866	83.08185446314563	102.9354576838518	122.5589211384828	111.610190315128	121.20467821084	78.86946963463269	88.17432294523087	96.50785858128773	86.22839766118108	120.0764128201025	101.1066475526699
110.5185933416811	78.08003083433081	95.51888840989422	75.70894677186544	91.12696485709017	111.1471352798392	113.5558511672854	106.1326314334232	98.09959395388361	88.10941322630545	117.8339466633129	126.8109001320493	110.9986941821894	115.3140691159462	85.80498147911906	120.2129932592743	83.54666229728296	107.0461099946735	83.19435918214924	128.0461703486058	94.55828518540891	102.3407073686573	110.3973165280321	102.7726631033555	93.87912073801252
85.15703619647175	96.34634950430706	72.02784660975063	122.9894059488757	89.46093402251476	108.4143476665704	107.6951402720353	74.32948431392535	128.8909184709804	124.8714118750457	124.3368889107909	71.59884213446982	123.9275901147921	75.83032442631404	78.57727330150799	96.5524316305291	116.3510132560212	128.5970324050451	106.5742651055649	127.1747624768892	123.9807760544074	76.25693125224331	84.46881031136516	96.02206051290723	105.8326714457659
127.6541777102459	122.9798165337433	99.43706877952152	125.4389589639655	116.5365642273887	118.3214578621533	73.14251730946879	101.9985265147159	105.1836016815687	128.392478054877	70.41456825710276	78.79897179532668	73.53284189753515	82.49322716325651	110.7899197802961	123.8835939045263	103.759730500239	114.3453337910138	94.26265975644421	87.14309444711364	125.1093891129483	71.91871601147803	85.02598426649756	85.05167083264237	93.61771538231871
94.36537328701623	122.4239602403321	113.3184967491472	98.3741161061624	90.35011419602429	75.663700499763	83.90555311529559	78.38619665728027	92.03365237292155	125.8667542185159	80.97691100915878	129.2821901605418	82.17310642268627	120.0722491203014	127.9862049438947	93.50342283472125	69.44842020929859	127.1989603759416	74.73843723816525	113.7624683576114	109.6724382655114	105.6349372331216	74.67936498516286	84.25253618081352	107.3898159908845
78.77044372311985	112.8073716805095	107.1678380454008	84.9287486878783	73.47985108699308	129.1367617374501	90.28893229756251	91.59712058819025	72.37292557270715	129.0171493097737	85.93652400883599	121.8979543903783	117.0675110066828	124.8463032224481	77.76018282482779	75.76131688731289	121.754213039753	121.6270614135282	105.0652328561632	72.53477580497125	84.1100733430539	128.7572043556063	114.060686926001	124.2230308111143	70.18321815299994
79.44204909994424	79.62383364943386	72.41449920757861	73.89134545204259	71.05875588611396	77.9409987988618	92.66960716021887	97.09545295692911	120.9644341523142	102.4628486696905	91.05581377661568	116.2671986359369	104.2057953869753	74.53441449990774	126.9559089033084	95.89797601239481	127.796532444026	124.7840952038557	86.71118759968915	79.24922485004033	111.4364548120662	81.03360741495693	82.24724654971762	83.74710108285201	97.44795142885516
86.43388179372224	93.01769483660509	98.55015959727388	83.12382217937241	109.097321188921	128.1565943656806	86.94405741452393	76.38933170232563	115.793126883679	122.1211130295214	89.42403492627069	94.27437170450692	119.9167784658703	115.7929691738647	111.5859699516151	128.2113482827452	81.59028269419711	126.2431123646635	125.7889810926699	115.8721013682771	71.3674461783767	86.69199875956961	91.50473696750767	103.4439501373815	110.6537899927565
71.18144050834908	117.9974987649204	69.62962443159124	112.2615398520837	81.87633944172973	86.26846120168261	86.84445376784547	85.51054498265724	86.00391405499425	87.23810889363244	97.18935600662091	112.8264608449281	100.5432939314742	86.03621939841102	101.0161181751128	106.9465894331574	84.7542595006439	115.2205930120251	120.3808767449987	90.71215168339037	96.89844018826275	83.71977112865679	88.86674353891583	95.75424691334489	72.30687222326739
87.7746921969003	128.9661378840452	90.40852799812791	106.4311558778005	79.87546576183729	92.0054326815266	127.1012394302563	81.76657058050566	81.17433276044792	106.3691585363658	77.93994956803446	95.00432765583416	108.6617783498764	75.6823983075212	89.73576437296362	96.28154741868983	80.8971211272551	92.62069613161925	118.9526890672316	125.7758636707275	93.74564159663171	103.8472186673833	118.3408660194818	112.0432727127339	125.217173714163
88.75392178547254	123.1230813489431	128.9869154953302	74.90668004305391	76.6219512000331	104.1959397492742	113.1976285555655	102.2196560781469	82.61414260333304	96.98955866423508	71.59254206065765	88.1301448119652	77.64983910654166	126.7614276388284	126.5019631157565	110.8828378629273	124.1342920288305	104.0313591951196	81.79631583751625	103.4784315893085	83.78095548922681	125.8001613653033	101.2028120603293	96.83844770030157	88.87008777739447
129.0916414172067	107.7895826975051	100.6967468315996	79.79627905986841	94.10623276006893	118.8465360668468	119.331846589205	112.222753586941	102.6811712125418	105.61132063487	108.694612172212	78.45172767269172	96.64891205322751	80.70085096270103	99.33603303659098	88.45091630396109	92.32488728731923	76.1226553056422	71.75108127428069	97.06869890979677	112.1995600928486	110.3900569037931	72.53461400091348	85.31034159891024	78.571542917626
81.13474312002806	112.7592374358869	93.90316632909044	94.45832433846719	117.488580208518	92.65092293591587	115.1996945993112	82.340877153538	109.093072919475	89.25815248594958	105.17591268602	109.3815371782179	123.475781194098	71.90973938203254	93.47412861957963	77.26912460388655	77.2051311935314	71.59326382522454	88.73636222030049	118.0634198326671	126.0239141880323	99.58596972743661	124.959754528776	82.49236771011998	104.3818775958745
115.4822647215146	84.206974962423	94.84701873665335	106.6568755705053	78.87365062429788	122.9164517701181	129.5955626046316	107.1655050105813	85.02927066401863	96.82982966503997	101.7952421629317	74.27901373272068	92.45327487104493	101.7320970835789	104.2073169356838	115.3848750941922	118.5543895203562	129.4845096125002	101.4655244551024	108.521318994966	121.536157947513	91.67610540125419	94.07157401490466	71.8474778026084	100.5653983386248
92.50791987853161	119.6954126832033	95.81775125958904	127.1473191079469	73.39039305672868	91.20255577688094	87.18142452403424	92.53131749567009	88.70421196075993	127.501752594973	118.5995552933882	127.2943620473174	110.8389953706169	103.4232490681872	129.6473813545177	121.9985081403621	107.0581253365793	108.7287517861678	115.5378199399184	104.4620004946349	111.7905421368988	92.15784174986534	79.16643291554759	100.8472266554953	114.3951346797501
81.68696792554071	85.01958918571034	121.7601495202178	104.7204371793342	121.8601489602462	91.72777923022255	99.5728127878013	92.28382465377797	103.8863330284856	100.3038206461673	129.1017191488254	84.49545193299349	111.0484089422321	117.9934523897105	86.04955646332918	92.45120061813009	94.0613580160922	110.3277150538028	93.88739401265852	124.3627665960818	84.52342612014893	87.21016695192063	100.5871927710155	86.1955342407028	121.369550390747
112.8215367826623	106.8875408636805	113.7704446673141	120.2870071916407	85.52594236121907	110.0616920764579	80.92703475246606	106.3835810518527	125.2708651038506	109.6127990586627	128.8706749855389	95.43013381410449	89.73927607942304	103.7352506035857	122.2227082166763	121.3394430465141	92.93426102234265	83.31267652347347	93.47811091105531	69.93497886285671	108.1384213445768	82.04760740208303	125.9880726305901	110.6354004907999	98.52293561457799
71.45693147400138	79.29941914588889	72.03398740642632	75.42845598927961	106.8452023748743	129.7922344204965	98.60245399739765	117.7197253018699	88.47485368995262	113.8747032572294	124.7266638612916	72.28694554986117	104.3941952459465	78.38047222014494	82.80033678827564	85.24802481539682	122.3636844941988	81.0801423506414	98.6456047109555	121.7505613741538	120.0378455488646	96.87817676163178	75.82911637805043	126.4746226647368	125.4838180054171
73.87565148740249	83.66530883161752	94.615812734427	94.63919188641373	108.8625322082166	72.85794621667095	72.2345173221107	116.2469156839836	100.6759430486951	109.8066731871393	83.07072666098844	94.73510803757569	77.50995174101031	103.4045119129016	123.0497151824977	97.77342047224937	86.5439792089342	117.9366986828988	112.6458162980333	71.01698982071213	92.05116034542935	105.1921171240803	117.6877257598719	114.1892426019251	76.57714467872211
93.64317669106138	119.9813961898508	78.58831938105212	106.3665028515587	76.51246008383818	83.53064714127109	126.2656295793805	100.9738815369111	123.8515587051072	106.3986892559032	101.0972742211165	117.0880137078511	79.56965393828418	100.8214624641236	107.3206236618083	113.131753690444	123.2634747656349	87.32748803263746	97.13759619783559	78.32119373588279	117.5318005024746	89.0240526931873	79.389654002135	71.67347289339421	124.4727078883605
105.2509278868825	84.82648243496854	128.0364077680733	125.3768439515003	90.71199345495012	98.67240807184373	92.83681417927272	93.26672016456482	92.60886319806912	93.39141686686297	91.68972074476576	74.3415242567596	106.3509483772978	122.1598487073932	92.1300603649004	115.0038508961219	101.7836714542886	105.7143666122426	126.4326332033323	83.83194938500704	80.63841865794096	116.5232695850088	107.1742125922379	87.57812077172912	80.99940699389953
119.5605209079353	117.2640320365389	120.2567318510947	126.7819287959493	82.43406871981506	79.08441618763057	85.61997350557525	116.2990132197484	94.75160348004096	123.7072095126404	97.90125017779853	114.7668475862021	78.68951918708311	91.99505965210628	97.22118946408003	97.79606119244957	123.0522192100559	95.15862335828594	114.8705367322306	127.3945009211754	123.0299768222848	88.8419031740285	127.0223271267797	108.9646071746959	77.42395085934467
100.4210194672826	87.52852237886836	120.5178468962277	75.21274366218415	118.9843777022969	104.2664051058843	116.8429029340598	98.27170570495338	105.4360631109819	100.7543023215047	106.7380487830893	93.96447884503223	124.0124855960966	109.7611899219159	129.476133296341	91.74553440716767	109.7487171091009	111.5175034835663	125.6796151204495	111.9047741201217	112.048829498416	111.6667857906832	69.41139266055865	123.0289930946083	127.9195134087169
112.8902029808093	99.14046036666218	108.188005155788	85.15276299202533	72.00177195661543	114.4376203536646	108.4620043629845	95.93356053446611	107.7165250863194	95.05589450110662	97.05392324749339	103.3562983411032	92.18976195452893	122.6822551815973	126.6214322137275	89.22636702643391	79.9085172038275	114.1654523145776	83.29721900052502	119.3948694978118	122.1608409057526	83.74361894544066	80.50189096500179	101.3048817140973	111.2504609019495
126.3079621063567	102.2003356110367	115.9986114391322	127.4732880542987	128.4097488191602	82.61092143832867	112.2747563892673	76.09669714605101	72.31399941537957	85.54729435028484	82.73490892601635	73.57585560115855	87.26377051740164	88.22155241793057	121.2983754545577	129.5450322594134	80.78869859688669	92.96547954032204	86.7925844116164	87.70185836662013	81.42704977709147	129.2938747018092	81.66046024638055	103.3559389951986	88.85478532352064
102.722206600394	92.14591297778651	79.68064093742082	106.8008492184146	121.5103942654037	77.15410564911082	77.82164145955994	91.67970148827288	121.4057658335047	128.9614929538905	95.51444639057527	117.5178924013762	128.5587821648909	115.7610373036842	126.5464608679237	100.8888893694186	91.49254635977654	75.14150658535924	126.0641221782991	94.52282808349003	79.10752743933985	104.4117760307936	81.68743762379736	120.1492842836201	122.049416014545
123.6501539716657	104.3173031969114	122.1953169784261	127.9967078884696	111.8128173519785	74.48206557518165	124.766505021856	106.3942489774528	79.84761845457155	71.58669545143681	87.87487775907033	100.566544079566	91.13321896408445	106.5132534967527	106.9797361656696	91.37209273607398	112.3078955527423	100.9804276892156	114.1571425485377	125.9701452604214	102.2079416861476	97.80853774706465	78.890234226004	90.40343847204406	105.9023750029269
126.0186275369611	73.29025053912879	76.93608939859199	101.8689459844653	78.39309945694599	76.1689107637563	99.56893535589415	69.19994766131633	113.5461797889307	128.0052344609615	73.86314183274652	108.4432484275631	78.23126577900746	74.14870272189513	94.92270624356071	106.2664177805727	93.20978905154016	69.3718485337661	92.73980429507316	114.2017697521223	121.4102216885736	84.69111273853264	118.7313960232822	121.6776933933227	105.9104633545517
123.5928575356264	74.63108475622239	98.54820086348556	120.3254582652175	97.69932631690298	71.2055298421338	95.623806910398	116.788418113044	128.5546258739589	120.4067088500472	80.7834606428807	107.3845670498864	89.19726302222357	84.5157068459703	120.7445544811549	79.28422458434707	73.78353763234946	90.76467784650399	79.21593495231065	81.75496919087381	96.54111093139423	98.14487061555982	126.6204762606812	98.905126450506	126.1915139649878
88.74040414937993	76.41550181406998	125.1086980923754	105.0436066642219	123.97164628355	76.35148558862309	114.3152451344937	89.85458987690645	71.18818211714134	100.7051118706912	92.41457249489696	102.0672678870509	77.26791112547511	107.0744143928039	109.4693501132465	70.41118365104084	111.6340495038661	108.1780525221203	89.16191384701199	102.1005273205818	125.3383907821575	108.0272456556178	96.86600753320431	106.0998785063074	96.35268599489621
78.33858082519005	123.2129838860139	114.4732118767373	78.50812813159374	71.24068194174879	87.21678629602013	76.75697128873468	127.8656353369375	114.4798371285646	97.47664708892192	119.5075293529214	79.73842156606491	128.6468999648906	126.6149198463401	111.4694370840995	90.33170847948467	78.03331043729001	76.9119160035944	86.22630685754027	119.7862847334649	85.51259462337137	95.5676967029529	74.16704931442246	76.06829035377493	128.3692693066613
