81.36992153541959	100.9021183460804	95.74261488787349	83.99818412453637	92.71659051689602	66.96317606217694	72.21533819800047	78.04599692047941	116.0592435288479	100.8260871326693	116.7002888542011	70.44405747318875	97.27073405410023	76.6725013767561	61.01663420397114	90.97432012606673	22.67912278019828	90.38159019887905	57.88381939163177	66.28017864343869	71.28684076545136	69.23648577216828	54.99004001193504	102.4780581747585	66.07342791231063
51.66414479687339	88.87713661682056	32.13165515751145	44.07443414219843	103.6215266769713	87.72055413411708	69.28994209533586	48.08061464826139	107.2541621340493	124.2554339768628	91.6516929807337	94.52793114229094	90.92337209523176	66.32590757757269	92.16256066716284	59.26739216248673	2.35157013281551	87.99036282241836	28.67200654194946	10.31153640151167	118.1938890683242	75.38987100362004	45.57117834953436	115.7465300686114	66.70497680392438
1.302311605379239	0.3417843607841	91.5096615380269	77.55543996699858	85.39782659818943	57.51446995496957	40.0811311191123	97.47480995046689	79.06860870185496	61.55776256114918	85.52109832664391	107.0405390608759	85.47620525565409	84.54276916422319	36.4641395599995	51.03734367637739	87.8167979826554	91.27708354968631	100.847660761177	99.01039492939034	28.17779031875312	91.21597615883536	82.21615975411474	78.30969537818031	56.06479184990376
2.558492299793403	2.940592579213833	70.03377500163482	121.4756004363572	69.07443913048829	60.20573206270637	16.66892439753455	75.45505307193068	23.50443978312813	45.78131773735868	73.64065322478808	122.5080914841002	83.85114956572923	81.61737941975056	2.691663244836135	9.994388100171648	110.6955708981463	78.97343332593057	89.48628440413425	108.2349171005153	30.26611542815296	71.32601522406165	89.6379862524373	52.78697694770841	31.90320809188499
11.95678479205518	34.42407539283492	111.9719923195191	113.9698087364455	76.73987027074472	36.90734942383666	0.2746682543380233	122.1700779835414	59.81742127330327	54.98494330057832	85.9202786081629	125.8656436214014	109.4215178182092	85.24681872476022	2.89184701479141	36.19813110640935	62.39865670451714	117.0373838806302	79.10348191338329	114.1534578456131	5.602959349227085	46.11796458523776	118.7357759700974	85.59261076645967	35.15021016209998
48.75610768503381	83.20181403727366	87.85674728943846	80.00541538112716	77.6993690679343	113.6937514929125	54.35465919949186	40.78708821933398	101.5154012499841	75.63645398646976	106.7589503547299	104.0335583903946	90.89882719244815	123.0395605399443	74.95091402333162	53.86098985610697	57.31282542134429	102.1196491965936	80.84392355391017	56.07090754919587	67.08515061260016	86.2953824737707	47.74965932989818	72.69933211107896	57.30194627363404
2.739374034699779	31.95983209761471	69.35492687143251	80.54602864303929	93.25310636693034	104.5623911632313	45.89701800862127	92.39855980125618	97.71662051641908	53.68808262838503	93.64045417632029	113.2822429846547	92.20010018208731	71.5480347661901	31.95725585311465	59.76752083907152	68.55867912565095	77.19262937145618	107.6124275927189	84.62983956257605	79.97162106227827	81.45445255200158	56.47207841304191	71.06846224028095	78.57406298904236
2.804150977363424	14.54402619986639	85.49414985146848	123.5522103444418	61.29832223858243	64.22141927503785	2.204565868397289	102.662421814265	48.84695954546902	55.01070951647927	59.45073022153454	91.47116723272643	99.2662151051874	93.63151096982234	16.73521984166066	2.174628971992994	70.73706047802453	72.60433924743766	122.5587569958458	76.57775935416242	47.84954542516732	39.42185297306314	63.45641591551957	103.3965547961286	20.09278624845628
64.05660742157207	82.87449549266879	101.6739366040958	80.56128889687724	78.88910363209193	97.28101076665754	42.52670256437355	55.62990567648188	76.45534310587665	74.30730226990259	83.45414769635119	123.283660571223	116.4476876099349	70.13630418844328	87.49251926571993	62.66754039608452	57.70288591579887	93.31236831948915	84.16992332916141	49.74445405705822	94.62357114138837	110.0565131473771	18.97100795983182	126.3844784012769	53.55628997606836
56.03107400075544	52.05685040183332	113.6736024321415	106.3603075658478	56.65238829162848	57.67602400638702	26.20694356770272	61.91183283004108	68.62952005730739	78.54629180431556	76.6315690318072	96.7076576563897	110.6217464865509	70.77051890871282	44.11616436324033	62.6259590420984	61.37422907330973	79.1259658352017	65.0381522957386	61.14142694749125	51.10029108973644	97.94882992434157	85.47872742901794	120.3475682309465	58.59883148959487
88.03544792758368	71.29944112670722	46.8827031130003	58.30768995883814	75.50569988466123	115.3558458731687	102.9424496313851	51.10135587400943	126.679084868467	75.24454856224962	113.4579819537459	55.78242389215701	97.9995857544084	73.71527692325807	65.77752234643266	72.1231855288825	2.003502676164435	81.01863297010314	28.58612744901365	28.10110345214167	86.56528108613978	73.20929492592876	5.261599572057769	93.14618680110499	90.43970303675825
75.71652318675419	60.36605248728289	73.99333814289768	94.92716447267702	96.90684373555544	92.68908490829443	85.05497523734854	42.56292475538967	125.3661340347399	67.93909318524562	70.19152236500011	99.96910075672884	80.83393423833712	90.98602563817943	52.265720222483	83.16607397284201	45.54133130341063	69.57740550750202	72.34542530996498	69.69909107541713	68.84202140390826	118.6988051801003	49.81754263923088	88.35234177153491	112.1980527506487
44.15015917674475	45.01938307858299	91.08709299900795	106.1376110018695	68.66775546071776	97.20861049094503	8.796748342382863	53.22375668712509	80.09433796776182	96.42326439674426	89.66548699237846	71.06724891387927	104.8620568186247	119.5843888636793	37.24739645883946	27.50927262344081	81.37530498244674	117.373304569188	96.31345508973658	68.08812632038102	83.61005147513328	69.82879227384026	57.07878581010446	78.50130382798393	53.90469836576906
84.05806996558093	90.95276160559712	15.00010589638062	49.6142926581814	72.21107430981299	88.00730502078108	101.0348729866892	1.680139793136244	102.761067012602	88.14798850550983	75.79295334856164	55.74827200635384	76.92994773636134	75.65138952485225	103.6009598971129	76.32867410239039	0.6383385606053733	103.3210294060417	18.63465590661523	2.606902783153243	123.0130720760777	99.80512476543467	1.261847020879435	71.46625468548044	99.00211773088219
112.4012726997666	105.6353607742609	71.81151782338603	54.22432168555289	99.86571942088329	117.6416652544051	59.96743556615674	1.957736014067227	113.376118109999	104.2503068237998	123.2764198196612	71.42976993946371	81.11800912226224	91.68996054524796	89.48223280930219	77.22362227525555	0.6083394647169396	96.26910217358227	6.733161275617434	1.172635628574071	126.262352606193	96.52705739814445	1.074884122267963	124.2808024412957	103.4141812936934
33.08549988895219	85.58262323230163	55.20352172500054	117.5111654687946	76.39432446476985	67.48916868101139	50.11262081726966	90.17143412666542	66.46820950508473	84.56076534756154	72.67836518926033	112.134048702181	73.6096003194755	116.8348619355171	82.461473008734	40.6424566942618	40.53247070781649	122.4614825935826	45.78823569826864	40.01843571829012	51.85702119196709	73.95883388266125	33.97707530684009	94.37917487772785	60.86653236668691
114.5056046559247	93.80966307795406	1.140608150938078	1.259173725368912	110.089027416534	82.17626903877807	117.7103831671942	1.987153974935851	64.79114719451965	96.40580858914467	97.01847761207841	8.413984622740116	30.16377573010499	43.46077704498448	81.38628850499036	87.80287705937101	1.910319628734773	53.44733188163865	2.274133996226013	2.75396631532906	72.78344732002265	76.65410122252787	1.881582058996059	95.15716932167756	126.4940076794745
96.88065676893947	129.2178907963493	0.6144599302372176	2.275148535695401	79.14059829850027	106.0477771623604	117.6081138128715	0.64799138883552	98.41615816329221	105.5171057549518	105.3868745723134	36.0021670034136	40.64486095638009	50.38479819348716	86.21062823231603	81.25545724204851	0.5357015660192241	69.49837270674796	2.530309943822329	0.05657241562022389	78.14740708945287	82.05773398978886	0.2080857955119724	83.86893536038684	97.61160149747374
115.9227143621846	109.422573990845	22.18557102563545	12.412976601957	70.33139630297788	76.75743716167329	102.8335584486592	1.138749329468701	120.8792167720816	70.37508621142918	114.3540027671311	40.38335862860556	50.1464460339252	44.67994789387915	103.0140109518765	127.6512262494425	0.6505760217592429	67.02618347172414	2.235780464355432	1.276583380577101	114.6986852539721	101.6853173968353	2.798180558476724	61.0504033103349	76.56630743753468
68.95693459589182	107.1487702474342	1.553655322918782	0.8341667170138034	124.8783534727767	112.7207323316352	126.5943918059037	1.291460772515048	70.39235357408943	73.91111009494243	118.7391285191109	47.03515931652842	21.37107646062978	53.49990340582693	101.0105399905219	98.19984384676559	0.08698280578826115	81.5163080285955	1.885254988698702	0.3805101374110672	127.5398760169942	118.606785151651	1.950736828814196	79.57052151396203	90.0214686431289
44.38706496338294	42.44375397120103	114.5927705566819	98.30535204652699	68.22033764581927	116.1049764831274	72.6900283844455	68.49934259822315	100.6208410357685	97.83212985980393	82.65960409992962	95.97063811356024	104.6263345881915	96.63977168982788	38.73716324631084	51.50905373938045	67.12802135356128	98.19213031441183	63.57350958982386	63.24546611518534	83.1155443343192	109.6427731971073	67.60882060452624	119.4297663553639	65.9297750262038
41.6251537225849	19.93212833764658	83.70327212545746	90.46174599378854	53.13467173609668	95.63585337512558	12.87598009354394	81.04515088154183	67.24277034327145	91.28871784365008	102.2750430321699	73.65661848547379	128.5096871460138	80.6016111962858	42.11568697769577	56.03523474710681	75.55332600879677	103.9194854968238	117.3988257786912	98.96938112300299	54.15860382669271	98.9571423013883	83.26699232150371	109.55658002029	70.32115637194906
41.08413874975813	47.96094460134384	95.81969705589962	113.0862750359436	78.53076975836528	76.53597511079492	48.78116182970487	76.93973050394406	72.20752427619996	57.10524803877883	106.9046448194911	114.0006179349802	106.1788730801765	94.31180510901407	11.91065866227512	25.47408080001381	41.04600543255135	120.6724057640913	101.613628898643	80.89811616272542	92.43704499131853	96.73832901808746	73.36923682628637	82.03944708866811	46.53879199506741
47.77219449222794	110.3640105073063	66.21609355596118	62.58270667463349	97.47180918825119	106.8397492377543	94.06587972791846	15.82086156877135	85.93657368573936	119.0831141142646	116.702860917239	97.04380278605778	105.1769564300913	86.46782274706987	66.47641809297748	52.87731242787969	8.930612519422468	75.37126308449231	85.02830611727887	60.42461417222071	94.41181948209716	105.042339867332	26.84212263251207	112.4245650410634	69.0150512019131
45.24751138826804	87.52379752853565	103.5350310082878	111.6176135744429	114.9426155163661	84.10739986984126	33.15603253609257	62.52190683610553	102.5531175216947	107.9606567519663	71.4726397968047	123.9605573514562	110.5989389190203	97.91295931486493	32.28019189517482	85.30989432276954	81.95678501652901	102.3577359451776	99.30907937228739	64.65922210754115	73.9508210577271	68.5541396292946	51.3906245970131	81.12528042032154	88.52330202670879
49.78475503668783	89.56939939701167	70.83055745314905	84.5709940876078	114.6956709726722	113.0015187800444	100.7153429190241	36.55071907808593	67.55244930131545	65.16593163455396	118.1450914582163	117.6691712178636	90.68943914549556	123.1700964341104	43.33954873913092	78.20467709497626	43.31173806047121	75.23235382128358	44.21915600803857	75.20733000358322	71.17734610791308	92.61152400508243	43.76758362397618	106.8853364895851	85.48366042160251
97.57549389930728	81.39455798194362	30.36804222784222	74.21620240255797	113.4465572293004	83.97203084179692	79.25315906542968	32.89538085951043	90.20461486162168	117.0590936337432	127.7257162609287	102.0239569885275	86.14888851772763	107.5619260467707	112.6625945037831	105.3713486461321	1.049434013076457	92.76461031002665	57.88091159175396	8.559336426814866	118.7651576166133	113.7027844423727	39.62573292860669	125.5920567841365	114.1302481347437
115.9645757420925	80.72833500279665	0.824323929293644	43.40262901857615	119.0552495072253	117.9907496552648	112.6757500810733	2.307559154961369	78.69501524100291	112.5921046139448	119.5882596513613	32.07245719807141	57.15980424352389	64.13280509631457	99.09144536326758	97.87196431568651	1.315462239347734	47.34818512678439	1.269099860724931	1.895916542175506	94.87215175505271	84.24376163551003	1.700960319692529	91.10275288697605	90.08128171426186
63.18124347921105	87.39223930279189	114.0559545138012	115.8203918866357	88.07134484346918	84.30281055956506	50.14678766442827	90.05149424231641	75.88276667182467	92.50667137736919	71.51733323378207	101.7949454540808	121.6891839319008	72.67414085825538	56.79989695480644	82.28485192865713	85.36056755805572	76.99769941173247	56.44213178278071	97.79485413155659	64.51184825990548	100.9621514259197	75.64742289052737	115.9155956277652	46.25275305526176
71.70318149226982	114.9154912199392	46.61073074035738	83.81138318125488	82.53164213896892	89.73559681390293	67.52762218533832	2.196293796319907	109.8014664762324	112.8504125446575	107.585263454802	81.21840419049883	106.6023931242315	122.6490197315432	66.26838222091096	98.9256482115477	24.21754612178981	83.51119882399394	34.37579899919876	3.674401468510617	91.24942835948725	96.38814664893371	52.40640275429254	91.97360992884821	109.6750211420554
92.1859902187912	92.12870878011407	24.29647871006179	69.70358890265433	97.85326350672136	90.3305543434752	112.6118204935201	3.172658989246791	106.1840941353516	109.1482613809179	121.2493339364185	103.1054871744919	82.14384900320292	89.67640001106632	71.29009919902492	97.72993784940871	23.08527524246846	105.1914108862572	3.133769455184876	32.03419035466378	91.99700930201132	96.27430218801155	1.957817329672728	76.62025994539148	98.23335110774826
67.91843546791439	117.1381739123643	77.12226714553208	53.9793122177216	86.64047037261882	88.4114687201034	73.01799362561464	0.524521506399426	78.9963721825103	129.3962341493015	92.31629694849221	93.61130254605419	75.55803673223461	105.8422705714896	104.7114118848189	93.86965924648214	29.86829363981177	113.6227653056755	10.13415090915548	24.39234497451096	106.9156776971987	97.51435142359655	0.62799652432678	80.33742631902221	104.9227306517637
109.1383399781053	103.1277042178189	17.92360135654837	54.3288492282626	70.41567423965861	117.1271377704565	91.78739787097136	30.50955931986826	105.5052047382627	117.7688805788148	124.4867671665415	45.38802653092449	48.27900882349591	102.2794183357194	66.02564185808141	69.11786969696597	0.3322360404878819	86.34829676032032	0.3427652499336645	1.450254149964497	80.08689181775738	126.172616491277	30.41086360883897	113.8952234047268	99.08381117694179
93.83390946957441	111.3899287872008	19.27791292201404	50.55340729789346	78.50671560079259	71.669435845668	67.7497305569908	1.475052937586978	86.13100563190233	72.65574259381354	80.38454532200213	44.76021846606601	43.2365642977867	110.4474461275167	85.47488820191748	106.901820741609	3.875117340405723	101.9284373793949	27.09980867070482	1.333751068976357	97.57632214401991	107.6061242109702	18.01668842284864	109.6051084575689	112.6014335841562
71.37760189834904	89.35481412236985	1.467223096763403	8.569969218793865	84.13020439918226	88.87080397452226	95.71719193471229	2.586358342904821	117.0881309992746	100.5077778182662	55.91479050867405	18.00544860333772	42.28843952892359	78.68168537581042	96.63509078852469	116.4626663163981	0.9285980558733338	30.35025587644804	1.005260479112603	2.506939623369538	81.78361229323095	88.74676292169622	1.958352153265255	40.80608008584635	93.15362142912599
128.2002561642095	72.58298895340533	1.237408377942769	33.14363116957601	117.2150896208606	79.54389717952932	85.4008604828316	2.059885665371984	84.76804667460087	121.6496219713361	87.30071894747564	44.91680423496487	70.87085921943954	37.31136215527532	75.07295504378864	111.2749490819169	0.9322918485692606	65.12326657603322	0.648576425764495	1.056657712031309	118.1770211986504	80.50012657859351	0.09523125942179801	76.38207917695246	83.45021654225408
109.1307147044859	119.3438609659789	32.16894885381653	52.28830388529673	112.4461541918084	91.850199264926	104.0175137187672	2.187009131994378	71.52846628500403	122.2165284612839	118.5636001241221	80.22294517894763	90.45182466109553	95.49822264896838	99.92703590456293	110.9312313492794	1.531742932379738	93.42029574956945	28.34011995747502	1.412538693878731	119.4279494703685	77.78113375826531	0.1883020099531926	98.5452674414399	109.1489783038449
79.44560287363456	73.12065832365879	46.97329582552882	52.69017367209467	69.16920924305744	109.203366518248	100.9066979163748	11.28082432289775	123.8578416831967	85.63083597546063	120.3144760407976	109.1951336489057	60.32943437641448	105.9761084438959	82.81850370577743	68.77397819593443	17.76296042752234	85.72477966966413	61.08897746992142	56.15107809587171	70.66080954530374	96.01982083031579	3.853834379164525	125.6353504820306	111.1343654721516
117.982667922749	83.30860773568563	15.5681852095906	23.83620449326736	70.79025911259565	71.91820145575643	71.5014547690476	1.254509179481861	85.24951757390332	118.6048118526532	115.6086607820724	84.75740202605175	34.40715046879416	54.89606106144954	112.5352393047555	103.781044708603	2.231073479959301	82.89246689837483	10.83646015734161	1.170746297619675	118.5118199130905	121.8003798171239	1.584554433012316	97.58431615521809	83.14096345014596
71.74559945899713	122.0166201695508	40.87638095570951	36.4285679229134	77.25234232955985	75.98468055836889	114.1410477445615	4.723842784135599	107.5751823869685	97.79333401711349	111.1562663270342	82.76317014506759	94.40654396118103	96.18778064272607	101.4077273792158	77.17138944250155	1.618333547104231	87.57566225827617	3.964727870586472	19.50918030438879	127.1032559956184	115.2495533841856	6.584169805446123	114.0236394405496	91.23053989108507
100.1360930328177	76.83000041125685	2.555702376361837	25.66499934238759	71.91951809994781	108.7862549548801	100.5789948624325	0.7440599335527549	74.59816782893387	88.81110568429013	95.20463845480248	11.21132184143548	35.87471350444216	64.20577528172882	94.31876054429418	80.36269897117785	2.07585599544522	66.65529831668314	1.738495003401147	1.422463996354051	85.54401624814921	126.4046678231466	2.647677244813313	47.63385220246654	94.79897675534397
76.82690192653047	97.85973961953995	0.5698242540051146	0.6167496905089784	40.53587758815857	75.49998678011072	100.0794691724542	2.733018746037489	83.36821022022571	75.30971927025708	28.63576733318374	2.607297367757795	1.092361993602795	32.5788935105162	93.27536925738357	64.75110295869533	2.45043385448635	7.315591580957481	0.228987789127142	2.087666793460404	107.2143409483563	58.46443184165622	2.747952914284664	7.853399602229025	98.16099496950676
88.18827827429293	102.0748263758397	0.8494165613157707	0.4488643903404759	60.7160293641323	72.74840548419584	116.4005686728583	2.67301949278386	62.48520252624691	83.22021027164251	78.71677472380691	0.648828078223487	2.924970207696886	6.771801295926217	120.7376658834971	91.95414410907154	0.8739307697336209	18.04122501724313	2.415727042912349	0.8277795479877166	57.83307005106344	58.85771543875882	0.5276309132253576	0.1266135958397532	123.0438933754791
79.18490713125688	124.622903037898	1.130050853190182	4.255040425254698	109.2915838382933	103.4374761445915	107.2396960336539	0.7397123423491088	84.87766950907039	87.26891925727432	105.373322340771	14.6248648946844	26.34478817380836	58.54749277070803	123.7772589850527	91.38715916357732	2.308595702810436	74.29853778817068	2.456527697062537	0.1765574838316341	107.6097019066424	83.41745419306434	1.961047400080553	77.89103494684807	106.6087080713855
82.2690715016362	80.74992057381107	15.8206693828796	14.24408047295565	75.92464621748718	97.34528112468124	109.4040204541519	1.7089474964356	71.75767715162536	83.90419403088612	117.4970876887486	23.77461675301461	59.94640938648794	91.05804653541279	128.384661300279	75.25369652905604	0.9318267523260988	69.51250239815054	0.547307003506085	1.360460876313958	85.25298456789704	121.1152710340358	0.6497731346870033	53.22890407206845	124.4232874228652
109.3727453521412	61.43414247239113	2.863353392637728	0.8457558805095726	48.12828169277016	77.51376637654847	97.64283776560359	1.765539545203809	95.35306637084103	84.48483931822965	88.2688639465803	1.756998536607005	2.813634823399074	23.34665514208514	99.77665769622925	107.1937176308128	0.5018964099632965	26.10978519858495	1.782515222084883	2.849304944764172	65.04294895460893	79.77425917995423	2.785426716444657	3.369711167152275	125.4920860976884
107.4790638276285	79.31377108498847	0.9628672375490213	0.5302507946487305	77.3003549918522	66.93056034249672	72.27004407879974	2.301145534493301	70.31551347795929	74.6233686351313	90.0119959576526	0.6115090747956793	22.37574044034601	37.82816781467297	78.91457237002078	125.828640128743	0.2346064831251826	41.92013617406367	1.906573442262474	2.621238069351528	107.8408307968123	85.97393231189578	0.501713036290423	29.64297484256695	103.0081478490745
95.78127334171002	111.8554014416252	21.46192522556259	39.78308709375439	74.06258112485145	124.053584410902	112.2147931128275	0.9055856438155345	86.13722979104526	75.61997087811208	77.22972580120341	68.74961904590258	65.22739819546084	44.57109073629141	110.8826176972555	85.37076663430618	2.733016548205516	86.98537378947064	2.951817797736226	2.296856852388519	122.7652675103789	74.63150191972791	2.412181215445926	51.89294990372599	72.48520616577419
105.8055743589367	97.90960076287107	2.260088166611839	2.193533117044852	65.25870462859844	80.54246345859272	124.5107944334272	2.219651084706427	68.22610886221466	78.81445143191517	83.15964879926014	2.961184591423649	13.22932603287919	34.8193134786443	111.9230951633864	85.86441929391124	0.6607720572937907	55.11404082183439	0.9626519893398642	2.369367611639383	94.56900793271855	69.72953123460623	0.5344610029598382	76.36115217813575	106.8544657101971
80.22060265379135	92.63593203616745	17.01723278960439	43.51483997698931	99.38412137129205	116.4589729190371	109.4513369930419	2.17779385475616	98.96106733199815	82.76837969801241	106.4716761385542	36.77754675472113	38.73854868700067	64.97763869490795	73.78186600101995	97.99110329408487	1.855258355717959	84.20568843909035	15.87179400503016	1.075955718202871	79.07452732655034	93.49232463432459	0.3391128504901854	60.56278077334929	102.5242883546393
