40.75145597652745	36.35327452735675	97.4625099067637	88.95293729504739	82.41757040116059	63.77813787111798	38.17857003513944	78.11463781262027	89.60654200790214	96.03723913820207	104.7292680789734	84.40829347985698	115.8657012318064	94.95056675668602	35.54483208226102	28.27377603702887	70.19316293519188	101.2418853546906	96.44640692303147	84.36029220091052	40.76120575395025	98.23341420256534	54.31901416387153	100.0401538806534	52.6888721934541
69.51036172488655	82.01328669944778	52.90681934016995	73.490953038765	102.3405448697151	108.4744374638325	64.22333488663996	62.79970386222935	80.25834656118955	110.9793263230974	112.8402749324873	74.48232185738064	87.17212752580994	97.9002757192529	50.08130199328124	55.63102910395962	39.27511771758743	97.59122488270913	44.33398561458493	35.45776699173375	89.11540761339278	76.4425261772505	66.86533993003536	91.46498697551765	60.96949953504519
67.83498939705655	66.51317805746964	104.5048726356691	69.40162733059363	111.1557516215734	110.7495574735869	65.88048462408611	59.68213353103242	109.3821402704953	86.46973536443014	102.8529462531959	103.4417232415619	82.10365029255013	112.4342083176105	50.23744039341749	51.83274829043771	31.91501339227491	102.6892516933399	64.21043269240005	37.50788232173686	74.09157573866655	87.11818879716051	44.37335777696525	97.96788992100829	58.34504702285469
2.43707221590731	2.477766178959943	94.19615107990353	91.68395366748979	23.69966294958125	57.20839756878675	2.509750601022692	108.8268268945	60.00257055948532	44.14145751447846	67.95214241652545	102.3886960673959	118.0647207820207	71.6271322592262	0.4270131199430298	0.694522022074525	96.81299068288303	86.24011052818892	102.3737376121314	86.50491895851317	3.659882376451897	49.06818919836829	106.8926246592639	74.95401532753459	0.8347548250533927
26.72670316766703	40.13712592984217	72.27853541561053	103.584960028519	81.46427966740214	85.31585133228997	26.67735711392002	71.84470944778064	65.23879299920692	90.74922519772934	90.89446542673481	85.01606230329156	109.9667443367463	114.7126682606623	28.72757790245277	49.98176304080241	45.52475011633231	119.5263390205191	96.78890860584961	82.31112219824658	79.79647616008262	84.10740420432957	78.61005837757241	90.8971743053232	82.01356170408818
105.430186740056	72.99625485343674	39.01797342710348	69.50319776987169	96.39106439058132	83.99832382741975	96.56730525217313	2.250596723355647	93.92581176464904	95.27795331231816	88.06224571408453	80.73340461767901	68.67589721520059	105.808288173873	86.33705458607793	88.27866453847497	6.858815947805049	81.07040805862788	5.886810562413352	18.79251243156509	106.489467587786	120.8270962344918	0.8852758231744637	93.3740254626552	117.6926061183073
31.0794997673692	36.68954802077538	116.890815423424	86.89391111412583	88.36259731629806	87.53912071981456	28.24631751161477	95.99697394075044	51.52027600492539	74.24399101300452	99.46403353713966	89.64831569275147	120.9622851378167	81.0661861144023	23.34158104740209	57.07497365566715	94.24926131497116	93.46454739424765	105.9779614678426	97.70168189435768	71.16767168766077	69.84471612789538	67.82813692181092	93.67015600326623	69.89077058834138
18.67743103186434	7.853940028853426	93.72275595935385	86.34649984795151	49.99070242993143	81.72503503952665	0.5173208478763927	66.30702166345438	40.7228233273412	42.93292453265269	103.3255094096321	110.8615898687859	84.35401826245054	110.5349600348375	35.33387744884294	29.5848764766492	65.72096860830541	122.0003402887104	94.4594395635238	100.7369912614051	65.29430954617182	71.57413023504469	67.89845404988922	65.22705976417276	47.31655223374733
82.78955139024671	112.0802377143659	41.92856066085844	61.61838758430422	115.0536262738468	97.82397346233627	89.40956375474497	5.579550481755724	99.28310606255276	81.4187016426949	87.74266976873771	58.85834806666468	86.48132415843243	99.49552935892412	94.10247893241157	90.19525688928631	2.289694490201288	98.99189674677501	6.310501665130669	8.322754369623802	102.7005485317341	78.52266987428291	2.31905893390581	76.5869461279819	101.4074320617479
49.01989103588163	85.70779851841849	64.91171815126708	105.7502127348646	108.6319367211775	111.2341182959165	67.45512909974759	36.36893633037871	102.7699985881818	74.25699212878617	114.2864086923398	75.12703216711157	78.7623195000116	104.7032389323711	61.5019155696604	59.41636201680731	28.83258523657996	120.3205617461853	56.26137384422422	53.61297369989499	91.95416201792406	99.50629910636295	59.08557078868341	77.54663752502928	73.01848602075466
101.4193922903411	70.97965005725777	43.86593061134249	56.84805507567613	119.5312217306997	111.4528394627946	82.49508527526442	16.14904798169215	92.90222370339868	117.2846653221954	98.16933640104307	91.0495902918272	90.53250433297634	94.46881213761175	73.43553847765391	93.31306891733459	0.1535706887060219	74.35072672977971	8.480438355498045	12.04316633279515	76.76067949971477	113.2872975702487	0.4380290483127851	77.0510704656208	87.23033242298594
68.16841954498653	62.10066938458469	62.63436530254209	64.32597124017106	115.0558341504325	97.33132524911856	80.0948433097885	48.11611670826579	101.4684010093218	114.8532434966087	89.95410254736598	85.28212053811389	89.93286434158802	80.84007539854844	93.04336055221628	67.54794054517281	15.37689428690201	81.91215429407433	64.68300269000119	55.27332993035321	71.78301480656953	107.2247278486255	52.05410971385845	96.79305725202568	85.46906019668992
28.03116515275791	46.43489138213215	78.92504538550038	112.0361568611729	82.02731277190198	81.21611265688236	35.78260588510422	69.10772250346412	75.1276047122396	70.26407914087535	109.7903325294599	89.83186851226415	104.2374259678068	109.7280560544392	38.85274435140513	41.93526106737907	71.40460120328945	80.2373612689686	69.57496676630535	49.75740140787397	61.78182246273113	89.05874426680647	63.86470405034315	114.1006322030372	85.36483132545729
83.17525732330554	68.76857837340303	83.70239240996256	63.46589245775598	75.85541251774995	81.35101879692519	85.55701076604777	50.07934104057352	87.28040386797269	114.6192413958054	121.2042654751897	77.50871063734276	103.4516323183536	88.93633344117022	53.91639905156379	58.74037187144701	12.12112765740981	87.23915156963101	73.84232050899683	55.80917135099412	106.9824913487897	113.7106837286693	23.2806261688613	115.947067241138	70.62208372640031
33.5166918606951	37.95282341154076	103.1820549983079	98.607344244057	88.43804133416143	77.91146934445428	8.789723575057607	66.16949349431553	79.60822066425229	59.33480895842274	74.06995863392608	101.8523435573303	85.75137966676786	75.05286275908085	40.85901109778585	21.59894945608549	64.46213229614639	76.91623906315965	68.85068894561427	99.19903040733628	73.23537176932	71.75218750212478	79.90843518771544	105.4392161888433	35.35226800320487
65.88344702064923	96.88209961433122	61.85000312443282	48.21184689311525	120.9464852612733	93.59605872730111	84.2760916969289	0.3089677668730199	78.66593982835175	99.9290639656253	121.8953742836052	93.63866986333659	85.49647320450093	82.43008631266287	107.0826678690953	98.44621126838879	0.8808369391087962	70.28005906182244	45.39378292015535	1.396037739783609	111.1683669382259	99.02539793464555	12.48196149429927	105.7990231492882	74.83389051820568
29.03201309440654	57.97101013004603	100.9365932881761	84.1162144985053	82.98048674007062	91.00744025622824	64.93900424700684	50.180268105571	70.12872629556274	106.3488387401036	75.07148650621278	113.9129600187227	93.92810075509898	100.1226970420512	37.67466933632245	80.29838000027327	63.07204537615449	98.73058636060185	89.33894827604951	89.65439887074793	64.42427153020009	80.61619337568928	76.33211223805294	78.45058200372439	69.75131093817666
50.81980716986659	70.41133146382397	75.86681524052332	90.7346781984358	115.9792445812716	107.697809536007	67.08981066415282	23.57817561896361	95.93491632588555	86.98848076525442	84.577510716558	70.32304677079649	72.55633691776583	93.15873694976102	87.29646972588579	94.68636636230067	42.82753909060526	113.2961848882669	57.2095722474661	29.63566141468709	80.8547864651669	76.88336006304122	43.15910192371561	92.52213552826618	77.10138942966657
106.1068078675313	113.0110672824929	26.65903917321356	30.30299354552332	78.59349815485815	78.56166442936937	78.8032268929464	2.945007165661703	85.45273827554283	108.0361773620803	113.7598114911134	62.24764035332421	47.73081495601349	79.99046552118116	100.3003677964189	76.61217686303421	2.952822603868653	62.79959858072283	2.627055478276398	1.730259182500311	112.6737068853857	93.64371721136077	1.661300486978362	94.42333957320605	99.03734578372791
77.18900227636317	94.34962482472139	42.41305422281171	36.49401044802164	100.8337107689215	114.1833191908657	95.97272128146537	0.7535047907121135	113.7687197347489	102.3968889665104	120.5707678271196	79.91425031349132	80.21465484943303	66.5728907839207	108.6697721305513	114.631722153779	0.6829754037936822	79.14053669323195	16.79501237882583	9.271927002472566	84.80136822062448	90.94196055581682	8.341642110842336	101.2391983521347	112.1238267079364
62.0500870458567	99.18984626166679	53.60878641548484	57.53865853468672	115.9675720372677	103.5673205998519	63.85119314171017	24.56210361476617	101.0813852235434	82.0014724722802	97.91214583643217	74.0135221305855	105.5560284939317	114.8261903929973	58.00025230441702	99.48219951172693	42.65466868061384	75.81315899395562	45.34193286030913	45.85522869198103	95.80546673076492	91.32949182381425	17.46737801307557	81.80841478983882	93.43076775949027
39.74101233175652	55.77144588483448	101.5231382042141	110.9368666954335	66.7970700087007	73.55050632887981	12.3214595369956	103.7994307612811	56.76700755700011	85.34592567154961	109.0295399607747	85.56672246900349	99.4725793863619	113.578347691943	24.53891021321363	56.44239869903555	63.89413124787582	113.9611037315738	78.86821841122392	74.94410897328234	36.99521015603457	67.31936753318726	76.50787748279161	112.0237398981286	31.03396130313902
59.56152819848643	54.03409606094823	94.59150183254651	83.82087410745511	100.0521041092086	95.28598631796538	47.88216296745921	44.37029834159341	110.2561743406956	100.0657461869106	95.01735232942987	83.64232171248403	99.56601805415926	80.87264524924575	49.24439278494006	71.94467980438151	27.19961828098095	96.32880921796297	76.54345752174981	63.99599483505014	66.60653649500827	103.196358393533	62.77191051358163	108.8596846470636	67.66891825976622
71.56259873302035	77.65089136936264	40.36259260282449	45.18595171293526	80.21848122421592	78.93855048444989	68.51955050357063	15.49339265644711	97.33958522149464	90.77414820652575	79.1823728383697	92.63760108968437	61.84369757348932	84.55110349986663	83.19032434027473	80.97936958659628	11.29286152939933	90.9116042883492	6.587541763708806	16.95560813159895	86.19941506738552	121.1507325028912	1.610822890443089	104.213981957824	97.37173790104936
83.31285609078576	96.68345424479537	49.26357056416448	43.79641351089285	100.705783093011	92.01864791538792	79.28637441661357	38.00816097273646	84.87570466637477	93.61812882663473	78.64145276099201	71.00665855378826	79.94444956170122	106.52358853599	71.80504428155054	80.6490312915878	13.87777041559923	76.28231033141233	29.79423909826615	36.90323579294233	74.50291462525715	96.74012646358463	13.39401219099931	109.8754882233676	99.47848541487437
35.23210920659774	50.65495031814578	91.3246571719895	90.76914534650719	88.65305717126637	99.32278857109077	55.54774696479878	79.54148935803335	89.3196935777209	74.47138884078659	95.13850334395269	99.42239725122852	92.37443846250081	108.1902508589787	53.10735642617152	59.96310457587444	58.34537820802005	92.44645082679615	90.38755275495205	46.57824777563256	85.74725925007209	98.29429391893657	61.47437173119027	92.26890598367477	80.5789186319715
52.24771044465572	63.27716907621321	64.77801651422266	68.66550853931652	77.45571506445116	108.0197821626044	82.54475843470422	31.8711060258556	103.5789016327859	82.06882088298072	119.4758321946975	87.78451102347965	96.12150482829286	111.0445825092042	88.17906487012615	69.6593983767991	9.3909815022723	112.9426517095411	57.52266134734563	52.1551947636477	102.428056134891	114.8534327629451	57.36258101617426	102.6897224978376	73.83084049994852
95.07650002296617	92.67847660760762	0.6979755806524242	9.126245727565756	71.08553995446887	112.6322061223902	109.8078889361494	0.7985831464262625	101.6990698371819	91.98971827566609	88.73765560313873	20.07663904354447	54.36426220029506	53.0861866500025	78.04759583298097	80.34156971293753	0.251108711190523	49.65394287111945	0.9141537181037789	0.1529621832740892	80.13254977495014	88.02016524382327	1.848493847987371	53.63001166925947	110.357437588379
61.95958202992094	83.84609307336835	70.23268781276008	105.8227837382231	94.2351085777013	105.4200792207295	56.05797557315607	55.27890507582526	78.42039393970369	94.40458514029791	89.90175823560841	70.9992687485029	88.99708680559579	97.90441624700409	84.68032495556878	53.47185462604349	38.33264684507652	83.072683185424	70.22565371863212	55.4398017429985	88.88141357690222	104.8445254342149	64.57118466789024	94.88715605971285	82.55907755652331
79.04975617773641	93.88729178387595	67.67063360165476	55.60212729753648	110.928133492698	92.12267739319026	97.52829325308156	34.27317075650861	99.55154373681002	95.4610249838839	104.4952252935559	67.9624682723062	91.27606695621208	98.0150412215592	76.60453339583438	93.72871390520098	18.3980961635461	96.36507873585634	51.29326466222244	30.27201458062038	92.79503819082591	121.7365426029594	31.71619531594659	88.95461760935947	91.25784209372176
106.4924998565132	110.8191303208586	30.16863953109432	15.63879806338858	78.70806192066806	82.05618009857039	98.46609483796087	0.4533337043448356	77.47890758870255	116.3044118586381	98.67968519326911	63.67023134943831	64.44513438470719	83.20612661722129	92.33751013828766	119.1233726707605	0.1382886574111007	66.83076796559925	1.92553903176761	1.320475146878161	103.6166928570672	105.752484134201	1.37834990557996	71.32320073998923	121.4074193015746
97.73046136263264	84.15774546982414	0.6877865728181036	0.1104577648144617	93.67197939689373	90.31665862146983	111.9903777820753	1.577110131624672	96.48015747119169	111.4235647293655	71.60693061428579	0.2283263740769453	22.41975983056671	42.58569669138129	80.97803999977782	116.8141919434275	0.4933158033517627	49.55616931884521	2.213307659584213	0.1546114187593625	114.4445154379656	84.98020766564504	2.812027133048776	33.91619124093981	116.9559655210342
99.07029575722288	78.02658677406554	2.743200828469819	1.839815609513768	70.86191872598852	63.84046743233277	100.36349080935	1.71497984209243	60.54657164190986	71.64580185576877	92.33250928600027	9.19722685127303	0.3215385269744784	53.23771323325289	117.5893622941658	89.8917206251482	2.533718765804139	15.07394187561611	2.113535547230422	0.5433538139338823	103.7755010027959	104.789655471938	1.102170595945003	52.86630516107982	119.1790713390014
100.6338618461065	113.868301226555	1.09364543223257	17.52091249322821	76.36591859614988	85.78458510333726	112.0677610066933	0.2649900211958396	117.4385725876405	112.3294010407686	85.88503178783535	54.82660293862691	29.89810402749826	69.71957627140837	115.5308960857775	112.556471039784	1.528977131522614	71.50238162055047	2.09970114147487	2.027096261407124	120.5218564009336	115.8132981660966	1.852772455675017	61.62760718301486	116.9102357248373
114.4955846368815	112.2736291872033	0.9039501333404958	0.3941989001894318	98.48639886727614	109.0577823588254	111.2042316392182	2.399196665906061	99.01823001205283	95.95749478745191	66.64803171645278	4.593967066469691	38.7088161215583	32.92092170816276	92.68040132502077	78.64476051002688	1.930212045606086	63.7929418081693	2.268246649137743	0.1786410273560366	76.79477215851138	84.26729615871739	0.1657409361288122	66.99298216084402	118.3073530939334
93.88151749886374	91.66645318056747	2.127427184621147	12.38087373357654	87.77991715390594	82.17741055297361	102.6557482523141	1.597157454755365	79.07971847465174	106.951635815883	106.5917362930524	24.47889033745072	32.78894861841972	76.9352663744142	104.6107720003095	96.9820053001658	0.660157382519605	31.49305769255594	0.6625512746149005	0.5358624784200947	118.0713944989379	78.43586947853449	0.2569547758439911	58.71636912950281	81.30089550277076
51.89024089315126	69.62222538903009	89.14913521371145	111.4680328257606	112.5134398152214	113.1644474888958	79.36398734339366	72.28900037778209	87.01699587470183	92.78619875031185	115.8396842377877	107.462304465117	102.5331517342666	77.69764278665184	54.61610010074611	49.93931300728663	57.51844270656622	97.76631308634893	91.4735724990587	65.68784778872774	94.94957141495888	92.37673177485297	35.77788964468778	95.20046511868004	58.80013045452313
80.7103290465918	92.76956176467144	12.75354340514264	39.03929575662097	107.7673133397645	83.09374359377658	109.0396656577406	0.185845698345479	111.2309737919893	104.6146378778143	78.21800137078685	39.10490099444004	44.14808354803101	86.97239002256343	108.8049664443542	89.99452582206104	0.1335239813294403	47.93340582595872	1.817709575827307	0.8991759212153583	103.9962825959565	119.7927196290735	0.1819103167710375	66.57594475871431	77.2277032090518
41.01564362347288	55.07914457344486	81.22268763420999	84.52887260574369	87.76761223474269	107.2611016555802	63.5645296438199	65.82445833117163	106.5786787043648	82.47031233752531	114.5546275863511	105.228845241506	85.45061217482701	93.85380664840181	62.64753409954338	85.30821043550452	26.44500062593148	80.1791987913135	48.91108416804038	50.64284079945455	105.8126829865463	77.29270363106569	53.96171849697156	122.232611301342	90.58456927996166
104.9952506641723	87.37115012150684	44.83793581790091	58.72210559800422	103.9455142055857	97.02077798910153	101.2234140568967	1.799270020384846	109.157745093662	105.0061336895179	89.35239520206947	84.87198971181672	85.31564054981672	75.31997749443515	97.50073665789631	96.79067294007005	2.05007520613475	78.4611362480934	36.21147149445487	23.25959666309861	114.8858027346849	105.8156822032883	12.63293174071016	101.0867845478058	98.13906948653761
79.48867827782321	96.82771472709641	2.950762612233586	11.30544645239639	113.490009334232	117.7567112825214	88.7150108032387	1.398224447727165	89.65080621560737	103.7313733552581	90.75536896904451	43.98793212749268	67.379929120654	51.57096809666311	119.745745918455	82.60153047407709	2.003728725776534	74.63059943391718	0.009606661215331734	2.902531131658336	88.78106131277028	78.46074423701404	1.071520299271619	72.57733534804152	85.15849864456419
93.43702984859159	102.9985539428062	3.990804352125643	33.30840927164122	90.19658398249985	79.18448941567108	94.65667983032888	1.784050385503015	108.1142624290239	111.6816759117738	116.5304090370078	35.08633058588527	78.32633816721098	90.25106550440233	81.98927175787421	108.7077072336039	1.630228192460803	87.85875517582488	2.867826230203731	1.480460475392779	116.2319521211862	106.6608899138536	0.3215531301596095	98.62881239259706	120.5297340070143
81.49913517822365	87.58727377210447	24.50417946496881	36.71440779320861	115.6576001854699	86.74215523465745	106.8343911531667	0.998218316249222	88.5259093410275	103.9049249795534	82.67945390972257	76.37386126389731	98.20252946008929	69.33297948645469	85.05505620337543	91.95765476027591	2.719363109397779	85.66101551087692	26.7030429149561	14.32134434422696	102.6495424756172	94.69546337293923	1.504648980975478	98.89335217709936	114.0345945598613
73.85893685118626	110.8111202779304	62.36462182438228	50.35480427309527	116.71146106227	103.868667868803	88.44997476574562	23.60303525262378	82.65622384012087	117.9011032966881	86.85808185122579	104.4323382396356	101.0652782520434	85.52735003880578	73.18114259982619	74.53568620097781	2.547851271293458	100.7054958397338	28.04518837231742	24.08088448957363	104.3195074204393	111.1105774113746	31.65838603347706	82.63936683773926	76.63705288128055
106.5554397437239	96.65265422574271	58.01435865503917	29.37197901256614	118.5617881281087	113.2418284135642	79.73656585535281	17.71191370051565	97.7322189039096	108.2219967231572	97.01719076887008	54.98502081450511	51.48919844296029	74.94816061270575	113.8861532938423	88.96001214911846	2.932238817637131	73.10561188567237	27.81954849176098	0.9614800657224249	108.5398869651961	110.7599682343296	7.591237930722379	70.24083154459207	105.434344583849
95.00241800630104	121.9400514814132	1.239877613597762	2.538480830936692	74.82970293382732	105.9497205871011	86.90155896617789	2.390519818846868	70.32818686476706	78.7966051455308	96.15117306685536	19.86191771748719	17.71214625910012	47.30577942614137	92.59239379450165	100.1573607420637	1.30815315061132	59.99506315327474	2.191437406796066	0.6768988277719252	117.5884337193359	100.9230259393608	0.5803419166013268	85.2401982221382	89.87772974578314
109.8593730160387	96.2164587038741	1.885180928512033	20.231377392504	83.85131099622762	90.47677443731969	121.0134763613784	2.786081553339993	113.1956545682433	112.6098781128524	93.61386431754769	42.02938534078855	67.06098847698939	67.36099831131136	111.0755885991972	111.1861963025287	0.984287549820005	56.53182294532282	1.329805046339144	2.620665698032266	104.8235965354836	107.7965766684796	1.396856195004639	73.10957794169516	108.6318652098497
99.9025603209591	91.8244290313632	10.20300960709436	40.16382559615755	110.7415034376481	88.35159694105305	97.74493604672253	1.24397002015102	105.1622163479362	89.52051199009658	93.89175779335145	56.73031248192748	52.44409867219258	84.91604727732114	73.93635500372974	94.30126778842852	2.237803499772975	84.94395060247611	14.89985870865129	1.229361002392304	109.0769904053229	97.18267705342447	2.732560298057691	79.1084194793111	89.52297133971661
61.04446464064296	81.49428218793663	2.606765128539821	1.820611387513716	12.54302655922051	23.62613028997369	66.09498575885287	1.525781580444418	33.14859801259388	30.76583447601917	34.63424547688646	2.230037132505795	2.243301475500318	1.192945520575824	59.22060004544065	62.88484788378003	0.6984741880063308	0.9343983415920176	0.5765468282876351	2.300204730406967	58.79629223091111	43.03662236206442	1.394755541334917	2.593365445174669	64.54442071525796
95.25660917408949	88.29365767411772	1.364537138228223	1.473922030682404	62.52793320638686	73.23241986739617	93.37182944374324	1.239864880750846	69.77263939387103	64.17835042803154	64.31778165594685	0.7652607636799489	2.443776190008511	1.835545136248021	107.6308807229611	109.6363615601931	1.571699402050197	7.228479416685392	2.731752364538268	1.447789832771452	99.66284212941211	71.8766295213443	0.828993040984936	9.4121472921247	73.41334972116033
