77.04010182570744	93.8465366922949	88.27044573165178	67.89281240959448	70.67674671083201	70.54205150594947	95.33151865429201	68.91252011344025	102.1293766271408	74.20332048963675	104.0898143594221	107.0454445418809	76.75602263935939	127.2907305526861	84.50684897051966	102.8623327306343	57.19272511230179	81.85226092695991	73.11658999479175	89.20425224315724	88.69469607797627	70.72466974598774	106.463938336106	112.0101971994621	94.51396415977675
73.23060187478889	92.41101026721535	96.37790094314548	114.4047625402973	75.19776318637454	124.9077558205652	109.4954159641566	99.53245226621118	74.75403277897898	73.45892434469448	77.58931475489995	66.69073562284532	70.40281856969371	98.97928583658057	88.7239602470265	68.73647199896391	64.45201292157752	98.50847891507297	64.16082205770837	91.05954248757939	68.14245511231137	81.61591955542242	60.34273318650359	69.90203798618265	96.17316885979288
58.16574649141468	66.31530748078713	127.8676809134948	104.5557513593823	81.86692444730167	94.34495460712623	87.70320147983222	71.2382785018111	83.44383786458741	88.36421956489698	103.7039658354233	75.99399431668539	76.85611401954556	126.0884837188744	63.87254093649834	46.46526829037548	93.12903804416132	104.738222151329	112.1303791504167	105.8435070444638	81.59971161570141	65.26831603214951	90.25565046330875	116.1142441421995	72.58102360332801
66.33336439941837	37.74041714346831	96.20656093557565	117.8417292747622	62.55486233930088	73.00848524928107	77.56920582201272	119.7270382224326	88.23810102100384	99.38758028064137	67.65754005888982	98.93300655705076	82.18882266987896	85.14821574218288	32.55956904385364	41.24070814265474	82.96851118569677	88.44642859106489	70.87780343592496	91.06737636591969	51.73478953133503	77.47159403520118	90.50742842240234	85.94976798822323	94.58387051069671
62.95592285546169	52.63199743039122	104.1446028097457	113.1974700142713	85.91200065183085	98.20300270071914	62.5162939276112	126.4528301219075	104.4186032750478	76.35990050911391	96.72200641127974	97.57974498594645	99.73474500752337	114.1634474081535	39.90833691746049	80.33524629406452	97.35500689515257	109.2362892164664	73.40761169563731	80.21768971023016	83.38242570506672	92.85478590362888	118.1056720334062	74.79617875601528	43.18560157469049
107.5294115798907	67.21811948718032	111.7208319506633	100.1313275306292	122.6884699261833	86.89992556078667	106.1563900186372	82.50092706291261	123.5310672175249	91.64787887629473	97.19366694889898	103.6510063354321	95.41312332639681	102.4117159485301	72.68742377559678	73.25915894669374	89.3707090800568	95.00139957534451	54.44140555315352	65.488312479963	72.52148384016442	70.59181003613875	56.69454551427826	82.42902274711113	106.9630092954263
44.57870533615764	77.93453563173425	96.94636437331636	126.33780116045	109.3257239162944	96.67497581744402	48.5086819190185	105.966433020142	84.75230127774593	102.3145969415944	83.93780052605754	89.53762041563468	79.30779587304436	105.5756541841535	71.28466059216764	48.63544625173344	62.15789612990642	83.09041859768928	72.91157831189743	71.05317555393063	75.01369914109873	103.8344631612565	81.59449274080427	76.17925497225902	83.69490410281588
84.68152624831689	38.08644135415074	103.0956292339343	95.92846344055147	107.82166195743	79.08615911074313	54.86698525349233	76.38076566629587	65.74330902196203	66.58012701700186	92.76240778761193	80.90630540686826	112.6758133599961	65.34457165360874	49.53768975194588	69.89031308414928	76.44176130133152	69.56399647086867	96.98696294749038	92.82456696916888	97.38624897182012	99.91086150681895	74.64631944303122	95.5143806124938	89.79736166204742
75.96397655230058	71.10059250732527	96.96266814652157	107.0100226187776	116.5439202825615	76.07126103451174	85.32357976472129	90.83397312598248	76.60000264283748	97.67722142264385	123.9637155292514	110.0042682995492	100.6269552052823	118.6013948633534	73.02857378593876	93.99367507453721	74.5767295357751	97.7953900691939	80.55668577921142	94.95600372813745	118.652772994086	71.10596859533986	56.63325096867116	70.35908148981768	114.7315234486143
64.03258482273277	83.52463230163593	93.28643113617755	106.3411422112843	70.2234409363239	89.06516575547201	48.60960995301167	80.08923259718145	63.62955822089167	76.56057207565097	95.97113038732047	79.64566512877221	98.20434613675144	70.61194073669697	87.48455357439124	96.96420765356245	90.5298845834116	123.283835116648	94.73895908285994	62.21768817108722	100.3140319079915	94.73761714462024	61.63515073748461	108.735308274582	99.56263106872967
77.72842284440233	97.84009812382524	75.07186364239456	72.33341880910845	112.3572835480831	111.5252197421128	112.1457795902868	78.46257894363782	70.44530371419562	106.9725792836098	110.1457126977105	85.88759583822841	81.2171879991681	116.0393445071288	103.9181404167264	68.85866639754769	43.13920134390794	108.3819073397813	92.62611806667365	71.25031437040188	123.6171970082253	84.99491636221913	40.9822693727301	75.2067237098498	76.23703560866265
115.4440824326163	98.09626163588882	102.0857994082281	65.69401629225544	106.6408991811253	87.83178595549268	117.8100074408248	71.90048063415101	75.40631240116474	97.99356139129105	78.02505449864427	113.3522427937476	105.0215185334296	78.77874356041353	59.6627471918422	66.25558496831597	44.04878511199988	112.1642192015278	87.99724121117782	94.75902480926922	89.31262963864758	107.9658592219087	87.44513071380604	115.786077513059	103.5562785711596
91.67787115045817	108.1916330315746	120.1661408642609	87.15186817854004	92.59117405511398	89.52970375918447	93.7741478642952	78.28081053205914	101.5021467288262	76.57602239738608	94.5189923715092	85.17167804943421	70.67096607468163	107.2781287692961	79.53278846055036	93.68763850301482	108.7461840319311	92.56767935301639	108.7372407955205	101.2508801042958	102.1989872929306	102.4536896340756	86.1170634485417	118.2033072673499	78.3575385181378
77.64793348009094	122.2132310598489	76.14685155210367	87.79375024461936	116.6808557553773	81.56451169940283	81.57361598802974	70.27326580292905	86.28548071811556	86.94224380696218	128.0676945933978	79.34618956521354	98.30966484761916	77.3322842479666	70.93150251563625	112.8563804909497	16.43801516060883	112.8882237072981	83.60856827234008	77.07908012627593	88.9477772624595	77.42173006805059	32.22623425574567	120.8788214912556	117.901483047962
122.5374743440511	127.0301083406694	79.66769953471622	75.12458368265899	76.38162728664558	125.1871950324181	72.75345069738955	88.87977720833061	92.75779444860623	94.77933631737989	76.51772994631419	71.81639850288835	66.16060939350196	117.4896017020644	105.2616467708997	116.388948633362	83.38407025597911	115.213684566305	74.88367799426248	62.3208466140986	70.63916831088106	74.71636927295253	34.19516165744274	123.3979898629105	96.36013860437291
75.94947006886829	95.13563575954933	80.07479656526475	101.776206809572	68.82323178525566	88.30279943487145	103.7979286345461	57.80104267870885	95.19177107919054	65.11857585468911	124.8868994633308	117.1137682854001	108.660305108538	123.2867120961692	95.64229633064883	93.29462355934449	75.71072623679852	126.4296459270852	105.7846043130087	68.0004657041889	100.4805389769979	121.5218176140434	98.06913233946511	75.79168750194027	118.7034823392107
113.4040287234995	107.3259942194932	56.97206871276305	48.48178407665675	119.8220715454357	114.0673536207196	91.55155968381597	57.441601330282	80.78246193684703	98.77208291170942	97.63641705476158	59.87630184519058	92.66032098920206	92.19428517193735	111.1682701622059	101.9333397624262	2.921599091144094	77.37838801895811	49.23731681731108	27.81559209316651	122.3839402927953	78.53666790659062	57.12336611984207	90.16360057539984	100.434191044297
124.5922929319956	77.55605985996806	53.64484213378255	50.63889829704131	68.33211325179177	112.870210436834	104.3525107721817	57.1674647295371	113.1312801670743	91.49519663470991	68.06582642136658	71.17731784970007	107.9916741773257	63.51557865404656	117.287992165116	113.7187096891178	65.31908321851256	58.88476178990778	50.79247816408905	29.82699309513875	75.30448207829926	81.08786372394033	47.08481098444331	87.47769450495548	105.3711448810179
76.79908102184474	85.08480784368446	81.24220089433949	89.23375578631367	88.15851035018758	88.25246191427487	107.4841443860374	16.87489956170224	84.43796461262977	125.8598539106034	88.28651806774417	48.04082947315204	91.60623315859655	84.90770683698176	97.24455040537306	83.06160890837832	54.71601074275122	110.5599478945888	43.99625858835689	69.78160312680879	107.0200263742905	87.6871454729165	25.28923660036142	111.0111426923764	105.2672789944024
93.09676119287302	88.36268752081905	41.64873904160812	54.64056793696331	84.04472063122479	123.6203043308547	109.309828862573	36.4475730033725	78.88950274984714	114.7164423908708	111.6350052803383	81.75734579424758	96.70731447199566	73.35019292556481	123.7447033540086	115.3769069152255	23.42495992697992	87.53613678831616	41.18742481792201	16.55881221974715	116.5653402056344	87.46337835016369	46.69435108888413	72.62315547403496	92.5991590339255
99.7279546990153	89.95348442212357	103.4391004077878	125.5869922124946	116.8749294611279	106.0045550171941	109.2822755518392	96.81527832587065	67.98158898924996	94.76512840668954	82.84130245853088	105.1717825214171	95.50715280754578	79.87456542521987	108.8534602041275	75.80209500337055	60.54720687972248	82.83663723076644	91.18059178179057	95.50443074193478	64.80327877900395	99.74601278327941	78.71870489144564	118.228844496881	95.32252471109604
67.67572724000209	60.01471007043915	113.2898611543386	124.3053326762764	100.5044689544004	82.92158002863134	79.8664976719721	86.11833652200195	63.84868212345887	77.51983442749697	106.7425056808157	102.4531142544533	89.12111014673759	94.03182001488436	75.49045041172647	74.5730492465219	100.658478185818	121.1527408384989	67.17024550291863	114.0967490299625	79.74352279264325	71.18248153329863	74.27938543564035	107.3182600039673	109.065473498223
81.80227368164469	65.91309615305518	126.7150651204345	110.6528011300125	90.84054709395083	74.86864720880392	82.19889886250704	66.53915681394885	108.3642724919783	111.7470456672005	105.6465328652142	88.94800549450343	72.91221686060528	111.7813606965176	79.78209003887284	66.71789567749573	86.28081975644099	104.3277849311606	73.57003805358386	73.70641125104532	104.8730477876059	112.0889150236143	63.43500138267206	128.2762647550163	53.7118175782725
110.7171057357233	93.68271284485007	66.23295015737831	95.0477734939094	90.91562817037169	103.9827864195861	101.0929958959664	106.0619562854245	83.31392577015352	81.2583166344092	106.7041391667536	124.4259400706344	97.74456383702505	119.1264789187344	98.01403066286122	103.2775926779795	95.0220331269399	70.15900792663804	56.41856387508807	74.89205305032884	82.94280449005126	105.5413608989496	105.0826903898513	95.55235712014439	97.78047892040597
92.24442669180968	76.57614621282224	76.37360177965047	110.6812744881648	74.49418989302681	99.65354941890899	95.01463144027827	112.8228801853468	88.19264063744538	113.650104322096	128.7861923201615	86.74042364332364	75.34166556084449	125.2198811137607	107.3772776331512	78.96375069695365	108.8048408885679	106.8723913311003	85.36133212242926	91.68218895775505	85.24142729724346	77.11247892890754	106.6190103056228	78.76873933163091	93.33998759656981
115.5090543227492	88.83941554757683	77.97501441480705	95.93972025346278	72.80293501416261	128.3885539149769	100.6618144577663	95.45367997509385	85.38505551042275	85.86626867931083	81.07127557068671	98.465368843612	71.17874669802555	110.0310356289868	76.48954709051009	111.9320382652456	77.00724579434288	111.7211259641123	108.3586145505144	60.71414892100799	117.9197089366236	92.3591629082913	59.88312422404229	79.4764816700818	121.4463086409305
99.70789133910773	77.91864656285367	100.2174148702472	65.16545217453427	83.58556207709887	117.9973104362026	72.84903097395996	57.22719359616531	76.68623319093116	124.3762033960431	115.3227019825111	92.92722219272096	78.93881725040713	125.613721758873	71.32636201118135	69.54572267715547	83.59895874716514	120.7804084191949	60.20790517249878	96.58708649417915	126.5539420534319	73.59599797519623	51.49190905329733	111.1890732146631	91.7488031204265
85.46992197508956	76.14704955640019	69.59218496769802	79.72817673726487	89.89919820192677	99.96072606029213	72.96865368540576	19.03532238303408	74.04104143782146	108.7233184153808	123.6989988212255	80.33019241745799	57.52889214634075	71.33504321361812	77.35409771213128	80.56904695375343	5.503498400696643	68.58270258434986	26.30566647066965	34.8981656766817	90.43850498508887	100.2736965145207	37.40307828230033	60.10685191384604	122.2004039297989
63.02384416694871	85.85152088961715	125.756516271213	120.6741454251436	80.33336286879361	88.1135754005909	99.5184812598315	92.85003811739409	74.536688522376	121.6390266368626	119.2554633212827	79.78687528953945	73.52372449654793	124.8237343169287	108.1588249728437	108.1349836091506	79.97856905067391	106.6539205409116	73.72971803128418	111.944354271175	116.3815185427309	84.32709920053058	60.46796018984983	128.6015149566665	87.45575102228727
121.3405549396314	115.5242860287836	114.1694975731689	99.06967286453451	84.52781292062866	104.554082304873	109.7736707969995	91.55856397438602	99.80841368121986	72.39832117969651	121.3163184325006	112.5139573992873	70.27500755325323	87.40810309322787	100.5742597051623	76.83323426803167	93.67501721800036	126.9605006126129	63.50891944913586	70.67857133861348	118.5907466474324	80.34909247926561	47.9417109215475	82.59907135906082	81.56291915288421
63.86101376907848	100.4367614790949	64.74219167080732	69.49808453738844	83.68312829983937	112.6214499098372	110.9027169220873	71.20469195391549	127.3606158017136	92.02129309761156	79.35817901456069	64.68447397196887	93.85376863091739	117.6443635073833	93.00680355737562	70.16074524777574	57.36596166217662	115.9023903636605	102.0056472570759	91.83523610731253	81.88126442393758	91.24927040735024	49.99768389200365	82.38155915653959	81.6985768424759
83.79787511498617	81.34260225913161	53.78929609277695	80.98400192196353	102.7636700515905	107.9998700531729	99.39813491227486	75.63382676666541	70.71283478478544	95.934835847229	82.5373792927564	95.54438026657354	120.0768317451333	124.9501896985524	86.30984040920333	82.99116028748929	81.6796903352401	105.7653083997626	79.84260132229893	39.77852353284528	122.7762873156038	96.55627692923001	91.1818663143889	118.1041923820777	99.99280367967381
114.2384031331551	97.70576769852367	55.15492128545839	100.9059369094942	118.4090415675327	127.3369298039948	102.9127874056083	33.36917615639024	99.97890802202724	107.8505857485858	101.9344384062509	80.88868138459972	88.78973763650718	105.5457786741743	98.01825823311211	110.5842604530928	30.61744457556029	100.2042740307303	67.19136799361642	80.65485155044681	86.32321101454198	122.1420251214311	79.46667408933411	125.2904336888171	127.3826933981356
82.84091342772122	105.5166957456117	95.21007996948333	71.78998602901069	113.03754335036	92.08908944144649	100.8648009955764	62.78838068412684	94.54232035135004	77.59123449046216	99.62389995336918	66.70669677743474	67.05243485272108	122.6392607058264	123.6138127050911	88.47670714826215	26.33786570603261	105.7373585843736	86.38590660053896	36.00112380600231	109.1785755032559	97.11547501395629	37.78940458758208	122.7509679720316	103.586534584618
81.2101878373828	88.52413541892059	49.17837079505873	36.804647098397	90.17759812162373	84.09742186783294	119.2927371384727	44.38378024719918	74.12910155264345	123.8862818574287	85.5172236878219	51.51348386579646	68.05342039661762	55.27909222773525	118.0867076262564	110.0155112279619	16.88057287855513	55.59539259148514	51.99771187446318	0.6966484605280634	95.30665741577243	70.8796200222996	24.54010388772062	99.56550812244745	122.3696639816904
86.28136636795958	99.85954951091944	58.31433974101444	52.33666569131458	68.77162907124595	87.10096582002089	82.4821497028157	23.98918126416697	84.31308526480601	103.9142961702871	81.1292412104912	75.63603557591127	77.50638652420645	85.55191803339467	111.8843041725229	109.3929532951658	57.1971254590424	65.53081555618115	76.91474803053305	52.10677501754836	121.4513812122463	74.21541776461979	57.95000821705146	106.9449494388053	125.7161820975699
95.31670109984617	93.39825008533202	62.56037441964595	73.4070539752724	102.6940693972449	87.87076057214566	88.21234139305253	32.66618761509478	125.4411716959852	126.8492417782856	115.2858718145089	60.88267625470766	56.67166838632208	97.9482536063659	75.14034323508771	127.733311531823	26.12173319756655	69.74967764767783	34.8555033363459	29.82239587145119	93.9010216941688	129.0665557662561	23.55224110857361	94.54177780225623	105.8453707833319
96.65262498493736	108.2504405116026	63.63001488317634	93.69989636899143	103.4840081580484	77.36205969166706	71.92301764786512	53.14951953891124	94.36327378599736	71.26342927481326	98.34738159494952	116.462116247591	71.78704857216675	128.4210845112097	88.0331444337242	115.0524245156363	71.92926080159177	109.9544001715267	51.6883350789861	91.5644003065878	118.9937069255178	75.73414503687849	53.08248355103981	104.6670467652844	73.43305586153478
123.3187784980109	125.2623471739522	75.43641463398664	69.57260764455138	78.74392014193549	128.234651849471	88.93415561550378	76.49248913897344	90.20765440164467	116.4184625878705	100.778260778823	74.43215799940415	68.75140998657167	121.152187945416	86.07020983116389	91.91850097154666	69.61022261442871	114.4393843529705	71.36377538989331	59.64837978556045	129.469237418319	79.71499455984792	32.22700293659104	116.1435827746469	112.5058082455452
108.8884743380613	77.67390239641165	68.07353252059607	92.05287878289573	118.6176553859834	72.44080045782124	112.6081458068967	54.76557917468909	125.4457380523284	86.95600599135203	124.2491649262247	83.21380510357376	85.14382707323219	119.8566350782521	126.4474751139794	119.425741434064	43.94312735154509	111.1587992112532	54.21638137510402	78.67307807436165	107.4568594305534	78.34157164907269	54.21975245520791	107.0344852003653	81.18468861141287
81.68217572842752	72.62741621597762	59.81974456563273	46.35421939289981	83.7544452579159	128.3818843510109	92.02884277963349	14.49626174415724	104.0163422190555	85.5618658368825	96.95326412505224	71.34958973388432	49.54513333606329	103.7830420171634	105.1625059839305	73.93850407142116	5.49513632659751	76.00373636248729	64.84928076236753	26.55380447996058	111.9594951403591	89.71957219886085	64.93611466999548	86.56315355245249	108.4674084099769
84.15787074887061	103.2347715966158	13.42678309270148	14.69318996657746	104.8554421610891	87.48295683020268	73.03201795307344	2.245797295047645	83.78575970392974	113.2562475987449	81.06632254933425	31.01348134620805	23.6316020959902	34.10859458790476	93.14698247769398	74.42482669431504	0.2954483594879813	77.45866761325901	2.286594521891888	6.051140550685226	66.91349989085329	69.44580706537725	0.57511031594798	46.00655797614598	122.4578995943374
92.08402813453688	101.2449508730491	26.54756565945975	10.30306460543871	97.78201924783194	91.65983428640612	97.62208805922421	2.311988841360633	115.2084421601563	120.8862939638143	73.53609915459519	35.21624900664457	62.27432216838247	47.66090919142226	115.4701637441247	115.8965307677572	2.439121476244221	84.57876596893652	2.950064652632452	26.14708208256438	68.47522705652263	73.62810622773199	15.42749110108291	54.3559369377912	86.28513188598367
116.7917845172497	73.7788391100791	28.66232430866861	65.02426613898905	89.4994580063032	109.6618899014209	77.14359043250667	1.20831096401999	83.0041442414705	113.3390863709017	112.2112021366563	81.91251595226794	73.17497970591222	85.19746515404847	72.98827626803089	91.15101259477782	7.748535235129516	106.151871901104	53.11446813415006	25.89856142308857	88.2825996234416	117.0854067567663	28.92927292463118	92.83934383460983	98.82785071372174
74.98057565763142	98.239687204982	74.35882177346093	46.00736396264564	106.747507041488	73.68909463499398	75.89996094969072	16.08965846282616	118.5770235505973	71.68657659613542	123.7823930618784	49.99142585192672	72.46965777530778	108.3542865709397	75.48631713821094	116.1029313433394	7.30397060374252	104.4319887156992	32.84838909799036	23.18401793211329	98.0903153349191	83.3753613082919	3.79574047215246	67.82457681486653	126.535706532726
109.2792864435564	77.1573283232981	21.83899571609724	37.61247597879216	93.14267487780104	64.13496225078934	68.51966057431343	2.161521167342843	67.29086069820954	67.46160573550446	62.9356399706178	56.0674497834852	41.56086651900296	42.80601049080708	75.64140619391183	108.5830723467107	7.2896012569216	49.81640862720573	16.65074228755898	12.88439301337255	92.48887999397911	84.63535015023081	0.07548172189309479	102.0226631446573	121.0317456956682
91.06690022445581	92.30411698312122	25.30093337258832	17.08393254347425	103.5212442683187	109.4591554815994	77.41476899527265	1.468282168730221	90.05351739498127	102.722196134243	94.95005223781777	28.43195509785164	42.57303226803117	88.55052821026889	84.23008593891117	121.5917741145325	2.829427833397828	90.2660553056476	7.996011435677431	0.8076180055369513	122.4339944150029	105.1699631602825	0.1616082267339497	101.8744441194545	84.76914402072998
69.62210898735604	116.6211209935079	72.37028281902242	64.98101160607817	103.6161219423605	102.5166495796252	122.9342877768589	36.50002855015939	100.6518782666569	129.000328510577	105.6993664296173	73.09252752618794	85.20732594011895	105.2538066048484	93.66321400271255	108.6390696137418	38.31663134053272	110.259044718563	69.83582860584707	67.40193475710191	122.4883892032419	114.5243123750723	37.53666053071531	64.32352849818419	83.36377056084041
91.38830308626072	104.4453849893291	75.3594429296252	79.03558827460519	112.6748862852129	111.6481277428151	95.51837048438639	1.746016508627785	101.234909575772	120.9219540391962	117.6006705413119	36.03410021274462	60.67291655660537	80.79347718608003	112.6170689242174	120.216670218093	24.90733190603179	104.7326531447475	26.87694092601998	6.739394684377189	89.57903314404028	100.5450585894183	28.11894353945149	91.52811944700056	72.70939319733552
82.56135676482208	122.1019433625613	42.00726123185285	95.64478673047518	84.36426986411794	113.5645802691528	69.72661420856292	25.4559204969505	70.18679098871735	116.0291606569774	107.7929703745646	90.13154811295419	77.60033321503948	87.63523994754171	103.1339976225584	117.7260128334292	61.23583435267068	117.6177464988787	54.06604840832978	31.45746305370169	118.8342060066669	126.8228004260284	32.97671752537228	78.96912090395475	81.2382602006458
