118.2364702017446	107.5707340622984	117.8193868809518	110.670436783436	92.8170022473516	100.0207351260021	107.5617301128501	95.02448889232387	80.0459633658415	96.23153603769025	82.89850060613657	117.2765779985612	111.5440857321338	95.5531867625001	100.9838744776565	112.4574091132042	96.31388431077322	112.2134809986154	85.45071116083049	96.9280193735316	93.97387364637734	122.7985905502146	108.5740353767935	100.9183312472803	106.1987174500485
74.47432336515345	85.44031249678963	105.9741126047322	77.19181775513634	98.0840465061944	105.3189249691271	116.2352353924073	89.17439432390056	76.86769760201885	97.19722098306059	84.6297337233359	81.40623823664254	80.37813592266957	90.6842147740214	76.16544868197042	120.8253464904188	110.6686329859628	124.4973728466144	91.99246538635668	113.6411418015173	122.5778383859758	114.1649029551995	85.4712611291002	118.8184430269214	113.6572551867333
95.08954920487571	127.1854638118603	106.867523127687	75.17594065827177	72.14528348329037	123.2940636727728	78.26708210592868	96.90239911019736	77.4067131698108	86.11779226706614	70.05203793663632	100.6646270583931	74.19410922867347	116.1144077978294	106.4553817904597	72.36057267683715	82.89636018693749	82.57964434099527	90.68828718693766	83.37671559652819	76.63558606663129	92.55110511178893	120.0298607747175	88.24590639445096	82.16052816183586
122.3272762764752	124.6455131018627	93.56147525560733	128.4750839682467	125.0007181449122	71.23045310396328	121.405128826283	127.8834037720406	105.4510439569589	70.25832860507751	76.34341103589801	86.81119504755651	71.65620145468867	115.710031170696	83.25869976403968	114.9629014178679	127.0367527587109	79.35750496154567	117.8226741479765	125.4673068408855	77.66123043766463	111.9552177929388	87.79732991674298	105.6848537291947	117.4309057783323
123.3040413449332	116.9363339583543	99.35683443068524	116.0610877910896	70.76605334090544	119.0834520872052	71.5054382397055	125.544907529504	92.65811166371324	102.2138068656066	92.91013556706677	116.0087132250594	125.2968289258723	79.91963747145627	96.35863841260309	101.7627662389087	109.763447130837	91.72966806819011	113.8649609115483	91.65444139511027	74.46330666880246	117.0380952249071	126.5518632968922	109.2485772765642	120.7116213707653
110.2323058947904	82.36050822052701	80.17168712955008	93.14280504133694	81.56880863696875	72.29304751409897	68.30092134426232	73.5140641520566	121.5839616487101	110.5609763295144	109.4091095361629	104.7803810333639	90.30265878339046	116.854731899884	113.8117162994202	115.4381665269865	109.1857070900078	128.6087794489054	88.49559905679143	86.67081409528002	108.4003812120333	97.2220935066653	71.10806300465445	127.646082414059	70.31853127433686
97.79635025221735	82.6598868988053	81.40853553628099	107.5013086963488	117.7100098413291	101.7064441624027	91.7208436389402	78.52942899630928	118.470303825818	80.85630728477477	87.62208224028862	115.0176337715401	82.07114639004376	100.1037447890858	93.70804519146596	110.1253844734069	76.86289483638903	97.93490486562774	124.2868101116104	88.36236716438302	108.4951449753638	75.28278719584155	97.02976715438659	83.04040898903719	104.6240362231738
123.4112690626955	98.58927492227846	72.60682870077535	116.3552805472464	109.8124566495479	76.90448220300748	126.9496239229998	95.5857111546397	107.7124292143316	104.9827639054959	98.53451184013309	86.48861604491795	102.024576823759	114.8066606076249	122.4595371338886	69.38068165211989	119.6627637522573	75.59883794112068	122.1424804697019	86.5041941210809	115.3964717252847	119.6203061426031	100.8508681136469	78.71299825216653	122.6992650980081
85.29118728957425	124.7445459574183	121.1837981499648	97.06729884345656	97.80478869992461	123.9342618761905	118.5694807353663	111.3847295474887	75.3481423727908	91.48863231684139	90.39927922984451	85.06481800296515	129.9789813817233	73.18599444159614	96.07617064614178	117.2778283366881	76.45796421622607	124.6746893909927	120.9474410501232	95.17682206564001	90.21997809683518	97.74180218637296	90.59961517808676	123.3644740592182	100.6208074414709
114.1534394212808	113.5861896190758	77.04820072315152	104.6384480094027	119.925825203294	115.0496430995637	104.8141174080851	98.32870093195254	109.5170014383624	95.60425333789212	122.0326579826508	85.6493611794051	82.75245352265168	93.33535891069187	74.70505228402241	82.13569456598061	106.1239389466904	125.3530994473906	117.7210131270627	122.7313437197372	74.3192580779739	78.99597153948369	89.64737125414979	128.4055427517071	85.15245340887829
127.6888107772046	83.94044187459676	85.31630789348662	96.87182092346924	111.2825106529263	123.613975027287	121.5156249832284	73.58995222187545	103.54162254754	81.82023760568455	78.60233267182011	96.96725174603186	91.65238136745512	75.96736096938614	86.33403179487902	101.5853813312584	115.7959837640047	111.4049019697852	117.325403765579	69.59993697196437	107.3747839419416	122.4675973075594	104.1464011969898	75.4780468348568	90.52585720178975
76.56167952281668	123.1960767593719	127.0213645315649	90.24185169475346	71.56102832781086	114.5737115107567	70.85958378829876	70.20946278951874	72.01562048097115	74.12204931406441	82.10119101612796	95.69586252132025	129.2316508005221	91.05266477028664	73.09764112025439	97.99894488994013	82.82601825537735	111.7906394743913	120.1709806644169	81.26671805926149	104.5380590303394	129.1066026192049	95.45624560723877	107.414334924834	83.79297000152617
101.1365411147942	105.7996372038318	123.8533206961449	75.39231668251277	89.76745812918074	119.8969303551982	113.1849217382589	113.4542072571813	122.7275280291636	100.013684868264	83.42374658497958	123.070910163536	111.011737032898	78.42960611744762	109.892913344086	78.33516908850834	87.96275585049067	120.4542555672147	76.13804379081823	125.8617217806901	105.2400532852831	100.0619498056581	125.460646593071	114.4856054306703	106.9790311732332
77.65479307790466	76.56911388564879	80.32190376767097	71.55717295347236	77.14166440610953	99.5161565789243	81.13211073753175	71.00415468785295	120.8414265287158	110.418113512119	116.8210303188526	72.36053350430653	124.5561240431791	94.91400782506562	89.73980650386019	89.86094594330925	82.09675801268509	84.84330743998412	104.0660121857669	80.16973833634043	90.14074226400791	99.51459818125599	109.5468559939456	90.39241810517149	103.1177892760863
85.48611685099274	103.4571752446357	123.8422918498134	121.5963541606147	118.6603522269392	114.2133700756818	123.5994952442759	87.41789092534884	91.0852798940833	116.8456894395729	120.9885465755212	92.88682611222058	113.3935881791987	113.1991460632402	92.00950235674766	126.6687327229482	80.8739330546253	119.2965870800186	115.8503485060639	88.02271252232114	86.72917936307337	75.34632413943541	99.09284494051667	112.9689190854684	115.2552300714517
80.44746006991414	72.23231322958884	90.70435567825803	114.5909734113669	92.15634878845674	115.7077417569494	120.7802161665603	121.1548555301404	95.40599990818276	96.74915768037327	118.6732361411731	71.02838992668269	98.50207237275774	103.5158314137454	104.8756152676481	87.24583886503743	79.62517433687975	113.0110612805761	81.62326584670274	106.4932864314647	78.21549615844548	94.73910139062301	123.8803102205892	79.46252603208362	91.06145910374786
79.60519807225899	103.0865248223037	111.9436042449826	124.7410204042401	96.70586098228529	94.1862416758245	101.0229265981347	95.23888767193446	86.94862391309081	105.7964696171073	81.87787555886612	103.1872238428002	107.6675886138894	74.22214887141233	83.50858155415288	104.0580335899883	96.38224928374241	83.51930650616929	95.88267853055061	77.74289871066753	108.6235179986099	78.10374393325384	97.49942712237558	125.8326086128338	123.133438699847
111.30480718597	71.44812559545699	109.4544958223663	103.4815431990294	85.21631577901492	121.1099528371689	83.82633409517028	90.32372689817417	93.24419432937826	118.1313947395749	96.73357279861575	72.51632800275833	110.3794053577037	96.17132926180368	126.925412253607	77.77230115586279	126.6623998665666	82.44828940243485	69.28230765645384	68.71548899065601	81.89012438908368	96.21752012800312	80.91417861084557	127.4068883410418	117.6301705754667
93.58401994632865	124.2870433944144	90.67886722536453	93.34083295170731	124.0250718457646	81.34490411760899	97.7688299317451	120.2869787596319	100.8243545490697	118.6413488552377	77.56353153796104	120.8333886248263	94.39373169633382	92.56420733851259	86.23314620075794	118.7308844513199	86.00348612544063	108.4793163448252	125.2561291827083	121.3296141214337	109.8236113632724	90.98563058978766	110.1244991569197	120.6041517960978	128.946888866322
72.14759148575183	85.08870750079736	128.4553188827922	95.22214595335849	114.5751342453481	125.6417433327086	90.43395326808528	122.6943777230398	85.73918783387143	102.7683390930963	105.3187814662033	101.2344003674192	104.1768611089361	85.70613266224288	120.3050081475067	77.04288522728289	82.31367088773322	96.8009366204063	85.20762112389876	114.2133449118582	97.82340081404446	107.9524925958494	102.9368089871809	101.9541556822696	112.3143472617924
69.46482630071046	119.4106131132573	101.2892261457775	95.82550969659685	127.8431781546886	115.6231060800355	68.71485959905019	107.7710204195291	112.3767967255704	107.3076445682302	87.03853311722204	76.98166954041021	82.88084130227504	119.5122060104312	126.1968077161597	83.86851641962251	80.89548868623247	107.58092387562	75.60729168931427	106.7893385994751	107.0482980354953	69.6565086046669	108.2861497819052	82.78160970086651	94.49745943899211
112.0220506857509	81.2398280793028	122.6848796952119	125.312088700891	118.5682790218253	92.3203429376362	105.2790701523049	108.7443407792682	115.5623799653471	125.0157734804903	79.06301683762727	129.0483658552044	118.7630504560282	80.29831945871743	100.7223393113017	72.34762633075829	78.34345326651206	116.4729486242007	114.2609058829489	124.5637453398011	105.2254112439666	111.197641536716	87.61958124733175	73.66752673634213	117.3859672617832
74.11060451343479	124.8620332346512	87.41294500637872	112.1517446657001	84.63019840580847	86.90279755369974	119.6320897242074	69.01332199785962	105.0901520297709	126.6570698511957	77.84769668031373	105.6732386603451	85.72184503578754	113.6237860441999	129.1037800863313	129.5350360300442	77.7315911796522	100.1754423325189	91.49358012861462	98.50850160485052	126.2798394483103	76.52259016269059	117.7863549201558	112.8356460033997	79.38902240609734
115.1216649619759	97.21685851453549	74.47695589876552	108.6474205737034	108.2956102219276	72.62032305241462	96.42505125790591	83.60185635730399	107.5832154382483	101.115446162693	72.93268821508582	78.33348947012689	105.4960435001563	100.9013021958943	69.87914527331422	73.6333304009234	75.53057570793359	81.89310194441325	120.4047546130663	99.37841872003486	112.9235715682785	122.9141947130387	88.0823575886966	129.7383256171157	93.87143592893818
118.314968709276	97.6176262372166	89.40917762849995	81.13944016501902	121.9671121842157	88.64319500820693	119.5757422317591	120.1621567599792	89.72528325357588	85.2024727058019	127.935831627697	69.68700872215759	70.56305539420323	87.59276515403745	89.7235961861726	125.5162105055707	85.93632188396778	70.6929326529562	89.73337576902566	125.0152037899119	72.3855432762452	122.3867020680114	125.6281376349096	92.52314367510168	85.34174806738022
122.8050908452967	91.13632647201132	95.2397692530532	93.93504391370756	120.1939600813574	82.0539895000812	83.19567347258901	124.9420935436575	113.2371414770781	129.9214673585639	123.4619845457392	96.63748790733159	98.65718981079942	100.9268956203657	72.97659376801153	79.73819761513204	116.596831707964	93.30795486249988	70.04782116953652	68.2468427620739	125.4384877437966	104.2501681221696	118.1729036996589	122.734597688306	85.9118118441836
112.6967655113575	70.03362758078295	97.42858481760543	129.7830702966287	83.85913735480757	95.19430624355417	83.14495114413879	74.71496882252555	73.0416046628531	105.4684401953571	75.37924562685956	114.7770863632385	92.90144761374368	100.3260464743137	101.772601655236	100.7689126456627	121.7492386165275	96.54524145071329	80.85193866196417	112.1899722150549	127.4563387698651	86.05612068574356	127.0835409920417	122.887675154744	100.6977465675719
105.2877255657486	80.17025837524506	105.0673834813904	112.775456808767	117.1255530631142	102.2533862180697	82.5793609651483	118.3603309264911	75.10650152424661	107.5847075550907	102.3694286281268	104.3655753718495	111.0333402730317	110.4142167102728	69.97060245769332	74.07114016947203	94.39309196473849	83.23270970784826	77.5088736124885	85.5928006936447	103.7859623118863	115.4367057884308	127.9698072373085	73.27475905973037	104.1797340679668
126.4608617074623	111.6634008507058	110.5707212737405	111.1329728539401	96.33593715584591	95.29686242349834	74.88635250103184	124.2034991213303	85.01065248269686	122.9878295499553	81.62078698500218	87.71315578631075	112.7400605945249	86.82272311552885	106.4635894540539	74.89452345209708	68.53818680623471	113.2581174945244	117.224887378643	82.70052188813304	111.5632875054015	129.5179986504576	100.3793965423371	74.6053845604081	125.5498329185609
98.20751662901898	101.0763295031622	125.7489331965972	93.87959055884905	108.2249677077113	124.9754040623787	108.9824422917918	124.4208639854953	72.27154489593104	79.61560569466182	124.1114646482393	122.350341483386	87.46131281310844	83.33480506591054	97.70991738030405	75.06736178628753	102.6801343022017	72.68772849963304	116.9366636346045	97.87078630163028	79.94927079216325	75.60710563382817	86.28892699507139	110.9627906779172	107.8573264434391
124.6407118817493	78.44755066226263	108.4740178241356	129.28627562491	99.94855560314676	92.59586269979489	112.5824530343928	74.18390842669069	80.6290831433865	98.97595767348699	71.51777089930061	94.45384652658407	73.42531221862671	76.60312143990403	124.1372857548247	98.23927297518614	75.72530635390012	118.8243023872134	71.47403149665389	106.7371854180152	79.26707087230412	114.3765023116282	71.56320845470441	72.2541360642455	111.9334162482552
81.06207681899632	122.6605335544462	71.69197139561285	107.6960553171074	91.11477409372552	76.84065451027919	90.2714005140793	82.33275541579243	90.87920060901904	129.1705111900152	116.3244714620312	95.15730553312807	103.174625057902	82.59896090185147	88.30962129427211	77.88302575296741	114.8459162384586	121.7364001178796	77.85140365050347	115.0839362038855	83.73270482269083	77.50463787865478	120.8697686471647	94.78223121909642	91.15968988408716
104.5326213071037	114.6229866848026	123.1500898624091	109.4033224501574	118.698743162233	88.61328194469824	70.79226067372706	76.91751995603725	80.93647278828026	122.5076702965999	74.5991827947839	112.2823338984469	70.66596548876026	91.31993803784876	76.06660160033393	73.40572844647882	123.9051716657148	71.7104261268945	106.4937699663382	70.67462707648093	115.7822949922466	73.1487839316775	97.15023602467117	119.269940786985	88.38219476781853
85.92631578348923	125.983380964761	106.3270824674448	98.02585955393874	108.144808900218	124.5048421043016	79.22224431102022	120.7095160853237	120.6470985985965	77.20072128182163	119.8693431653939	124.532351596659	111.1695922239405	81.48396559119048	87.33785947868964	127.563292139031	81.62578352009049	72.93277992100487	119.858184484354	122.3411392973491	84.93885496951938	107.9201315120585	122.130465977724	127.9796039970848	83.90583504822646
100.8985247054942	92.42115284907754	126.8254754609625	81.51286760941925	105.2544093144645	120.633727706806	75.56419082117678	115.1024110892679	115.9803371750646	96.32612237511592	82.16990632681876	98.2485470991403	110.6053710732198	85.1405347052464	128.6225970270135	124.1348240302019	89.81831084027233	96.34996041961672	115.3784938648348	81.7989309663481	104.6063663240768	98.92776729692912	123.9791542232294	121.3137607228035	99.84938472649378
79.57272646170092	121.8351525124301	73.6313618812168	116.5138591337638	70.47460800529176	70.86185530057743	123.1134084199028	78.45185674087429	96.10692424155231	87.27970348104911	73.58586919901062	76.35467767239334	96.10024497683203	104.9948817241268	72.42702686731266	123.7366344135926	113.6598612651717	96.14166348247909	69.99390269177974	126.3803628521823	108.7309035828494	96.73967341600589	93.26453534126966	110.9510118865132	117.8366019311209
121.3601578548285	95.39883129595073	93.91194449527177	121.3209709020073	100.3070459449764	103.3495883357685	96.53062127305421	117.1624690140036	126.0510225964482	106.4243623091213	111.5916303417845	101.5842076016563	113.0765544653089	99.93159047856659	98.61077986167211	97.06574300249648	74.73156464100498	112.410748958615	72.5269244639754	75.749295340993	123.4407018052378	127.6323978113244	105.1538138651175	121.5598815792702	124.7639187921572
91.88395621316013	101.5905662475294	91.55756790859851	80.91759617382141	75.80899486694202	73.5844240709549	123.7024548615038	111.6319198054237	114.0511014671221	125.9118905672647	100.8487880993765	76.6298418736514	99.57342993351628	86.80197531805374	80.02170221837201	113.6222832106363	105.4153886698991	120.4142899134335	99.95161006899036	85.2036740572736	104.0999824756239	96.51706660023356	76.71353342058406	79.96667946728752	106.6349518124284
118.0076580398185	96.164831523196	118.4254000241107	103.4418870214808	90.65299403285053	76.78281198047142	81.33889966284714	124.9609089023897	116.555191573337	118.7243747438895	121.0272421088204	83.29900050333531	104.9530817286533	122.6319319412648	120.3478058998469	78.99085673656333	109.7439463373404	113.7239509366304	89.86834224292645	95.76836990315269	83.06102392293904	78.96654948063566	88.38669132946531	119.973418243133	107.9611315410152
107.6596527255827	85.17528734541492	116.5086457709233	84.74551254356733	76.24373646233805	117.3596197411577	122.5052704813448	76.56708620885004	124.5723683451924	126.6636297658467	116.0665105931417	76.85277199576022	109.8263794797738	88.91520589154921	112.0579219142837	121.2093187630508	87.84679283776211	78.07452336903174	125.6474699965282	77.63457414670779	91.71184941887086	107.4950484959627	109.499359241604	107.4361190213136	115.7195689109758
90.01006093132109	80.46188046248498	95.57492841524399	111.54767589799	79.21090205834861	97.97580984149378	86.23012293640043	67.08655028253659	97.08570372287254	109.5849349621787	113.8522783189561	99.48060719430441	120.9047286081873	103.7553372665754	123.637045209178	127.6282053374532	106.488476624764	85.20458326378341	115.1183467624058	102.8822442064553	88.74042581719321	88.69322290013297	83.57617616982058	110.3839690852678	99.45009151684062
101.5503676774069	127.4643039986526	120.0747105112446	94.63136050666444	76.08257016763515	129.2384115438883	91.85818187294268	89.43853090269947	104.3624756241209	82.11898758200407	92.60829000098906	120.0542343996547	117.7004462193607	116.9895947089641	112.9313708016069	95.59570234142967	83.33179950097013	74.06963544871499	97.76417715729448	73.33144779803285	103.1855979014884	99.72295427852694	69.29087787235285	104.5893846387129	73.94378188760257
98.74044126149886	123.2787354906269	95.69444195664784	112.3199466125568	105.5500020636598	104.4822527000567	121.3685774916247	107.8555187716233	74.35224236457759	112.7918701362062	109.2932101649614	85.57722528549004	90.42871684437972	125.1914343406135	117.5174434467217	91.66834231976665	75.80675093361097	103.1272147474784	84.32325650125388	87.58688393052952	95.85537840186859	113.8819601165449	82.60411351808186	84.18746946664453	83.75481878559287
72.42560871332199	105.2096103487615	86.55795233714461	120.3830712331718	103.7674636274703	112.7126524682492	75.95912572295127	107.1173676778145	127.5449410936275	122.3423198904802	115.4642093563967	100.6987920968457	99.23441779427989	72.64051442129488	122.1434977065518	124.3968215739635	67.93647823284485	90.21742206590662	116.5692851888184	108.1266416801919	75.99092020529632	98.01295723379587	114.8844039986295	117.6206201650461	125.9128032576025
70.96928267222253	120.2821999133369	107.5746716508126	76.6539092268725	88.82219330796633	84.75543264750183	124.7779854932668	96.03965396383622	103.2333100556357	95.68905170198954	78.73750253121983	68.71739216564143	95.20881081131114	77.59029600224973	82.9037862964708	92.73748445704244	76.72421829524762	108.5641130195483	113.3804629712143	121.0897214952985	118.9643777388927	86.14857036262643	106.5898029585956	79.94666501379194	129.7311767614734
89.06013323811946	124.1884739168716	117.7505973724809	127.0267608854509	71.75196046166643	105.0318383541518	70.10675024731067	113.9204470287216	104.4765778234913	110.9739874913001	77.7020089563302	94.4427233077226	99.2495309835374	128.0160067604687	100.7507411486828	73.36121761947638	99.88825921266167	119.7797031181689	80.02869419455877	80.51106695519486	90.49685198034648	121.6833228969714	118.5948076287777	74.12181135144915	112.7138038663727
79.94451853956124	83.95907650249774	91.83149546083847	111.1365024583833	101.4400371007617	125.1183730173252	126.6290325896706	87.59868708349198	85.02424434462509	102.7259476627644	101.2052750177543	67.10531564146453	94.39984293761344	115.6436390583014	129.3774901212997	105.130915058842	62.44078358056494	72.15038810517279	70.31554305805793	102.3959365266969	110.3222796555273	112.5308088535383	91.69703599985679	74.35287051161022	124.4253496547547
86.98586874792541	91.99969720860821	89.55492218172753	104.5462720624374	109.0476756905552	73.14308068778149	89.30001224339246	112.5856991543757	83.47002381312711	77.21775089303584	89.87370990182094	102.2990524319731	126.1199611152596	112.4421545734748	108.7096712452564	78.34967496257937	113.1218555957697	89.55649607643178	116.158135314469	101.3688780854984	121.0352509918316	82.42769461103543	92.93189053229159	97.24614055728902	100.3011628949515
110.3337878863182	75.22307705487765	98.30572899552385	99.0972281045083	76.9901045602852	97.03615895843659	84.01358143438405	110.7270224817291	116.2173006647585	69.34797366866263	110.8151433058073	114.8530182817559	84.21279795293671	83.40231405531938	89.02580533903847	115.9705315235347	104.8156995691406	100.859080714966	81.28344489702047	80.80143174275618	100.041993157898	117.7836723393141	99.99705146921704	127.7412981706136	118.7140437479277
120.6607933860495	120.8594423526654	75.90857820927607	114.8988231734691	112.9336028681497	129.5482220077564	92.78133634467233	66.57797770980387	99.13542436483198	126.6811863197005	119.1302779360947	88.57003600103104	103.2484985191343	74.32341949077855	121.3489255320366	121.3860631670857	80.7333926775591	117.4612094110254	94.3302951687983	108.1160206523831	118.1937635803621	121.9208323134266	103.243818790858	110.1444050374976	82.59492881306971
