100.4291173066821	89.6608985751156	88.64726480745689	94.99822933329636	112.1588322939942	121.8516301391452	94.61316665411883	96.77285941902106	72.19237598677715	95.215939871269	88.177819026951	127.6168611129818	121.0332284497229	117.9342396596413	111.2495160961835	120.1206045929671	83.71247065380808	113.9709623502978	94.46071918669401	93.89243120268708	84.75230546515465	108.4938678645138	89.98438375168902	85.43813954965223	103.5725374809002
70.70196768560062	88.39218018515209	87.99733665517746	85.28981390477965	98.46115483144175	87.90928939729309	125.1460005162456	92.57298530747046	105.7107059172072	99.52605174117591	108.599111637802	81.06944934227542	124.4658022774795	75.27673313358228	80.27353781719688	96.10982095063716	96.03955021551255	101.4182002343118	105.2059789281027	99.58497797551297	97.15202206936493	90.08384637304385	90.58853395661191	78.21932201678226	78.74061346292402
99.95948889301695	118.7428947568452	70.64041452779112	126.6835894627571	99.49239372987472	77.67183476922384	106.1197188298732	111.3135141503183	95.19610595931069	100.8779040979675	123.3615333767403	81.31514804352241	97.53267187709106	73.71569308647673	125.0776918860402	72.92300152341952	90.78373055476695	116.1973415318288	123.2973945523937	85.38738638470741	86.27258691649425	128.5665918009548	86.02508744930574	71.62955710206043	93.83177106440952
101.0148105400353	115.5170484337944	93.47865068183084	93.57709939647798	90.93933940739302	113.051978425149	84.90048771412008	118.0220290760959	129.1306140367379	72.53610578987809	94.91805546833035	121.826064903115	125.4041272331897	79.82541173138128	89.20496222179054	87.07874391801211	78.41912105615864	113.1637167633509	89.84768874721965	88.96122730391572	85.84145780040009	101.3224706237	125.5620617113034	95.37305683379145	89.4896801316536
73.68108398015471	103.9343559791807	92.74529836699091	89.18051110037467	105.283362515028	125.5855145729097	126.7976077203473	93.96713809592733	82.53238726517775	120.6506572012485	85.26129716026908	93.65571239081513	99.27812964308379	70.4001576992875	86.69763884491927	126.3200999560324	108.5127719923435	102.0755456526635	74.71668671132274	113.8083942291753	110.8364913057533	90.50938944196386	101.4913398186324	115.7866961707142	127.9716221906573
110.9227208040095	72.44442805739848	114.4526910750404	79.94298069875541	124.1145058462615	104.1183455196494	88.47733180724696	77.97417659477023	92.43868225082949	123.9674011676843	90.81156251371499	89.62302250163711	117.0248264931032	97.12657699257915	109.3114170704615	84.36928114718889	98.30252799698079	107.9363137297122	89.34994478780136	111.4948793276756	117.451845626043	100.3741302831394	71.35485826979961	121.2318912361627	87.34812612641264
70.77834575303294	87.83863438146288	107.2064693483964	102.449037880426	129.5061530659004	69.84358189421482	89.08233781400982	87.25601381489241	81.7092811816034	72.38236242955251	84.55121270958786	85.4889919077944	105.4845208029563	125.7601423858628	76.93226035963565	129.2379730080714	101.1445116262591	83.13092321551501	108.0345448354624	75.12540080511071	87.26496992323143	109.9501093079382	129.5403703669361	75.47768552503625	114.3544988316709
100.7198500693041	95.44929502606001	75.102159570175	78.63632155024114	128.8846034757726	78.90790004130432	122.3022722844698	89.8703122817675	127.6630984523536	82.49938047766324	98.42001051427968	115.4786795958162	107.1692261849794	80.84630298796803	107.6370807512802	83.93438035413358	129.1134963099092	70.82522972533917	70.12979441093462	127.5159965361425	115.8297587049309	82.40957999422986	83.97318487501849	107.5758248982135	127.3572812762534
77.47709935872433	125.5935564293473	83.41517754683953	123.672970598915	85.76326820865451	93.74849420914688	109.4764165731681	74.88949286932424	89.61058420207948	77.12954242762432	120.9590100790386	125.5387112505577	84.07232720948811	75.95969262729443	110.2004103962225	105.1395793973676	124.1515342687178	121.8221097854187	98.78823592713934	106.0032226424048	129.8865564896091	102.5684181481254	69.10388033493001	93.72405936115128	70.53438522403863
95.36896628150767	92.98879427241202	87.56809538017714	85.12843386031466	101.5821298430401	112.1862230242313	78.07320979235394	129.1623457357678	84.42742824818556	99.70223687782536	117.2039412031242	122.9038081329344	102.1870330599945	109.6900591786731	129.2532900553795	90.69286134590135	113.2760919616184	97.58344824778759	103.6230578592132	107.2524271669635	78.24761101599199	75.12548274459969	99.34042151696445	101.5438035453154	123.5043034721488
78.82122453718908	119.8702637956421	103.0471269015537	103.6906088501995	94.42548322420912	116.0636385370002	127.6219536716546	105.6405099072773	105.5658357784154	93.21200674130415	96.94523382747151	113.225293586736	95.82384434758438	129.3718619087697	78.55050084718052	118.3432673145098	100.8719336912626	83.56999065858062	99.97172985417615	115.4122025229335	88.85136629829796	125.2658382473663	87.27417314229967	80.76942924441778	124.1678972399897
103.847917895295	124.8605562827417	88.5725883257137	128.7521023271441	70.33613601397285	119.36207237106	99.43239931225884	110.7835203435884	120.79410965369	74.65616517611022	76.42547376542619	102.9931382053717	79.0653358066033	129.437790144638	75.65532989888388	85.77788764730251	114.2974874311601	118.7676119983314	89.07331387320193	120.4932735813212	71.28061601336647	125.0641001599856	102.1806635349666	99.56701611798974	106.0323716426589
123.5265720322485	75.70842358970813	106.5269962748817	109.2910060299774	70.92197859197903	120.2428186855551	97.19028244069351	111.4723279454504	97.9650260433489	89.86715235403135	79.69921693462318	114.2392363335569	102.0959602124369	75.78419050548297	117.6913503268978	86.5032335534866	111.2602303565265	121.2476966088139	105.2698606145526	127.5588865255287	92.48265405696887	89.16876843677636	97.04145634677491	106.0139371486997	77.55286616351935
123.2697968934506	100.2217161010386	88.99795766423162	85.75895616656416	84.24013066839355	82.70665935319374	114.4757778854201	95.76678002749605	114.4891296525541	119.7159833490579	128.8663164799059	129.6983981921879	74.56496453144364	92.18342577086946	119.9294165539712	82.28107504712075	91.09888387814665	84.53209828008166	126.7356975408593	125.5180801859714	99.17476597470471	98.95676936034309	108.3923520349765	92.15556463620902	106.9383398634746
73.75636621026106	102.1512234398729	73.22757271410559	103.7214341995676	125.0238825650165	123.6954074416266	75.61032733497537	94.43107593150147	111.2725190255802	116.9913352259558	115.7667678597699	94.21874141757729	108.7367219391579	124.8080727063735	109.4483784522991	85.05303009599226	114.7338145221599	73.50636248864137	116.4484437149223	118.4556525513861	112.8595528770837	125.7650483227741	103.0481544165788	111.8755395013575	125.9623331351428
120.2132799351861	81.07858907416946	107.7064457471172	118.8746437922674	75.80623349101519	114.0771438731612	84.76635138484934	115.2482357260729	91.6851241034027	87.58105532786385	84.27656495130694	99.86905941288208	90.20537171888708	75.5414880007848	89.74649886744189	96.07752806093055	104.9989576570111	119.4770211223084	120.2405736515721	73.04062437662817	75.59620348368973	75.73436119287462	70.10917444036373	119.1011723010324	104.9734947870669
120.3097171828118	71.66190122945194	114.5880888223334	116.4266972268506	80.79480462746969	123.6270285223971	118.2754156465096	111.6677437653681	114.3227988964591	114.1597936728853	81.30661848617967	81.71112977473641	101.6866470962465	95.37002745743298	93.58137594814991	107.2576616552449	72.18158443443832	84.3603802140811	124.8995081483293	94.23084533087494	70.17559968671176	87.82975669076716	90.90865418722004	78.54604775869532	104.483311872334
96.76464925912455	121.1921706991732	71.3368686623492	83.41272574736223	79.74451804681205	99.34662156665991	127.2696938539848	79.71176573230206	71.18305235261222	115.5726039823745	81.1481328675677	76.42197752326835	75.91839787779242	123.0129516331143	128.836806909314	78.06199474216051	101.7503978112222	121.6728141114225	78.40799557484566	79.31723987436753	77.65782962715055	125.2525683272382	127.3309511224791	115.5718691797046	101.6198189960733
80.77779917613859	90.77980142910376	117.4226560171896	87.51700117915343	106.4094301676769	79.74137198866505	111.1274061752426	122.431846670238	75.55194546207696	71.55026139858531	88.66981577934607	87.71133642961685	111.1400901292986	127.8087388778184	90.30152768463989	102.0132856907952	116.9613221763759	102.1819333443316	89.35279552073116	115.0115109382971	126.5583171248493	76.62329874994548	83.34474095323364	125.9681661485471	114.5592260375196
79.6221956624743	77.66546037472018	108.6563277299433	82.08114574479701	98.05342143855481	75.78534969144934	110.1312113374701	115.1607382018733	74.33318247926229	83.07129427962965	116.751395530626	88.02096993256973	95.90580096163485	86.92078667339919	77.89177828486174	73.19296872759848	108.3910512555836	84.64202652114496	97.87163735298662	83.46672837024791	110.2591219319636	74.73501034468313	128.7642582374122	109.6598605987366	128.2094879570936
95.53057508558757	114.0708228276483	93.62379130839713	126.1049550674179	107.3337754804755	99.57646978839037	80.07150256497091	97.06598831837624	103.2597878189569	104.7824344656822	126.040201797835	90.17057953224227	116.2433159745148	100.6973647589398	83.64216676648569	101.2001346457608	100.1892231384537	110.9975300428344	96.58726144743946	71.22119543719687	118.4824515634332	113.9287076530333	88.79895258574271	71.25441717528425	82.41723169214106
123.3322285429121	93.90579377913812	70.36094928782313	105.0242401613555	70.53375390777741	104.7208757995622	82.13082795942921	99.9517355518791	92.44532089554428	116.7718566240693	95.28664915969458	93.64280689073667	83.57140532815424	86.0428273011198	119.4612870052441	121.4208830339142	110.5375612390045	109.6001920162005	114.5874404145197	112.9060503939841	121.3090419551043	111.353053035876	120.8338849890582	100.0647568920808	108.1913266680581
76.12006474510089	100.5969848354837	97.83268949838835	81.39876182761452	90.48682218214992	108.9234479106466	85.7617444557209	119.4693366362181	104.0784334685899	95.21857846816491	99.88428889443338	96.79785212363053	86.44920150246618	103.9577812485602	96.84808958801665	120.1322316383623	120.1622265694575	76.5357692142972	115.3017575315816	124.9164739812823	114.3877611518105	107.0250045520173	79.76745253355146	108.2523723673709	126.8615655236165
108.792892931659	86.2421310468895	79.27342063474607	123.22086369426	125.858717994403	109.3974921647688	95.34135678076736	79.1716680671733	111.4164107603596	115.9481145343399	112.6373545076608	125.4063906350985	72.19270902122534	94.35771239356818	83.72871245711308	89.22915739778249	104.2047145223191	126.1876084304239	115.7915458199231	104.8321503629758	115.5974499950985	83.9810711648252	76.57347706041216	120.9152367469437	75.75660710893179
90.78561041483253	105.6825691909921	107.045872888516	91.13274440770692	129.3647175977492	126.8844097727697	129.7814120205219	84.99003005534252	122.7488228292594	99.16706586762854	84.7709411500405	97.95297321205896	120.3846004509679	106.41999451717	99.81019366089777	110.3553005937903	115.3474909211103	90.88808634489487	103.2075010689692	85.58316954259388	95.83392546787692	77.5476955259782	110.3277908959421	103.8320541727673	101.166126581444
122.8931814186396	126.9050863583645	127.6829290657666	110.6049114479425	124.0528841469188	111.5255372554733	109.8669842918277	95.37516526126407	93.62220441516371	80.127006778957	106.137783783871	109.6579786213113	98.95444939127876	124.2310923066789	74.56052174825624	83.08965772631711	126.6201051921095	87.98098665722723	118.5581733446302	97.64553877336729	73.12808059583659	129.2202147409788	111.337669165889	104.1201910074947	110.6064002493358
95.07666387606587	86.37444429605425	92.08665344438171	90.61571650540431	92.09109743345307	109.5244527072551	106.9675136317746	123.2944269229288	82.99765097769476	80.58993483927952	121.8292458566855	71.26531061385032	85.05978548904551	109.1998072149798	120.5366628617692	100.1681283897365	85.53164143254918	76.49719018994831	108.8184396261329	114.3216449156528	93.00483171745429	71.36342530398775	79.9059860916592	103.0294908596937	88.09355717988248
121.2212582764328	113.6218825214858	85.62722323706541	126.581458932899	88.61866864963983	73.01512241926736	95.93063256502391	116.7123173169743	93.93673918542132	73.25787814190451	82.28818393057865	127.9157417362642	77.50728507317068	120.0931281331974	74.87556659493502	100.964352706563	100.584595521751	79.75241324096734	104.3676215429205	108.2340913771893	79.19366092967699	95.29613479324057	69.09538213747034	85.61803494205124	96.59809228367818
80.98256208077053	97.32928157722672	122.1388795032297	95.2168313829155	117.2272459817865	114.4099250594315	83.07458458178137	100.4092128390025	106.1118132605183	83.98429511826238	74.2508118017608	111.9962986172075	113.9754398459645	110.2965757500692	79.90494069844463	92.08292813380112	128.2585335227032	100.939901672104	81.09052931323602	124.9738638460464	110.7295481838021	94.73859092640637	95.26411287897326	80.62208674031574	128.7959620167357
100.8585495635996	88.51608332365079	111.1150040092153	83.4305558520814	81.64841168341215	113.3891254972997	95.37469337630073	117.1665346780774	109.4790510091242	121.3270667137171	122.1992216084601	75.53727087775032	87.83617544726933	95.86214223878625	98.59022092806896	87.10157102299787	101.0163438738543	86.27775242020846	116.8063587297107	75.10857484487828	114.1583962215244	97.40361412412567	98.62563448844475	82.59900601126883	77.8569738855039
102.5005309177433	92.892475354738	99.31235916583361	78.28481338597705	119.5640273346883	70.62081783293532	83.280456181422	74.84709913880636	99.58401308659649	88.83281450110108	74.00336854536336	102.7748847556573	92.27802766296551	95.27095853217513	82.10503164677863	84.96280953945029	123.3252118631234	120.5742137466297	82.41743642447975	76.74729470296333	126.0984869896816	110.744893022899	119.0016615153719	85.6712771568769	114.7600319316934
94.9885272125118	100.1073170506292	76.91751019448701	91.94454115425683	118.2125979568973	99.65462565202259	120.1154670235532	86.03407498804859	125.8078916592949	85.72077481894799	74.78702697460869	75.58643842736979	76.02064733277979	100.1476112254871	73.5968099688037	101.5237034608265	125.570862633842	73.44962183956545	114.8917509413324	116.1913224495413	109.6909264835017	129.3470046965224	124.4152741745064	70.79482905648504	91.9694433717336
92.95785610972116	125.3242128287888	72.36861802872257	79.49847683811623	70.46136119427243	121.1526714634473	76.5179340189439	112.0755662183076	73.91711005678499	84.34395782992706	70.94809537570983	108.2877715159728	93.45414518955933	103.8122044591267	102.5079368267811	125.5165071865184	94.71068309663389	69.92609982388809	124.2783606917865	91.34644065288489	73.7716411820421	127.5374626350387	80.00350091236322	88.94710540614162	103.0365019905817
125.2610323968308	97.37913613400053	113.413185787578	73.46852591707548	82.1706868625769	110.4535550948079	73.84012918438265	102.3389957953106	81.01991142663593	112.2305026962859	110.8447126666491	106.1869115828077	87.10793310056846	108.154004496915	128.455802077611	126.2472258738022	121.5168064767481	124.6785739310416	114.0913355399101	92.50268927284677	114.8064698351486	74.65229377554749	73.43162942011494	75.57628421745255	120.9281797795265
96.25512050616746	127.4636176766771	90.89390118520697	106.7148327083132	93.03615778057382	90.42750042910257	111.2039198963321	103.6368875082584	123.7106419515527	94.17678223700034	126.0825067343209	126.4801473765456	89.36346752598456	93.1730953698974	115.9506023631795	125.6890776884734	91.9861179114253	125.5577567652871	90.3924296238271	101.208724344486	86.60777147380628	123.1838698857629	105.7111005059566	128.6221362669787	83.41048812573965
126.3160872220706	78.68957004948001	97.28648156610119	91.07375567951534	75.76653036585166	71.60807559397813	70.348073267789	72.92892413675207	94.85009467709085	72.16706076510043	95.60903354105926	120.5686349711303	88.93610797860416	87.49175612651743	126.2949165070474	119.3698160440837	115.9826128608345	72.81893097762882	123.8723913672449	118.1938909789617	93.6500792108707	104.4470251247835	108.8628451333357	77.484664545831	121.1100499250691
122.4556113777161	85.77738455810467	80.70367570348938	128.020342432805	123.7978063167458	108.2110209394238	78.52734442841447	76.91809986222781	118.8827036843336	118.1726413559672	127.8703536296498	76.88541318896844	89.38877312507014	88.26738436635796	95.73014062028021	74.08064760052028	123.7318666229459	98.35865799580193	121.0099739206524	117.7809998927353	129.334274625547	105.4546135310025	109.4850464796998	128.2468578162779	112.8170996826591
106.891429599183	84.4889585914182	117.5115234162532	114.2545100407754	107.3721552685741	70.2583846304442	85.74409471559176	107.3430110613003	84.66214480118128	81.40233971388196	118.3195810073434	111.7058814361273	71.77365599508921	76.82434742975548	81.61999521922611	73.42731573426668	75.46061949719936	79.29383336980635	69.13687377245957	119.9696943038867	116.2397958393904	91.03476652629445	68.69581826047379	95.40226842326402	87.19107941096871
122.7547344554854	108.2957211664105	129.0966120386496	89.16623028924039	90.4154832134585	119.8722230874636	70.5794115601949	76.37466069872954	72.74126088197414	102.7512756916217	127.4144112120598	78.91877405512092	115.08811084372	109.4826040430573	88.67804416887404	119.2950288297554	96.84071712009049	105.1286203807202	78.54976465635654	113.6589403540131	126.736485096499	73.19474081237782	86.53853446100545	95.7782865523947	81.90956529309932
91.13747923052514	107.9289807080717	72.25472092833725	87.43197620535554	121.8846413993758	120.477293565929	101.2139122173103	84.74576282095461	124.2509497904896	72.0644248994613	85.8245306136656	110.3724717272167	89.24599004671119	123.1764984634357	125.1900505703448	115.1559297311732	80.20463030130719	121.7131913730469	113.7984939647783	101.0818948620048	117.8386616804479	128.9708244660423	69.49705749112853	71.11396501099512	81.39623936680059
104.4240204891956	86.40741846798517	121.3203666330697	85.49915773291991	95.82743547392462	108.8485544118983	91.85675630624672	78.12491221734315	126.6588331434703	72.01680223286436	116.0603335849315	88.47376856968879	102.1503495308639	85.75708150180131	104.0932186337456	71.72183050403561	106.6681648705053	121.0975088310892	113.2816313734308	110.2853946462534	107.4093406703409	79.23164187100178	74.06762121330057	121.3646132712097	82.02304534955529
109.915114735052	77.93596850103651	102.7443165168139	100.0926174757213	126.1701223562199	74.09861236183353	101.9040646301328	126.5746227117484	99.7362272272008	109.3397792742682	70.98704296465907	110.9666924860466	105.7796095742831	126.9768633161205	103.5861043302718	102.5345294666589	81.98721803935427	108.1100958532757	113.2104263287004	108.2835493552579	107.7011869324775	92.89300720195261	74.57254477435696	116.9606088428339	124.4785596604492
90.76052011526816	93.12143219108358	81.57736023491067	101.0129768167705	83.78648979535771	77.75029389215143	100.5934357872374	92.53277312066972	128.2659261520123	90.1894579209663	103.6191650511702	127.8083625286924	82.18876661057033	77.7172017250851	71.83996336992378	121.6285929800265	116.8062038167672	99.10180071723525	91.01303851101727	109.1626949729445	74.83471557023279	116.927489825783	114.3362822960001	105.3439431097848	110.4918529857392
111.5038605402103	115.4846139260443	72.73531949432945	122.4536967157509	98.7002574915214	118.0682671205459	106.756907983103	77.36522912532314	99.43132467267793	83.29561764733533	83.80314999277725	100.081790939034	122.8934142511833	78.91126495227364	124.7518658054856	113.8057361726749	103.3010790795632	115.1346823881533	88.93889613435141	72.81656038018812	97.52464469344051	109.1968875833234	98.79311961794113	72.10154776305133	104.2975701794437
107.7928130603505	115.9289919666707	95.95561822758887	116.1265182416776	95.11058953867476	114.3088500506176	122.1023178313886	85.41100841577807	121.0933064335701	127.5812529560054	84.5372570624136	77.00181033714395	104.4020743268452	126.9720276101284	105.706810512856	100.6818032432164	78.66533873763845	71.09869582072875	104.8984798003045	70.71356772278988	82.5540271104669	82.67363227646641	89.48573841575821	86.79526261869773	71.99188071977891
79.8483531796513	87.36283434891448	97.06812927158894	97.31554338015141	120.4491654225639	88.2016734612755	102.6568155725172	109.3803224697632	70.51521730254599	115.4367760704353	98.27074073473744	112.4623436545288	80.70842136959129	119.9155674591614	99.53166586341348	84.43647390399578	90.87765588683095	108.7818331834761	120.576899429139	111.1053655680515	71.55169603635753	84.18930138013572	77.99783646280056	107.384123848036	123.5734279949472
110.5679655947176	103.6073427465558	76.11813822528165	118.1891587630214	117.1797907303525	75.28405827683956	95.50816718168596	72.57895376855471	84.82233055099921	80.31504790586914	74.42702411283142	109.4129819745111	79.70799095788618	127.7770519926922	90.58090064023844	120.8955201968537	98.62710155465874	119.33493125962	127.2106144929591	123.8663702210985	121.184148243824	95.52541255521425	91.60075193346935	74.76594863254724	83.38930883893872
86.36366352932974	110.94747767617	97.38138234802832	117.4458783950846	95.13394449867175	123.7258015058484	119.5233015595814	74.53799669372121	112.9624140366448	94.40053979511302	101.4402626275207	115.0725250100296	121.1226467788009	103.2504846125112	81.74758548214365	125.7784532037853	118.0170798397584	125.9606128628883	71.27565233975048	77.53833645639328	127.0986513203956	123.4846153829765	71.77861237426514	114.1341182642325	120.253697392722
102.5781034688874	89.37764438282488	110.5144872299356	109.0703017633555	94.52628091112797	106.5352529921941	84.93020722665121	97.37005663332164	107.8563797075384	109.6807500556971	117.1873123377173	110.0376250148189	82.89143770904469	73.61106368883324	86.62057932898045	125.9195915009664	120.2673793403256	127.0080735041942	124.655316863913	81.65890171739051	126.9147927571922	70.2671883641971	101.6797600183284	115.6042698042959	70.44714488272007
96.888594350983	78.49842493023539	124.7742046488604	89.2078545595668	117.1538749022671	116.5176570998832	79.52701199119733	111.5380860052012	78.86260977964801	95.42972048474692	87.16924786810647	80.88199405108227	109.1192136024656	123.0955447534654	85.60545336185419	91.47813243485737	125.5668689952514	124.3190280962713	81.1600963204839	123.0161315309728	86.42529919733758	97.79394217960261	93.80895301848695	110.9989051864842	112.7087051441578
