32.8893569975664	78.54492767340452	89.26328863023396	91.43828592244537	112.0939584555296	111.6066447187104	63.62318871582411	76.49025198886491	95.66616256002294	95.85716421888409	104.4695115911107	93.03243224256316	117.3431356084887	107.4670558986582	49.1350286614564	42.83504063893031	37.39438666665431	88.37328046706348	54.44350566996316	41.23888891425413	80.19231963692249	81.93028117951201	53.8337932393583	94.9406863283228	84.52043860828874
0.3229187741599955	0.2735246863292541	87.84519946693305	83.91147133019592	49.51640166071067	12.5060451776248	2.072952954400284	115.3081453308942	30.10731478478243	8.601943320091856	44.93429653981849	90.95707505367938	84.21573335036118	66.83007084344291	1.61708767302433	2.927393580609258	114.0366381277604	88.33308804193388	113.6578847262452	115.01712597706	2.147753312230372	63.74065243753537	94.64886566594348	85.37406184460946	0.7664359399693845
30.6685471073634	45.15379251969551	81.42188157509987	71.33470191186791	96.57840915488966	102.3387620092466	51.02149658948287	76.3746208027156	69.62162289482762	97.92112455712483	85.96163213058435	77.52271028307069	76.46032802440527	80.12380098301188	65.08973280706758	63.19219706579	72.87093191473704	82.80617274129267	85.61248347273892	75.48921995164498	69.63103300923886	113.127693746978	82.64530093565348	86.11377438335059	57.06819155772865
22.34716746374323	36.84089815175319	110.4945098974905	83.98190133897	95.98359025453358	97.56343211895947	50.37030712478385	76.49357783925731	65.89284561562084	57.85002814470684	80.52514522790781	83.10435688925057	114.8312941117597	79.31635119739147	33.52901978057889	19.29458332604243	87.38642463874672	97.35345607732178	92.85752295997551	69.66552880959662	48.56477440744463	103.4353779850931	90.38486355287391	90.20034788556529	45.68648256549864
47.03795537784147	81.59384803581757	79.36162419161246	90.88049759914537	89.93555183845351	102.6050818127856	85.39276732318665	66.19704140316568	88.06664757854125	88.56530216785723	96.27243664716627	94.89054158074393	106.9356515815655	97.84874752125927	70.45666183162618	64.76196697525135	16.80376067316971	119.8579552392142	59.77744208259588	67.03044913374535	89.95784760981439	101.9492802356376	26.97165834847405	96.06024991564576	71.46889407050068
0.879369978095234	25.33078275266293	120.199773277158	88.73487688118584	75.68233904386756	35.51829036461004	11.30604765627172	91.16749696255118	68.49036392533563	64.13530683384127	94.17067730791595	92.6800119537737	85.62985022792074	87.72015799005432	16.3753865851986	2.624963236178294	108.5112868405954	92.54907593697884	104.6075814171525	85.2158225959742	34.8198471623282	54.45419294747138	106.7027852889864	83.74563409059333	10.94255280555217
29.12355645984921	46.50425021244797	107.2851888606846	117.1024238952168	87.55103959115272	102.3647586112199	44.15978807093728	83.69529532691095	57.16403042298184	55.22938043823422	112.3875164914528	78.7950644653809	116.3514230355381	82.91765506288851	26.88154559646476	58.08083907935496	53.23631822721345	101.8064583405401	104.3947138591437	91.26543566638452	73.53703011431162	107.9162029700584	67.40176847070273	98.85157004724434	48.59003739585314
50.35967371698649	46.93156814036425	76.33090597255698	76.51645762118589	90.88436118199732	83.47473747719827	50.40909490620585	77.9910978569547	68.13612367002169	86.4318073476521	101.4755415594483	91.14322239544302	101.0930322635049	116.7978708040922	31.52935214087497	49.53723973637229	72.81269428887924	84.0996846798522	61.75817704894885	83.63663975650346	75.76483274814557	92.27047446939952	76.21697375656589	110.4690840435541	81.20548594209687
64.35331786896927	92.1510669122282	75.27855578131852	62.75002341034643	112.2576848145959	83.09791247541337	72.97896023730902	52.08072578165118	110.5192441803689	99.30994622775586	82.35606349535682	78.08446454514173	89.74020574974415	86.98906953997823	89.73398257317584	79.60080527349895	36.1411290906464	104.9241008089945	75.04063969003927	61.77441427089173	69.83878676017949	104.1005740150023	25.17311626281924	101.4768373982515	94.14261603621165
90.42220744440864	74.96906528421133	46.81534092282745	80.9198408477674	79.82643931383035	104.8455388673176	91.32856305978694	33.37198994425418	82.81038300054675	116.345932922619	97.18428350770357	75.04015438282254	75.44681346706068	105.3639733332756	82.69237158435668	92.13028454258608	0.0534072175236453	103.5588625022942	47.51672339848669	2.498588401758266	81.98921356153707	104.151971176375	14.92895533127017	102.9538711789502	90.06301842835714
90.40244462957057	102.0193053971909	24.55642197930976	13.44481401803672	78.96194590610226	121.3224789309848	85.42331903589793	1.073500793009513	105.8791214643109	89.88779440780957	108.0455191036255	54.17810554410914	68.05704736904684	98.16724195142267	113.3673510565409	89.66122266978053	1.257397887088532	62.86092031183041	12.20330558874386	0.2735147646727334	118.1598195639183	110.1143160286687	0.9039040615321021	65.86546793063616	87.25629324499094
59.07982782986615	52.22996663813358	63.38188815405461	106.4087623942328	76.12913701488438	106.2517635141569	55.20557130298866	74.59328634735253	92.95565773580154	83.33782897805898	89.07871715378522	99.13189782259755	111.0209116010379	104.030516492114	68.57826576381032	73.60030151528693	42.16763366696487	96.81351347110441	63.80916120236398	53.96801290405774	60.78893807460808	106.6793953041735	70.74400631591567	95.7144447232277	65.11615953542797
70.06631283989044	115.7192237338703	29.5661856672157	63.66230067635857	108.5861752684756	114.1700720086946	84.16529943245118	1.774599424152964	83.16228727953904	120.1256646635559	85.52744108929926	61.39758575492058	61.83570669294804	98.45916343373094	108.8681923462019	73.87047615853845	0.2249187524496661	76.94382074204536	33.99941332788497	2.495383684079656	120.8671732395958	117.1693228782053	6.046063439594935	97.28289913662182	100.2976518829431
32.35767435790946	64.65600997943622	104.6805233829003	84.37421113302631	93.67116713212663	83.40549459889237	45.70541142928332	70.24426411885833	79.47362551913913	99.87653554511989	105.8829002025055	86.83721150577912	92.7858768537737	110.2056463198913	57.97011096616262	55.3968714373959	90.34167110036155	114.8125345534663	97.63278936981101	72.02645317231469	56.46596936392159	84.00460973016308	55.84140874377093	77.46766167744254	65.64737413723813
82.26465570667219	78.44577442618558	87.96290885874036	95.37022266635712	73.14286058015622	73.23717770496214	55.60416780577205	54.68267018117136	92.17316021387256	93.02163520372017	93.64121315697329	82.48220997448982	103.5059667619517	119.8630268674495	65.89474949757121	81.20471857189568	62.69421520520467	115.5993884771131	56.59187251355156	73.0556266633716	105.8838876722277	118.5586537471639	55.4894109178625	86.45447477217351	95.06975265400162
89.8273620834033	84.41387129551475	2.0352390108884	2.485394187075369	80.69639417310631	82.59907238575121	93.39433028191679	0.2185476968518262	66.78253714208174	106.067800769372	103.3578036027045	9.219252536380843	28.10513603113574	66.72862928619043	114.8621927534001	79.86035545884047	0.3807983734937792	31.52390314068258	2.948645836991903	0.8715067327630199	90.62851168376265	102.9920929386287	2.507955381116409	64.48050722763014	109.8312342374564
54.55463604264465	95.2274878808407	68.34705887679695	80.1985207664447	112.3188461623821	108.3693248712281	54.53739276065986	60.61139030744988	84.86636829238991	78.95486097785556	113.0544015378391	79.88517836366313	98.83275869214795	112.7655100356949	77.54223370070874	87.43002071709617	45.02997438477804	114.0557287006628	64.99063733976594	66.15717542763659	94.14038623639257	106.2352845921026	45.86298817505383	112.1914029684902	69.94138026409475
57.55761385243682	95.23704078176026	41.34046206690848	75.28585261054005	119.1145179658963	91.43117223711704	80.81053264295144	29.97676829938408	83.71133851314389	108.0062786260663	120.8255178517676	106.4014693411939	82.41548399637375	88.64796255851996	61.76403840713284	86.87280757249883	5.594633940291949	77.8544098274196	26.1394815101369	40.22161609613148	89.19018904307823	108.0417424324407	24.28458640334	116.3114245224523	93.21482303614621
44.29913958234712	81.43646976673375	66.86402053575425	70.05249833433881	85.46516700304672	84.57530497199255	57.14559731992583	77.79881336153061	102.3270713622128	109.4092815413367	109.3898628672994	101.5497806382638	112.7870625568932	86.39050003273195	42.52313366657035	83.78203820774688	51.2245909578192	91.04051131374148	48.03485573730271	46.60106828788224	62.6639642561379	73.11363984022545	57.97049786110534	82.44830295107363	54.00755628095639
100.2995136181879	106.3109185403713	10.20944883596443	44.45558291680234	76.05952044406952	95.61789165606311	109.7558247535484	2.58461144665377	81.32813953215776	90.42297901874849	87.67441654914836	53.70138196792922	52.21441620532167	92.3154041307227	105.2757015017047	106.7470114209921	2.159717135723154	79.57046034471118	1.122949419730914	1.595456563106325	90.63395487542664	121.6765083112972	0.2422814065252316	68.68919798740906	80.50008360833985
73.98095836977519	108.7637755624236	44.16247726115529	67.23372986890362	88.79971313903592	78.47660262488534	109.5208014182749	4.502054444496693	115.4161943376816	90.25006535962035	83.01521265192861	58.26154523768344	83.609458159786	77.70347678649772	75.86142047867691	80.44244825154151	0.5246193669070474	63.74936358961706	0.7640566405677376	26.07575280626551	103.1324972891154	100.2703797340574	2.679161423367765	113.6767457512745	107.1606102435083
74.90100620977911	103.7368397471172	45.08912694770193	67.55113860506846	107.4241122138233	114.8394483063316	98.80916553266388	9.916416694929595	90.62808845814742	80.16839707603563	101.2759684376515	82.68586843995719	100.3548513133025	88.66979302085637	97.19154181012192	107.8673202724223	0.001174284945812642	78.41301785109778	11.63610272848614	1.694332788256763	86.12665210442275	98.34779404170524	24.84480733278191	115.6296387627212	87.51356745574761
66.32076935376406	80.57373740842161	77.58912829421563	113.0058609766514	103.509123991826	80.61795162671157	57.52803420467112	49.03730086208132	95.98082680784907	107.1554949421448	76.15169930754537	96.27905961079236	100.046182261047	94.80923452086157	72.23584291990829	40.01151690475638	62.87764180323762	95.77428097636262	79.80552757355863	75.83937236906203	79.0582865002421	96.78074236405406	48.1373983433698	89.70469092814527	69.3460098918506
75.77474399742052	80.22102639212459	63.23774386333868	102.7042528188033	95.76976195165658	111.07511479173	52.52804111123304	41.30253749812512	82.63558668576724	97.18990592419587	120.5576496625404	111.444572878319	83.00060595600763	94.36388279730646	65.54243542006849	87.5506739476393	21.43577148447951	90.95604018026948	74.14976876878779	69.64195210660037	75.38098853884405	118.4914724920862	58.66862442251985	84.93106906319186	85.15723170612759
81.09448016582745	114.7324253856781	67.65202777839622	71.43077599353589	83.56812770763989	81.85246092445044	76.81367782122223	6.31083576864771	98.98459687011376	106.7942169085078	77.92582447091779	62.54571470563795	96.1603618072354	72.44274164395341	92.53034099776782	80.4334846563944	22.39234312478391	93.15877269737783	31.07829308646772	27.35930188281344	88.92775425986341	109.4979676881149	1.641255784267275	98.51950359972145	75.11436209102632
89.91376555776742	86.7969806263481	30.14920025755888	59.83742273170253	81.07057207804139	116.6738602554584	103.9924651221644	2.743428856063545	109.8319029392994	104.3610586544943	103.8950710488229	64.62231386779752	81.35361935411373	93.77281672214149	109.5689597543757	113.9660663912876	4.308714530156582	111.2661981040204	44.01463179945389	1.489560969552037	93.9512148923048	94.20805985934173	0.7910054963185396	86.60095145519749	114.3884857202028
47.85773178286598	43.76092734855948	86.92419989084013	73.34503083975652	79.27071290628116	99.04708076498808	25.41515457834265	71.68695251475837	92.16944322735522	74.23556486891998	74.4954771008811	80.42854575169348	109.0031585887415	107.2783572771826	67.55285625492651	67.8498841417709	43.98889643375001	105.5855197790578	83.30323754617872	90.79762971617319	56.3281484353887	71.43545721915675	61.07917607492608	99.39199846728815	47.88712148218212
25.41698332619733	50.66865044501782	82.99200876323903	77.69433334740161	64.17534623136329	100.9601585412943	29.70803733784101	51.2715945814241	84.72229465978144	91.40713394386366	88.59750837744207	78.07032275449136	101.1629027497467	91.53917847947591	40.31738523991558	62.14888127778475	49.50061396871193	106.5437765288326	91.39239477219677	64.05379484192349	85.59895201546902	73.73433445794349	66.7878737401964	99.57218521642258	61.23129855503075
83.46081176426244	85.92956918431847	21.09380320843068	22.13890375187894	89.84758624846863	95.86676142423431	105.5829595159723	1.143094500987332	113.3454580635628	112.6824401986138	88.13401775616208	40.52350719273822	60.96669026409833	86.92463553686221	84.35896578798801	94.24015661638612	0.3652530364359812	56.57054315470219	2.903952571879364	0.9221071785722654	90.36630248283508	83.08223445600026	2.741109345562748	90.32279967930657	95.0532845421811
27.190216274721	49.34500323118615	96.2037140352094	99.57608074997376	91.84547657557714	79.58767238583724	41.93255304396897	69.88015836649267	68.03221382975907	69.42967014340145	113.0799191310442	114.9963322556561	115.2008470017918	115.1319894532068	54.64866488233768	57.17245512215037	53.74072093103047	101.6761128658125	82.04594374248543	79.7624955165667	62.29569252605224	113.3524375804736	68.20122204690921	109.2813370162532	69.5768589270657
96.17844264049732	77.09069117424836	37.3083179716791	70.39283282501395	91.22028258311289	112.5006634790745	88.72520842261002	31.16689630195794	97.78614263970087	85.45485998596195	117.6809490958844	54.67272583734263	86.51531372682884	79.9086429441933	83.56927884556737	96.69606668528	14.62712331248395	102.0729307446798	33.91343416283619	6.502809308364796	114.2056365502319	83.62022302357474	1.750724514600686	97.5524064188094	90.62197126650709
102.5409569511382	122.225827882012	2.771719053996971	15.45253489252883	88.45390244461568	104.1597651570361	85.04769442295188	1.96153739410053	87.63040899528485	104.9626773073138	95.55214728277028	46.34278969490866	32.29529911651275	79.51515494395267	101.5251775125537	112.815486112099	1.828359663313325	60.10842844759227	1.093799848420823	0.9792053324209653	109.8898559590808	109.8341177430546	1.671352693990322	78.2352855833049	118.6704226665192
86.23637465507295	111.6379888926438	52.25215327741819	37.11149569592725	98.9225135908966	81.8371639157269	109.0281378579714	0.3800246462809369	107.1834571763463	97.53377019180171	114.3141076010543	59.57898840823236	56.62725420806092	82.23682017301292	100.6647125906309	103.34887976661	0.640167868384117	78.75788998190008	40.94263774452732	19.85112156178296	79.63284102842439	109.2054992645681	23.32806933599495	74.99763696334823	98.4941000355972
95.6341493312961	81.55022984770903	0.3472820551976198	15.41999303662878	71.89763789649348	114.730496970559	77.37622238788535	2.466577166885838	111.7927785325199	108.9341345507278	71.63035312465395	33.05304059245005	54.78105074188881	52.5632348914973	114.4155705174428	113.7132544219457	0.7319225758769208	66.79074158376044	0.8803993169220703	2.526718740466442	98.21667342324119	96.38882820710279	0.6620009629033345	96.91561976155963	118.211291632833
107.7148230550559	104.3103295030217	0.08716744700660664	2.386250193269059	70.55830184297923	80.52838928392603	120.3483571103323	1.766803995821111	68.73171278073245	98.3478068230997	80.20095270298141	18.21591825768543	26.44662045945031	31.30027165405566	120.7773583924582	117.1707605461609	1.605371720677201	36.34238697540241	1.828216842183678	0.652840779918296	83.7727048909989	84.1730462076856	1.880534009335269	50.4968877117134	100.7254513647018
113.3808814417995	117.1284740187209	1.989568082227564	39.20377510146698	80.72704632388879	112.6317357438609	103.1950754741651	0.8719092480357127	88.22669675231401	113.6338409692991	100.3695118265408	65.23537598179612	48.6610963241102	55.65518207564314	91.5452817000449	101.7559967204778	2.222325183136012	81.7066833152423	1.804988301063621	1.968424231320001	99.16358870682505	104.2478503423606	2.936080158274536	82.15664051353725	113.1522155993866
102.4261124303461	73.63452732419209	68.45493314943974	47.920201541517	95.03206694567496	86.28721245646443	82.27080929700389	1.783505596029949	93.60720866947651	82.59613699507753	100.6096017740123	88.95317167327971	97.24305086159987	71.28972628836283	71.83737734836554	69.66117017133095	0.4682657442731145	72.39341252878029	23.40908710019789	1.520285622598998	97.93757853972616	78.23160985549536	28.3363721529886	104.5683087369859	85.27872297720901
69.85135258792057	72.7454288028877	54.1307476770365	53.21425240648979	80.70715484852573	111.1199925798632	83.14446320411085	22.31539891438926	115.3390709928041	85.72451272169681	121.769148277743	82.58383892267949	106.8584652960764	85.44620773159299	106.3471619810396	68.92514035505536	23.32783401387903	92.44325700864691	22.75205940888912	24.57504902515068	81.27868636317156	81.51648831164678	30.59157921053181	86.19965486860956	99.32548743716623
92.17978476173583	77.86856349237945	2.946652405436514	0.4927462483840301	110.3432576902621	111.1954437754667	105.6484201684762	0.3583999096077093	75.3450229502315	97.1032046455374	80.77882161191755	22.92366950125079	31.48341804635518	74.20651400855269	98.13652191698168	79.1972751678274	0.4966982657221894	71.04227573520853	0.08675945665219489	1.202178332545208	113.1567665936556	115.7530720161776	2.897119520157311	56.09441472515186	83.44742662849998
50.16908251063148	76.68107355995502	62.42279887239943	60.71065645178402	76.27451610259226	81.95713250888653	76.00588419835896	40.31178457078045	106.6608207759681	117.4461507950902	119.5264910018063	96.36834421947032	74.68612300719404	98.3312161839561	72.58366118836312	77.3114795001848	43.40741251865254	91.73607938375147	43.34609098414656	60.24246636229434	81.52815529489743	89.44044704914414	59.51594675458429	93.76729505534144	76.42919128112798
100.1152375088998	72.87157488881617	1.178409210662372	0.02612118872959348	70.55905951248437	61.38359989310129	113.1036950899604	2.723016210961824	73.50130407905846	67.82422199159328	48.16230794017859	2.422987308954693	0.06939944391460875	1.723896741473933	71.72181400764033	103.7324091649378	1.720897777133063	24.13503800393102	0.2659970688921574	1.915647884781042	72.550730970676	75.88026571988783	1.239304097749869	9.996090908293127	118.824796060862
75.27010036733969	87.25310499016834	40.32739265155492	63.40976268989775	108.2765718268708	101.9230987565507	82.105428630048	38.69167606635683	111.4607154869785	95.48942292603013	95.30334035259747	89.8212236878324	85.261483236003	96.90724697528556	67.99915974392488	84.40268433465306	13.78873449585274	91.66473886227016	47.96455598106594	34.31273713766646	109.2344094866008	108.7797071907059	33.99066515417675	75.49095426800726	109.8516912425452
80.97512888978575	88.2772649567184	57.02554100298424	48.84522566346348	120.6364779831656	79.89466665191006	98.7899247151812	6.742667167903711	93.98700274783049	80.8072855149091	100.9633088152116	76.29603094428832	102.2873470245858	99.48776524546678	80.49000103273178	99.33576720704059	14.79478715524397	108.2400213700547	47.59117947026165	20.87612855240732	96.11462063808301	105.0214113824159	25.33384170432495	96.14964878873917	86.49189631441719
80.49168300588134	119.4528586400994	1.081384170467552	2.171030350353372	64.22962851989851	94.79832590759757	100.7322815717788	0.271082492189352	105.3688798638773	95.65642485306583	101.6404096635306	10.93440415882371	27.59886528259511	47.78631066877901	82.90535662802409	85.65385744820688	2.303476876720446	55.05743872631648	1.400139780716655	2.99689025644249	103.4847443253651	116.1560265338572	1.032194964695313	48.5527017980597	99.8876915884273
73.6172512729828	102.7184349410198	71.65043251272533	88.91201605636223	80.91645776440805	91.83148023321853	104.52882005908	22.91196745401999	89.899707115743	82.41406349034355	120.0546757231814	87.86150953040324	65.22460986801133	94.15351119013869	78.73466625037605	99.126438628318	10.6122872216152	99.59405282732945	34.87064083552778	24.68059897843107	111.5250746088259	115.120829942675	32.82237616818167	115.9502595166069	86.104185576739
85.23661767904815	78.72743747680003	1.009542583306082	2.753542911124568	39.60077085149828	49.70359599828005	109.2744047718186	0.8035745777775734	65.71421525306479	78.73378391565288	53.70747563383853	0.6260269830938747	2.848737910490785	2.591111919024384	88.67656462069469	103.3997311584995	1.570434164490046	0.302433879033582	0.7836155295827982	1.849154567975614	73.73601272088329	70.30480570147112	1.692644489537223	3.814388556239848	110.884985176801
102.2515790088625	83.92229893027648	1.701090870466882	2.488168964547101	104.4208722731354	85.47473412142901	92.58649512454816	1.841538857098917	72.08275391534875	109.2819463395699	56.44893546203977	1.737521358367871	37.4169779962477	52.77284977329495	117.0676809518372	79.65753422763865	0.5223039615127694	20.8359333959926	0.4532689379935739	1.333034594839039	114.3254617603532	114.7652762818132	0.5463834095260023	70.56556919939277	106.8228971204219
105.0293481548331	94.36449996237431	12.95442847054078	1.200609375425646	89.34210337737747	119.0872688898206	118.9959176465114	1.218699586480917	81.98146529279637	88.03588471206405	73.86027258175348	37.32471096599785	54.76158342597641	60.91861346688609	111.9117746067423	117.8586632474675	0.3188790664410927	55.65737442578532	0.07261446691817189	0.8592943794215981	110.3581055987524	82.06833373254365	2.982999003858296	96.16118363381358	114.5212351709235
71.03402717525086	99.3576829216303	1.739276323673959	2.595788075979308	62.98570679048417	59.17181865554491	89.4794292151101	2.822082591256195	69.94559039096958	90.04875895226252	70.16840047306107	2.242531239570701	0.8371600128498549	1.98315620198983	78.85931575870694	84.47571477280792	0.7568871062740414	7.802272627260244	0.1965925765498638	0.06925791547652274	96.68588735513208	63.66198559189867	0.2942998044558202	25.89978746378884	84.5903467348552
99.32896019727069	87.86527286536688	0.04870539950175881	2.215133986244934	17.86383296225213	68.43782419496915	94.12429508364563	0.3162920708618955	21.9864229418908	70.69229020681681	44.72101209349439	2.249193092163224	2.399251413716029	1.928450292646959	74.43198133686548	72.94707665050976	1.164730429094444	1.039314292482358	2.500565399971013	2.714745199951495	73.50312698453475	60.19285292401304	2.003818674419304	0.3687168119697439	100.3631835064052
