105.6729592970347	101.2234333141408	108.4879803346838	109.1595996763151	113.0947357001271	110.0674045630533	72.21235748942949	101.7891892704	117.4365624082233	73.27197614267875	101.4904515722108	106.1783472770645	96.31368923831042	71.37716707122725	65.92693312649217	112.0841898496602	108.690747288142	83.95562922447	86.09922187441747	120.3273121778599	78.23194993718788	92.16733267064217	72.76125142249981	79.26072793178922	84.71267019172095
118.9399938288806	84.87807843798477	113.5687375232783	126.3867373081522	81.11114982366198	89.0906725427855	98.68489808928734	114.6709785900233	109.3418924857735	94.91672173419403	88.91328394251371	117.1542062577028	104.1300954271227	94.22810061865596	117.6052101732118	109.4430137937434	75.7203981125131	70.06337075099601	76.36441190498608	74.46614455200405	100.2880673404287	111.4377621001211	71.82051336739596	99.46600583071651	65.64089506529915
77.86601674934894	86.36099653136273	100.924970856952	91.12513439775684	122.3306794020733	95.137766120244	107.2225943148723	95.8248449582494	71.53802787098773	95.87848514998092	90.27424947979489	75.18345355177286	128.9360846539858	74.53361086850923	107.5212307877857	89.07503894514197	117.0929258182082	76.66300665279782	115.4640353181603	77.81925654574172	98.00916589080697	116.2309900739379	124.3736031134792	103.6390903063592	80.65880792599398
123.6668361444966	91.24217288150464	113.9085114396148	76.17646783499696	95.20431892689737	107.6206923177095	110.7472163681783	113.4222585464049	101.7576643677643	92.89370284490828	102.2128193453413	98.57059182092985	123.6480883726566	71.53577971551249	96.54362661405604	82.0746863385904	75.76362186583211	93.77522383207321	83.59150053760794	74.38507902792342	76.22259533438377	108.7528254239558	86.71097503746114	117.6443645014823	113.5095496737733
106.6692664096602	113.9774409777865	103.9208834279842	92.63911898394844	91.44665869284604	116.5043423005019	78.19652829258266	73.74344871875711	94.93488811699213	123.4187232890893	125.4743273004828	110.0645104909271	124.1951851928045	112.5769565365837	65.95342669389829	114.2640826558609	84.51754369540504	94.99430302155079	79.80438059771323	121.7877435600477	121.9971373638979	121.0020292404438	110.5776858227616	79.8261865696257	99.73913079629278
118.0015873924532	95.08188308828414	74.63658685588923	71.91313123191878	79.9797667955927	94.99374441015361	119.0046447168841	101.7799809586184	89.17372411017648	100.6355587103497	104.9136037075628	73.2929213078165	123.9947923736273	76.01181577787827	86.16655252996162	114.4147765024473	66.61921971548404	100.9783424745116	75.07702589618521	77.53279854087234	105.7243544848167	79.29008160128762	72.91839759169709	72.08989279111732	81.59554473533431
70.32627338577814	88.65524434121771	81.15852227903591	70.17798421206577	84.04608488985777	71.71943409236185	92.0188005442871	65.24669085150562	112.8765865583254	120.3035220396125	113.1441183736436	75.92454892084031	110.5588973631312	107.7649513659338	89.73028432955589	110.3001350423871	104.2875977968009	88.89717255612842	103.183171958344	115.0095796586904	70.95721775224858	92.03846143686377	99.07546989002083	71.39686836302184	104.3954992400134
124.8213058046738	90.80487507542233	123.5992102172514	68.78690224515124	125.5387149185956	118.1616514819901	74.55369741392843	113.3522748937342	114.4018765069113	129.3555247177412	100.1929805503976	73.8834436094392	91.88561083906799	96.86906068486149	125.0719808045806	86.4019585161121	113.1071582675044	127.4344747982186	86.60717722968045	104.2132330940745	88.98848880973061	104.3579142485409	103.9373500000878	75.86495687841487	122.3765478258646
108.4450634699728	72.94660260346939	116.2603156588073	106.6858767656575	77.62418581344424	112.9021573770628	56.00687634633208	115.737562623011	71.30407963829539	88.90568094402907	104.9673250318473	77.76491742532843	99.05185568238502	121.5393243916175	75.75416236238048	93.59036419419043	105.0077762722772	81.78137914153363	89.93554527756254	111.7910388502778	79.34134961488559	74.48215172686838	127.4604295691429	104.4834144517899	97.43417673908625
75.26815378745513	120.3828011371085	108.3042449072695	111.6849137138048	115.6284847278926	99.58871545252589	81.7405922437912	89.28176992705959	114.7624557239262	99.870464344499	88.48326574121077	102.8174623693938	113.4034053246715	81.81549569507202	110.0874379409784	110.142357531795	101.6855030509535	84.24363146831996	83.69533477558107	99.52710372064976	124.3621395159295	121.3728074593016	83.59213961106579	106.4595713218765	121.7505435733337
86.85143749252376	126.1579463973121	103.2018180839708	105.6490541040933	79.43768235189505	125.5480072040122	76.56349805162485	85.66223509799885	91.12538683782481	83.43620817580906	95.92086178338749	84.67763069464257	79.47031146291599	117.3699591185434	114.8597532341804	97.85425653846542	93.83896380910483	115.8543256480189	70.18225564204243	95.90225535627982	119.4406545360759	73.22068396227277	65.48876886427628	74.30829317419395	100.0064426977279
65.19550468485275	91.23314166850957	87.99353748455334	105.2097737556301	81.44030902881443	75.13065076608224	73.02571836580574	119.4791556984317	77.55666594938056	76.18747921925699	87.44541904141875	115.996041661838	77.47330137635568	85.5414758594368	107.6445484601571	118.3245780895527	61.95659738639955	104.7059470289025	70.98739151326234	120.1343232774082	111.2268546764351	110.506229591853	89.1010324860713	109.4758222873616	78.49855894902204
123.8741731898558	116.8087896256266	99.75045938904509	119.0455167998564	79.57283688216609	101.4172747650201	89.82643282840331	108.9980981134894	75.70971332514779	91.91986271181564	89.66700630669257	122.0854293744992	71.55162355941995	82.94391890365151	90.87931530435223	121.4590216872206	66.31142670835973	87.80413228932716	72.53783439849417	94.05401528378229	104.2837710163357	83.19496256940494	87.90810833046669	72.6321114309665	116.0229017282552
91.78089367979693	96.88049941224108	108.3733630221409	96.91072212358787	119.014623578702	87.6715495461472	96.05341672575641	68.94588647287031	70.19349222505726	108.5016081561956	120.2637758089598	99.96292830085864	97.2855130349364	89.61816392331936	121.2531885403386	122.1685455727397	82.92522958936756	127.8190879190821	74.91943089452215	91.4766255916584	96.06693235000486	128.6583544216554	114.703468353653	116.1960083377849	76.77236451581891
90.50118352514792	70.52061767944323	118.2230441535342	105.4657574659307	108.7951078194362	112.4173210657441	68.21721910109761	66.06584160795936	99.14840966432342	71.08224511022365	83.93907690553719	125.7734759125564	123.8255087187272	93.04205971206761	76.3759967050905	103.3089074580184	104.7666329078176	94.12302800934862	61.26950695100719	89.2635843127967	116.1864869530017	103.0529709975285	61.11293673358284	83.38182320863837	92.74920606194502
72.26684154490481	78.87163969600516	106.2519340243075	102.1216789900249	122.9237162013799	102.6387746925687	111.9452513212103	93.53310647816119	93.56030093182932	115.988690671474	109.4446499417499	117.5130592821208	104.1852681978872	71.48835915656076	114.7911979638452	76.20015644277032	113.3087507661371	121.8982215901121	78.34736729347719	121.4679052036826	74.2896953493879	84.550667557864	91.71215627131613	89.87342489661751	78.63593414478596
129.1861699933054	125.0043888305249	88.10116765168442	72.25382504641155	92.33933710440103	78.50745013150046	129.2767825241418	74.73299471742772	95.57751342922292	77.78991156929386	75.89887097786372	75.87499922435981	73.68257038331195	119.4460433583468	122.771493035982	82.08173859846917	63.50591275176831	75.37476205909913	85.663471563839	96.92517689848879	95.66631774823689	73.35151515583149	101.1376110826825	75.733349650636	127.9098197990866
97.64182986855725	76.61249796612574	118.7397198405006	114.6511558614695	105.9655472638068	97.72307829162229	78.75668412478682	113.9230329781201	108.6733450481575	119.7236428476983	108.4675954753695	99.07003757545795	122.3995147287643	94.76347566121996	114.7242884052688	69.36243741687429	115.9281267129233	96.58862262217238	69.97452702001094	79.40563968060545	106.4430593305811	100.2979216114445	71.0087693245882	108.9125913750767	115.7074343524154
90.63419312922062	74.24897337351946	67.53997405138503	79.78453480250022	106.4483142186711	71.90097512585005	118.4239448029499	106.9877297232686	75.95821804714481	127.2916686305839	115.2885098040062	115.5408745773847	126.7171418057455	90.53878343852627	93.54505486599061	87.67691493082719	105.7634245957218	74.81510247999483	110.754981913486	101.9576315923156	92.3281980328297	79.4265909415891	118.0736724786298	109.8556922338578	114.8434040368974
92.82493508333221	96.95785155465437	96.86066765887138	126.6706879144107	85.95765702667393	82.53379488216623	89.95459740965951	83.91451968462503	87.94722654948704	111.970677459189	91.04027294740742	125.9678217352548	82.74786813381731	111.5254850325218	104.1270925506439	117.0974705895179	93.26723738689788	112.4823468361697	106.3083216162388	81.54263457641289	119.0850872760957	124.6216400316248	75.66650129156017	100.6893286161055	107.4575921065111
77.57813822527589	114.7451336270047	68.66443648469736	82.77291962402687	114.5917449731943	80.27982077640571	64.37592686841386	116.4152577994709	108.2316409609854	88.83155040032501	78.7077513243017	104.6270837772037	75.60413269296605	71.61818598404983	105.1013498873617	101.8757792617822	113.0990856837687	108.1714230776755	87.7538769788857	110.375753033318	85.98682822909755	114.101063783248	100.8660649926229	120.7395318459272	83.8778525269116
88.94606397384493	82.49457461542389	111.5113532306011	110.9774709118304	113.3957772549231	95.31824718595831	113.1616029299308	110.3460233185758	109.9300021903693	104.7105708507854	104.7896188189609	74.82358924598958	72.85670598623103	82.83121412613825	78.93758375981396	109.9820465435005	90.16125011734475	73.97057335584067	122.3087859600979	84.79706172775532	97.92247697147698	75.73910041090893	110.463329653623	123.7290349223715	113.9915550427017
110.9654279468477	92.94937311221904	106.6176244662586	125.3251332195833	112.0062048115449	95.09465244930476	97.64746958376578	119.0325069835094	90.8878007817103	90.2750661363435	99.47966319698114	77.15908558358973	105.349281249752	79.33825799925661	98.95258632632937	92.96189924749306	81.16660901513953	93.05903826267141	93.65679659901622	100.3691144909319	124.0759624638332	80.99535342593333	88.43187041695015	73.29724983201608	108.4244029305246
112.1060846098049	96.87396360553005	119.9632497463973	121.6454143586719	100.6771119119201	106.235934197522	76.95731841103455	98.45286828715609	118.6331914046624	122.5241093007972	87.40732317042107	127.0222183144768	122.0121242992436	93.21904504495267	114.2291207445504	96.96567927032454	63.92919471420495	94.26624185287073	65.18764210299527	104.7159387082267	90.78243711804117	90.24830321364537	113.5881405076983	116.9868133067242	108.5195618250642
76.81825922347925	108.4160164879925	83.92467278669959	76.39847599101702	95.99217743881499	102.4729001933187	83.90931715522262	91.43135773988769	118.4192162008055	116.7001581483888	82.25950828762137	115.4459695433985	70.5869982279395	112.4450266469411	75.42096242006991	126.5754494389678	73.93948096690903	108.3341429094562	63.51721078979966	73.15243343946602	70.08244257200222	85.4078433036909	89.27401446703999	111.4523489261635	123.8899070039948
69.0826832946677	118.327972537213	86.38828171407906	114.1199498393686	80.62482435678317	81.62022903587128	101.2248295836716	117.0502310878005	72.31778941597528	123.4489504045749	76.99024455909169	80.70898580647912	91.70012999882722	80.71329050315443	98.66008357469397	71.89114565153373	66.88291744644707	82.52758366595376	94.36568425459329	72.09897656281028	88.94472698217407	68.33755793441901	101.8028339558698	111.1799720493652	115.2679470558286
97.25019336797837	89.72977685360168	88.04112247789524	115.8188943603994	76.49343217219241	120.9632889650552	83.54480998337957	70.98500297589624	109.0932336301217	122.8875007470658	115.5259138710535	121.4114027246003	104.9659939147035	73.30768826244157	113.0200657898325	121.0052658543285	87.26555574894687	94.45525092837647	99.23027092985515	84.14769382225546	70.08486240992164	124.0807010811274	97.07130774529023	72.7740499859588	90.47084715703099
84.75887403912	80.64324034076311	101.1063367880405	124.5942123401493	126.1962237163467	113.9113384875228	65.70020239294949	92.38235993793811	74.29320272982164	111.3705414709357	112.4180820982145	103.7151154157788	121.6890336439384	90.62244536232137	88.33474691026846	79.64739394752888	101.730178580767	122.6643957598066	103.116511840446	114.4314239195654	91.88595164906376	95.59362432189134	69.79509069170774	126.1311260452905	68.495135399235
61.93071635260993	117.6723446207327	74.2381916633008	71.19842997103552	69.60429150639466	118.8114658849539	104.9040403282856	85.19337059561633	116.4933272902734	80.2789718656874	109.4031557900998	71.25080173514581	98.36867316500945	113.0547026746282	73.70213235007469	115.3825466291397	103.488098664366	107.6670015807186	121.4537200467314	118.2459547986015	110.9581170306911	123.7309405152051	113.6606954316574	110.1563494251432	73.5294704013818
85.43558691760533	75.03580187830585	90.19548665661739	119.1969016419286	114.5301917475908	86.26285930812219	91.14991705189949	64.40040227371692	118.2873482442794	109.5039221854599	93.02729207919029	75.46662886679657	76.2713557456776	82.51943187092184	81.43839954953702	127.9288275694912	91.22147697208332	113.1540042946503	84.88571210688417	93.20595767878456	102.4110739162998	114.3768733832815	97.03248680594589	112.652888553196	89.35680911330152
86.54152950478792	125.1044225396481	79.60854055657046	119.4647825940896	120.9317258120656	79.25964641112361	105.3179123802231	57.33264668438741	119.3533486083239	77.13186155229764	109.8425666162802	70.70666673662899	66.04898539061556	110.3823963729059	118.9773331052395	77.59093103036132	92.38503752281906	89.73583708232496	107.41196048863	103.3141079053235	99.32710001727841	122.8791079113671	73.18741742789966	83.05179949710733	126.7698265377101
90.21747478825621	112.7022078342169	60.86201491019906	111.8254165880205	113.0456662657247	94.73521176133985	100.3661075616944	92.02887050237501	78.57246997361769	129.2033750279515	94.68115711246483	66.12484985237525	72.73228953104254	66.22362746251312	83.43613248717526	81.00413843753709	41.91082555443238	113.9271205628854	53.62371395629208	54.72949175949573	86.71548859769925	122.0140231021972	43.6008792759506	64.16488262029172	91.88032728204976
76.36050333129586	89.90809852748038	93.92128006582884	88.17139658841536	92.3712207369405	80.19849813388321	92.52805052734372	68.44497086272536	72.7547811798899	79.85247615187029	67.26523018845535	59.40055940989316	80.53434837025789	68.66412341186026	88.36312561119577	91.75046858764703	65.65400173896006	76.55389583114768	73.28782871811327	59.63973120698122	96.82842855663489	80.01641639105135	39.01127920695168	119.0934734536169	83.83065005940074
90.56995669257289	123.8806261130662	91.57194148272183	96.17198037247746	120.0293389661465	82.14360328107679	105.6774921608428	61.79415973844506	80.19442755355114	99.15232026507886	109.4844615812478	72.42149238733752	96.42819653789931	90.53178619420184	91.498882762539	125.3804921281438	64.01246030403973	93.93447465697702	58.79986250571214	62.2595770325029	90.67590041304963	76.21196377410512	99.02052373503119	104.2283514440358	127.8156440288226
70.36310520575577	104.816000019919	90.28871034734232	82.45497261803857	124.0816944992845	81.34367399284466	112.5509806286477	76.13763951926383	119.734112421408	99.69924550976086	103.770324284755	97.4346254331568	123.8230053127065	112.7297010158267	72.70367012666637	121.1791445697106	63.52109242928601	120.5140240488377	113.1185964278691	119.4656147504799	87.62296752500421	97.45718817043921	101.0480682542995	75.42917359718447	100.0998085947637
108.1840046531582	79.44872479535074	94.10459127088329	72.728747331541	115.5764324247834	128.1596363488853	87.50888704614174	74.91167765696173	96.81322035286982	69.80277062340753	129.5012115242761	121.0373857644206	112.3268638686521	129.0721200673714	122.099497987984	107.8048746047024	79.75246605686428	103.5951169161327	92.16500129146606	89.87999216366174	82.34948933714041	114.2495993627999	122.3270694970537	75.17308268789982	66.14705634922556
127.6196288162254	119.2717160987493	104.3376474509698	75.21283235876621	107.447817602644	96.77705767812766	112.5106959210634	76.17914632922732	105.9328106043797	78.79007873490622	119.9031633473491	82.39803892215492	108.2813122598988	82.32812135894834	87.85618711865008	81.46275076675907	52.22656627213897	99.14306465752077	78.6143926460915	49.27844391761536	95.68162274722532	73.1999470621257	66.09489843310431	92.10228015979615	119.589723547345
101.9343775159371	116.8060238423762	93.69806439634824	100.9754734795555	83.27784141617416	89.29060509615998	74.57412979066487	110.4077704926517	104.6878070680759	72.6464523505135	84.92020725006027	72.48369682305707	74.08273190482878	69.8140150077158	103.727699262741	79.23844864692205	82.61341325828532	103.9234655980215	90.11838839513425	94.67599874466012	115.2128166083726	99.03453691219545	89.40710118271042	73.89347261662543	99.31160927384366
85.79114423950645	119.2979479636206	94.7769383704436	77.48054720301801	98.95527976669396	113.1445413269043	82.87985990114019	72.85249644602227	109.1513183436047	119.4580712799074	88.08362848152638	105.6450491635924	75.38946082133904	112.1841728148133	93.15182981992815	96.25335426547947	70.77464380523607	95.31684793874065	78.07183867586335	113.5529160605765	96.79876340314701	87.13589206777827	99.5080907907986	87.79965882228868	73.33940125912891
72.61024908742185	79.19053794074145	93.74102520767423	91.24578626145117	114.8685467095844	116.4026945911371	71.27037121582791	66.65277707573733	82.29340444522462	69.45357928817867	73.70578749782284	99.53358666513498	67.35457290602946	87.57551652906392	121.6573990220693	109.9010162772625	75.27254708142252	106.141534591154	53.11364622582666	64.90083183336132	119.1060635636227	77.06778050832271	45.82521976380829	78.59187797636733	112.4538765039487
81.11681946068914	83.30136185927839	112.9260747980392	105.9364809477193	118.633915284565	102.2327003514908	119.6911844905907	102.7230863072627	87.06248704698298	109.1813698769828	114.9161725783225	115.671288662375	101.7686396450533	106.0819857567358	116.6461430845645	71.35266353526029	91.8743160345776	76.86469715379532	59.73541007923856	54.34803629652652	118.5430635725116	85.34044128257889	57.4769848587858	94.64839646186121	117.3748045756968
113.4465325078724	110.7618450677518	86.20482076494719	92.85398512838736	76.04151528937676	84.51078122557861	100.6951195989353	108.0803725221134	120.57480391076	128.3385306394007	80.24740473827927	97.71154248371425	88.45460424940534	90.07731490499478	112.8544540377559	78.65247090379019	90.3251749816349	69.45480858518187	101.6632457095291	68.21765161667217	108.570466721903	123.2715503082708	83.98529002099374	73.9365545106687	110.4370537972544
91.704410689634	107.3222686275034	102.2297294692728	102.2036329274009	99.34130856289281	123.8522559178318	113.3387461889672	80.7454138086631	118.5410518393692	125.9655222337931	96.73231730988871	94.16918342679946	81.65602322997078	95.00710126029402	94.60839785825348	118.6678861925038	106.2607657949836	111.6825767840764	111.7136572236997	86.63579906135895	111.7267369692122	88.4436630498588	106.6244164622432	95.05641389410665	117.21892013668
128.5943903900771	118.1348501992767	73.17934250136517	97.58994884786779	81.36667311392287	71.77465951727579	89.16305434657966	51.44215281468014	80.16488548297434	116.1439695636652	75.12634608246205	117.5873928900233	106.2450476794447	106.0232861814062	124.6441540674104	85.2715469417755	89.14109997269284	89.84470602088247	61.62414673117284	96.77875402769229	128.0373961082035	103.5233484270695	67.19553347433049	71.43122183584005	93.36504130753607
119.8718042461256	90.89398971059998	73.3932177146946	105.3691637926315	73.55831884355854	106.7506380895182	102.8962699706758	70.59066467175585	129.7605021313102	129.642646246385	80.35888960564913	71.63747533309869	78.55470069044797	109.7162990519569	97.09540493126497	79.0008941338441	67.56501521103975	94.31094653289828	112.6795381930649	95.31054665360165	81.20802441795686	96.48263958791641	95.52953950742035	87.07419444466716	80.22153125854625
104.8420729892351	91.46313642381509	75.45022688141452	71.18831331643962	65.27819709034389	113.6724140239053	102.0872309758244	55.69263495803773	117.5885253303376	94.53886861757668	79.0919857959165	82.72326049698822	56.1200112109034	81.71574182383597	115.6548168940056	99.16921467583609	49.35657675630422	100.1148554057374	73.3580033687698	73.22251881536897	113.3585059828083	109.0093690048093	78.74362050058829	112.9980211803046	116.7384675547264
113.401895576989	94.0957335004089	94.69449459251292	87.95349480950507	122.3056480855938	115.5412417775438	116.8766004280699	58.4806469265817	115.4815348309408	81.08554316997908	120.6417859284623	90.03179288667985	119.773764278736	93.75819218485577	102.2638332742184	70.89382509076168	63.19611362188201	72.55173693082592	110.1443194139542	75.59049865347433	101.1699876120428	82.33937938874266	100.1736413580547	119.9481084531528	103.8786373359422
89.21758700993561	67.59680678295668	69.37064123627303	98.32177948886829	109.7548002891476	108.58317694658	80.45608353284818	58.99226759415811	93.8276833066156	103.8523406392219	91.95572082563049	72.27826043401816	89.82947568807396	72.17392195418978	106.2278234257193	100.9674047776688	35.1011775213581	58.38149127491923	68.76773822700244	76.72432093994128	102.4309278274669	101.9766958558403	72.825082322765	78.1319782106853	114.1844904631334
81.40809673834681	73.88018317497503	64.44305236766651	94.07330007192297	116.5677623518921	81.57909364363877	103.1869108764059	47.88244880176254	65.78029952364871	82.81791909070486	114.4901857869097	99.52883148623548	66.82499561068559	93.45956230202295	88.23802263915978	96.78456370716221	45.99555598057431	57.49299879087555	32.25206274362538	70.82123556689618	74.4245663465141	92.75146225191892	76.79543450739142	97.09303461953482	125.3103947795656
98.0776738489055	122.5633393995482	110.2458264660655	95.31482428990935	116.8632501151212	88.07878812643737	80.61401645261262	94.49436147527841	126.6546212327692	105.9324323940987	121.8430705789372	65.19288812085728	111.361951857586	103.2901361618281	101.973083624067	122.6770983698514	88.93797419531492	112.2266231056185	64.77995527364043	84.82066813933693	80.2985160981949	84.10827261462535	59.08267707560034	108.6517941086759	79.8728833980861
