82.24921604695696	88.30057931498871	92.7297845160806	95.42537946624689	96.74967413293182	97.24195566424842	83.53339076918868	83.23363494243435	96.44804667134818	95.78575423417223	99.57776444783906	98.54855900255413	99.05592718393571	99.95851539296254	84.53382111941544	87.32976606251886	79.31630041155418	99.92082829939976	87.55427098035071	83.80358782140831	92.08943919242681	98.2430751157722	82.18607939207072	99.90789230375208	90.28238852059395
91.64245985558334	95.61759611845731	83.7392636032954	88.13367957319365	99.70930338253893	99.82730078333044	92.79918083183718	70.9591939920859	99.68847875769228	99.48153026141057	99.79244666564281	93.67617765480709	94.80535198749351	98.26243022807201	93.24873971256591	94.8496299618666	66.23624034287023	97.63441569371443	76.40733167102788	71.61212762683327	97.78897485191935	99.93024713861895	69.03527017193606	99.26491499381994	96.73061479959441
62.86781556955645	72.18202901513359	99.32664915427742	99.91464984891751	86.44619445699765	87.34718909160814	65.22823668668644	95.30508849383162	85.94446223630328	84.31944083906735	93.76133744374866	99.80820962578726	99.85645428568179	96.72984513330071	66.46763913144331	70.28289353128083	93.11891081114796	99.94402471528974	97.19774129045865	95.52281752381656	78.30445512824539	89.74511822975852	94.42744163067547	95.45250649919505	74.92083202303259
53.64158263158561	63.80328950632417	99.95441988861026	99.89322117676731	80.55846694467174	81.44792125364808	56.11174407373769	97.93230956180444	79.71516410042004	78.18022548496586	89.52517721684103	99.87432049597902	99.65922221480403	93.37245135626716	57.4915453337587	61.48962516127519	96.36394185525222	99.14683111934673	99.07979639854679	98.08946345256128	70.87081742368906	84.50062324120498	97.43308355671233	91.58941431775347	66.98538727956817
57.34894227920337	66.50880961531911	99.8752543206526	99.89479306157361	82.71129507046808	83.82991190532185	59.05895664859243	97.10691527647164	82.14764169517095	80.3773422011071	91.07111153819902	99.95685391064066	99.90774148181191	94.64136336025325	60.43220749968885	64.72613683402972	95.39483439263134	99.56412713659786	98.6619396838113	97.2927610875826	73.73929038500509	86.59391247684863	96.48744813115859	93.1532387426435	69.70844198196097
87.0095444976161	91.95270844542436	89.18236750092092	92.67544466419768	98.48224305939819	98.77655963034209	88.20266344412792	78.23601970119289	98.32295772285417	97.78465402937357	99.96031161641035	96.80770903170259	97.7060561942497	99.70618027292802	88.97569928907356	90.88452684746919	73.88423331847915	99.35119454412408	82.93900668658209	79.27225542822067	95.09134631131857	99.44428646564313	77.08650681555996	99.9473221241244	93.26628344287288
70.08110583996829	77.69904733609256	98.05071131614889	99.29186894464304	90.33585003965084	91.1217304647207	71.83154544160399	92.32477236172785	89.7337144223191	89.00249993474407	96.48295160534369	99.90963898074769	99.81509177336721	98.4158281124768	72.92454058547693	76.42664653850642	89.50521096171072	99.71719587514119	94.88170400614929	92.65938075778747	83.17325090256973	93.35133636169802	91.36517481030614	97.61476783053256	80.31283030808081
56.93906117377643	66.22143907071489	99.86905018272057	99.89110088656943	82.31267653719544	83.6229185036683	58.97127824847414	97.14890873013685	81.79535092474552	80.35224517902755	90.85301573437923	99.95715801960134	99.87273150271932	94.54802441124063	60.15946822468861	64.27276668063193	95.54173577564671	99.55953344773906	98.73523171352605	97.34764208501207	72.84670901580672	86.29261986681308	96.50299061469622	93.06122427579331	69.40179367898523
85.1606398279182	90.64155724481495	90.67732441910002	94.05781297752273	97.80957181905606	98.14739908268275	86.5115216020985	80.84189703460829	97.66212611133069	97.15452164045021	99.88749031347136	97.61268207084396	98.27702757192608	99.87600602592825	87.02731711660184	89.74358254024338	76.42962270586247	99.66890841883706	85.12742163619933	81.18252245061221	93.93166619671938	99.08726375090419	79.36313249811458	99.95362297847666	92.04958982959596
76.33805642166796	83.31938533813269	95.83073656377634	97.94273076613671	93.79472233245905	94.42055909562515	78.15196979689796	88.57246396693972	93.44516981626103	92.75137945086108	98.39808201494968	99.71475650073866	99.88267386433409	99.60847153500215	78.81762328628994	82.12431341061817	84.96162072667589	99.70599629576202	91.7650431467958	88.839652610625	88.04762965997591	96.07093838532357	87.1630352471047	99.09339197912034	85.54182878354182
92.36783749010455	95.94873075513327	83.144149312728	87.45460939522746	99.78805166080802	99.87762333541843	93.21639340199702	70.27236983181598	99.72498431343458	99.54488274584689	99.80348504606239	93.21704995896548	94.52076557687225	98.2012893392248	93.62853112325043	95.28493915741943	64.94838154254126	97.52460573026957	75.48808864969202	71.01104647250305	98.04049827591935	99.87276024222346	68.20837750574272	99.13745051411108	97.04827651288261
87.40502722232392	92.46598766879973	88.98025931301142	92.16240071172732	98.66157549139362	98.87898893951238	88.70429673819382	77.67295829005914	98.4752555894011	98.03689965663719	99.92520171690735	96.41893260185589	97.3558710162867	99.59192954270107	89.27643814887773	91.58245271645758	73.03656557780045	99.25690638971183	82.67017678218234	78.28815953080399	95.46049390283602	99.56011997764817	76.14481480409651	99.93610632910226	93.68981718893085
70.73750773214179	78.49523478652807	97.8860239142967	99.22808900787878	90.737720384567	91.48365841578581	72.52724039740916	91.98062287289194	90.2680712868008	89.46988904834075	96.66753668757717	99.94443720899146	99.83316885507153	98.67529391494784	73.78618948472595	77.28394335816115	88.97494827469119	99.69658090687942	94.61158208773472	92.38223432247999	84.13530740882051	93.76512490102071	91.13537349997151	97.82178272367682	81.11897030351579
98.37418661511411	99.76775809018561	68.41901124301664	74.53448409008591	99.27243896700179	99.8959785267801	98.78940767966814	50.47736445695333	99.44108675437685	99.91458984623729	98.5340076316277	82.83194980365116	84.71761749589284	91.68736066359199	99.02203636959953	99.59452110528909	43.96845514466489	90.04236720889911	57.84749042507394	51.95644422983702	99.89323103964148	99.84272447430568	48.18818043519638	93.79429424985142	99.92336516028514
94.97979024262476	97.87300899866243	78.33859188570453	83.37416958490959	99.95043604696785	99.85490376806068	95.60518890837071	63.91188956000191	99.95100081142266	99.94996242071979	99.94001491574311	90.26400501791403	91.82511088728754	96.27038968132871	96.10723936852325	97.31264873508201	58.46082803308902	95.30553497269555	70.25314891941275	64.59340015192647	99.21288067133295	99.58725662037442	61.69583431610322	97.87512843158301	98.51839658023158
81.04640625325692	87.03359772529957	93.84395662830815	96.29980292962661	95.85234325353917	96.50377710936469	82.30250469445589	84.7944541428316	95.58998947520436	95.09625448118875	99.37263315645831	98.92070290908542	99.41720928733314	99.94757827521592	83.32921263503081	85.8499459286034	81.17160215917158	99.95779161980985	88.79355296668537	85.73667167210452	91.23802972026425	97.81861895544391	83.60775696098948	99.76224757935384	89.05257645632751
99.95854515436253	99.87056002644444	53.51438120939294	61.58663418892169	95.95304695585425	97.97426509151013	99.94861757607006	33.09496371726028	96.29207742085288	98.86032647275597	94.45589449200857	71.95769946222262	74.77659768624009	83.53918049628612	99.95385166533649	99.84087225032117	25.27586408371686	81.68650134688269	41.94992457334056	34.25965295063469	99.83102651987534	98.93241340675401	30.70848179913119	86.83441939497834	99.71552325454552
99.43893541652196	99.95080578118021	61.98767924918713	69.18280433502366	98.16771397578621	99.39593933141437	99.63014325114703	43.88418022543985	98.41656722464347	99.77578238454058	97.10992717805289	78.21644404232649	80.7210196605553	88.55914372398026	99.75091420622093	99.95422197535268	36.06682554498551	86.5764063321852	50.71134549357399	44.84520553497138	99.8585228353092	99.84788711111221	40.76465530422026	90.95983021390363	99.77309643697149
99.52682337607988	99.94348083884115	61.87775750190279	68.18857740187984	98.00543129912511	99.36780613022952	99.72446805000608	42.99240191181278	98.26720536814445	99.75390162357731	96.87465410477877	77.67965872627357	79.9698004803161	87.85923112141589	99.80927496279328	99.9545214514544	35.08284216414581	86.00115953834333	50.29350216799533	43.46295938735408	99.87183321867195	99.76406592780496	40.15574889634074	90.80423655735008	99.75013859487815
99.50622340585852	99.94804230926863	61.68421264609469	69.00286619474288	98.10792222142175	99.37878580831546	99.63475557234806	43.52793868090862	98.41066720858073	99.78182799055656	97.16419670121819	77.89632800416265	80.53112101618115	88.33502233253255	99.7984164329165	99.95051647193172	36.24645983228329	86.62342088066161	50.49867657007554	44.44240012353043	99.86332974905065	99.82197932393377	40.24396002468315	90.96440424025893	99.76381119052418
78.79065936032077	85.02409564360821	94.93185856196918	97.14786099409542	94.86373619661457	95.52950439411499	80.33701514327592	86.71498623906533	94.57841780269011	93.99342817153624	98.96581441324167	99.39746701775471	99.69917261938427	99.81914978388178	81.15330412294659	84.14659334951671	83.05150884148235	99.80462017902344	90.42051073715599	87.24248606747219	89.5030905169848	97.08676526445063	85.3225246162073	99.46864094854772	87.31851448991881
68.82410109198467	76.77216810052084	98.40861213635925	99.44352378182356	89.38254112993388	90.39860915673597	70.41824824113327	93.00682005076334	89.20485195058242	88.24253852009343	95.93966282887038	99.8612921514535	99.7959389360563	98.16985885385262	71.58098247561662	74.90133930510177	90.26744623089564	99.76249610998065	95.34099593792294	93.38778753980478	82.41392759980974	92.77864551086115	92.13601579433389	97.26454728568145	79.37883944678582
72.98355042651623	80.70576556612991	97.05194413331476	98.64788829169842	92.29264133604239	92.8782957280377	74.66478387194917	90.38913170100888	91.64433573039116	90.9972275386191	97.43016276087931	99.91044086893476	99.93362601627237	99.11224040533334	76.11704311291361	79.12974941329995	87.37727335225884	99.66259964817409	93.41336688594717	90.82832544945872	85.79561472917752	94.69171490284086	89.34489042050831	98.36185640480817	83.24403146528792
87.59655919504668	92.36036744516866	88.85681451697121	92.1419515201316	98.73401901716545	98.99916409817682	88.73072499351979	77.82027762550993	98.54068993715612	98.02905905372877	99.91290291629896	96.38112832359383	97.34731278059434	99.56758142118311	89.35395352150822	91.62232341145194	73.32267089958961	99.19780352144245	82.05001364409941	78.39584468238648	95.39619755444771	99.571468973637	75.92674595601922	99.93043941366865	93.87544752049941
79.739133334526	86.28244562427074	94.27634655565117	96.62873845368784	95.5571407116515	96.15691716581141	81.53513680371361	85.85834621420764	95.22128890448613	94.59294441400448	99.20975883770396	99.1607622856795	99.57737496995995	99.9006744980212	82.35904582331412	85.25186760376076	82.24029694567541	99.88611782913156	89.65818497486956	86.08706523001337	90.6132094549657	97.40271180657739	84.34992618324181	99.65267427706561	88.102567648416
87.42386800066674	92.19840832501825	88.95632071082574	92.29473230730274	98.64036128796212	98.84063039719176	88.60403000944102	78.1148039757348	98.45316338288758	97.93012527139791	99.93060442646194	96.64634430947501	97.46553731802703	99.59019633727821	89.46712327771584	91.31764432507693	73.37951699415018	99.27750837580847	82.58035974092741	78.71102279401158	95.37235922740749	99.53492861110014	76.31598676111841	99.93131050649413	93.92311622778871
94.01745918433546	97.18104373693325	80.35232060616046	84.99758314384772	99.95550065201958	99.92562750857543	94.85219366408363	66.0237827711036	99.94476284355429	99.87508890162266	99.9370832172212	91.44708350549794	92.62971412590854	97.09756295518882	95.28713058507064	96.63362500156852	60.57586221169294	96.16321826055047	72.37938101839727	67.28936770814377	98.89975505172269	99.65725959550704	64.58968961445773	98.31942807054971	98.08085696617323
99.69770264188392	99.93976019641809	58.99762256294532	65.98613574478327	97.36559474470705	99.0340484742693	99.85105957909435	39.6068758801669	97.86898913339199	99.53315550908744	96.2898971473406	76.14161320560781	78.44066644570093	86.43673628734587	99.92332791122568	99.90312078115534	32.95982655159965	84.82247298949213	48.12375251977141	40.98309481185907	99.93226274163001	99.61384615066822	37.36729687381604	89.50463563661575	99.70222502308818
76.7511871646357	83.58150628854146	95.65490547895499	97.8161897293285	94.00800209548001	94.72062332298594	78.25776539945899	88.27281919192956	93.57545175308114	92.7775653406482	98.44694315176309	99.63780597122614	99.85485132166846	99.64731240202373	79.65758282508692	82.33888369375295	84.81555881206039	99.71953793288236	91.37355616593423	88.80834234847583	88.25038350169187	96.31123765521433	87.19993832200807	99.20547041446716	85.64729663374973
91.6981899376885	95.46499757970413	84.00745328693361	88.10637079041173	99.73357209414978	99.81024610463864	92.73902229953723	70.99712446940106	99.61089206604061	99.40958362431375	99.7906868872531	93.49405688620267	94.80331301677325	98.36129713432241	93.28469542695342	94.91357090151973	66.03690298096257	97.62542622808684	76.27700134184539	71.91722846950344	97.89450748447544	99.93898560539958	69.416790470688	99.26792885444205	96.74054669031963
93.64643072245794	96.86689906020314	81.05710852850882	85.72418889849338	99.93935808578111	99.96031050597361	94.28450983411338	67.46578689721913	99.89016642015335	99.81201729499864	99.88549708361516	91.74026738678621	93.19148041289455	97.49289700482954	94.77749238622974	96.15855614096574	62.17469450807253	96.69625193876135	73.36790823423959	67.88143912213422	98.65209514712281	99.70804292650843	65.43969627155842	98.5708698351168	97.65808492452072
93.66489055861102	96.94202607514069	81.39191633087648	85.60401766983514	99.94106892632246	99.95919910496734	94.36320107961419	66.99980517518824	99.92193847844052	99.83182161514769	99.89441763823298	91.76284430561435	93.34720891766791	97.34284243606488	94.80679389003585	96.36723142808322	61.57418574303034	96.59291481519367	72.90602253264744	67.77583215148067	98.71044536989841	99.697237966274	65.56101846989411	98.48221654682737	97.85040380588266
95.28148597423552	98.04723946907289	77.80903247724035	82.86707884646634	99.95197241604798	99.84239684369395	95.87401540738148	63.41889566810448	99.94661477617565	99.96002518396875	99.9230872210476	89.93062822092782	91.23006770973761	96.09189080884381	96.37377688972001	97.45685779203494	57.38387446566738	95.14776195547738	69.65248742865036	63.97206861059729	99.32441787636937	99.57473294457563	61.27621257312866	97.69742181221631	98.67229181547967
96.66250677193896	98.88984128887947	74.25765034223969	79.73914817151879	99.8750193474503	99.83917737644606	97.19813170936469	58.12933919057451	99.9294910375945	99.84504804510448	99.56399598498118	87.04032146483314	88.91077310415396	94.62223653197245	97.65437235350706	98.55188541791044	52.06022137857398	93.35538413942839	64.67503924314902	59.19913832097235	99.80611595791929	99.57516611873439	56.50655167604375	96.26460647254501	99.35234466923575
99.96008000080758	99.60406785377781	50.18639921730683	57.14093830645479	94.72282570352168	97.18118682452626	99.9583793569207	28.80188794368554	95.07019752611143	98.15620361790539	93.15219988078036	68.22542306843546	71.58963191859681	80.7422920165058	99.91385342265853	99.90032414577482	20.1444548027486	78.77064939306486	37.20274724636097	28.86074560875777	99.53799947647607	98.29555964942466	25.30096352844173	84.35057694985429	99.8303297512732
99.68952375883002	99.93748146016443	60.27642350529091	66.81092742064314	97.47737565692421	99.17844466573254	99.82598250788453	40.22412156126908	98.03152209679034	99.63212234670257	96.52583406008164	76.39368972537908	79.24607403873749	87.09686649025552	99.89698289305797	99.92718373938793	33.11336786585054	85.07177682836821	48.17790338063666	41.87346275169458	99.90850868417216	99.67857017779038	38.26637028107488	89.78707680494907	99.71345157099448
98.14633659302004	99.63057818732059	69.77353676443327	75.54688834979838	99.43132413608969	99.95021320711096	98.44431291604454	52.24093706950954	99.59751506050398	99.87083647404623	98.8921004841562	83.86567209935698	85.695787641783	92.14520102576611	98.74918788644901	99.42065132898338	46.68400657601719	90.88933995505131	59.4167898627024	53.55030259146302	99.94454446720061	99.75293549343282	50.64477272770627	94.4764488002173	99.86234474316178
90.01718635667785	94.25586342472873	86.4413024755497	90.18645394666825	99.32364397925339	99.57219091721905	91.1316951550349	73.79568877851376	99.23961498665186	98.95541344650823	99.79518647678358	94.95914949528625	95.96909588738356	99.00967040347751	91.78130813340169	93.63889173089761	69.56089979072115	98.38727464345871	78.95215481520464	74.51453912437394	96.91473791760009	99.88326419393601	72.54374883196049	99.66106056791814	95.46180359916062
98.49600650529773	99.75567647597289	68.07843549926281	74.28334007934502	99.24536749330503	99.90958606983286	98.85289991043577	51.23079636141219	99.45410925774124	99.91509731865791	98.65666770698903	82.95957172208188	84.67558693760978	91.62197780473169	99.0817052770268	99.61445368556247	44.17593214913966	90.06375764225008	58.25925859820642	51.39237766661815	99.8932748379363	99.84256163435073	48.3995759626421	93.95000290747933	99.93093746656315
97.46150218410638	99.26686883785867	72.088546725919	78.09713919667041	99.6955997379516	99.89738124039756	97.81118623154052	55.90376819793826	99.82569210400068	99.83396733062557	99.34164211132425	85.51343841216487	87.39629501925184	93.57163011224586	98.13808478049893	98.99767095172149	49.41647968005521	92.34270973456427	62.20462696950481	56.27644558271933	99.90863719827001	99.63452610970991	53.88192037922226	95.55200461667064	99.68307259008273
99.80919057974366	99.95184767379261	58.05726139570442	65.2964003714594	97.15500368856534	98.82738124712802	99.91083065538204	37.96652601404968	97.38920325783791	99.35671741022014	95.85121933020254	74.89851173354097	77.52325346823132	86.07440750211708	99.9495412751909	99.87384703569595	31.36317832465281	84.18154846628822	45.84736020051778	39.31438136209071	99.96031115328495	99.47625030168153	35.75354864751602	88.84659721774244	99.6895551227404
96.97740948211559	94.55104397550677	22.49942597989125	31.92216551543235	83.60781680956309	88.15392023274144	96.87249164833034	1.564861613919712	84.59774908721602	90.42355091268765	80.81519023419359	45.877307007635	49.37932195042708	62.84840511362177	96.04355461184684	97.4712141259516	2.201273747096756	59.70143950029383	6.517830263427515	0.2258218549147422	94.18367041667628	90.43178333064847	2.292727324642139	67.55256125774012	97.62259378383041
97.50801727375492	95.42086717756376	24.69509532371735	34.29593586735813	84.56991217352878	89.41183689318972	97.35452559472768	1.15427150219623	85.98682986479452	91.40090004593313	82.29366531232199	48.46030294155908	52.28337411644176	64.88787840518178	96.71918964526786	97.87546292999768	2.120403027975643	62.01000624848978	9.586180403397126	0.08239209226842406	95.02300789451287	91.74605397826299	0.005940332104596568	69.40758046083742	98.12973970734714
99.96028607991181	99.60238657140293	49.49005394642967	57.48389537683879	94.61653432064895	97.14923522933981	99.95634843293222	27.97091575501141	95.18102776320505	97.99552475855504	92.93854621498096	68.50134778381707	71.47402835798442	81.01268843531638	99.9094211825763	99.90632187881776	20.02993784028877	78.44324787285385	36.28279601324949	28.70982794147015	99.55911189806311	98.22728026570857	25.47964930447473	84.595138143621	99.83899230107372
99.90975118572058	99.95137487544265	55.79866348331856	62.83117456971515	96.51655992740285	98.43380326107605	99.95587414538441	35.93743274238145	96.92968253378534	99.09703841155745	95.29776797028104	73.32706296184539	76.04824278088651	84.74783513165279	99.95545374850444	99.84464877599663	28.27250167702206	83.01659847450765	44.40856521422215	36.43791512116895	99.91112435876603	99.21051034114471	33.49433504379542	87.66507227137735	99.69009648432777
98.39360443570091	96.46092890811548	29.51709858812735	38.7297360928246	86.8487261214247	91.33314783061816	98.24296714424767	5.026521739086554	87.77853565226607	93.10328944946524	84.55432396220552	52.54738412366844	55.84597188615459	68.5126165353213	97.61082195756757	98.63741624251148	2.35297447860527	65.12939962068781	15.13830571555478	6.505314619608127	96.34993139694774	93.12835504746559	2.160468749584443	72.53932007458997	98.85877538789686
98.63846346297906	96.8943266854624	31.57145843832787	41.26289848918271	88.01747982048121	91.8439519637873	98.48087198468518	6.988925558582338	88.94673910363692	93.57450699952361	85.76823767174065	54.08307027575236	57.83909546350473	69.38295077945057	97.96022942606309	98.92073670453617	0.5554307777465852	67.12106211314517	16.96708370548694	8.64318012343176	96.63458682667313	93.96063888265056	3.548037643538926	74.25426145159666	98.99851961207533
99.47607932054129	99.94694428310872	62.11945116836912	68.4840745464783	98.04632195570774	99.37457479896399	99.66274962625636	43.19781994740468	98.34367060417777	99.74632229046291	97.01001336126656	78.03420015014983	80.51734478565923	88.20215863750815	99.79694713511093	99.95714665002721	35.6542721252435	86.6364926515119	50.49061865717101	43.94364947180318	99.86376800097649	99.82735955469178	40.77606102578299	90.95836221599941	99.76180011536965
99.91887073127663	99.36328664045725	46.56139977291608	54.69621372994364	93.52109860442816	96.37172327808695	99.88434131286412	24.39681971968388	94.23317325695275	97.37804699447597	91.67364506287301	65.86707643354018	69.16585410500478	78.92073784628575	99.7248207889717	99.94763454036269	16.27054887153128	76.98484820456008	33.84796372775409	25.99460996659141	99.14470104982526	97.65579066715983	21.95884233960466	82.65564303650888	99.95909869061434
98.10906959665446	99.57838765698723	70.23502460228667	76.1902590968453	99.44620564105196	99.95176270062235	98.39683652241949	52.8270163927687	99.66196573933048	99.86473223900001	98.96487623889281	83.89866472994657	86.16022565001558	92.40520991705678	98.70938517944474	99.35625244162736	46.16359787648634	90.969559220029	59.93161292640221	53.9539046490884	99.95531393886972	99.73838678415707	50.30096522926327	94.53831940284472	99.85820444647875
