52.17257845797407	67.95086929781223	84.35836345018932	90.57763495571317	90.30884393046202	91.61510566650867	55.59128154407015	61.4981686760832	89.21032536462759	87.69079110184391	98.59966751235373	97.11429916087798	98.29355450412322	99.86595135591323	57.94094141980564	64.55185709087343	51.77293650141287	99.89994779148348	71.17697428263141	63.53603749816358	78.18923411305548	94.39372203452045	57.75127106648369	99.42191298156057	72.96308615481668
2.690297301502124	2.752500073254922	99.71924293691572	99.00892581453056	29.58813007871857	33.43861176780918	1.024232258146537	99.09615644528117	27.71743604850517	22.84145569630119	58.14133264322301	96.40937197679918	95.11124354117688	70.69437634535858	1.779083823188885	0.04859612460102272	97.04847322194951	92.23210350740446	99.88770266627132	99.1821797487715	1.088799510799044	42.59703388704001	98.51366994616701	65.40418551642622	2.224042856866229
49.11092890412137	65.85176967614336	85.50280673213591	91.42871861119895	88.491994957974	90.14328409321249	52.48723793556179	64.11396224238864	88.39852781568634	86.02048063955382	98.01102999721824	97.98668422724819	98.92135750348623	99.80124975038416	56.00628209449674	62.6298521987018	55.37122546623874	99.7164953386978	73.52563770610801	65.1622426505232	75.88050038568193	93.38256166424969	61.12248942726966	99.22046747460305	70.05585515491271
26.9783347996778	45.1349945183098	94.62884349589164	97.89699136103658	76.24126798771572	79.13189415062433	30.56709716259993	79.35126697133205	76.06224435484282	73.13465104054454	91.49660361442717	99.85286536102453	99.57590142624612	96.5923146393644	34.11857592996359	42.1776031527973	73.29116486927667	99.24146084264532	86.75396279357905	80.48135595462846	58.91697424321141	83.85289430947661	77.51587444722018	94.25952691887842	52.2713201109516
67.80317407609327	80.26033339551212	72.70100706741954	81.19578629040595	96.11102309538204	96.99902242619346	70.69057452356762	45.02516947384557	95.75614802979162	94.8228017363507	99.87018595902344	91.46446228330556	93.6524566960175	99.16693976351719	72.30934444342651	78.27017233957389	33.47642582219294	98.20039061157553	56.3077141961043	46.34128173402486	88.31890438056774	98.65329445560408	41.3339968807545	99.83935664450497	83.93718017622959
0.5768865245298231	13.89111883228853	99.78833908936512	99.71550454506345	54.49098654469833	57.01740757722559	1.600817247917938	93.22280697097592	52.56925796166185	48.89830341876693	76.13888406890676	99.8710441056779	99.63510447648954	85.58558707945014	1.925922014778844	9.546595310153993	89.10974718372874	98.63080451676798	96.87345989176818	94.07420477134313	30.93832314218691	64.07042077098656	91.80113081061157	81.40396900152516	22.12011191057227
31.08485511008634	49.40717631191593	93.11370627159511	96.96966724641591	78.87523082118454	80.88285080500771	34.54093260447726	77.58817752250425	78.44213057890559	75.91105487226847	92.8373273736554	99.84217000483596	99.7373156457521	97.35637501308247	37.66072767760844	46.2671644248854	70.10909095749072	99.16411716235962	84.85346609424199	78.41164355366381	63.33332223227194	85.94306548118973	74.71636667064101	95.68769809746424	55.5154366412959
37.32461249536697	54.44405691407061	91.16964762502332	95.62635520815633	82.64150363526463	84.12820811153124	41.59554033918419	73.30979166744235	81.48111054053702	78.92070523422755	95.06464763913249	99.52121479172102	99.88368925032479	98.5109359376854	43.52340138681412	50.97106962756219	65.3359598615038	99.1750524303652	81.51779872689048	74.61379011298484	66.68325902255734	88.53625354120641	70.73283801547103	96.99081478191242	61.05839541325781
71.19795811403631	82.61017635830218	69.91432601614409	78.71914332074374	97.41351553517322	97.92644582700079	74.0877011074069	39.88982678351945	96.98044491919272	96.07081790749855	99.6411316186269	89.77447348799976	92.21022124928332	98.37125199490868	75.80068439644177	81.07047469265845	29.48188254374825	97.42886653166399	52.16249618154614	42.35128923307102	90.06878680986134	99.36202148336068	36.77315929537284	99.67906806084102	86.43303531727862
85.18655466271639	92.89445142183574	50.95635078719154	62.59225843714107	99.87905795592926	99.82169905868365	86.49775578194885	15.51028646672258	99.84294886518795	99.69281023580827	99.83309315176035	78.48769839646964	82.020303154807	92.76542619380051	87.96520179579154	91.29187525933469	2.697699774410378	90.53617091423814	30.19268039709552	16.6285687548226	97.21789852159759	99.14623756374783	11.28760860287986	96.04828214742874	95.19801228059391
96.22936525558822	99.50940808322085	19.64716295562497	34.73738348857307	97.72569094951716	99.74427584557451	97.39970581831518	2.84033221342247	98.31144499208882	99.83823068125984	96.37816556217193	56.3525403777942	61.14369358087833	78.18512370455051	97.85825089704392	99.15587500143745	1.986904236065943	74.7541504781943	1.921957860032033	1.340409497224961	99.69600845320637	99.69766548213535	0.2285077926258295	83.96104780264247	99.87106058629543
54.95038496944991	69.50206750069779	82.8428534774459	89.3055504510266	91.14859791622609	92.41042828916073	57.22982656441265	59.85298995754381	90.59648510331125	88.44925573242476	98.86132514955305	96.88397196188261	98.07894092475418	99.9004636125125	59.89729787374964	66.14253354735457	49.91050881782127	99.86248816444588	70.05436589166146	61.593919863357	79.01477644488473	95.18931846426936	56.96070968619803	99.58167821757591	73.79103786750451
88.34491744263745	94.97475303536483	44.53059623244753	57.62520087455172	99.87976108928572	99.59371619717695	89.97130425044236	6.384980919671768	99.86313469580806	99.89918939351561	99.73938211365592	73.75611298287879	78.07202449690051	90.21093311210225	90.83752730383794	93.87115304132851	2.2330308218133	87.72647301860712	22.88024839412752	8.270339032552664	98.37201420147781	98.92347057517074	2.061737163953314	94.14876559686502	96.72736444342863
33.47666200111219	51.43287179307512	92.41038746769159	96.53968667060479	80.29072462619928	81.93560833914961	37.48670947277905	75.96579624759939	79.7191120698527	76.82246021350588	93.82976931901298	99.79614519584717	99.85165431312872	97.75962798602735	39.63402428654231	48.11039356343727	68.74409467502362	99.15020102857211	83.19571227832753	77.06431010307075	64.02701834822703	87.32483520219411	73.48808468049984	96.30254533693933	57.54959192454186
62.9444010806912	75.97773993359591	77.51629402378887	84.69666870183342	94.49296610115945	95.17724197183772	65.37049144839322	52.12816505429414	94.02563155331875	92.56218075560136	99.73559654711035	94.06805722811029	95.76545839836619	99.74767276388459	67.88828241952892	73.0912619443925	41.61860436661919	99.22261187539596	63.1844485230945	52.57188416777458	84.51978733317765	97.39950404343996	47.44213196301079	99.88539453470474	79.65260879661041
99.89058209804371	99.21214780810305	0.6895071861827287	1.689634661236787	87.26546978363012	93.21175056365792	99.89297378699375	0.6440169566951401	88.12909981474645	95.65577402446127	82.93400529908672	22.07785432377151	29.20219251611244	53.43180042999174	99.80106174909021	99.71199624942216	0.2381924867677022	47.37758496382741	1.732594725221615	1.684160905922385	98.99097865465535	95.76148418268097	2.784562076262584	61.91212208524767	99.51302718054781
67.3189948306854	79.63086930272353	73.55392667883613	82.25918629088291	95.91092261360676	96.75214261103629	69.29234891442469	46.38406867552725	95.54147120332615	94.34090805440027	99.89034099271498	92.34133028637265	94.19716431811504	99.28045904009971	71.64413645818419	76.81187090746103	35.2694687732853	98.56642500507108	58.07593728734539	47.31910250040778	87.24656930211118	98.53617084563137	42.52900063405891	99.89518635597902	83.2243342905348
76.92555015893907	87.15680321499173	62.25630867681748	73.03801728256728	98.9999038777329	99.25156211160436	79.38649671236718	30.96075288803564	98.77343658228563	98.08809527762503	99.45402892178794	85.76879642434751	88.49366834134634	96.56451185205221	81.1417045816959	85.85167197401621	17.94345053950521	95.29277948097111	43.27005279428603	32.86795060380261	93.47028880591546	99.88526619454437	25.95574461090148	98.59054863470958	90.27725963910436
53.68959200386745	69.79809581090257	83.10186737347553	89.40310622569407	91.01325415740975	92.26072355741226	57.46656989448533	59.68273226236403	90.40865766296136	88.38989293783996	98.72825900952228	96.66887289550944	98.16448194318788	99.90038683094988	59.39305183488158	66.26531480813014	51.12717412331661	99.85316680481768	69.51493925673761	61.14886822855676	79.39194669844333	95.0193173461965	56.19871281099542	99.61918948418852	74.08328515104765
98.20464856847875	99.89665515611728	7.474641654457981	24.16806676935649	95.72403937122573	98.78307923829331	98.81829128458749	1.684836514045114	96.45779961204873	99.57790176930733	93.47153841680768	47.84380463429952	53.46250026067313	72.428087961171	99.22741485079072	99.80739114323474	0.5136685067803997	68.08756629580898	2.845024274269685	1.333569842376398	99.61910320492467	99.70123144537698	1.65979225956707	78.21296263256599	99.51090526045078
89.83108980780952	96.13028108302279	40.36616486592251	53.44740648158626	99.88537767431303	99.55360453806806	91.08879579735915	1.712172536871137	99.88437294331595	99.74531396362846	99.54544866191107	71.68758423709492	75.44068883486439	88.60897975646149	92.63329813714425	95.09525844020224	0.5770721503129614	85.53231568821255	17.23228293032986	4.250134347307577	98.93651332376676	98.88705090757351	0.3426721913952551	92.80008680628792	97.55185387723544
87.29730135634279	94.21569190236421	46.45510097935206	59.50110458643583	99.87650514615547	99.65730953909284	88.39702506797175	10.94688800013837	99.88686591889608	99.86702804912233	99.86942287120564	75.4940306066279	79.42552314867262	91.42364370535871	90.01275378261208	92.90815673905139	2.170240986640265	88.50475741555582	26.18235413220563	12.5797980063359	98.08075872364579	98.98487325407167	4.571644470974523	94.48337043831128	96.23968473323636
48.57855421726673	63.82112788237067	86.42037729757183	92.25103397344154	88.02486794900722	89.63992418204344	51.15018411614072	65.36171377352842	87.50152395830943	85.66754677550169	97.6560271599981	98.08249478256531	99.08504837787365	99.67333455339337	53.77679369064889	61.42124448093982	56.0460012346195	99.62354988027418	74.75906252919951	66.65273582162747	75.67595756871719	93.30560843832629	62.71053504017152	98.95530284461492	69.58214397869212
63.14417119897497	76.69818046367057	76.78108579481452	84.48755850852874	94.63772617177393	95.7195812744158	65.87068712731316	50.38743252352362	94.04120952743934	93.16771734494966	99.79471401109032	93.89852511845788	95.69767750251216	99.60307194657628	68.28656466239636	74.42013608199018	39.92054879111294	99.04353438770457	61.31556489872106	51.81351253575925	85.28044594850685	97.81534930001655	46.28579274468864	99.8841638387466	80.80714271933844
84.22203013444465	92.44251148519626	52.12710107532648	63.76551282886172	99.86346823398827	99.86499391047847	86.34060479130837	16.68967038236747	99.81179684824177	99.60165957704361	99.78234135711614	78.59613094510715	82.71950879367769	93.08059139428188	87.86263170584886	91.22436128753687	2.054434085902346	90.97203917134722	30.85091171323145	18.82051055247239	96.9687449031692	99.18999949995589	11.5580058345114	96.27826387507154	94.65388745377894
86.12650635740403	93.8240273657495	48.6271677806162	59.93550469755989	99.88691191133248	99.69689866491301	88.28251276794362	12.41086200734325	99.89814215291111	99.8366626620586	99.88191157086784	76.14867696084524	80.64696933605116	91.6914060223708	89.30011056616061	92.41551240065546	1.019450913953415	89.09119716130556	27.09143047448779	14.48863170818169	97.82574038529499	99.02352116982804	7.022811959059827	95.19933774249793	95.7227881253027
40.73266501251003	57.7711022371813	89.68709720124205	94.46269742842273	84.45840164579529	86.14632152249361	44.67940020867629	70.87380095356501	83.20893264239653	81.52962596038572	95.80624190984102	99.1814342656981	99.76291044170625	98.95920752072446	46.83846913220975	54.93681101422185	62.31510027158159	99.26032789299656	79.32511113694881	72.29947485665313	69.94063307015904	90.51115515962837	67.96575761966159	97.8764068925009	63.93891736659963
44.83601129587554	61.95568456092667	88.15877515036627	93.3894127418083	86.78522335275566	88.13949344579157	48.59965531148545	68.48640377177469	85.54806797632942	83.69219998525492	96.95542728365191	98.68202977176462	99.34911911756828	99.4897728892951	50.66073064705983	58.24694966106878	59.57101063844217	99.43129454135982	76.60153203171312	69.41056075344018	73.11116682841109	91.65973261123106	64.82271201172796	98.41875165648129	67.32420915510873
99.15640530815409	99.84313503438825	0.3144280302240677	17.9185457166625	93.86797549868595	97.86174775385896	99.53455684707585	2.024950305350314	95.11996441323869	99.08928821731512	91.2211930356134	41.09776151790163	47.20903305856701	67.26749765228401	99.7167036953272	99.82603352299105	0.3367194749627904	62.88135825040278	1.704382581214038	0.05348030825384356	99.76275234712051	99.1023002442261	0.6628110041494641	75.09717920154841	99.28604524563491
45.98661099864473	62.92175407313076	87.66485923645615	92.83575262217661	87.05827175717127	88.7329882012876	50.07182418536465	67.3035934798767	85.96080504480783	84.63301112073597	97.29136565811032	98.61807011998637	99.32448572021372	99.49981342925194	52.43326918045209	59.46852992855361	58.41585017249271	99.47543362866523	75.69188861693522	68.56777275593868	73.02206751925355	92.41795258610013	64.57364790567446	98.6192472814554	67.59602322826552
86.75524268527475	94.00802362681378	47.66448718402837	59.39670608040466	99.88281611772619	99.68519405028874	88.37077702384852	12.23376388392586	99.89961669149385	99.85039711802271	99.86511174605354	76.48618549595784	80.41839238368713	91.57135056517205	89.1959935792508	92.74861307960676	2.087295300408493	89.19130668607197	25.97594106909186	14.01156251133335	97.95086891986374	99.01248710654131	6.612492793506153	95.03586139306684	96.09617711566696
99.09148495014276	99.84349966105179	2.310374621825008	16.63346751795955	94.08785040403124	98.00355579832276	99.45374432046985	0.8059681870697442	94.97151080588372	98.98320416562679	91.62849435298558	41.82682636882959	47.24292595519032	67.86804142901104	99.72079089253327	99.83574173566143	1.015650788166761	63.72126215549338	0.8733764617397264	2.459525477094291	99.75458982977658	99.2024523243293	1.202405952899542	75.12154013712559	99.29259604811463
86.66148496443738	94.45131272902385	47.1682278759537	59.46778308442487	99.87784956420732	99.65192133308095	88.55242992931377	10.96615734880318	99.88451916015778	99.85819180499811	99.86936903725709	75.68220089656448	79.6441477469055	91.30544876385878	89.60877790017754	93.12651478469208	0.5995269652179667	88.40693669899272	24.69090255382224	13.03723993105559	97.99757732531305	98.98215989702608	4.727981648179236	94.62516392051702	96.02434252610007
99.08547755058518	99.84349187424793	2.088191941468734	17.14123258969543	93.71326526861978	97.71765128863088	99.50516441879414	2.734760052926574	95.02997713544046	99.10217809690621	91.23427166717384	41.43045898533687	47.25665639794122	67.72901593650113	99.72703296577045	99.81473346627196	2.595756795966441	62.77486120378569	1.148575953554115	2.702307578886264	99.77000221769708	99.08568653890457	0.05644332657796561	74.74570776649283	99.28191852709368
99.87468380622052	98.70648712715929	1.361564162788633	0.7087475110614381	85.19702326092519	92.16857508227221	99.87810176361093	0.7591790311555231	87.12779944491503	94.72383754232627	81.53905748537665	18.514274983908	26.03244606573356	50.09211143810821	99.663846973475	99.84205101659532	0.1712823271051976	44.20149632402525	1.932607159659256	1.924547021777844	98.48897875672459	94.79272820553369	2.637294128225075	59.79739124782461	99.70929160163267
98.34905594846428	99.89486247116432	6.012452470901852	23.09281844203992	95.62209311722161	98.73696606466757	99.0085153433081	1.358511359096755	96.40009672916676	99.60066239080493	93.35689603971326	46.85697811768359	51.643224808171	71.32312188429954	99.35361992447835	99.84193256217598	0.3774322017994902	66.58812976619271	1.437016192667556	1.246825399838951	99.63047621856084	99.59205649849994	2.331376612923943	78.17145102465585	99.46872130059833
85.83909262135721	93.43188101348294	49.55100054806962	61.70758005090378	99.90023465437076	99.75743458622543	87.75205618640075	13.38534489617776	99.87816625729964	99.75933118176249	99.9004263001051	77.25279623956169	81.08603710197843	92.01933453828858	88.92775198794163	91.95093755194529	2.105005580294104	89.68551575111722	29.12676809861152	16.27462731153202	97.41585911893694	99.08124105302647	8.379724545026646	95.36307136125338	95.52484224746013
80.76321515669393	89.92929061060146	57.72871854805075	67.92882358139767	99.52679983219893	99.70407160403838	83.06476213689247	23.85125296312132	99.40836577250194	98.92543975135023	99.52435877529602	82.39933199986089	85.86262576493534	95.02136184418679	84.24799197504392	88.41311468047715	11.44943898162548	93.41020834879463	38.34037772709319	26.6466436813083	95.37495839384803	99.62727077190617	19.9759753548415	97.76224220969834	92.43474801425272
98.45427740625385	99.87811365015804	5.39861953215005	22.02077438559118	95.01895514937986	98.59795354980712	99.08267711976369	1.489167546434175	96.15848435356814	99.49818888542541	92.90693457958798	45.80479008816501	52.14579784473646	70.27690646162097	99.43669349208137	99.87482002818861	0.6188462365005978	66.95860656227464	2.382481438914912	0.4583224105764376	99.64441354354112	99.58474802408919	0.3449880324542484	77.84919656504384	99.43325962408929
69.67906153787999	82.14798129569266	70.27758186081005	79.49326713077235	97.02638704431901	97.54100206733449	72.93691996343303	41.67625413152252	96.65864588529379	95.82452821944102	99.71134673672168	90.62277816200353	93.04785991378101	98.67167039036264	74.38124267492394	79.79346572781253	31.6012311333152	97.76837305729035	53.78583243474473	43.21439644638656	89.28595098821032	99.03315447984778	38.59655653200277	99.75189655192383	85.77773205363783
94.98579302415024	89.75317922094909	2.496073418664663	2.283539107826542	64.48244934348412	75.67084911546456	94.74434137765772	0.9808171109070134	67.62100570170718	80.64497238242087	59.20122796157386	1.894025179763595	2.994141406528827	16.30052924318824	92.92338958551719	95.94536821494073	0.7872020483248778	8.074186783377101	1.012236393076394	1.605137813759619	88.89441555753331	81.3546677388797	1.684048053974879	27.28638668200109	96.21287380159612
83.93195191577475	92.44463379249591	52.09548237066709	63.52293744684837	99.83412082342318	99.90004748870912	85.90363711436042	18.16751056739172	99.77197147723989	99.59146653780824	99.74523368079107	79.13534736685568	83.1511251562157	93.28098350955301	87.2768048051433	90.67975377064846	3.727035627173836	91.25654925258193	32.56954096550254	19.80586917584674	96.88778899576187	99.22744847147422	13.10590662255533	96.40077382833529	94.33053525127475
81.43581687164378	90.47442011232091	55.80184146530493	67.52655101486774	99.59709418479603	99.83527890264496	83.74878426777488	21.74975135729466	99.52203195616649	99.08942959558449	99.57295968273178	81.78602275651971	84.9954632681716	94.78567554857324	85.18761190804436	88.91899725009205	8.917637393164258	92.78486162391034	36.23890072837457	24.58724657921501	95.59796863675918	99.49529263810797	18.44595164730631	97.38864499391482	93.24955293452479
99.88793444970612	98.78468284249824	2.889967749281066	1.061687527608209	85.75042935344696	92.23501246676334	99.88565782973147	0.09536026017937273	87.21217200163593	94.95459080830642	81.77330133682315	19.26315727323237	25.9433111370804	50.85258732428357	99.62916678539925	99.8144339210257	1.448593579474304	45.17463731991091	0.386925865224618	1.968238997508597	98.62720853874315	95.0562640551759	1.297733998558959	60.28232180281765	99.66876075146678
80.83639942215318	90.06895303714424	57.21322992462614	68.49236526506515	99.5570750264358	99.7707913191034	83.61940357047732	23.22837425593545	99.42717699272394	99.09371724934591	99.53897354512678	82.6473370838705	85.69829857419471	95.1401516852502	84.83793258859671	88.6430507421999	10.75099241747808	92.89706248933015	37.47780425070015	26.20863859884966	95.54566666107448	99.58101645744377	19.6282998225523	97.64256399464382	92.98779782409308
88.69361254996832	81.81732265183169	1.150989098799085	2.746335992539174	49.95820384027206	63.23851430001007	88.08763698492199	1.726687771279739	52.85878844655305	69.46158783183476	44.26129236868627	0.388815948803251	1.310597025296347	0.832090093597998	86.21758811715297	90.11814549268531	0.2148761405261751	2.802946796519643	1.249675444554573	0.9758714766785688	80.62451800277223	70.6432171376687	2.61847766816069	8.526777282545817	90.7423505334563
99.71680923181214	98.00282715804005	0.3148378168980361	1.416560659503141	82.7315251041354	89.8881828427828	99.66808892838807	2.053016359680822	84.1738817714544	93.07325949600397	78.63762702184984	12.90169363547751	19.71954886321188	45.13321471498634	99.23532072801025	99.84797591474181	2.957728292853971	39.35553362735463	0.9022866455144227	1.178332619510964	97.67559550199927	93.16855346697538	0.6363255930643945	54.50055423129039	99.88545866395368
98.94298558061169	99.84421969404193	1.310943129165476	18.13728777656544	94.18130668568492	98.02840063304555	99.40755900681428	2.271045759518028	95.21352335350808	99.09121409225699	91.68882195814075	41.81476136695207	47.95772185349018	68.04851645760544	99.60673629978075	99.86675450453147	2.847227060122119	63.76455232992575	0.5062587164636032	0.6717208618740607	99.73138867532053	99.26080730701572	2.490427785139542	75.32908484896946	99.31224320374145
91.65955467318491	85.64166597948181	1.429141529150162	1.726799430426983	57.07244123703587	69.46172631837715	91.53774833722804	2.361106873161034	59.55997066124274	74.82784489527165	50.43008766745351	1.941731218903251	2.617828966450135	5.010452871589144	89.48051144900346	93.14741385696883	0.5138669014109916	1.920581081727985	2.292825160529834	0.07249392257717982	85.3044961882796	76.06674174173914	2.222437082543521	17.18409608027557	93.66418002556267
79.88598543787015	70.71250774291646	1.330049400725138	0.01833131714915606	32.57674780715987	48.32114101833216	78.83393149848391	0.6224627948573012	36.67885535870202	55.65891798408282	24.31348601642028	1.785046236767684	2.835416508189395	2.551496431734201	75.70968537900713	81.70723771265386	0.7371257037211705	1.272760297174827	0.2252717142444618	1.95256274109113	69.07243023323564	56.27999694884951	1.089175083604839	0.544945850688576	82.24113904294839
