19.98834269835756	41.08649864655869	96.13938118107728	98.79797287268197	73.02994659790826	74.9496408837519	24.08533986772179	83.03261890072616	71.94327546825818	68.89911449763491	89.65694913917871	99.61643086174254	99.47762184644452	94.91991570674649	27.35710298065584	36.0063065611267	76.23866435420813	99.45394513800007	88.95078075572933	83.72173054131515	54.79824904908278	81.03189005218742	80.8825462382639	92.55642968265428	47.10299545177207
34.79693707096298	52.90356084584176	91.64512490727545	95.98683577318087	81.89789735583639	83.25443726771731	38.73479684010681	74.62477894013801	80.34066287043356	78.33663942945117	94.59959939013579	99.64116388392587	99.89914497924585	98.10189146160876	41.54947373469953	49.76384677153052	67.26770125484191	99.1586528358195	82.61131343974367	76.18267112102853	65.7046097999371	87.76300945319447	71.64130641822844	96.77327852026075	59.65863496567692
28.15794392718758	46.87216322235449	94.18945223745942	97.77499708914247	76.97510081405112	79.51996115752078	32.2163020277871	79.19557861160139	75.96233218341821	73.4329094464272	91.79921719061873	99.90003232674324	99.61430180337135	96.74819379522116	35.37302184562495	43.12660934814895	72.15014134156398	99.21116405105643	86.11474873887708	79.88024912103762	60.17412172146709	84.20691078227445	76.94990192749191	94.52505868479906	52.52676993666856
64.88052106950511	78.19482197622074	75.01944071231263	83.84747297734339	95.34033946325722	95.91536980062072	67.81970928763977	48.3471167642625	94.50153498972607	93.72111016401735	99.86124489531353	93.26951997343167	95.2643561468999	99.55490363220349	70.00570424563264	75.17147978108913	37.61178136200903	98.93458234674371	59.92839309448736	50.78000065625687	86.05304488136809	98.09585295513646	45.88338582546007	99.89220458210451	81.8770940140126
59.83368376805296	73.15620782852844	79.73254108208207	86.59321630248537	93.13453023828176	94.33180761167121	62.6569767533787	54.80244429853145	92.38883816770934	90.934029499608	99.46283355588703	95.47002060447221	96.87784749175367	99.87998191967063	64.19995209017809	70.89638775048842	45.35003294949811	99.5742122128688	65.50244990595176	56.82126084524472	82.28479558377474	96.57647602102996	50.87180963792255	99.86937142435016	77.77855497504201
79.6599456449443	89.02536180201284	58.7538703994814	69.69895591355809	99.39257796407709	99.57635569537968	81.71183245813819	25.92792320858728	99.23946635592806	98.6544233476294	99.48226212322855	83.82685740175604	86.60549451870705	95.89528810414559	83.02632849846444	87.77247485434772	14.28845568945029	93.89687901646198	40.09153033113216	29.12015397521065	94.75166747953993	99.79399712753387	21.14012228972323	98.10971114066392	91.91117489231939
49.5814049489065	65.455306583926	85.61628135762074	91.24108400851121	88.64973849085885	90.06977334520614	53.8621719024525	63.59933971983826	88.06291282737642	86.33296237768262	97.98715377888961	97.73688892127433	98.77484936016447	99.79970030433827	55.7516262186208	62.41851046418488	54.67183434229435	99.74963110868354	73.14147918336178	65.49964868275427	76.88525874236944	93.7155419830767	60.72722484904669	99.18300298592332	70.665671104716
79.40439694056548	88.92182026741288	59.61754420036194	70.06360739643065	99.26999216081472	99.55695945479498	81.48882418328243	27.27426564866438	99.00605051430745	98.5012660285211	99.47325219773442	83.96663927606498	86.86371010608862	95.92219900376408	82.65875835163108	86.88994823570506	14.2035269755271	94.18148382816159	41.76303998484461	29.22359561915214	94.67642197226493	99.85899170454454	21.99128849759892	98.03406185680144	91.70160905416896
0.3419584485130426	12.3128551651126	99.79894196439545	99.71317795948825	53.23633248124538	56.3516345763064	1.794751125035547	93.36569548571066	51.64492652215258	48.15292487862152	76.60360516875583	99.85066004291116	99.57159549825133	85.42582518319624	0.625084410122565	8.393666228740503	89.33915997815302	98.59012576218534	97.2394822766166	94.27792533573813	30.39475035789269	64.56212279888604	92.08272241695974	81.64518056642326	20.36163144082378
60.38301173819104	74.10764490131515	79.06413001446043	86.47296695202076	93.62887607203837	94.5600170410265	63.30288528363488	54.0775671398662	93.03109020581324	91.54571591287343	99.50779338758788	94.68950293098057	96.5825975067558	99.84984324965703	65.68274921581363	71.77525314072311	43.55156357107886	99.49273986530257	64.7278835975012	54.99531005810845	83.27931730718747	96.84796218678019	50.05723342786587	99.89326560801844	78.93229891281179
89.51609468522696	95.75686751704295	40.96644950769151	53.92586983226049	99.890880334653	99.55588345461273	91.31910303548813	2.563560607702642	99.87600859887064	99.76783036596862	99.55575666934823	72.05356865818338	75.71000640822194	88.5833504995944	92.15736298116443	95.0724699168089	2.556695124142847	86.2433086967873	18.1435308355302	4.324078630089423	98.92104505482862	98.88830043619402	2.798117470065837	92.94214575232785	97.63527679869163
69.18580967129868	81.54357588090151	70.89635494686634	80.16052790411538	96.61706775095858	97.45620370663951	72.18791862386777	43.45496922274066	96.43101179596616	95.5744814354609	99.75126972797888	91.11944345831718	93.04517585458498	98.9045104561574	74.31362158081672	79.31960627771161	30.90725437100563	97.93293545889831	55.54743733139604	44.30900115155607	88.70737792297977	99.09493473277962	39.17193910951566	99.73605618782668	84.87364169875099
70.71983995960258	82.39298962304385	70.04626741625145	79.22881932429038	97.18954224025575	97.8031914398303	73.74972712031239	40.70866281603042	96.73782859479331	95.8932594145889	99.67146842918856	90.20353759473703	92.62460831416142	98.57119306053077	74.88158107881524	80.62677616462994	29.30595376923115	97.60694667211244	54.05070151469309	42.93635097178728	90.00562547514878	99.16186406469917	36.43686507227335	99.66588746284395	86.204517240866
82.28136524061291	90.86948402173427	55.65237158429945	66.88327372149203	99.6395746331431	99.8332390489838	83.90344841434134	22.38021434230172	99.55895651592161	99.19022735386038	99.58003857794807	81.93829504186662	84.90918074932144	94.37039238796856	85.01647706414757	89.38544677179078	8.907064224735173	92.61731788946818	36.55255631653269	23.34592643059605	95.62607077722231	99.47985968074619	18.05898542632145	97.24818114482656	93.04199500899615
85.72375164261113	93.48781345388694	49.69563418245522	61.83951788600681	99.89964438532608	99.74271458630137	87.8964863063177	13.30411779238942	99.89043354466952	99.79469584776139	99.89923205488778	77.45186742866876	80.6234240697127	91.83949154189133	88.94219165154848	92.20877442274441	1.806196501104603	89.85622668662499	27.80053743755628	15.75154685480327	97.64618057109145	99.06766211173714	7.717548061004454	95.23843846145202	95.46344640671815
56.55580802106918	71.17953633213446	82.14819665186124	88.7553440948611	91.72370228551628	93.02805791158961	59.31122391055658	58.55708712691343	90.92934788300182	89.74215923816102	99.05188645756053	96.33033485373265	97.58828105209233	99.89587109112304	61.97227683551903	68.36274605178228	48.61646091332986	99.80096938634343	68.89503651026835	59.69829634471	80.82399622961299	95.65775572110938	54.44999979211575	99.72367095842307	75.58779447691253
98.03883900345394	99.87685256212548	8.821987059312741	25.4872854114784	95.9582770735059	99.07221525326197	98.75294301376513	0.8513495129175679	96.82603419938552	99.68231626083417	93.83767444147665	49.03795381092814	53.6573710465148	73.40889111097916	99.08105078080834	99.79054689952518	2.480948095691505	68.86844987503515	0.01366796164652841	2.887434271455542	99.60451311720894	99.76440404314995	1.064866768660473	79.18962440919243	99.586148360366
51.39886137914908	66.77676380120172	85.05989727653656	91.04709615170596	89.15850001821438	90.54634535795601	54.20911853318115	63.47449796963667	88.5577653182978	87.05973182047731	98.09480107827584	97.54890331287122	98.64552929055304	99.83784282854569	56.21467655629471	63.83812962251537	54.41137099713196	99.8171780243226	72.88502958049938	63.83297291485528	77.1041439541838	94.22558635244305	59.54494495181548	99.26013551028022	71.65284984378688
67.63837831833436	80.04339195316979	73.73641247249995	81.80390619318752	96.13391613579047	97.03762206575354	69.98790462866023	45.87174900132423	95.66594828078911	94.40571047656347	99.89813765940943	91.73035965158721	94.11122049583949	99.19779524083654	71.95094762869054	77.78725880994757	34.24230754438523	98.39400304309558	56.85881050155908	47.79962346162392	87.74721205226439	98.60811471248323	42.16773431810432	99.88489040308245	83.75628910325332
68.02107680203538	79.87553974454359	73.16756612411415	81.45955997274116	96.23814633128977	97.15217142965388	70.96342270885832	45.50643267616891	95.8073041738494	94.58633516719259	99.8815316063891	91.59709253858681	93.77806916118718	99.1226394285025	72.55830190946907	77.95378077387863	34.55135504973018	98.31077278393698	57.41969482313648	47.06551090583601	87.98062892099323	98.79060690790772	41.04108534610808	99.87554313888073	83.81344778772825
57.89146086626762	72.8139162652937	80.1333950511961	87.23223940417823	92.51507899618977	93.79025130335445	61.48624748905067	56.14788181342334	92.15779309431453	90.93278333171104	99.28369342712466	95.74314364539872	97.12950169841173	99.8894574073972	63.34094538774085	70.20481802719519	45.401502355199	99.66691601607364	66.89092017686866	57.12997617041336	82.04888711702	96.55034658125756	52.7783651050564	99.84144969122968	77.24915280156009
69.29758015121132	80.94297165549554	71.55603618989259	80.74925177968045	96.55242036179347	97.33305052593609	71.89491567992418	42.82527563901218	96.38374139506158	95.22043555998521	99.77844217298647	90.94374214172292	93.50230609765221	98.93035976746904	73.97947211047665	79.04909508880949	31.5276715611164	97.9384091507907	55.63034076708252	44.99842730433432	88.94084695626955	98.94586982274384	38.76821007448284	99.81307763237038	84.59009215437669
32.82877368963801	51.16166338044273	92.93122908971402	96.60514353812604	80.00574578430178	82.2067265952867	37.36352206785807	75.67250033686901	79.00537037304558	76.82746551641567	93.78537356432849	99.78995992493485	99.83413180244474	97.84678087178297	39.37522540432125	47.99163175941028	68.77278058178801	99.15285222005026	83.57069625040666	77.41011178498157	64.75503272537935	87.13399781082607	73.26352954195505	96.0457694452414	57.16525477174503
72.59608579013749	83.56984803930376	68.01186884527166	77.61901703732941	97.78445352619281	98.29911418707138	74.84232243069599	38.49479200659896	97.37204477063838	96.45083393050066	99.56764155847006	88.77372064727477	91.53723503144744	98.19881982938223	77.39098665190852	82.28774193230717	27.2581228532608	97.00198025026698	50.52856786644475	39.35335566651263	90.58536629627126	99.51915059720098	34.03592265647086	99.45336095931748	87.07760744595564
90.59274779071849	96.62318739665432	39.42987595576077	51.35278301266568	99.81763438296441	99.55812351883692	91.98592390398822	2.342376287763118	99.89978292983824	99.68178813846104	99.3308189422012	69.58577387304341	74.18484387640356	87.87359567561541	92.93600362733937	95.6473482317936	0.8252160639348136	85.17394167866634	14.81707088975279	2.113355392123517	99.13115316855736	98.89176752121433	0.4158108311559142	91.9992896336606	98.090565411235
35.83630667556456	52.98556849432912	91.79637463889361	96.29605997722757	81.18318121056124	83.19442157148893	39.18568692781778	74.53471271518259	80.29718253261066	78.50734155366696	94.37116206228879	99.71712497189638	99.89887005742565	98.10478679558176	42.4763999603208	50.13603765287311	66.8299186284929	99.15804552242999	82.21052190537796	76.09112203778527	65.87918667927799	87.68176273711616	72.43505846962177	96.50281326708323	59.52519901757114
50.22958431009137	66.09743437097197	85.42317159677195	91.10675712922072	88.83089575311196	90.43613014640727	53.30363825539688	64.42550216098594	88.45957807404179	86.16782978444321	98.00898289846533	97.78150349530212	98.69864867125388	99.821004557999	55.38563056051436	62.56530363474102	55.28973496085183	99.7533370789197	72.91308395902635	65.27015653076471	76.13916869287857	93.6515470524199	61.11841699735044	99.22618829871027	70.6613292783955
34.89482569092298	52.60414768342461	92.46679742503972	96.5701983078928	81.33400908808856	82.68262083183271	38.22591224579719	74.89269533464812	79.73698780318155	77.33116107284805	93.92109215250916	99.73505936343766	99.90040800803699	98.09154420649384	41.56467885977556	49.65022115024609	67.37733943594513	99.15353180929013	82.66424348605338	76.2999349413122	65.31375604003351	87.47311053445854	72.79082876325123	96.51275987865293	57.81849513721301
40.308841216273	57.78350810525519	89.75674344280795	94.66658070566808	84.11500074419173	85.77564814921561	44.91403270299259	71.46987485421029	83.75914074712327	81.10987023463363	95.88281392537753	99.30707325598584	99.76865173756343	98.94485464663239	46.84934907999699	54.02542900391678	62.76658257746518	99.2497103235082	79.15012237935393	72.68115672089279	69.47329317934347	89.82920808858191	68.61163739635798	97.78175111526738	63.75713860391124
91.12848705227381	96.9416542891435	36.76404812886931	49.64459702760276	99.74534144174986	99.57935934555509	92.73686439615695	2.131302402629673	99.85696021225738	99.63150549112753	99.17883505944467	68.49852758780675	72.43148985201439	86.62260228074236	93.69551013385379	96.00172803120073	0.5924373738187656	83.69418974170654	12.8478867738591	1.500516144919921	99.38879576896525	98.91396627255698	2.533365395733474	91.30265530534248	98.2794430776534
94.54957071417924	98.78870581002998	26.55905352431254	41.12982693508233	98.8163012361092	99.89067327770861	95.79003830278367	2.534923836771823	99.23999440608651	99.61849962574523	97.61589068072277	61.91033738183227	66.84621007310938	82.39975914691722	96.17651123737629	97.98080153225931	2.191137751060321	78.81225445405174	1.228866236751691	1.329464639168318	99.89115014991805	99.23317571034772	1.260707901215274	87.06652088303393	99.48287339453796
99.89009581265226	98.94476680855357	2.378593844778597	2.466077699008965	85.46560124993061	92.55695105674894	99.87823024984147	1.182886012093349	87.12972201336832	94.83047404419919	82.06419430952882	19.53202934087531	26.42904116071499	51.39139537882957	99.68660446801876	99.7963613749983	1.705586476799847	45.13686648546151	2.07482797202003	0.2828143801766131	98.71537290490396	95.28613619125775	2.019272972683339	60.41139100182244	99.64245253034002
99.31466600236428	97.38600654338647	2.367227008462985	0.5575903929296628	80.52490172178494	88.68027145852403	99.31257146912479	0.01642213744159084	81.99917550426771	91.69694178534616	75.94753936803676	8.388457457891739	15.83398548011994	41.45615105449536	98.63782672627174	99.64936700869951	2.074812320140988	35.10694115383811	1.072485707001368	2.343380080330591	96.77126676785241	92.18909639860286	2.847377284868641	51.44323691996198	99.70295649474106
88.4592418384858	94.91916808753265	44.64181576965692	57.49430205283981	99.88162763012322	99.59253996044475	89.94630459215904	7.01665069372469	99.86413918694969	99.89898855669155	99.72321509962843	74.18642567187858	77.45629495582128	89.86523907882493	91.12375318694382	93.84399822337437	1.3002943600943	87.65122471665453	22.12780592796513	8.278903171822961	98.49535104484018	98.92280101948066	0.8614837719508552	93.66483305687817	96.95423891276732
76.35573641116653	86.60950493994902	64.21878600919402	74.14916019240745	98.62593062633293	99.0405149041806	78.63130268348299	33.13999413352565	98.24529854629469	97.67074698898794	99.46504220181708	86.76630213616312	89.87365559267005	97.25646528683221	80.30482154129763	84.53731776804271	21.119370407894	95.77908309639686	45.77048615900764	34.45571151081105	92.55951573851598	99.79682378397001	28.70875686228575	98.94549557889974	89.357005567819
51.96669657978701	67.88982805431203	83.8091607280281	90.47367824034829	89.98184411799055	91.119523852681	55.45375088583155	61.81146673758843	89.26715375476081	87.76469191473591	98.49851018758157	97.30040957432456	98.46160239206701	99.86467276048917	58.67481546540215	64.52443505586325	52.94278506814179	99.9003435433476	71.40025461509983	63.62881763954486	78.35110535963766	94.68496910715918	59.07290673874851	99.39892547723839	72.44152146869567
99.89502977719404	98.97290883489744	0.5691562149085179	2.650223128026343	86.18471001315505	92.41555356370083	99.89656570933863	0.05637799372638821	87.33292946132512	95.00894219430116	82.12780551963039	20.05667491695281	28.32030538457102	51.93735480588506	99.75552288372317	99.77441951685971	2.597371343300327	45.79126648475885	2.138122661107365	0.05592558384639271	98.75188470584898	95.48932129722786	1.483647378505789	60.68375118920611	99.60980846526311
85.80558556828547	93.30395029410064	49.50740561077748	61.53330815312357	99.90039042749885	99.7464335013553	87.71332338294434	13.06690230641955	99.88111629367093	99.75849826885801	99.89812128115358	77.13258059649235	80.63660293042231	92.36654541074036	88.51617768317197	91.85234307725619	0.4816899609114135	89.79487629238166	28.70885265331536	16.2560152726908	97.44343006113893	99.07256825938437	7.700542369574348	95.56309349955212	95.57414017679109
78.21915214598772	88.32854445225476	60.76993639903433	71.65255172180348	99.13903901987347	99.51755282027055	80.50595566940406	27.98717350848953	98.91719606916701	98.44635578590393	99.45964206518529	84.92122316761103	87.766274881662	96.19633349714982	82.16848244924732	86.2741732611066	16.73885101487471	94.63618196099944	41.96565624862861	31.32358409553071	94.02292143619084	99.90016327854764	23.90590478269885	98.30870964320411	91.29567740035
99.89048585562446	99.24184526111503	0.3902125513345152	2.853557004681763	86.76427325505527	93.0797939682892	99.89732131089286	0.3704984052124149	88.43528679855363	95.53846913697566	83.10296999363001	22.20321207784923	28.6340984292498	53.49476134179256	99.77625694740905	99.7186324402426	2.983959206647969	47.39896491588448	1.530933091711007	0.1241195362064174	99.01194867534228	95.7174007406548	2.158997397546078	61.87980386874094	99.5249423584704
97.51682357372545	99.83046384036059	12.86009550905371	28.26274398229969	96.57505039911808	99.23552435772994	98.44760889603454	1.682711369780129	97.46485352225669	99.80539947040639	94.80993117982568	50.4027238792541	56.9025769809049	74.13820889443092	98.68688828060276	99.66880855277522	1.118528172781615	69.99263435524912	2.444223603190114	0.09827135402771338	99.60301319533029	99.84073588812359	0.315139008978164	80.78657200913149	99.72808562777256
81.72294793887782	90.53163703486818	56.59380478736982	67.50814367517278	99.55481708422231	99.77229767403367	83.49899109103401	23.43690146045666	99.44864167863416	99.02151431597171	99.54621171255603	82.34356612790738	85.58093197607555	94.8227615243714	85.16031717625583	88.97983347617694	9.599622448208333	92.92185640190849	37.51468329545366	24.59103919301124	95.64022352062371	99.55587353066709	19.22706345526661	97.56946837000135	92.86774105725235
90.9758346287709	96.60328906558952	37.89028016768354	52.24853961060811	99.81721651778565	99.56022574403627	91.89726379782313	0.3244746418690286	99.89908535992024	99.67415931561646	99.32243017865927	69.33213570818683	74.23680631451582	87.26730288810465	93.15714926141351	95.80387837331857	0.8940998632126071	84.36515248895276	14.62314085477022	0.8339796723600859	99.21423693596259	98.89400657828453	2.77106482109353	91.92665751901134	97.92170678781441
98.59745559231735	99.87923156818201	5.041559564659659	22.05056071781782	95.06504727878644	98.61236301478439	99.01752027030614	2.152160733661666	96.18203867325357	99.47938155073405	92.99761153399521	45.53463157532162	50.99816897475355	70.79466603907343	99.37903695541029	99.88036194776737	0.6425016097935485	66.1775758181255	2.74020025292691	2.2927968333242	99.64373635891438	99.59702981319869	1.384352244550699	77.32143862255052	99.43500285895477
79.22144619727902	88.43838428097597	60.46965007320742	70.31765290360903	99.25020810303002	99.50338620914968	81.39466242246031	28.25377894979588	99.04971041483044	98.59600132127969	99.46777219009394	84.2433349137462	87.66545375899356	96.18739614144521	82.65970971084313	87.10315230394193	15.36243533782296	94.574347347922	41.65304500709068	30.21442713639854	94.34772978458051	99.90047857668075	24.09333714170755	98.28348875985571	91.59257056493058
89.35787153407271	82.15627168582101	1.264721355581375	0.4159457795094176	52.13605763896607	63.94380275157412	88.89809322278667	0.6508051867423588	54.67258874446414	70.76184646954258	45.1965611398085	2.228073990684893	0.04638685604931383	1.878855865375685	86.72870612616049	90.29729771160142	1.368029426616363	2.160130168706135	1.095963637358625	1.22087141285301	81.4825266183268	70.66832471432507	0.1887191966653953	9.93147901388326	91.07982879852388
97.32546100997106	99.78220171334756	14.02647113623843	29.28832101946523	96.91015131170634	99.30196126804505	98.23746944906695	2.130970330341485	97.40717190699483	99.83761231815623	94.82206646590375	51.92429353203152	56.71526546081396	75.20039208360791	98.54466668058521	99.59336609013442	0.3899073543798899	71.195013557929	1.084256398488507	2.037718928488412	99.60913554534216	99.86600066569193	0.7181957529364842	80.86008951232493	99.78285654862155
88.87788234393102	82.09122927674579	0.1129496557125884	0.1323821446352128	51.18584723288389	63.97285760358569	88.25440545829413	1.894608956290854	53.02060386222048	69.0513067607948	43.24800418486249	1.387072541595347	0.6506564014109502	0.7188266569463866	85.77166357278867	90.04868404146468	0.2329164780637659	0.066023095564582	0.3878013178176468	2.695357698509824	80.43099506032505	70.00189292432924	2.813072038795848	8.978268590979654	90.90992843845341
87.748827501931	80.77328809063997	1.329787249105162	1.452584882080187	48.68225189947264	61.91384536259336	87.58130909085999	1.214501793445319	51.72500762102779	68.03241238854945	41.99207895952762	1.215121380726938	2.403142562679982	0.4130408708468415	84.91811597295936	89.64752665617243	1.174962900523677	0.1633224438237546	0.5457768599092248	2.277006493599021	79.47155512503276	68.67898064468805	2.003716202605196	4.798954011267975	89.97153152239356
94.92583804227993	98.83686748711766	25.74928204633829	40.20077770066721	98.79347747641442	99.90004023182333	95.73709557945773	0.5337806645606831	99.22175292508962	99.63398922845047	97.64220587382196	60.27203688929256	65.64136316749398	82.02604899695164	96.4735494589209	98.28076334902876	2.554349492467362	77.77720551208076	0.8159553554240697	0.343213437087502	99.89954833886884	99.278071362578	2.001796288334306	86.57896799877743	99.50588900171049
